2 0.2734375000000001 0.4078125 0.2390625000000001 0.4078125 0.2390625000000001 0.45 0.2734375000000001 0.45
2 0.11875000000000009 0.609375 0.020312500000000074 0.609375 0.02031250000000008 0.721875 0.11875000000000009 0.721875
2 0.8453125 0.35625000000000007 0.7796875 0.35625000000000007 0.7796875 0.4390625000000002 0.8453125 0.4390625000000002
2 1 0.5234375000000002 0.8890625 0.5234375000000002 0.8890625 0.6343750000000001 1 0.6343750000000001
2 0.2484375000000001 0.659375 0.19531250000000008 0.659375 0.19531250000000008 0.703125 0.2484375000000001 0.703125
2 0.4125000000000001 0.6671875 0.21093750000000008 0.6671875 0.21093750000000008 0.909375 0.4125000000000002 0.909375
2 0.6781250000000002 0.9328125 0.5687500000000002 0.9328125 0.5687500000000002 1 0.6781250000000002 1
2 0.48125 0.12656250000000005 0.328125 0.12656250000000005 0.328125 0.23593750000000005 0.48125 0.23593750000000008
2 0.12656250000000008 0.5140625 0.03125000000000007 0.5140625 0.03125000000000007 0.5703125 0.12656250000000008 0.5703125
2 0.6109375000000001 0.846875 0.5468750000000002 0.846875 0.5468750000000002 0.9421875 0.6109375000000001 0.9421875
2 0.50625 0.4890625 0.4453125 0.4890625 0.4453125 0.58125 0.50625 0.58125
2 0.55 0.528125 0.4890625 0.528125 0.4890625 0.6 0.55 0.6
2 0.2015625000000001 0.865625 0.12500000000000008 0.865625 0.1250000000000001 0.9671875 0.2015625000000001 0.9671875
2 0.5296875000000002 0.9296875 0.42968750000000017 0.9296875 0.42968750000000017 1 0.5296875000000002 1
2 0.421875 4.563722837447558e-17 0.3234375 3.9609669909922206e-17 0.3234375 0.07500000000000004 0.421875 0.07500000000000004
2 0.17500000000000004 0.2921875 0.09687500000000004 0.2921875 0.09687500000000004 0.35625 0.17500000000000004 0.35625
2 0.9265625 0.5000000000000002 0.8296875 0.5000000000000002 0.8296875 0.6578125000000001 0.9265625 0.6578125000000001
2 0.7015625000000002 0.8375 0.6015625000000002 0.8375 0.6015625000000002 0.93125 0.7015625000000002 0.93125
2 0.859375 0.014062500000000097 0.7390625 0.014062500000000089 0.7390625 0.1281250000000001 0.859375 0.1281250000000001
2 0.896875 0.8296875 0.834375 0.8296875 0.834375 0.9046875 0.896875 0.9046875
2 0.4515625 0.471875 0.3078125000000001 0.471875 0.3078125000000001 0.634375 0.4515625 0.634375
2 0.4875000000000001 0.6625 0.4 0.6625 0.4000000000000001 0.7640625 0.48750000000000016 0.7640625
2 0.5015625000000001 0.74375 0.3890625000000001 0.74375 0.3890625000000001 0.84375 0.5015625000000001 0.84375
2 0.709375 0.5984375 0.6421875 0.5984375 0.6421875 0.6796875 0.709375 0.6796875
2 0.4437500000000002 0.8109375 0.3187500000000001 0.8109375 0.3187500000000001 0.91875 0.4437500000000002 0.91875
2 0.5203125 0.3656250000000001 0.44375 0.3656250000000001 0.44375 0.4390625 0.5203125 0.4390625
2 0.921875 0.7375000000000002 0.859375 0.7375000000000002 0.859375 0.7937500000000002 0.921875 0.7937500000000002
2 0.37031250000000004 0.33593750000000006 0.325 0.3359375 0.32500000000000007 0.37187500000000007 0.3703125000000001 0.37187500000000007
2 0.471875 0.21250000000000005 0.35 0.2125 0.35 0.2828125 0.471875 0.2828125000000001
2 0.53125 0.59375 0.4390625 0.59375 0.4390625 0.7 0.53125 0.7
2 0.1390625000000001 0.565625 0.06406250000000006 0.565625 0.06406250000000006 0.6265625 0.1390625000000001 0.6265625
2 0.6046875 0.653125 0.5484375 0.653125 0.5484375000000001 0.734375 0.6046875000000002 0.734375
2 0.6734375 0.6359375 0.6140625 0.6359375 0.6140625 0.7203125 0.6734375 0.7203125
2 0.8625 0.9296875 0.7812500000000002 0.9296875 0.7812500000000002 1 0.8625 1
2 0.396875 0.2671875 0.3546875 0.2671875 0.3546875 0.31718750000000007 0.396875 0.31718750000000007
2 0.40625 0.08750000000000005 0.2890625 0.08750000000000005 0.2890625 0.16406250000000006 0.40625 0.16406250000000006
2 0.2406250000000001 0.3796875 0.12968750000000004 0.3796875 0.12968750000000007 0.5484375 0.2406250000000001 0.5484375
2 0.778125 0.6421875000000001 0.7078125 0.6421875 0.7078125 0.7171875000000001 0.778125 0.7171875000000002
2 0.846875 0.4265625000000002 0.765625 0.4265625000000002 0.765625 0.47656250000000017 0.846875 0.47656250000000017
2 0.321875 0.30625 0.2640625 0.30625 0.2640625 0.3625 0.321875 0.3625
2 0.84375 0.7968750000000001 0.7046875000000001 0.796875 0.7046875000000001 0.925 0.84375 0.925
2 0.2921875000000001 0.546875 0.1921875000000001 0.546875 0.1921875000000001 0.621875 0.2921875000000001 0.621875
2 0.3296875 2.9276712542116413e-17 0.1484375 1.8178350924843523e-17 0.1484375 0.12500000000000003 0.3296875 0.12500000000000006
2 0.1140625000000001 0.784375 9.605823330812052e-17 0.784375 1.0323389814687454e-16 0.9015625 0.1140625000000001 0.9015625
2 0.7437500000000001 0.6984375 0.6734375 0.6984375 0.6734375000000001 0.7640625000000001 0.7437500000000001 0.7640625000000002
2 0.9921875 0.4546875000000002 0.9125 0.4546875000000002 0.9125 0.5265625000000002 0.9921875 0.5265625000000002
2 0.2109375 0.240625 0.13437500000000005 0.240625 0.13437500000000005 0.2953125 0.2109375 0.2953125
2 0.11250000000000002 0.178125 2.181402110981223e-17 0.178125 3.042481891631705e-17 0.31875 0.11250000000000004 0.31875
2 0.12968750000000004 0.4046875 0.04843750000000004 0.4046875 0.04843750000000006 0.5171875 0.12968750000000004 0.5171875
2 0.4484375 0.2953125000000001 0.4 0.2953125000000001 0.4 0.3703125000000001 0.4484375 0.3703125000000001
2 0.2671875 0.3390625 0.2125 0.3390625 0.21250000000000005 0.3875 0.2671875000000001 0.3875
2 0.8 0.871875 0.6562500000000002 0.871875 0.6562500000000002 1 0.8 1
2 0.5421875 0.43125 0.4421875 0.43125 0.4421875 0.525 0.5421875 0.525
2 0.17343750000000008 0.671875 0.11093750000000009 0.671875 0.11093750000000009 0.734375 0.17343750000000008 0.734375
2 0.07187500000000006 0.5609375 6.869503138967185e-17 0.5609375 7.1947999449907e-17 0.6140625 0.07187500000000006 0.6140625
2 0.7421875000000002 0.7500000000000001 0.6484375000000002 0.75 0.6484375000000002 0.8296875 0.7421875000000002 0.8296875
2 0.30781250000000004 0.3609375 0.2640625 0.3609375 0.26406250000000003 0.43125 0.3078125000000001 0.43125
2 0.4375 0.609375 0.3421875000000001 0.609375 0.3421875000000001 0.68125 0.4375 0.68125
2 0.409375 0.30937500000000007 0.359375 0.309375 0.359375 0.3609375 0.409375 0.3609375000000001
2 0.9765625 0.803125 0.9171875 0.803125 0.9171875 0.853125 0.9765625 0.853125
2 0.2718750000000001 0.946875 0.20468750000000008 0.946875 0.20468750000000008 1 0.2718750000000001 1
2 0.9015625 0.6718750000000002 0.8125 0.6718750000000002 0.8125 0.7484375000000002 0.9015625 0.7484375000000002
2 0.16875 0.109375 0.012500000000000011 0.109375 0.01250000000000002 0.20625 0.16875000000000004 0.20625
2 0.2984375 0.225 0.2171875 0.225 0.2171875 0.290625 0.2984375 0.290625