2 0.775 0.5703125000000002 0.7421875 0.5703125000000002 0.7421875 0.6093750000000002 0.775 0.6093750000000002
2 0.9796875 0.3140625000000001 0.8875 0.3140625000000001 0.8875 0.4203125000000002 0.9796875 0.4203125000000002
2 0.2656250000000001 0.5828125 0.20312500000000008 0.5828125 0.20312500000000008 0.659375 0.2656250000000001 0.659375
2 0.16093750000000004 0.396875 0.035937500000000046 0.396875 0.03593750000000005 0.5015625 0.16093750000000004 0.5015625
2 0.815625 0.33281250000000007 0.765625 0.33281250000000007 0.765625 0.3734375000000001 0.815625 0.3734375000000001
2 0.8015625 0.1375000000000001 0.6125 0.1375000000000001 0.6125 0.3656250000000001 0.8015625 0.3656250000000001
2 0.4640625 5.0229653871278156e-17 0.35625 4.362804221962446e-17 0.35625 0.11406250000000004 0.4640625 0.11406250000000004
2 0.6921875000000002 0.771875 0.5468750000000002 0.771875 0.5468750000000002 0.875 0.6921875000000002 0.875
2 0.9703125 0.4578125000000002 0.88125 0.4578125000000002 0.88125 0.5109375000000002 0.9703125 0.5109375000000002
2 0.484375 0.10625000000000004 0.425 0.10625000000000004 0.425 0.19531250000000006 0.484375 0.19531250000000006
2 0.5796875 0.446875 0.521875 0.446875 0.521875 0.534375 0.5796875 0.534375
2 0.5390625 0.4296875 0.48125 0.4296875 0.48125 0.496875 0.5390625 0.496875
2 0.8828125 0.0828125000000001 0.8109375 0.0828125000000001 0.8109375 0.17968750000000008 0.8828125 0.17968750000000008
2 0.5953125 0.043750000000000074 0.5 0.04375000000000007 0.5 0.11718750000000007 0.5953125 0.11718750000000008
2 0.6953125000000002 0.9234375 0.6031250000000001 0.9234375 0.6031250000000001 1 0.6953125000000002 1
2 0.909375 0.6578125000000001 0.8359375 0.6578125000000001 0.8359375 0.7187500000000002 0.909375 0.7187500000000002
2 0.2171875000000001 0.375 0.12500000000000006 0.375 0.12500000000000006 0.5234375 0.2171875000000001 0.5234375
2 0.4328125 0.11718750000000004 0.3390625 0.11718750000000004 0.3390625 0.20468750000000005 0.4328125 0.20468750000000008
2 0.3031250000000001 0.8734375 0.18906250000000008 0.8734375 0.1890625000000001 0.98125 0.3031250000000001 0.98125
2 0.2125 0.14218750000000002 0.1546875 0.1421875 0.15468750000000003 0.2125 0.2125 0.2125
2 0.7109375 0.3968750000000001 0.575 0.3968750000000001 0.575 0.55 0.7109375 0.55
2 0.6234375 0.2734375000000001 0.540625 0.2734375000000001 0.540625 0.3703125000000001 0.6234375 0.3703125000000001
2 0.6328125 0.2000000000000001 0.5265625 0.2000000000000001 0.5265625 0.29375000000000007 0.6328125 0.29375000000000007
2 0.39375000000000004 0.35468750000000004 0.33125 0.3546875 0.33125000000000004 0.43125 0.3937500000000001 0.43125
2 0.7015625 0.1281250000000001 0.5828125 0.1281250000000001 0.5828125 0.2296875000000001 0.7015625 0.2296875000000001
2 0.58125 0.58125 0.509375 0.58125 0.509375 0.65 0.58125 0.65
2 0.19062500000000004 0.246875 0.13125000000000003 0.246875 0.13125000000000003 0.3 0.19062500000000004 0.3
2 0.69375 0.64375 0.65 0.64375 0.65 0.678125 0.69375 0.678125
2 0.6718750000000002 0.7265625 0.5562500000000001 0.7265625 0.5562500000000001 0.79375 0.6718750000000002 0.79375
2 0.5859375 0.3359375000000001 0.5 0.3359375000000001 0.5 0.4359375 0.5859375 0.4359375
2 0.9390625 0.4046875000000002 0.86875 0.4046875000000002 0.86875 0.4625000000000002 0.9390625 0.4625000000000002
2 0.4828125 0.3031250000000001 0.4296875 0.3031250000000001 0.4296875 0.37968750000000007 0.4828125 0.37968750000000007
2 0.421875 0.3156250000000001 0.365625 0.3156250000000001 0.36562500000000003 0.39531250000000007 0.421875 0.39531250000000007
2 0.2640625 0.021875000000000026 0.1875 0.021875000000000023 0.1875 0.11875000000000005 0.2640625 0.11875000000000005
2 0.6656250000000001 0.6953125 0.625 0.6953125 0.6250000000000001 0.7421875 0.6656250000000001 0.7421875
2 0.7265625000000002 0.840625 0.6156250000000002 0.840625 0.6156250000000002 0.9125 0.7265625000000002 0.9125
2 0.878125 0.4781250000000002 0.7734375 0.4781250000000002 0.7734375 0.6375000000000002 0.878125 0.6375000000000002
2 0.33437500000000003 0.3171875 0.2671875 0.3171875 0.2671875 0.3890625 0.3343750000000001 0.3890625
2 0.27812500000000007 0.546875 0.2015625000000001 0.546875 0.2015625000000001 0.59375 0.27812500000000007 0.59375
2 0.7515625 0.6531250000000001 0.696875 0.653125 0.696875 0.70625 0.7515625 0.7062500000000002
2 0.3359375 0.12187500000000004 0.2046875 0.12187500000000004 0.2046875 0.24375 0.3359375 0.24375
2 0.81875 0.4078125000000001 0.725 0.4078125 0.725 0.4781250000000001 0.81875 0.4781250000000002
2 0.8609375 0.8765625 0.6890625000000001 0.8765625 0.6890625000000001 0.996875 0.8609375 0.996875
2 1 0.14687500000000012 0.8921875 0.1468750000000001 0.8921875 0.2562500000000001 1 0.2562500000000001
2 0.365625 0.275 0.3 0.275 0.3 0.33593750000000006 0.365625 0.3359375000000001
2 0.14062500000000006 0.4984375 0.06406250000000006 0.4984375 0.06406250000000006 0.565625 0.14062500000000008 0.565625
2 0.8734375 0.7171875000000002 0.8015625 0.7171875000000002 0.8015625 0.7687500000000002 0.8734375 0.7687500000000002
2 1 0.6937500000000002 0.89375 0.6937500000000002 0.89375 0.8265625 1 0.8265625
2 0.9546875 0.5078125000000002 0.878125 0.5078125000000002 0.878125 0.6140625000000002 0.9546875 0.6140625000000002
2 0.621875 0.6453125 0.5765625 0.6453125 0.5765625 0.715625 0.621875 0.715625
2 0.8 0.6296875000000002 0.7484375 0.6296875000000002 0.7484375 0.6750000000000002 0.8 0.6750000000000002
2 0.38125 0.048437500000000036 0.2453125 0.048437500000000036 0.2453125 0.17343750000000005 0.38125 0.17343750000000005
2 0.5828125 0.5 0.4890625 0.5 0.4890625 0.5890625 0.5828125 0.5890625
2 0.8953125 0.3031250000000001 0.8359375 0.3031250000000001 0.8359375 0.3625000000000001 0.8953125 0.3625000000000001
2 1 0.4156250000000002 0.93125 0.4156250000000002 0.93125 0.4656250000000002 1 0.4656250000000002
2 0.3890625 0.21250000000000005 0.3015625 0.2125 0.3015625 0.28750000000000003 0.3890625 0.2875000000000001
2 0.7515625 0.5875000000000001 0.7109375 0.5875 0.7109375 0.6531250000000001 0.7515625 0.6531250000000002
2 0.678125 0.3531250000000001 0.5875 0.3531250000000001 0.5875 0.421875 0.678125 0.421875
2 0.6609375 0.6546875 0.6140625 0.6546875 0.6140625 0.703125 0.6609375 0.703125
2 0.13593750000000004 0.190625 0.07968750000000002 0.190625 0.07968750000000002 0.2375 0.13593750000000004 0.2375
2 0.8078125 0.050000000000000086 0.7453125 0.050000000000000086 0.7453125 0.10156250000000008 0.8078125 0.10156250000000008
2 0.2328125 0.2890625 0.15000000000000005 0.2890625 0.15000000000000005 0.3625 0.2328125 0.3625
2 0.9890625 0.8 0.8421875 0.8 0.8421875 0.890625 0.9890625 0.890625
2 0.7953125000000001 0.721875 0.71875 0.721875 0.7187500000000001 0.7828125000000001 0.7953125000000002 0.7828125000000001