2 0.6375 0.2156250000000001 0.596875 0.2156250000000001 0.596875 0.2500000000000001 0.6375 0.2500000000000001
2 0.4390625 4.6976685811043e-17 0.328125 4.0183723097022526e-17 0.328125 0.09687500000000004 0.4390625 0.09687500000000004
2 0.6906250000000002 0.75 0.6093750000000002 0.75 0.6093750000000002 0.815625 0.6906250000000002 0.815625
2 0.5250000000000001 0.8578125 0.4156250000000002 0.8578125 0.4156250000000002 0.9890625 0.5250000000000001 0.9890625
2 0.390625 0.17187500000000006 0.346875 0.17187500000000006 0.346875 0.22500000000000003 0.390625 0.2250000000000001
2 0.38125000000000003 0.18750000000000003 0.14218750000000005 0.1875 0.14218750000000005 0.38593750000000004 0.3812500000000001 0.3859375000000001
2 0.11875000000000006 0.5421875 6.639881864127056e-17 0.5421875 7.328745688647442e-17 0.6546875 0.11875000000000009 0.6546875
2 0.9171875 0.3031250000000001 0.8078125 0.3031250000000001 0.8078125 0.4546875000000002 0.9171875 0.4546875000000002
2 0.534375 0.009375000000000062 0.478125 0.009375000000000059 0.478125 0.10312500000000005 0.534375 0.10312500000000005
2 0.20468750000000008 0.5203125 0.11093750000000005 0.5203125 0.11093750000000006 0.5828125 0.20468750000000008 0.5828125
2 0.5578125 0.41875 0.4671875 0.41875 0.4671875 0.4796875 0.5578125 0.4796875
2 0.5203125 0.4625 0.45 0.4625 0.45 0.521875 0.5203125 0.521875
2 0.1875 0.10312500000000002 0.08593750000000003 0.103125 0.08593750000000003 0.17812500000000003 0.1875 0.17812500000000003
2 0.12187500000000004 0.403125 0.04531250000000005 0.403125 0.045312500000000054 0.503125 0.12187500000000004 0.503125
2 1 0.3062500000000001 0.9671875 0.3062500000000001 0.9671875 0.39531250000000007 1 0.39531250000000007
2 0.753125 0.0750000000000001 0.6890625 0.0750000000000001 0.6890625 0.1531250000000001 0.753125 0.1531250000000001
2 0.5484375000000001 0.7984375 0.3921875000000001 0.7984375 0.3921875000000001 0.8953125 0.5484375000000001 0.8953125
2 0.2140625000000001 0.5734375 0.1218750000000001 0.5734375 0.1218750000000001 0.671875 0.2140625000000001 0.671875
2 1 0.7093750000000002 0.915625 0.7093750000000002 0.915625 0.828125 1 0.828125
2 0.2218750000000001 0.8046875 0.14843750000000008 0.8046875 0.14843750000000008 0.865625 0.2218750000000001 0.865625
2 0.5765625 0.2828125000000001 0.415625 0.2828125000000001 0.415625 0.425 0.5765625 0.425
2 0.38750000000000007 0.37500000000000006 0.28593750000000007 0.375 0.28593750000000007 0.4609375 0.38750000000000007 0.4609375
2 0.3062500000000001 0.3640625 0.2078125000000001 0.3640625 0.2078125000000001 0.475 0.3062500000000001 0.475
2 0.45 0.6140625 0.3703125000000001 0.6140625 0.3703125000000001 0.6796875 0.45 0.6796875
2 0.23906250000000004 0.2921875 0.13281250000000006 0.2921875 0.13281250000000006 0.4171875 0.2390625000000001 0.4171875
2 0.6796875 0.41875 0.6078125 0.41875 0.6078125 0.49375 0.6796875 0.49375
2 0.3125000000000001 0.828125 0.2578125000000001 0.828125 0.2578125000000001 0.890625 0.3125000000000001 0.890625
2 0.7109375 0.3000000000000001 0.675 0.3000000000000001 0.675 0.3453125000000001 0.7109375 0.3453125000000001
2 0.8328125 0.32500000000000007 0.7625 0.32500000000000007 0.7625 0.44531250000000017 0.8328125 0.44531250000000017
2 0.45625 0.4125 0.3515625000000001 0.4125 0.3515625000000001 0.503125 0.45625 0.503125
2 0.4828125 0.04218750000000006 0.421875 0.04218750000000006 0.421875 0.11562500000000005 0.4828125 0.11562500000000005
2 0.3968750000000001 0.521875 0.3156250000000001 0.521875 0.3156250000000001 0.578125 0.3968750000000001 0.578125
2 0.4125 0.5859375 0.3296875000000001 0.5859375 0.3296875000000001 0.6453125 0.4125 0.6453125
2 0.12343750000000009 0.7515625 0.021875000000000096 0.7515625 0.021875000000000096 0.83125 0.12343750000000009 0.83125
2 0.778125 0.3296875000000001 0.728125 0.3296875000000001 0.728125 0.37187500000000007 0.778125 0.37187500000000007
2 0.95625 0.2656250000000001 0.88125 0.2656250000000001 0.88125 0.3812500000000001 0.95625 0.3812500000000001
2 0.6671875 0.10625000000000007 0.5 0.10625000000000004 0.5 0.2171875000000001 0.6671875 0.2171875000000001
2 0.4062500000000001 0.678125 0.3312500000000001 0.678125 0.3312500000000001 0.7484375 0.40625000000000017 0.7484375
2 0.6203125000000002 0.7359375 0.5718750000000001 0.7359375 0.5718750000000001 0.8171875 0.6203125000000002 0.8171875
2 0.740625 0.2390625000000001 0.684375 0.2390625000000001 0.684375 0.2968750000000001 0.740625 0.2968750000000001
2 0.25468750000000007 0.675 0.1281250000000001 0.675 0.1281250000000001 0.8125 0.25468750000000007 0.8125
2 0.5 0.16875000000000004 0.4265625 0.16875000000000004 0.4265625 0.2671875000000001 0.5 0.2671875000000001
2 1 0.12500000000000014 0.91875 0.12500000000000014 0.91875 0.3046875000000001 1 0.3046875000000001
2 0.2671875 2.5641042357147705e-17 0.1515625 1.8561053049577072e-17 0.1515625 0.09218750000000002 0.2671875 0.09218750000000002
2 0.3500000000000001 0.64375 0.28593750000000007 0.64375 0.28593750000000007 0.7140625 0.3500000000000001 0.7140625
2 0.5921875000000002 0.8796875 0.5203125000000002 0.8796875 0.5203125000000002 0.959375 0.5921875000000002 0.959375
2 0.8046875 0.11250000000000009 0.7515625 0.11250000000000009 0.7515625 0.18750000000000008 0.8046875 0.18750000000000008
2 0.8640625 9.739769074468794e-17 0.7265625 8.897824400054988e-17 0.7265625 0.0890625000000001 0.8640625 0.08906250000000011
2 0.6421875 0.026562500000000072 0.53125 0.026562500000000065 0.53125 0.10625000000000007 0.6421875 0.1062500000000001
2 0.75 0.3750000000000001 0.675 0.3750000000000001 0.675 0.4218750000000001 0.75 0.42187500000000017
2 0.7078125 0.18750000000000008 0.6609375 0.18750000000000008 0.6609375 0.24218750000000008 0.7078125 0.24218750000000008
2 0.17968750000000008 0.628125 0.04843750000000008 0.628125 0.048437500000000085 0.7703125 0.17968750000000008 0.7703125
2 0.615625 0.4171875 0.5234375 0.4171875 0.5234375 0.515625 0.615625 0.515625
2 0.378125 0.08750000000000005 0.315625 0.08750000000000005 0.315625 0.15000000000000005 0.378125 0.15000000000000005
2 0.4875 5.644856339819831e-17 0.434375 5.319559533796316e-17 0.434375 0.05000000000000006 0.4875 0.050000000000000065
2 0.3000000000000001 0.6203125 0.2218750000000001 0.6203125 0.2218750000000001 0.7125 0.3000000000000001 0.7125
2 0.684375 0.2390625000000001 0.615625 0.2390625000000001 0.615625 0.2828125000000001 0.684375 0.2828125000000001
2 0.440625 0.31718750000000007 0.36875 0.31718750000000007 0.36875 0.4125 0.440625 0.4125
2 0.7359375 0.3343750000000001 0.6859375 0.3343750000000001 0.6859375 0.3828125000000001 0.7359375 0.3828125000000001
2 0.2468750000000001 0.8859375 0.1984375000000001 0.8859375 0.1984375000000001 0.94375 0.2468750000000001 0.94375
2 0.10625000000000002 0.18125 0.051562500000000025 0.18125 0.051562500000000025 0.246875 0.10625000000000004 0.246875
2 0.3781250000000001 0.7828125 0.30156250000000007 0.7828125 0.30156250000000007 0.8703125 0.3781250000000001 0.8703125
2 0.9328125 1.0840037683077742e-16 0.8375 1.0256416942859082e-16 0.8375 0.14531250000000012 0.9328125 0.14531250000000012
2 0.8203125 0.1937500000000001 0.75625 0.1937500000000001 0.75625 0.2734375000000001 0.8203125 0.2734375000000001