2 0.11875000000000009 0.578125 0.06093750000000007 0.578125 0.060937500000000075 0.65625 0.11875000000000009 0.65625
2 0.3421875000000001 0.41875 0.2640625000000001 0.41875 0.2640625000000001 0.5125 0.3421875000000001 0.5125
2 0.12343750000000006 0.5359375 0.06875000000000006 0.5359375 0.06875000000000006 0.6015625 0.12343750000000009 0.6015625
2 0.7703125000000002 0.8015625 0.7000000000000002 0.8015625 0.7000000000000002 0.8515625 0.7703125000000002 0.8515625
2 0.07656250000000006 0.4625 0.021875000000000054 0.4625 0.021875000000000058 0.5125 0.07656250000000006 0.5125
2 0.425 0.18281250000000004 0.3765625 0.18281250000000004 0.3765625 0.2171875000000001 0.425 0.2171875000000001
2 0.5421875 0.22812500000000008 0.4734375 0.22812500000000008 0.4734375 0.3359375000000001 0.5421875 0.3359375000000001
2 0.14375000000000004 0.38125 0.07968750000000005 0.38125 0.07968750000000005 0.4203125 0.14375000000000004 0.4203125
2 0.403125 0.4625 0.2906250000000001 0.4625 0.2906250000000001 0.6171875 0.403125 0.6171875
2 0.8984375 0.8609375 0.8015625 0.8609375 0.8015625 0.9203125 0.8984375 0.9203125
2 0.8265625 0.37187500000000007 0.7015625 0.37187500000000007 0.7015625 0.4703125000000001 0.8265625 0.4703125000000002
2 0.7515625 0.6187500000000001 0.6703125 0.61875 0.6703125 0.6609375000000001 0.7515625 0.6609375000000002
2 0.6671875 0.4859375 0.59375 0.4859375 0.59375 0.559375 0.6671875 0.559375
2 0.3890625 0.22656250000000006 0.3484375 0.2265625 0.3484375 0.2828125 0.3890625 0.2828125000000001
2 0.821875 0.7015625000000002 0.7375 0.7015625000000002 0.7375 0.7734375000000002 0.821875 0.7734375000000002
2 0.7734375 0.2953125000000001 0.6953125 0.2953125000000001 0.6953125 0.3734375000000001 0.7734375 0.3734375000000001
2 0.4828125 0.27812500000000007 0.4453125 0.27812500000000007 0.4453125 0.3281250000000001 0.4828125 0.3281250000000001
2 0.050000000000000044 0.38125 4.6689659217492845e-17 0.38125 5.003830280891139e-17 0.4359375 0.050000000000000044 0.4359375
2 0.7046875 0.4203125 0.6078125 0.4203125 0.6078125 0.4921875 0.7046875 0.4921875
2 0.6140625000000001 0.5875 0.5 0.5875 0.5000000000000001 0.74375 0.6140625000000002 0.74375
2 0.5765625000000002 0.828125 0.5140625000000002 0.828125 0.5140625000000002 0.91875 0.5765625000000002 0.91875
2 0.953125 0.7546875000000002 0.8109375 0.7546875000000002 0.8109375 0.9046875 0.953125 0.9046875
2 0.5171875000000001 0.846875 0.45625000000000016 0.846875 0.45625000000000016 0.9546875 0.5171875000000001 0.9546875
2 0.7296875 0.4796875000000001 0.66875 0.4796875 0.66875 0.5562500000000001 0.7296875 0.5562500000000001
2 0.9578125 0.5546875000000002 0.8640625 0.5546875000000002 0.8640625 0.6656250000000001 0.9578125 0.6656250000000001
2 0.3062500000000001 0.75625 0.06562500000000009 0.75625 0.0656250000000001 0.9234375 0.3062500000000001 0.9234375
2 0.871875 0.4312500000000002 0.796875 0.4312500000000002 0.796875 0.5140625000000002 0.871875 0.5140625000000002
2 0.60625 0.4171875 0.5484375 0.4171875 0.5484375 0.5203125 0.60625 0.5203125
2 1 0.5359375000000002 0.9171875 0.5359375000000002 0.9171875 0.6062500000000002 1 0.6062500000000002
2 0.3546875000000001 0.378125 0.3109375000000001 0.378125 0.3109375000000001 0.4703125 0.3546875000000001 0.4703125
2 0.7390625 0.4406250000000001 0.7078125 0.440625 0.7078125 0.48906250000000007 0.7390625 0.4890625000000002
2 0.4375 0.38906250000000003 0.3578125000000001 0.3890625 0.3578125000000001 0.46875 0.4375 0.46875
2 0.884375 0.5031250000000002 0.85 0.5031250000000002 0.85 0.5765625000000002 0.884375 0.5765625000000002
2 0.34062500000000007 0.5703125 0.23437500000000008 0.5703125 0.23437500000000008 0.71875 0.34062500000000007 0.71875
2 0.4671875 0.2296875000000001 0.4140625 0.2296875000000001 0.4140625 0.27812500000000007 0.4671875 0.27812500000000007
2 0.27343750000000006 0.3421875 0.19218750000000004 0.3421875 0.19218750000000004 0.4203125 0.2734375000000001 0.4203125
2 0.4453125 0.2734375000000001 0.3765625 0.2734375000000001 0.3765625 0.3546875000000001 0.4453125 0.3546875000000001
2 0.70625 0.5421875 0.6453125 0.5421875 0.6453125 0.6234375 0.70625 0.6234375
2 0.1296875000000001 0.6828125 0.08437500000000009 0.6828125 0.08437500000000009 0.7375 0.1296875000000001 0.7375
2 0.2328125000000001 0.553125 0.15625000000000008 0.553125 0.15625000000000008 0.646875 0.2328125000000001 0.646875
2 0.19062500000000004 0.4265625 0.08750000000000005 0.4265625 0.08750000000000005 0.503125 0.19062500000000004 0.503125
2 0.7796875 0.5593750000000002 0.7390625 0.5593750000000002 0.7390625 0.6125000000000002 0.7796875 0.6125000000000002
2 0.6546875 0.21875000000000008 0.5828125 0.21875000000000008 0.5828125 0.3125000000000001 0.6546875 0.3125000000000001
2 0.19531250000000008 0.7046875 0.12343750000000009 0.7046875 0.12343750000000009 0.7546875 0.19531250000000008 0.7546875
2 0.21875000000000008 0.48125 0.13281250000000006 0.48125 0.13281250000000006 0.58125 0.21875000000000008 0.58125
2 0.36250000000000004 0.3390625 0.2875 0.3390625 0.28750000000000003 0.415625 0.3625000000000001 0.415625
2 0.8609375 0.4734375000000002 0.7734375 0.4734375000000002 0.7734375 0.6093750000000002 0.8609375 0.6093750000000002
2 0.14375000000000002 0.1328125 0.09218750000000002 0.1328125 0.09218750000000002 0.265625 0.14375000000000004 0.265625
2 0.09843750000000005 0.4109375 0.037500000000000054 0.4109375 0.037500000000000054 0.4828125 0.09843750000000007 0.4828125
2 0.63125 0.3453125000000001 0.5875 0.3453125000000001 0.5875 0.4 0.63125 0.4
2 0.4359375 0.4984375 0.3890625000000001 0.4984375 0.3890625000000001 0.5515625 0.4359375 0.5515625
2 0.7375 0.7125000000000001 0.684375 0.7125 0.6843750000000001 0.7703125000000001 0.7375000000000002 0.7703125000000002
2 0.7078125 0.36406250000000007 0.653125 0.36406250000000007 0.653125 0.4375 0.7078125 0.4375