2 0.1890625 0.0031250000000000175 0.0875 0.003125000000000011 0.08750000000000001 0.12656250000000002 0.1890625 0.12656250000000005
2 0.6250000000000002 0.7765625 0.5671875000000002 0.7765625 0.5671875000000002 0.8328125 0.6250000000000002 0.8328125
2 0.9828125 0.7484375000000002 0.8890625 0.7484375000000002 0.8890625 0.8625 0.9828125 0.8625
2 0.54375 0.3921875000000001 0.475 0.3921875000000001 0.475 0.4640625 0.54375 0.4640625
2 0.04375000000000006 0.4421875 5.415235064979703e-17 0.4421875 5.884045167778298e-17 0.51875 0.04375000000000007 0.51875
2 0.975 0.85 0.865625 0.85 0.865625 0.9890625 0.975 0.9890625
2 0.3046875 0.003125000000000035 0.265625 0.003125000000000032 0.265625 0.05781250000000003 0.3046875 0.057812500000000044
2 0.7296875000000002 0.9171875 0.5296875000000002 0.9171875 0.5296875000000002 1 0.7296875000000002 1
2 0.5343750000000002 0.8484375 0.43750000000000017 0.8484375 0.43750000000000017 0.9453125 0.5343750000000002 0.9453125
2 0.15000000000000008 0.5484375 0.056250000000000064 0.5484375 0.056250000000000064 0.6140625 0.15000000000000008 0.6140625
2 0.4484375 0.6328125 0.4078125 0.6328125 0.4078125 0.66875 0.4484375 0.66875
2 0.275 0.11875000000000005 0.1859375 0.11875000000000005 0.18593750000000003 0.23125 0.275 0.23125
2 0.7609375000000002 0.809375 0.6562500000000002 0.809375 0.6562500000000002 0.8984375 0.7609375000000002 0.8984375
2 0.4359375 0.20156250000000003 0.3484375 0.2015625 0.3484375 0.28593750000000007 0.4359375 0.28593750000000007
2 0.6859375 0.546875 0.5953125 0.546875 0.5953125 0.6234375 0.6859375 0.6234375
2 0.2328125 2.6406446606614805e-17 0.1984375 2.430158492058029e-17 0.1984375 0.010937500000000027 0.2328125 0.010937500000000027
2 0.4234375000000002 0.9109375 0.3296875000000001 0.9109375 0.3296875000000001 0.9828125 0.4234375000000002 0.9828125
2 0.5546875000000001 0.6640625 0.4984375 0.6640625 0.4984375000000001 0.734375 0.5546875000000002 0.734375
2 0.50625 0.02968750000000006 0.446875 0.029687500000000054 0.446875 0.08437500000000006 0.50625 0.08437500000000006
2 0.94375 9.950255243072244e-17 0.68125 8.342906319191344e-17 0.68125 0.1187500000000001 0.94375 0.11875000000000013
2 0.3140625 0.25625 0.2578125 0.25625 0.2578125 0.334375 0.3140625 0.334375
2 0.575 0.4984375 0.4359375 0.4984375 0.4359375 0.5875 0.575 0.5875
2 0.4953125000000001 0.6671875 0.3265625000000001 0.6671875 0.3265625000000001 0.784375 0.49531250000000016 0.784375
2 0.459375 5.166478683902897e-17 0.384375 4.7072361342226394e-17 0.384375 0.04218750000000005 0.459375 0.04218750000000006
2 0.4734375 0.2796875000000001 0.390625 0.2796875000000001 0.390625 0.3468750000000001 0.4734375 0.3468750000000001
2 0.8203125 0.05312500000000009 0.4546875 0.05312500000000007 0.4546875 0.3375000000000001 0.8203125 0.3375000000000001
2 0.29375 0.06406250000000004 0.240625 0.06406250000000002 0.240625 0.15625000000000006 0.29375 0.15625000000000006
2 0.9625 0.0953125000000001 0.7953125 0.09531250000000009 0.7953125 0.2000000000000001 0.9625 0.2000000000000001
2 0.4609375 0.4546875 0.3828125000000001 0.4546875 0.3828125000000001 0.5125 0.4609375 0.5125
2 0.346875 0.048437500000000036 0.278125 0.048437500000000036 0.278125 0.12500000000000006 0.346875 0.12500000000000006
2 0.6562500000000002 0.7265625 0.6078125000000002 0.7265625 0.6078125000000002 0.79375 0.6562500000000002 0.79375
2 0.80625 0.3359375000000001 0.709375 0.3359375000000001 0.709375 0.4312500000000001 0.80625 0.4312500000000002
2 0.4437500000000002 0.840625 0.36406250000000007 0.840625 0.36406250000000007 0.9171875 0.4437500000000002 0.9171875
2 0.60625 0.6390625 0.553125 0.6390625 0.553125 0.7109375 0.60625 0.7109375
2 0.029687500000000023 0.153125 1.8752404111943846e-17 0.153125 2.085726579797836e-17 0.1875 0.029687500000000023 0.1875
2 0.5359375 0.4578125 0.44375 0.4578125 0.44375 0.525 0.5359375 0.525
2 0.459375 0.5078125 0.3812500000000001 0.5078125 0.3812500000000001 0.58125 0.459375 0.58125
2 0.509375 0.33281250000000007 0.4515625 0.33281250000000007 0.4515625 0.39531250000000007 0.509375 0.39531250000000007
2 0.6484375000000001 0.6625 0.5859375 0.6625 0.5859375000000001 0.7296875 0.6484375000000002 0.7296875
2 0.9359375 0.16250000000000012 0.7796875 0.1625000000000001 0.7796875 0.31718750000000007 0.9359375 0.31718750000000007
2 0.7875 0.5734375 0.7234375 0.5734375 0.7234375 0.6312500000000001 0.7875 0.6312500000000002
2 0.42968750000000017 0.8046875 0.3515625000000001 0.8046875 0.3515625000000001 0.8890625 0.42968750000000017 0.8890625
2 0.3000000000000001 0.409375 0.2593750000000001 0.409375 0.2593750000000001 0.4609375 0.3000000000000001 0.4609375
2 1 0.7687500000000002 0.934375 0.7687500000000002 0.934375 0.8234375 1 0.8234375
2 0.48125 0.07812500000000006 0.3171875 0.07812500000000004 0.3171875 0.18906250000000005 0.48125 0.18906250000000005
2 0.2 0.12031250000000002 0.07812500000000003 0.1203125 0.07812500000000003 0.2078125 0.2 0.2078125
2 0.7171875 7.988906853812813e-17 0.5875 7.1947999449907e-17 0.5875 0.08593750000000008 0.7171875 0.08593750000000008
2 0.5625 0.5890625 0.48125 0.5890625 0.48125 0.6796875 0.5625 0.6796875
2 0.975 0.3140625000000001 0.878125 0.3140625000000001 0.878125 0.3671875000000001 0.975 0.3671875000000001
2 0.05625000000000002 0.1234375 0.020312500000000018 0.1234375 0.020312500000000018 0.1828125 0.05625000000000002 0.1828125
2 0.371875 0.29375000000000007 0.3140625 0.29375 0.3140625 0.35625000000000007 0.371875 0.35625000000000007
2 0.5 0.18125000000000005 0.409375 0.18125000000000005 0.409375 0.2562500000000001 0.5 0.2562500000000001
2 0.20312500000000008 0.4515625 0.06406250000000005 0.4515625 0.06406250000000005 0.56875 0.20312500000000008 0.56875
2 0.18906250000000008 0.6359375 0.09531250000000009 0.6359375 0.09531250000000009 0.7015625 0.18906250000000008 0.7015625
2 0.85 0.5343750000000002 0.796875 0.5343750000000002 0.796875 0.6343750000000001 0.85 0.6343750000000001
2 0.2703125 0.020312500000000032 0.228125 0.02031250000000003 0.228125 0.05625000000000002 0.2703125 0.05625000000000002
2 0.5796875000000001 0.725 0.4484375 0.725 0.4484375000000001 0.828125 0.5796875000000001 0.828125
2 0.36875 0.15625000000000006 0.2375 0.15625000000000006 0.2375 0.25625000000000003 0.36875 0.2562500000000001