2 0.1359375000000001 0.7796875 0.012500000000000094 0.7796875 0.0125000000000001 0.88125 0.1359375000000001 0.88125
2 0.8421875 0.3421875000000001 0.7859375 0.3421875000000001 0.7859375 0.4000000000000002 0.8421875 0.4000000000000002
2 0.871875 9.978957902427261e-17 0.7578125 9.280526524788537e-17 0.7578125 0.0796875000000001 0.871875 0.0796875000000001
2 0.4734375 0.425 0.4015625 0.425 0.4015625 0.49375 0.4734375 0.49375
2 0.5281250000000002 0.9234375 0.4515625000000002 0.9234375 0.4515625000000002 1 0.5281250000000002 1
2 0.996875 1.1356685551468035e-16 0.8578125 1.0505173323935891e-16 0.8578125 0.1031250000000001 0.996875 0.10312500000000013
2 0.0671875000000001 0.6640625 0.012500000000000084 0.6640625 0.012500000000000086 0.703125 0.0671875000000001 0.703125
2 1 0.2390625000000001 0.925 0.2390625000000001 0.925 0.4390625000000002 1 0.4390625000000002
2 0.9546875 0.4343750000000002 0.8578125 0.4343750000000002 0.8578125 0.5312500000000002 0.9546875 0.5312500000000002
2 0.6234375000000002 0.8171875 0.5578125000000002 0.8171875 0.5578125000000002 0.9109375 0.6234375000000002 0.9109375
2 0.678125 0.5203125 0.6421875 0.5203125 0.6421875 0.5609375 0.678125 0.5609375
2 0.2406250000000001 0.69375 0.1281250000000001 0.69375 0.1281250000000001 0.7828125 0.2406250000000001 0.7828125
2 0.90625 0.2078125000000001 0.8171875 0.2078125000000001 0.8171875 0.3125000000000001 0.90625 0.3125000000000001
2 0.2953125000000001 0.53125 0.21093750000000008 0.53125 0.21093750000000008 0.61875 0.2953125000000001 0.61875
2 0.6328125 0.2812500000000001 0.55625 0.2812500000000001 0.55625 0.37187500000000007 0.6328125 0.37187500000000007
2 0.02031250000000009 0.7328125 8.974364825001696e-17 0.7328125 9.203986099841826e-17 0.7703125 0.020312500000000094 0.7703125
2 0.990625 0.5453125000000002 0.91875 0.5453125000000002 0.91875 0.6390625000000002 0.990625 0.6390625000000002
2 0.74375 0.4125000000000001 0.6734375 0.4125 0.6734375 0.4687500000000001 0.74375 0.46875000000000017
2 0.09375000000000007 0.4609375 0.039062500000000056 0.4609375 0.03906250000000006 0.5203125 0.09375000000000007 0.5203125
2 0.12656250000000002 0.025000000000000005 3.061616997868383e-18 0.025 1.9135106236677395e-17 0.2875 0.12656250000000005 0.2875
2 0.3437500000000001 0.6546875 0.2656250000000001 0.6546875 0.2656250000000001 0.7109375 0.3437500000000001 0.7109375
2 0.596875 0.3921875000000001 0.5078125 0.3921875000000001 0.5078125 0.53125 0.596875 0.53125
2 0.79375 0.47343750000000007 0.6765625 0.4734375 0.6765625 0.6421875000000001 0.79375 0.6421875000000001
2 0.05156250000000007 0.5078125 6.218909526920153e-17 0.5078125 6.678152076600411e-17 0.5828125 0.05156250000000007 0.5828125
2 0.35625000000000007 0.4953125 0.2890625000000001 0.4953125 0.2890625000000001 0.578125 0.35625000000000007 0.578125
2 0.34687500000000004 0.14687500000000003 0.06250000000000003 0.146875 0.06250000000000004 0.5125 0.3468750000000001 0.5125
2 0.16562500000000008 0.6734375 0.07343750000000009 0.6734375 0.07343750000000009 0.7265625 0.16562500000000008 0.7265625
2 0.209375 0.006250000000000019 0.1046875 0.006250000000000014 0.1046875 0.17343750000000002 0.209375 0.17343750000000005
2 0.521875 0.5078125 0.4640625 0.5078125 0.4640625 0.5859375 0.521875 0.5859375
2 0.13437500000000008 0.6203125 0.057812500000000065 0.6203125 0.05781250000000008 0.6890625 0.13437500000000008 0.6890625
2 0.803125 0.3125000000000001 0.7359375 0.3125000000000001 0.7359375 0.3609375000000001 0.803125 0.3609375000000001
2 0.440625 0.16093750000000004 0.3453125 0.16093750000000004 0.3453125 0.25781250000000006 0.440625 0.2578125000000001
2 0.9265625 0.5250000000000001 0.85 0.5250000000000001 0.85 0.6046875000000002 0.9265625 0.6046875000000002
2 0.71875 0.3625000000000001 0.646875 0.3625000000000001 0.646875 0.415625 0.71875 0.415625
2 0.19687500000000013 0.9390625 0.16250000000000014 0.9390625 0.16250000000000014 0.9859375 0.19687500000000013 0.9859375
2 0.534375 0.4328125 0.4671875 0.4328125 0.4671875 0.525 0.534375 0.525
2 0.590625 0.509375 0.5171875 0.509375 0.5171875 0.5875 0.590625 0.5875
2 0.4046875 0.459375 0.3421875000000001 0.459375 0.3421875000000001 0.5171875 0.4046875 0.5171875
2 0.7390625 0.3187500000000001 0.671875 0.3187500000000001 0.671875 0.3812500000000001 0.7390625 0.3812500000000001
2 0.325 0.032812500000000036 0.1703125 0.03281250000000002 0.17031250000000003 0.18906250000000002 0.325 0.18906250000000005
2 0.6390625 0.18125000000000008 0.58125 0.18125000000000008 0.58125 0.2453125000000001 0.6390625 0.2453125000000001
2 0.8984375 0.5390625000000002 0.8140625 0.5390625000000002 0.8140625 0.6171875000000002 0.8984375 0.6171875000000002
2 0.4703125 0.66875 0.41875 0.66875 0.41875 0.709375 0.4703125 0.709375
2 0.825 9.83544460565218e-17 0.78125 9.567553118338697e-17 0.78125 0.0328125000000001 0.825 0.0328125000000001
2 0.19843750000000007 0.4875 0.08750000000000006 0.4875 0.08750000000000008 0.6515625 0.1984375000000001 0.6515625
2 0.2171875000000001 0.76875 0.1296875000000001 0.76875 0.1296875000000001 0.890625 0.2171875000000001 0.890625
2 0.09531250000000004 0.246875 3.023346785395028e-17 0.246875 3.836588800453818e-17 0.3796875 0.09531250000000005 0.3796875
2 0.6890625 0.40625 0.5984375 0.40625 0.5984375 0.4875 0.6890625 0.4875
2 0.3765625 4.286263797015736e-17 0.3234375 3.9609669909922206e-17 0.3234375 0.09062500000000004 0.3765625 0.09062500000000004
2 0.19218750000000012 0.9109375 0.13281250000000014 0.9109375 0.13281250000000014 0.946875 0.19218750000000012 0.946875
2 0.3656250000000001 0.596875 0.3031250000000001 0.596875 0.3031250000000001 0.6546875 0.3656250000000001 0.6546875
2 0.2656250000000001 0.46875 0.19062500000000004 0.46875 0.19062500000000007 0.559375 0.2656250000000001 0.559375
2 0.5781250000000002 0.765625 0.46093750000000017 0.765625 0.46093750000000017 0.9046875 0.5781250000000002 0.9046875
2 0.7109375000000002 0.7796875 0.6453125000000002 0.7796875 0.6453125000000002 0.8734375 0.7109375000000002 0.8734375
2 0.64375 0.11875000000000006 0.54375 0.11875000000000005 0.54375 0.17187500000000006 0.64375 0.17187500000000008
2 0.06562500000000009 0.6984375 0.02968750000000009 0.6984375 0.02968750000000009 0.740625 0.06562500000000009 0.740625
2 0.8359375 0.38750000000000007 0.7328125 0.38750000000000007 0.7328125 0.5187500000000002 0.8359375 0.5187500000000002
2 0.2656250000000001 0.6 0.16562500000000008 0.6 0.16562500000000008 0.73125 0.2656250000000001 0.73125