2 1 0.11250000000000011 0.896875 0.11250000000000009 0.896875 0.2171875000000001 1 0.2171875000000001
2 0.2234375000000001 0.6109375 0.16562500000000008 0.6109375 0.16562500000000008 0.6703125 0.2234375000000001 0.6703125
2 0.2531250000000001 0.9421875 0.14062500000000014 0.9421875 0.14062500000000014 1 0.2531250000000001 1
2 0.621875 0.5140625 0.546875 0.5140625 0.546875 0.5859375 0.621875 0.5859375
2 0.5703125 6.496368567351975e-17 0.490625 6.008423358316702e-17 0.490625 0.06718750000000007 0.5703125 0.06718750000000007
2 0.14843750000000014 0.91875 0.004687500000000113 0.91875 0.004687500000000117 1 0.14843750000000014 1
2 1 0.2968750000000001 0.96875 0.2968750000000001 0.96875 0.3375000000000001 1 0.3375000000000001
2 0.07812500000000008 0.5703125 6.984313776387249e-17 0.5703125 8.256798341126295e-17 0.778125 0.07812500000000008 0.778125
2 0.15000000000000008 0.475 0.050000000000000065 0.475 0.050000000000000065 0.575 0.15000000000000008 0.575
2 0.4609375 0.07968750000000005 0.3921875 0.07968750000000005 0.3921875 0.17812500000000003 0.4609375 0.17812500000000003
2 0.37187500000000007 0.4453125 0.3359375000000001 0.4453125 0.3359375000000001 0.4875 0.37187500000000007 0.4875
2 0.9046875 0.2140625000000001 0.7890625 0.2140625000000001 0.7890625 0.3062500000000001 0.9046875 0.3062500000000001
2 0.1906250000000001 0.703125 0.0984375000000001 0.703125 0.0984375000000001 0.8109375 0.1906250000000001 0.8109375
2 0.81875 0.3843750000000001 0.73125 0.3843750000000001 0.73125 0.4750000000000002 0.81875 0.4750000000000002
2 0.4609375000000001 0.6390625 0.3828125000000001 0.6390625 0.3828125000000001 0.7328125 0.46093750000000017 0.7328125
2 0.08593750000000006 0.3640625 0.010937500000000044 0.3640625 0.01093750000000005 0.4609375 0.08593750000000007 0.4609375
2 0.3390625000000001 0.5390625 0.2671875000000001 0.5390625 0.2671875000000001 0.596875 0.3390625000000001 0.596875
2 0.9984375 0.4859375000000002 0.9421875 0.4859375000000002 0.9421875 0.5484375000000001 0.9984375 0.5484375000000001
2 1 0.7281250000000001 0.9046875 0.7281250000000001 0.9046875 1 1 1
2 0.7625 0.2890625000000001 0.68125 0.2890625000000001 0.68125 0.34843750000000007 0.7625 0.34843750000000007
2 0.5125 0.4734375 0.4203125 0.4734375 0.4203125 0.61875 0.5125 0.61875
2 0.33593750000000006 0.359375 0.215625 0.359375 0.21562500000000004 0.534375 0.3359375000000001 0.534375
2 0.7375 0.42656250000000007 0.66875 0.4265625 0.66875 0.5125000000000001 0.7375 0.5125000000000002
2 0.9734375 0.4937500000000001 0.6796875 0.49375 0.6796875000000001 0.871875 0.9734375 0.871875
2 0.9609375 0.2718750000000001 0.865625 0.2718750000000001 0.865625 0.3265625000000001 0.9609375 0.3265625000000001
2 0.9296875 0.8453125 0.821875 0.8453125 0.821875 1 0.9296875 1
2 0.5578125 0.41875 0.496875 0.41875 0.496875 0.5 0.5578125 0.5
2 0.978125 0.3109375000000001 0.9 0.3109375000000001 0.9 0.3828125000000001 0.978125 0.3828125000000001
2 0.2750000000000001 0.6515625 0.20468750000000008 0.6515625 0.20468750000000008 0.7015625 0.2750000000000001 0.7015625
2 0.6796875000000002 0.7578125 0.5812500000000002 0.7578125 0.5812500000000002 0.8578125 0.6796875000000002 0.8578125
2 0.15781250000000005 0.4 0.07812500000000004 0.4 0.07812500000000006 0.4828125 0.15781250000000005 0.4828125
2 0.3671875000000001 0.5953125 0.2921875000000001 0.5953125 0.2921875000000001 0.65 0.3671875000000001 0.65
2 0.8703125 0.0031250000000001047 0.8359375 0.0031250000000001025 0.8359375 0.05312500000000011 0.8703125 0.05312500000000011
2 0.5546875 0.48125 0.484375 0.48125 0.484375 0.5765625 0.5546875 0.5765625
2 0.503125 0.4171875 0.4265625 0.4171875 0.4265625 0.4984375 0.503125 0.4984375
2 0.6828125 0.4890625 0.61875 0.4890625 0.61875 0.55 0.6828125 0.55
2 0.3421875000000001 0.6296875 0.2734375000000001 0.6296875 0.2734375000000001 0.6953125 0.3421875000000001 0.6953125
2 0.8609375 0.83125 0.7000000000000002 0.83125 0.7000000000000002 0.9921875 0.8609375 0.9921875
2 0.4359375000000002 0.771875 0.3750000000000001 0.771875 0.3750000000000001 0.8375 0.4359375000000002 0.8375
2 0.19375000000000003 0.3859375 0.10781250000000005 0.3859375 0.10781250000000005 0.4671875 0.19375000000000003 0.4671875
2 0.6046875 0.2906250000000001 0.5515625 0.2906250000000001 0.5515625 0.33281250000000007 0.6046875 0.33281250000000007
2 0.9484375 0.3515625000000001 0.8328125 0.3515625000000001 0.8328125 0.5218750000000002 0.9484375 0.5218750000000002
2 0.903125 0.10156250000000008 0.8125 0.10156250000000008 0.8125 0.22812500000000008 0.903125 0.22812500000000008
2 1 0.6406250000000002 0.9390625 0.6406250000000002 0.9390625 0.7656250000000002 1 0.7656250000000002
2 0.41875 0.5203125 0.32500000000000007 0.5203125 0.32500000000000007 0.6046875 0.41875 0.6046875
2 0.6984375000000002 0.93125 0.6484375000000002 0.93125 0.6484375000000002 1 0.6984375000000002 1
2 0.9 0.04375000000000011 0.8390625 0.0437500000000001 0.8390625 0.08125000000000011 0.9 0.08125000000000011
2 0.7234375 0.3468750000000001 0.6578125 0.3468750000000001 0.6578125 0.40625 0.7234375 0.40625
2 0.840625 0.44531250000000017 0.7625 0.44531250000000017 0.7625 0.5390625000000002 0.840625 0.5390625000000002
2 0.559375 0.08750000000000005 0.4390625 0.08750000000000005 0.4390625 0.2328125000000001 0.559375 0.2328125000000001
2 0.36875 0.12031250000000004 0.3015625 0.12031250000000004 0.3015625 0.21718750000000003 0.36875 0.2171875000000001
2 0.4750000000000002 0.846875 0.37187500000000007 0.846875 0.37187500000000007 0.903125 0.4750000000000002 0.903125
2 1 0.2578125000000001 0.9703125 0.2578125000000001 0.9703125 0.3000000000000001 1 0.3000000000000001
2 0.27812500000000007 0.4875 0.17187500000000006 0.4875 0.17187500000000006 0.6234375 0.27812500000000007 0.6234375
2 0.8671875 0.2671875000000001 0.7625 0.2671875000000001 0.7625 0.4046875000000002 0.8671875 0.4046875000000002