2 0.45625 0.559375 0.3750000000000001 0.559375 0.3750000000000001 0.6453125 0.45625 0.6453125
2 0.8171875 0.23593750000000008 0.7171875 0.23593750000000008 0.7171875 0.3109375000000001 0.8171875 0.3109375000000001
2 0.4453125 0.43125 0.38750000000000007 0.43125 0.38750000000000007 0.4828125 0.4453125 0.4828125
2 0.16718750000000007 0.490625 6.008423358316702e-17 0.490625 6.572908992298685e-17 0.5828125 0.1671875000000001 0.5828125
2 0.496875 0.475 0.4578125 0.475 0.4578125 0.525 0.496875 0.525
2 0.3734375000000001 0.5890625 0.3218750000000001 0.5890625 0.3218750000000001 0.6421875 0.3734375000000001 0.6421875
2 0.4734375000000002 0.7546875 0.40625000000000017 0.7546875 0.40625000000000017 0.8125 0.4734375000000002 0.8125
2 0.76875 0.49687500000000007 0.70625 0.496875 0.70625 0.5484375000000001 0.76875 0.5484375000000001
2 0.2468750000000001 0.76875 0.19687500000000008 0.76875 0.19687500000000008 0.8296875 0.2468750000000001 0.8296875
2 0.9875 0.8640625 0.85625 0.8640625 0.85625 0.96875 0.9875 0.96875
2 0.2906250000000001 0.4921875 0.21875000000000008 0.4921875 0.21875000000000008 0.5375 0.2906250000000001 0.5375
2 0.1390625000000001 0.571875 0.10781250000000009 0.571875 0.10781250000000009 0.65 0.1390625000000001 0.65
2 0.8140625 0.5250000000000001 0.7484375 0.5250000000000001 0.7484375 0.5687500000000002 0.8140625 0.5687500000000002
2 0.7359375000000001 0.6140625000000001 0.65625 0.6140625 0.6562500000000001 0.7390625000000001 0.7359375000000001 0.7390625000000002
2 0.9546875 0.44062500000000016 0.88125 0.44062500000000016 0.88125 0.4968750000000002 0.9546875 0.4968750000000002
2 0.8265625 0.4984375000000002 0.7875 0.4984375000000002 0.7875 0.5250000000000001 0.8265625 0.5250000000000001
2 0.5609375 0.528125 0.525 0.528125 0.525 0.5828125 0.5609375 0.5828125
2 0.19687500000000005 0.459375 0.15625000000000006 0.459375 0.15625000000000006 0.509375 0.19687500000000005 0.509375
2 0.4578125 0.4953125 0.421875 0.4953125 0.421875 0.534375 0.4578125 0.534375
2 0.6984375 0.565625 0.6171875 0.565625 0.6171875 0.634375 0.6984375 0.634375
2 0.8484375 0.4031250000000002 0.7875 0.4031250000000002 0.7875 0.4781250000000002 0.8484375 0.4781250000000002
2 0.8140625 0.5781250000000001 0.7171875 0.578125 0.7171875 0.7046875000000001 0.8140625 0.7046875000000001
2 0.50625 0.5515625 0.4625 0.5515625 0.4625 0.6109375 0.50625 0.6109375
2 0.2296875000000001 0.403125 0.19687500000000005 0.403125 0.19687500000000005 0.4515625 0.2296875000000001 0.4515625
2 0.10937500000000008 0.5796875 0.048437500000000064 0.5796875 0.04843750000000007 0.6234375 0.10937500000000008 0.6234375
2 0.95 0.3359375000000001 0.8734375 0.3359375000000001 0.8734375 0.4421875000000002 0.95 0.4421875000000002
2 0.8640625 0.2000000000000001 0.7828125 0.2000000000000001 0.7828125 0.3125000000000001 0.8640625 0.3125000000000001
2 0.6265625 0.553125 0.571875 0.553125 0.571875 0.590625 0.6265625 0.590625
2 0.5 0.43125 0.4640625 0.43125 0.4640625 0.459375 0.5 0.459375
2 0.2875000000000001 0.3921875 0.22812500000000008 0.3921875 0.22812500000000008 0.4453125 0.2875000000000001 0.4453125
2 0.5203125000000002 0.7890625 0.4750000000000002 0.7890625 0.4750000000000002 0.840625 0.5203125000000002 0.840625
2 0.6765625 0.440625 0.578125 0.440625 0.578125 0.5078125 0.6765625 0.5078125
2 0.6203125 0.640625 0.5703125 0.640625 0.5703125000000001 0.7484375 0.6203125000000002 0.7484375
2 0.7734375 0.4437500000000001 0.7078125 0.44375 0.7078125 0.4750000000000001 0.7734375 0.4750000000000002
2 1 0.4625000000000002 0.903125 0.4625000000000002 0.903125 0.5625000000000002 1 0.5625000000000002
2 0.578125 0.553125 0.5375 0.553125 0.5375 0.596875 0.578125 0.596875
2 0.6109375 0.3421875000000001 0.5578125 0.3421875000000001 0.5578125 0.425 0.6109375 0.425
2 0.725 0.32500000000000007 0.6765625 0.32500000000000007 0.6765625 0.3734375000000001 0.725 0.3734375000000001
2 0.2000000000000001 0.9265625 0.12968750000000012 0.9265625 0.12968750000000012 0.99375 0.2000000000000001 0.99375
2 0.1953125000000001 0.8734375 0.12031250000000009 0.8734375 0.12031250000000011 0.9484375 0.19531250000000014 0.9484375
2 0.046875000000000056 0.4234375 0.0031250000000000513 0.4234375 0.003125000000000054 0.4640625 0.046875000000000056 0.4640625
2 0.6031250000000001 0.9328125 0.4937500000000002 0.9328125 0.4937500000000002 1 0.6031250000000001 1
2 0.9265625 0.5390625000000002 0.8046875 0.5390625000000002 0.8046875 0.7265625000000002 0.9265625 0.7265625000000002
2 0.1984375000000001 0.596875 0.1375000000000001 0.596875 0.1375000000000001 0.675 0.1984375000000001 0.675
2 0.13125000000000003 0.446875 0.046875000000000056 0.446875 0.046875000000000056 0.4984375 0.13125000000000003 0.4984375
2 0.9890625 0.4078125000000002 0.9359375 0.4078125000000002 0.9359375 0.4515625000000002 0.9890625 0.4515625000000002
2 0.3375000000000001 0.515625 0.2921875000000001 0.515625 0.2921875000000001 0.5625 0.3375000000000001 0.5625
2 0.3781250000000001 0.4390625 0.3468750000000001 0.4390625 0.3468750000000001 0.48125 0.3781250000000001 0.48125
2 0.3453125000000001 0.559375 0.2890625000000001 0.559375 0.2890625000000001 0.6203125 0.3453125000000001 0.6203125
2 0.12031250000000009 0.6375 0.07187500000000009 0.6375 0.07187500000000009 0.6875 0.12031250000000009 0.6875
2 0.428125 0.4671875 0.3390625000000001 0.4671875 0.3390625000000001 0.55625 0.428125 0.55625
2 0.475 0.4421875 0.440625 0.4421875 0.440625 0.4984375 0.475 0.4984375
2 0.4031250000000002 0.934375 0.2750000000000001 0.934375 0.2750000000000001 1 0.4031250000000002 1
2 0.6015625 0.4234375 0.53125 0.4234375 0.53125 0.4890625 0.6015625 0.4890625
2 0.6921875 0.515625 0.65 0.515625 0.65 0.5578125 0.6921875 0.5578125
2 0.0703125000000001 0.7578125 9.280526524788537e-17 0.7578125 1.0170308964794034e-16 0.903125 0.07031250000000011 0.903125
2 0.12656250000000005 0.4109375 0.08281250000000004 0.4109375 0.08281250000000004 0.4484375 0.12656250000000005 0.4484375
2 0.7796875 0.4109375000000002 0.728125 0.4109375000000002 0.728125 0.4656250000000002 0.7796875 0.4656250000000002