2 0.53125 0.515625 0.45 0.515625 0.45 0.628125 0.53125 0.628125
2 0.41875 3.989669650347236e-17 0.2328125 2.8511308292649316e-17 0.2328125 0.12031250000000004 0.41875 0.12031250000000004
2 0.803125 0.4843750000000001 0.6125 0.484375 0.6125 0.6656250000000001 0.803125 0.6656250000000001
2 0.6515625 0.39531250000000007 0.5640625 0.39531250000000007 0.5640625 0.4734375 0.6515625 0.4734375
2 0.40937500000000016 0.8703125 0.23593750000000008 0.8703125 0.23593750000000008 1 0.40937500000000016 1
2 0.5593750000000002 0.9359375 0.34843750000000007 0.9359375 0.34843750000000007 1 0.5593750000000002 1
2 0.5171875 5.663991446056509e-17 0.4078125 4.9942627277728e-17 0.4078125 0.10156250000000004 0.5171875 0.10156250000000004
2 0.6546875 0.012500000000000075 0.584375 0.012500000000000072 0.584375 0.05625000000000008 0.6546875 0.05625000000000009
2 0.6375 0.028125000000000074 0.5328125 0.028125000000000067 0.5328125 0.12812500000000007 0.6375 0.1281250000000001
2 0.2578125 0.259375 0.18437500000000004 0.259375 0.18437500000000004 0.3609375 0.2578125 0.3609375
2 0.7140625 0.6921875 0.6765625 0.6921875 0.6765625 0.725 0.7140625 0.725
2 0.6140625000000002 0.878125 0.5625000000000002 0.878125 0.5625000000000002 0.921875 0.6140625000000002 0.921875
2 0.0671875 4.1140478408856394e-18 0 0 3.827021247335479e-18 0.0625 0.0671875 0.0625
2 0.46875 0.421875 0.2828125000000001 0.421875 0.2828125000000001 0.565625 0.46875 0.565625
2 0.6093750000000001 0.6984375 0.5609375 0.6984375 0.5609375000000001 0.7296875 0.6093750000000002 0.7296875
2 0.8875 1.0553011089527582e-16 0.8359375 1.0237281836622405e-16 0.8359375 0.04218750000000011 0.8875 0.042187500000000114
2 0.4671875 0.3453125000000001 0.39375 0.3453125000000001 0.39375000000000004 0.4046875 0.4671875 0.4046875
2 0.15 1.358592542804095e-17 0.071875 8.802148868871602e-18 0.071875 0.07968750000000001 0.15 0.07968750000000002
2 0.3921875000000001 0.671875 0.2984375000000001 0.671875 0.2984375000000001 0.7609375 0.3921875000000001 0.7609375
2 0.8875 0.06875000000000012 0.840625 0.06875000000000012 0.840625 0.10937500000000008 0.8875 0.10937500000000008
2 0.11562500000000002 0.115625 1.4159978615141272e-17 0.115625 2.898968594856625e-17 0.3578125 0.11562500000000005 0.3578125
2 0.3140625 0.353125 0.15937500000000004 0.353125 0.15937500000000004 0.5078125 0.3140625000000001 0.5078125
2 0.8734375 0.10937500000000008 0.8203125 0.10937500000000008 0.8203125 0.16406250000000008 0.8734375 0.16406250000000008
2 0.9140625 0.12968750000000012 0.8265625 0.1296875000000001 0.8265625 0.1953125000000001 0.9140625 0.19531250000000014
2 0.9328125 0.050000000000000114 0.9015625 0.050000000000000114 0.9015625 0.09218750000000012 0.9328125 0.09218750000000012
2 0.66875 0.1859375000000001 0.5859375 0.1859375000000001 0.5859375 0.2609375000000001 0.66875 0.2609375000000001
2 0.6890625000000001 0.9546875 0.6437500000000002 0.9546875 0.6437500000000002 1 0.6890625000000001 1
2 0.34687500000000004 0.3328125 0.2671875 0.3328125 0.2671875 0.39375 0.3468750000000001 0.39375
2 0.78125 0.2468750000000001 0.721875 0.2468750000000001 0.721875 0.3031250000000001 0.78125 0.3031250000000001
2 0.7859375000000002 0.865625 0.7375000000000002 0.865625 0.7375000000000002 0.91875 0.7859375000000002 0.91875
2 0.07656250000000012 0.8984375 1.1002686086089502e-16 0.8984375 1.1624577038781518e-16 1 0.07656250000000013 1
2 0.6171875 0.4625 0.5234375 0.4625 0.5234375 0.5703125 0.6171875 0.5703125
2 0.834375 0.23437500000000008 0.7609375 0.23437500000000008 0.7609375 0.30156250000000007 0.834375 0.30156250000000007
2 0.43750000000000017 0.765625 0.3281250000000001 0.765625 0.3281250000000001 0.85 0.43750000000000017 0.85
2 0.32500000000000007 0.50625 0.2609375000000001 0.50625 0.2609375000000001 0.565625 0.32500000000000007 0.565625
2 0.4234375 0.5515625 0.34062500000000007 0.5515625 0.34062500000000007 0.6578125 0.4234375 0.6578125
2 0.6421875000000001 0.971875 0.5703125000000002 0.971875 0.5703125000000002 1 0.6421875000000001 1
2 0.2500000000000001 0.809375 0.21250000000000008 0.809375 0.21250000000000008 0.84375 0.2500000000000001 0.84375
2 0.7640625000000002 0.9765625 0.6812500000000001 0.9765625 0.6812500000000001 1 0.7640625000000002 1
2 0.3109375 0.2734375 0.25625 0.2734375 0.25625 0.3328125 0.3109375 0.3328125
2 0.5671875000000002 0.8140625 0.38750000000000007 0.8140625 0.38750000000000007 0.9578125 0.5671875000000002 0.9578125
2 0.2359375 0.12812500000000002 0.1046875 0.128125 0.10468750000000002 0.2359375 0.2359375 0.2359375
2 0.7453125 0.44218750000000007 0.6984375 0.4421875 0.6984375 0.4906250000000001 0.7453125 0.4906250000000002
2 0.8578125 0.2250000000000001 0.8265625 0.2250000000000001 0.8265625 0.2593750000000001 0.8578125 0.2593750000000001
2 0.565625 0.3906250000000001 0.4390625 0.3906250000000001 0.4390625 0.4953125 0.565625 0.4953125
2 0.5859375000000002 0.73125 0.5046875000000002 0.73125 0.5046875000000002 0.80625 0.5859375000000002 0.80625
2 0.6453125 0.13437500000000008 0.5109375 0.13437500000000005 0.5109375 0.2390625000000001 0.6453125 0.2390625000000001
2 0.11562500000000009 0.7046875 0.014062500000000089 0.7046875 0.014062500000000092 0.7875 0.11562500000000009 0.7875
2 0.575 0.2234375000000001 0.5046875 0.2234375000000001 0.5046875 0.2953125000000001 0.575 0.2953125000000001
2 0.265625 0.01718750000000003 0.1765625 0.017187500000000022 0.1765625 0.10937500000000003 0.265625 0.10937500000000004
2 0.290625 0.10312500000000005 0.196875 0.10312500000000005 0.19687500000000002 0.23125 0.290625 0.23125
2 0.9140625 0.09687500000000011 0.8859375 0.09687500000000011 0.8859375 0.12968750000000012 0.9140625 0.12968750000000012
2 0.8828125 0.4734375000000002 0.746875 0.4734375000000002 0.746875 0.6390625000000002 0.8828125 0.6390625000000002
2 0.053125000000000075 0.5953125 7.290475476174086e-17 0.5953125 7.54879941036923e-17 0.6375 0.05312500000000009 0.6375
2 0.6796875 0.3734375000000001 0.621875 0.3734375000000001 0.621875 0.4390625 0.6796875 0.4390625
2 0.6593750000000002 0.8453125 0.5937500000000002 0.8453125 0.5937500000000002 0.86875 0.6593750000000002 0.86875
2 0.5015625 0.29375000000000007 0.428125 0.29375000000000007 0.428125 0.3828125000000001 0.5015625 0.3828125000000001
2 0.2750000000000001 0.859375 0.1906250000000001 0.859375 0.1906250000000001 0.9296875 0.2750000000000001 0.9296875
2 0.5734375000000002 0.8 0.5390625000000002 0.8 0.5390625000000002 0.8328125 0.5734375000000002 0.8328125
2 0.2640625000000001 0.61875 0.1843750000000001 0.61875 0.1843750000000001 0.7 0.2640625000000001 0.7
2 0.678125 0.29375000000000007 0.5765625 0.29375000000000007 0.5765625 0.3687500000000001 0.678125 0.3687500000000001
2 1 0.6296875000000002 0.915625 0.6296875000000002 0.915625 0.7234375000000002 1 0.7234375000000002
2 0.71875 0.04687500000000008 0.590625 0.046875000000000076 0.590625 0.15781250000000008 0.71875 0.15781250000000008
2 0.18281250000000004 0.40625 0.10156250000000004 0.40625 0.10156250000000004 0.509375 0.18281250000000004 0.509375
2 0.2484375000000001 0.7546875 0.2015625000000001 0.7546875 0.2015625000000001 0.790625 0.2484375000000001 0.790625
2 0.9703125 0.17812500000000012 0.88125 0.1781250000000001 0.88125 0.2656250000000001 0.9703125 0.2656250000000001
2 0.39375000000000004 0.30312500000000003 0.3203125 0.303125 0.32031250000000006 0.4140625 0.3937500000000001 0.4140625
2 0.8375 0.3078125000000001 0.7421875 0.3078125000000001 0.7421875 0.35625000000000007 0.8375 0.35625000000000007
2 0.5156250000000001 0.678125 0.4328125 0.678125 0.4328125000000001 0.765625 0.5156250000000002 0.765625
2 0.1250000000000001 0.834375 0.05312500000000011 0.834375 0.05312500000000011 0.928125 0.12500000000000014 0.928125
2 0.3296875 0.19843750000000004 0.271875 0.19843750000000004 0.271875 0.26875 0.3296875 0.26875
2 0.19218750000000004 0.2359375 0.04375000000000003 0.2359375 0.043750000000000046 0.4453125 0.19218750000000004 0.4453125
2 0.2453125000000001 0.7828125 0.11093750000000009 0.7828125 0.11093750000000009 0.9 0.2453125000000001 0.9
2 0.825 0.0531250000000001 0.7203125 0.05312500000000009 0.7203125 0.1609375000000001 0.825 0.1609375000000001
2 0.9703125 0.2468750000000001 0.753125 0.2468750000000001 0.753125 0.4750000000000002 0.9703125 0.4750000000000002
2 0.478125 0.10937500000000004 0.3296875 0.10937500000000004 0.3296875 0.22500000000000003 0.478125 0.2250000000000001
2 0.5640625 0.6359375 0.5265625 0.6359375 0.5265625 0.6703125 0.5640625 0.6703125
2 0.8453125 0.928125 0.803125 0.928125 0.803125 0.975 0.8453125 0.975
2 0.6046875000000002 0.8140625 0.5750000000000002 0.8140625 0.5750000000000002 0.84375 0.6046875000000002 0.84375