2 0.565625 0.5390625 0.484375 0.5390625 0.484375 0.653125 0.565625 0.653125
2 0.4515625 4.381939328199123e-17 0.2640625 3.2338329539984796e-17 0.2640625 0.13750000000000004 0.4515625 0.13750000000000004
2 0.840625 0.5078125000000001 0.646875 0.5078125 0.646875 0.690625 0.840625 0.6906250000000002
2 0.6875 0.4171875 0.6 0.4171875 0.6 0.496875 0.6875 0.496875
2 0.4421875000000002 0.8984375 0.2687500000000001 0.8984375 0.2687500000000001 1 0.4421875000000002 1
2 0.5875000000000001 0.9640625 0.3984375000000001 0.9640625 0.3984375000000001 1 0.5875000000000001 1
2 0.5515625 6.075396230145073e-17 0.440625 5.3960999587430256e-17 0.440625 0.12031250000000007 0.5515625 0.12031250000000009
2 0.690625 0.029687500000000082 0.61875 0.02968750000000008 0.61875 0.07343750000000007 0.690625 0.07343750000000009
2 0.6734375 0.043750000000000074 0.5671875 0.04375000000000007 0.5671875 0.1453125000000001 0.6734375 0.1453125000000001
2 0.28906250000000006 0.2796875 0.2140625 0.2796875 0.21406250000000004 0.3828125 0.2890625000000001 0.3828125
2 0.7500000000000001 0.7171875000000001 0.7125 0.7171875 0.7125000000000001 0.7515625000000001 0.7500000000000002 0.7515625000000001
2 0.6484375000000002 0.90625 0.5968750000000002 0.90625 0.5968750000000002 0.95 0.6484375000000002 0.95
2 0.0953125 5.836207402186606e-18 0 0 5.166478683902897e-18 0.084375 0.0953125 0.08437500000000002
2 0.5015625 0.44375 0.3140625000000001 0.44375 0.3140625000000001 0.5890625 0.5015625 0.5890625
2 0.64375 0.7234375 0.59375 0.7234375 0.5937500000000001 0.7546875 0.6437500000000002 0.7546875
2 0.9265625 0.01718750000000011 0.875 0.017187500000000105 0.875 0.05937500000000011 0.9265625 0.05937500000000011
2 0.5 0.3656250000000001 0.4265625 0.3656250000000001 0.4265625 0.425 0.5 0.425
2 0.178125 1.703024455064288e-17 0.1 1.2246467991473533e-17 0.1 0.09687500000000002 0.178125 0.09687500000000002
2 0.4234375000000001 0.696875 0.3296875000000001 0.696875 0.3296875000000001 0.7875 0.4234375000000002 0.7875
2 0.928125 0.08593750000000011 0.8796875 0.08593750000000011 0.8796875 0.1281250000000001 0.928125 0.12812500000000013
2 0.1453125 0.1328125 1.6264840301175783e-17 0.1328125 3.128589869696754e-17 0.378125 0.14531250000000004 0.378125
2 0.3453125000000001 0.3734375 0.18906250000000005 0.3734375 0.18906250000000005 0.53125 0.3453125000000001 0.53125
2 0.9109375 0.1265625000000001 0.8578125 0.12656250000000008 0.8578125 0.1828125000000001 0.9109375 0.18281250000000013
2 0.953125 0.14687500000000012 0.865625 0.1468750000000001 0.865625 0.2140625000000001 0.953125 0.2140625000000001
2 0.971875 0.06718750000000011 0.940625 0.06718750000000011 0.940625 0.10937500000000014 0.971875 0.10937500000000014
2 0.7046875 0.20468750000000008 0.6203125 0.20468750000000008 0.6203125 0.2812500000000001 0.7046875 0.2812500000000001
2 0.7218750000000002 0.9828125 0.6953125000000002 0.9828125 0.6953125000000002 1 0.7218750000000002 1
2 0.37968750000000007 0.353125 0.2984375 0.353125 0.2984375 0.415625 0.37968750000000007 0.415625
2 0.81875 0.2656250000000001 0.759375 0.2656250000000001 0.759375 0.3234375000000001 0.81875 0.3234375000000001
2 0.825 0.8921875 0.7750000000000001 0.8921875 0.7750000000000001 0.9453125 0.825 0.9453125
2 0.10625000000000014 0.925 0.010937500000000114 0.925 0.010937500000000117 1 0.10625000000000014 1
2 0.653125 0.484375 0.5578125 0.484375 0.5578125 0.59375 0.653125 0.59375
2 0.871875 0.2531250000000001 0.7984375 0.2531250000000001 0.7984375 0.3203125000000001 0.871875 0.3203125000000001
2 0.4703125000000002 0.790625 0.3593750000000001 0.790625 0.3593750000000001 0.875 0.4703125000000002 0.875
2 0.35625000000000007 0.5296875 0.2906250000000001 0.5296875 0.2906250000000001 0.5890625 0.35625000000000007 0.5890625
2 0.45625 0.5734375 0.3734375000000001 0.5734375 0.3734375000000001 0.68125 0.45625 0.68125
2 0.2812500000000001 0.8359375 0.24375000000000008 0.8359375 0.24375000000000008 0.871875 0.2812500000000001 0.871875
2 0.3421875 0.2921875 0.2859375 0.2921875 0.2859375 0.3515625 0.3421875 0.3515625
2 0.6015625000000002 0.840625 0.4203125000000002 0.840625 0.4203125000000002 0.9859375 0.6015625000000002 0.9859375
2 0.265625 0.14687500000000003 0.1328125 0.146875 0.13281250000000003 0.2546875 0.265625 0.2546875
2 0.7828125 0.4625000000000002 0.734375 0.4625000000000002 0.734375 0.5125000000000002 0.7828125 0.5125000000000002
2 0.896875 0.24375000000000008 0.8640625 0.24375000000000008 0.8640625 0.27812500000000007 0.896875 0.27812500000000007
2 0.6 0.4125 0.471875 0.4125 0.471875 0.51875 0.6 0.51875
2 0.6203125000000002 0.7578125 0.5390625000000002 0.7578125 0.5390625000000002 0.8328125 0.6203125000000002 0.8328125
2 0.68125 0.1531250000000001 0.5453125 0.1531250000000001 0.5453125 0.2578125000000001 0.68125 0.2578125000000001
2 0.1437500000000001 0.7296875 0.042187500000000086 0.7296875 0.04218750000000009 0.8140625 0.1437500000000001 0.8140625
2 0.609375 0.24375000000000008 0.5390625 0.24375000000000008 0.5390625 0.3156250000000001 0.609375 0.3156250000000001
2 0.296875 0.03281250000000003 0.20625 0.03281250000000002 0.20625 0.12656250000000005 0.296875 0.12656250000000005
2 0.321875 0.12187500000000004 0.228125 0.12187500000000004 0.228125 0.2515625 0.321875 0.2515625
2 0.953125 0.11406250000000014 0.925 0.11406250000000014 0.925 0.14843750000000014 0.953125 0.14843750000000014
2 0.921875 0.49531250000000016 0.784375 0.49531250000000016 0.784375 0.6625000000000002 0.921875 0.6625000000000002
2 0.08281250000000008 0.6171875 0.012500000000000077 0.6171875 0.01250000000000008 0.6609375 0.0828125000000001 0.6609375
2 0.715625 0.3937500000000001 0.65625 0.3937500000000001 0.65625 0.459375 0.715625 0.459375
2 0.6953125000000002 0.871875 0.6296875000000002 0.871875 0.6296875000000002 0.8953125 0.6953125000000002 0.8953125
2 0.029687500000000082 0.6578125 8.055879725641184e-17 0.6578125 8.362041425428021e-17 0.7078125 0.02968750000000009 0.7078125
2 0.5359375 0.3140625000000001 0.4625 0.3140625000000001 0.4625 0.4046875 0.5359375 0.4046875
2 0.3062500000000001 0.884375 0.22031250000000008 0.884375 0.22031250000000008 0.95625 0.3062500000000001 0.95625
2 0.6093750000000002 0.825 0.5734375000000002 0.825 0.5734375000000002 0.8578125 0.6093750000000002 0.8578125
2 0.2953125000000001 0.6421875 0.2156250000000001 0.6421875 0.2156250000000001 0.725 0.2953125000000001 0.725
2 0.7140625 0.3140625000000001 0.6109375 0.3140625000000001 0.6109375 0.3906250000000001 0.7140625 0.3906250000000001
2 1 0.6546875000000002 0.9546875 0.6546875000000002 0.9546875 0.7453125000000002 1 0.7453125000000002
2 0.7546875 0.06406250000000008 0.625 0.06406250000000006 0.625 0.1765625000000001 0.7546875 0.1765625000000001
2 0.21093750000000008 0.428125 0.12968750000000004 0.428125 0.12968750000000004 0.53125 0.21093750000000008 0.53125
2 0.27812500000000007 0.7796875 0.2312500000000001 0.7796875 0.2312500000000001 0.815625 0.27812500000000007 0.815625
2 1 0.19687500000000013 0.9203125 0.19687500000000013 0.9203125 0.28593750000000007 1 0.28593750000000007
2 0.4265625 0.32343750000000004 0.3515625 0.3234375 0.35156250000000006 0.4359375 0.4265625 0.4359375
2 0.8765625 0.3281250000000001 0.7796875 0.3281250000000001 0.7796875 0.3781250000000001 0.8765625 0.3781250000000001
2 0.55 0.7015625 0.465625 0.7015625 0.46562500000000007 0.790625 0.5500000000000002 0.790625
2 0.15312500000000012 0.8609375 0.08125000000000011 0.8609375 0.08125000000000011 0.95625 0.15312500000000012 0.95625
2 0.3625 0.2171875 0.303125 0.2171875 0.303125 0.2890625 0.3625 0.2890625
2 0.22343750000000004 0.2546875 0.07187500000000002 0.2546875 0.07187500000000005 0.465625 0.2234375000000001 0.465625
2 0.2750000000000001 0.809375 0.1390625000000001 0.809375 0.13906250000000012 0.9265625 0.2750000000000001 0.9265625
2 0.8625 0.0703125000000001 0.7578125 0.07031250000000008 0.7578125 0.17968750000000008 0.8625 0.17968750000000008
2 1 0.2671875000000001 0.790625 0.2671875000000001 0.790625 0.4968750000000002 1 0.4968750000000002
2 0.5109375 0.12656250000000005 0.3609375 0.12656250000000005 0.3609375 0.24375000000000005 0.5109375 0.24375000000000008
2 0.5984375 0.659375 0.5609375 0.659375 0.5609375 0.69375 0.5984375 0.69375
2 0.8828125 0.95625 0.8390625 0.95625 0.8390625 1 0.8828125 1
2 0.6406250000000002 0.840625 0.6093750000000002 0.840625 0.6093750000000002 0.8703125 0.6406250000000002 0.8703125