2 0.5421875 0.34843750000000007 0.4625 0.34843750000000007 0.4625 0.459375 0.5421875 0.459375
2 0.7578125000000002 0.85 0.5734375000000002 0.85 0.5734375000000002 1 0.7578125000000002 1
2 0.38281250000000006 0.31093750000000003 0.19375000000000003 0.3109375 0.19375000000000003 0.490625 0.3828125000000001 0.490625
2 0.4296875 0.5 0.3437500000000001 0.5 0.3437500000000001 0.5765625 0.4296875 0.5765625
2 0.753125 8.180257916179587e-17 0.5828125 7.137394626280668e-17 0.5828125 0.10781250000000009 0.753125 0.10781250000000009
2 0.6296875 6.534638779825331e-17 0.4375 5.357829746269671e-17 0.4375 0.04375000000000007 0.6296875 0.04375000000000008
2 0.5843750000000002 0.8671875 0.47656250000000017 0.8671875 0.47656250000000017 1 0.5843750000000002 1
2 0.40937500000000016 0.9125 0.3390625000000001 0.9125 0.3390625000000001 0.95625 0.40937500000000016 0.95625
2 0.46093750000000017 0.84375 0.3578125000000001 0.84375 0.3578125000000001 0.9421875 0.46093750000000017 0.9421875
2 0.80625 0.6125000000000002 0.7328125 0.6125000000000002 0.7328125 0.7125000000000001 0.80625 0.7125000000000001
2 0.31875 0.2515625 0.2828125 0.2515625 0.2828125 0.284375 0.31875 0.284375
2 0.43125 0.057812500000000044 0.38125 0.057812500000000044 0.38125 0.10000000000000005 0.43125 0.10000000000000005
2 1 0.9046875 0.9203125 0.9046875 0.9203125 1 1 1
2 0.709375 0.4109375 0.525 0.4109375 0.525 0.553125 0.709375 0.553125
2 0.434375 0.2468750000000001 0.3859375 0.2468750000000001 0.3859375 0.27812500000000007 0.434375 0.27812500000000007
2 0.16093750000000012 0.9265625 0.11093750000000013 0.9265625 0.11093750000000013 0.96875 0.16093750000000012 0.96875
2 0.596875 0.56875 0.525 0.56875 0.525 0.628125 0.596875 0.628125
2 0.9171875 0.890625 0.840625 0.890625 0.840625 0.9921875 0.9171875 0.9921875
2 0.6921875 0.2171875000000001 0.6 0.2171875000000001 0.6 0.3046875000000001 0.6921875 0.3046875000000001
2 0.15625000000000008 0.859375 0.10937500000000008 0.859375 0.10937500000000008 0.9 0.15625000000000008 0.9
2 1 0.6156250000000002 0.871875 0.6156250000000002 0.871875 0.8546875 1 0.8546875
2 0.8296875 0.4671875000000001 0.678125 0.4671875 0.678125 0.6203125 0.8296875 0.6203125000000002
2 0.1765625000000001 0.80625 0.12500000000000008 0.80625 0.12500000000000008 0.8609375 0.1765625000000001 0.8609375
2 0.1703125000000001 0.775 0.08437500000000009 0.775 0.0843750000000001 0.840625 0.1703125000000001 0.840625
2 0.09687500000000011 0.878125 0.06718750000000011 0.878125 0.06718750000000011 0.91875 0.09687500000000011 0.91875
2 0.4093750000000001 0.7109375 0.3265625000000001 0.7109375 0.3265625000000001 0.7859375 0.40937500000000016 0.7859375
2 0.340625 3.97053454411056e-17 0.3078125 3.769615928625447e-17 0.3078125 0.02343750000000004 0.340625 0.023437500000000045
2 0.7234375 0.5796875 0.6453125 0.5796875 0.6453125 0.640625 0.7234375 0.640625
2 0.2734375000000001 0.66875 0.2156250000000001 0.66875 0.2156250000000001 0.725 0.2734375000000001 0.725
2 0.2578125 0.06093750000000002 0.209375 0.06093750000000002 0.209375 0.11406250000000004 0.2578125 0.11406250000000004
2 1 1.1701117463728229e-16 0.9109375 1.115576693598292e-16 0.9109375 0.08125000000000013 1 0.08125000000000013
2 0.4703125 0.40625 0.3781250000000001 0.40625 0.3781250000000001 0.5125 0.4703125 0.5125
2 0.23593750000000008 0.671875 0.16406250000000008 0.671875 0.16406250000000008 0.7375 0.23593750000000008 0.7375
2 0.6640625 0.1296875000000001 0.55625 0.1296875000000001 0.55625 0.21250000000000008 0.6640625 0.21250000000000008
2 0.73125 0.4093750000000001 0.6671875 0.409375 0.6671875 0.4687500000000001 0.73125 0.46875000000000017
2 0.65 0.3187500000000001 0.56875 0.3187500000000001 0.56875 0.4234375 0.65 0.4234375
2 0.7765625 0.13437500000000008 0.740625 0.13437500000000008 0.740625 0.1687500000000001 0.7765625 0.1687500000000001
2 0.734375 0.6406250000000001 0.6796875 0.640625 0.6796875 0.6984375 0.734375 0.6984375000000002
2 0.6046875 0.02187500000000006 0.428125 0.02187500000000005 0.428125 0.16406250000000006 0.6046875 0.16406250000000008
2 0.884375 0.7359375000000001 0.7546875000000002 0.7359375000000001 0.7546875000000002 0.8421875 0.884375 0.8421875
2 0.2968750000000001 0.484375 0.2500000000000001 0.484375 0.2500000000000001 0.5328125 0.2968750000000001 0.5328125
2 0.1703125000000001 0.7140625 0.1390625000000001 0.7140625 0.1390625000000001 0.746875 0.1703125000000001 0.746875
2 0.5546875 0.4796875 0.4296875 0.4796875 0.4296875 0.5828125 0.5546875 0.5828125
2 0.4875 0.17187500000000006 0.4078125 0.17187500000000006 0.4078125 0.2453125000000001 0.4875 0.2453125000000001
2 0.4828125000000002 0.73125 0.3500000000000001 0.73125 0.3500000000000001 0.834375 0.4828125000000002 0.834375
2 0.9734375 0.1890625000000001 0.8734375 0.18906250000000008 0.8734375 0.2718750000000001 0.9734375 0.2718750000000001
2 0.48906250000000007 0.6765625 0.4203125 0.6765625 0.4203125000000001 0.746875 0.4890625000000002 0.746875
2 0.8140625 0.8625 0.7250000000000002 0.8625 0.7250000000000002 0.953125 0.8140625 0.953125
2 0.7921875000000002 0.7390625000000001 0.7000000000000002 0.7390625 0.7000000000000002 0.865625 0.7921875000000002 0.865625
2 0.11250000000000009 0.840625 0.08437500000000012 0.840625 0.08437500000000012 0.8734375 0.11250000000000009 0.8734375
2 0.24843750000000003 0.3375 0.11406250000000004 0.3375 0.11406250000000004 0.5 0.2484375000000001 0.5
2 1 0.3390625000000001 0.934375 0.3390625000000001 0.934375 0.3812500000000001 1 0.3812500000000001
2 0.3734375000000001 0.5359375 0.3156250000000001 0.5359375 0.3156250000000001 0.6 0.3734375000000001 0.6
2 0.4 0.11093750000000005 0.3359375 0.11093750000000005 0.3359375 0.13437500000000005 0.4 0.13437500000000005
2 1 0.2968750000000001 0.984375 0.2968750000000001 0.984375 0.3390625000000001 1 0.3390625000000001
2 0.5640625 0.5890625 0.4921875 0.5890625 0.4921875 0.678125 0.5640625 0.678125
2 0.8 0.050000000000000086 0.7171875 0.050000000000000086 0.7171875 0.12031250000000009 0.8 0.12031250000000009
2 0.4546875 0.14687500000000003 0.4203125 0.14687500000000003 0.4203125 0.17968750000000006 0.4546875 0.17968750000000006
2 0.8046875 0.2765625000000001 0.7265625 0.2765625000000001 0.7265625 0.3578125000000001 0.8046875 0.3578125000000001
2 0.4171875 0.603125 0.31718750000000007 0.603125 0.31718750000000007 0.678125 0.4171875 0.678125
2 0.08281250000000004 0.2546875 3.119022316578415e-17 0.2546875 3.683507950560398e-17 0.346875 0.08281250000000004 0.346875
2 0.4046875000000002 0.8125 0.27812500000000007 0.8125 0.27812500000000007 0.921875 0.4046875000000002 0.921875
2 0.8875 0.4656250000000002 0.8078125 0.4656250000000002 0.8078125 0.5671875000000002 0.8875 0.5671875000000002
2 0.7890625 0.18750000000000008 0.74375 0.18750000000000008 0.74375 0.2234375000000001 0.7890625 0.2234375000000001
2 0.11562500000000009 0.70625 0.028125000000000087 0.70625 0.028125000000000094 0.79375 0.11562500000000009 0.79375
2 0.671875 0.559375 0.5984375 0.559375 0.5984375 0.66875 0.671875 0.66875
2 0.2531250000000001 0.615625 0.1593750000000001 0.615625 0.1593750000000001 0.6640625 0.2531250000000001 0.6640625
2 0.559375 0.21250000000000008 0.4765625 0.21250000000000008 0.4765625 0.2984375000000001 0.559375 0.2984375000000001
2 0.934375 0.05156250000000011 0.8640625 0.05156250000000011 0.8640625 0.14531250000000012 0.934375 0.14531250000000012
2 0.7187500000000001 0.703125 0.6609375 0.703125 0.6609375000000001 0.7734375 0.7187500000000002 0.7734375
2 0.94375 0.5296875000000002 0.796875 0.5296875000000002 0.7968750000000001 0.7359375000000001 0.94375 0.7359375000000001
2 0.878125 0.0796875000000001 0.7453125 0.07968750000000009 0.7453125 0.19531250000000008 0.878125 0.19531250000000008
2 0.2750000000000001 0.809375 0.17187500000000008 0.809375 0.1718750000000001 0.915625 0.2750000000000001 0.915625
2 0.24375000000000008 0.4984375 0.028125000000000056 0.4984375 0.028125000000000074 0.7234375 0.24375000000000008 0.7234375
2 0.6609375000000002 0.746875 0.5140625000000002 0.746875 0.5140625000000002 0.8609375 0.6609375000000002 0.8609375
2 0.465625 0.3078125000000001 0.4296875 0.3078125000000001 0.4296875 0.34062500000000007 0.465625 0.34062500000000007
2 0.1953125 0.0046875000000000215 0.153125 0.00468750000000002 0.153125 0.050000000000000024 0.1953125 0.050000000000000024
2 0.4203125 0.13437500000000005 0.390625 0.13437500000000005 0.390625 0.16406250000000006 0.4203125 0.16406250000000006