2 0.7078125 0.2250000000000001 0.6703125 0.2250000000000001 0.6703125 0.2656250000000001 0.7078125 0.2656250000000001
2 0.35625000000000007 0.534375 0.2812500000000001 0.534375 0.2812500000000001 0.5953125 0.35625000000000007 0.5953125
2 0.7453125 0.02968750000000009 0.7078125 0.02968750000000009 0.7078125 0.06250000000000008 0.7453125 0.06250000000000008
2 0.4578125000000002 0.8 0.4046875000000002 0.8 0.4046875000000002 0.85 0.4578125000000002 0.85
2 0.8953125 0.3656250000000001 0.784375 0.3656250000000001 0.784375 0.44843750000000016 0.8953125 0.44843750000000016
2 0.5203125000000002 0.771875 0.47656250000000017 0.771875 0.47656250000000017 0.8265625 0.5203125000000002 0.8265625
2 0.5593750000000002 0.809375 0.4906250000000002 0.809375 0.4906250000000002 0.85625 0.5593750000000002 0.85625
2 0.12031250000000009 0.8109375 0.0359375000000001 0.8109375 0.03593750000000011 0.9046875 0.12031250000000009 0.9046875
2 0.73125 0.4828125000000001 0.6640625 0.4828125 0.6640625 0.6031250000000001 0.73125 0.6031250000000001
2 0.8625 0.503125 0.715625 0.503125 0.715625 0.6984375 0.8625 0.6984375000000002
2 0.05937500000000005 0.4015625 4.91772230282609e-17 0.4015625 5.5109105961630896e-17 0.4984375 0.05937500000000007 0.4984375
2 0.928125 0.3125000000000001 0.8734375 0.3125000000000001 0.8734375 0.3703125000000001 0.928125 0.3703125000000001
2 0.8640625 0.925 0.6937500000000002 0.925 0.6937500000000002 0.9875 0.8640625 0.9875
2 0.5984375 0.6171875 0.5359375 0.6171875 0.5359375 0.7078125 0.5984375 0.7078125
2 0.6578125000000001 0.8046875 0.6171875000000002 0.8046875 0.6171875000000002 0.8703125 0.6578125000000001 0.8703125
2 0.521875 0.21093750000000008 0.3828125 0.21093750000000008 0.38281250000000006 0.36406250000000007 0.521875 0.36406250000000007
2 0.753125 0.1781250000000001 0.7296875 0.1781250000000001 0.7296875 0.2171875000000001 0.753125 0.2171875000000001
2 0.7140625 0.7109375 0.68125 0.7109375 0.6812500000000001 0.76875 0.7140625000000002 0.76875
2 0.7859375000000002 0.85 0.7140625000000002 0.85 0.7140625000000002 0.9015625 0.7859375000000002 0.9015625
2 0.884375 0.2312500000000001 0.815625 0.2312500000000001 0.815625 0.2875000000000001 0.884375 0.2875000000000001
2 0.9453125 0.24218750000000008 0.88125 0.24218750000000008 0.88125 0.28593750000000007 0.9453125 0.28593750000000007
2 0.6734375000000001 0.696875 0.6328125 0.696875 0.6328125000000001 0.73125 0.6734375000000001 0.73125
2 0.846875 0.7984375000000001 0.7796875000000002 0.7984375000000001 0.7796875000000002 0.8765625 0.846875 0.8765625
2 0.4796875 0.6421875 0.434375 0.6421875 0.434375 0.665625 0.4796875 0.665625
2 0.5078125 0.4859375 0.3593750000000001 0.4859375 0.3593750000000001 0.6390625 0.5078125 0.6390625
2 0.4125000000000001 0.65625 0.3437500000000001 0.65625 0.3437500000000001 0.7265625 0.4125000000000002 0.7265625
2 0.64375 0.578125 0.58125 0.578125 0.58125 0.675 0.64375 0.675
2 0.721875 0.09531250000000008 0.628125 0.09531250000000006 0.628125 0.1671875000000001 0.721875 0.1671875000000001
2 0.6968750000000001 0.74375 0.5921875000000002 0.74375 0.5921875000000002 0.8125 0.6968750000000001 0.8125
2 0.4812500000000002 0.759375 0.4281250000000002 0.759375 0.4281250000000002 0.8296875 0.4812500000000002 0.8296875
2 0.4578125000000002 0.8 0.4046875000000002 0.8 0.4046875000000002 0.85 0.4578125000000002 0.85
2 0.9875 0.6203125000000002 0.828125 0.6203125000000002 0.828125 0.7953125000000002 0.9875 0.7953125000000002
2 0.7765625 0.6890625000000001 0.7125 0.6890625 0.7125000000000001 0.7625000000000001 0.7765625000000002 0.7625000000000002
2 0.9828125 0.5671875000000002 0.8921875 0.5671875000000002 0.8921875 0.6812500000000001 0.9828125 0.6812500000000001
2 0.634375 0.05000000000000006 0.4390625 0.050000000000000044 0.4390625 0.17812500000000006 0.634375 0.1781250000000001
2 0.7609375000000002 0.7640625000000001 0.6937500000000002 0.7640625 0.6937500000000002 0.8359375 0.7609375000000002 0.8359375
2 0.89375 0.5843750000000002 0.8390625 0.5843750000000002 0.8390625 0.6281250000000002 0.89375 0.6281250000000002
2 0.4671875 0.36406250000000007 0.3421875000000001 0.3640625 0.3421875000000001 0.5 0.4671875 0.5
2 0.7328125 0.3578125000000001 0.6828125 0.3578125000000001 0.6828125 0.4062500000000001 0.7328125 0.40625000000000017
2 0.9203125 0.7843750000000002 0.8421875 0.7843750000000002 0.8421875 0.8546875 0.9203125 0.8546875
2 0.5140625000000001 0.715625 0.4625 0.715625 0.4625000000000001 0.753125 0.5140625000000002 0.753125
2 0.3453125000000001 0.6890625 0.24375000000000008 0.6890625 0.24375000000000008 0.7703125 0.3453125000000001 0.7703125
2 0.7953125 0.42187500000000017 0.7328125 0.42187500000000017 0.7328125 0.4968750000000002 0.7953125 0.4968750000000002
2 0.9796875 0.16875000000000012 0.8515625 0.1687500000000001 0.8515625 0.2312500000000001 0.9796875 0.2312500000000001
2 0.17031250000000003 0.24375 0.10625000000000004 0.24375 0.10625000000000004 0.3046875 0.17031250000000003 0.3046875
2 0.4234375000000001 0.7171875 0.3296875000000001 0.7171875 0.3296875000000001 0.7859375 0.4234375000000002 0.7859375
2 0.7906250000000001 0.8765625 0.7250000000000002 0.8765625 0.7250000000000002 0.93125 0.7906250000000001 0.93125
2 0.2296875 0.2421875 0.16406250000000006 0.2421875 0.16406250000000006 0.303125 0.2296875 0.303125
2 0.17968750000000006 0.478125 5.855342508423283e-17 0.478125 8.208960575534602e-17 0.8625 0.17968750000000008 0.8625
2 0.37968750000000007 0.74375 0.28593750000000007 0.74375 0.28593750000000007 0.846875 0.37968750000000007 0.846875
2 0.3156250000000001 0.60625 0.1609375000000001 0.60625 0.1609375000000001 0.7625 0.3156250000000001 0.7625
2 0.7328125 0.1859375000000001 0.690625 0.1859375000000001 0.690625 0.2390625000000001 0.7328125 0.2390625000000001
2 0.5453125 0.5921875 0.515625 0.5921875 0.515625 0.6453125 0.5453125 0.6453125
2 0.8453125 0.2796875000000001 0.753125 0.2796875000000001 0.753125 0.32500000000000007 0.8453125 0.32500000000000007
2 0.3156250000000001 0.4109375 0.09218750000000005 0.4109375 0.09218750000000006 0.6171875 0.3156250000000001 0.6171875
2 0.7140625000000002 0.8421875 0.6765625000000002 0.8421875 0.6765625000000002 0.8765625 0.7140625000000002 0.8765625
2 0.4078125 0.5640625 0.3156250000000001 0.5640625 0.3156250000000001 0.653125 0.4078125 0.653125
2 0.8765625 0.30937500000000007 0.8171875 0.30937500000000007 0.8171875 0.3765625000000001 0.8765625 0.3765625000000001
2 0.7953125 0.19531250000000008 0.7546875 0.19531250000000008 0.7546875 0.24218750000000008 0.7953125 0.24218750000000008
2 0.96875 0.38750000000000007 0.7734375 0.38750000000000007 0.7734375 0.5718750000000001 0.96875 0.5718750000000001
2 0.790625 0.6718750000000002 0.75 0.6718750000000002 0.75 0.6984375000000002 0.790625 0.6984375000000002