2 0.6890625 0.2015625000000001 0.6234375 0.2015625000000001 0.6234375 0.24218750000000008 0.6890625 0.24218750000000008
2 0.9796875 0.2093750000000001 0.7125 0.2093750000000001 0.7125 0.4093750000000001 0.9796875 0.40937500000000016
2 0.415625 0.6265625 0.3281250000000001 0.6265625 0.3281250000000001 0.71875 0.415625 0.71875
2 1 0.2312500000000001 0.85625 0.2312500000000001 0.85625 0.2906250000000001 1 0.2906250000000001
2 0.5515625000000002 0.95625 0.47187500000000016 0.95625 0.47187500000000016 1 0.5515625000000002 1
2 0.5421875 0.05625000000000006 0.38125 0.05625000000000004 0.38125 0.2968750000000001 0.5421875 0.2968750000000001
2 0.3750000000000001 0.7 0.2406250000000001 0.7 0.2406250000000001 0.81875 0.3750000000000001 0.81875
2 0.5125000000000002 0.984375 0.4125000000000002 0.984375 0.4125000000000002 1 0.5125000000000002 1
2 0.815625 0.03125000000000009 0.659375 0.031250000000000076 0.659375 0.12343750000000009 0.815625 0.12343750000000009
2 0.4750000000000001 0.7078125 0.3343750000000001 0.7078125 0.3343750000000001 0.8796875 0.4750000000000002 0.8796875
2 0.3125000000000001 0.4703125 0.2000000000000001 0.4703125 0.2000000000000001 0.5359375 0.3125000000000001 0.5359375
2 0.346875 0.17812500000000003 0.225 0.17812500000000003 0.225 0.2765625 0.346875 0.2765625
2 0.6328125 6.97474622326891e-17 0.50625 6.199774420683476e-17 0.50625 0.13906250000000006 0.6328125 0.1390625000000001
2 0.5359375 0.48125 0.37968750000000007 0.48125 0.37968750000000007 0.571875 0.5359375 0.571875
2 0.6390625 0.2531250000000001 0.55 0.2531250000000001 0.55 0.3515625000000001 0.6390625 0.3515625000000001
2 0.5125 0.40625 0.4140625 0.40625 0.4140625 0.475 0.5125 0.475
2 0.828125 0.0859375000000001 0.6375 0.08593750000000008 0.6375 0.23593750000000008 0.828125 0.23593750000000008
2 0.90625 0.49531250000000016 0.7953125 0.49531250000000016 0.7953125 0.5734375000000002 0.90625 0.5734375000000002
2 0.85625 0.7296875000000002 0.7546875000000002 0.7296875000000002 0.7546875000000002 0.8046875 0.85625 0.8046875
2 0.1828125000000001 0.753125 0.08125000000000009 0.753125 0.0812500000000001 0.91875 0.18281250000000013 0.91875
2 1 0.4203125000000002 0.96875 0.4203125000000002 0.96875 0.47656250000000017 1 0.47656250000000017
2 0.671875 0.12656250000000008 0.53125 0.12656250000000005 0.53125 0.2453125000000001 0.671875 0.2453125000000001
2 0.2640625 0.06562500000000002 0.128125 0.06562500000000002 0.12812500000000002 0.19531250000000003 0.2640625 0.19531250000000006
2 0.5078125 0.5703125 0.403125 0.5703125 0.403125 0.6671875 0.5078125 0.6671875
2 0.9875 0.5640625000000001 0.85 0.5640625000000001 0.85 0.7171875000000002 0.9875 0.7171875000000002
2 0.28593750000000007 0.425 0.22031250000000008 0.425 0.22031250000000008 0.496875 0.28593750000000007 0.496875
2 0.890625 9.806741946297164e-17 0.7109375 8.706473337688214e-17 0.7109375 0.0765625000000001 0.890625 0.07656250000000012
2 0.98125 0.7062500000000002 0.9125 0.7062500000000002 0.9125 0.7546875000000002 0.98125 0.7546875000000002
2 0.565625 5.884045167778298e-17 0.3953125 4.8411818778793805e-17 0.3953125 0.07968750000000005 0.565625 0.07968750000000006
2 0.6640625 0.50625 0.546875 0.50625 0.546875 0.56875 0.6640625 0.56875
2 0.8859375 0.3765625000000001 0.7078125 0.3765625000000001 0.7078125 0.5296875000000001 0.8859375 0.5296875000000002
2 0.5093750000000001 0.6546875 0.4484375 0.6546875 0.4484375000000001 0.728125 0.5093750000000001 0.728125
2 0.5968750000000002 0.834375 0.5312500000000002 0.834375 0.5312500000000002 0.9078125 0.5968750000000002 0.9078125
2 1 1.1127064276627905e-16 0.8171875 1.0007660561782277e-16 0.8171875 0.15468750000000012 1 0.15468750000000014
2 0.56875 0.3921875000000001 0.5046875 0.3921875000000001 0.5046875 0.4546875 0.56875 0.4546875
2 0.7500000000000001 0.6312500000000001 0.59375 0.63125 0.5937500000000001 0.8328125 0.7500000000000002 0.8328125
2 0.9703125 0.4421875000000002 0.8890625 0.4421875000000002 0.8890625 0.5156250000000002 0.9703125 0.5156250000000002
2 0.721875 8.275933447362974e-17 0.6296875 7.711447813380989e-17 0.6296875 0.06562500000000007 0.721875 0.06562500000000009
2 0.5984375000000002 0.7359375 0.45625000000000016 0.7359375 0.45625000000000016 0.8953125 0.5984375000000002 0.8953125
2 0.1281250000000001 0.6640625 0.05156250000000009 0.6640625 0.0515625000000001 0.8359375 0.1281250000000001 0.8359375
2 0.08593750000000001 0.007812500000000005 9.567553118338697e-19 0.0078125 1.3298898834490787e-17 0.209375 0.08593750000000003 0.209375
2 0.8953125 0.5781250000000001 0.7046875 0.578125 0.7046875000000001 0.7656250000000001 0.8953125 0.7656250000000002
2 1 0.08281250000000012 0.875 0.08281250000000011 0.875 0.2500000000000001 1 0.2500000000000001
2 0.46406250000000016 0.83125 0.3343750000000001 0.83125 0.3343750000000001 1 0.46406250000000016 1
2 0.4671875 0.26875000000000004 0.2578125 0.26875 0.25781250000000006 0.4390625 0.4671875 0.4390625