2 0.2484375 0.3 0.209375 0.3 0.209375 0.3625 0.2484375 0.3625
2 0.409375 0.018750000000000037 0.215625 0.018750000000000027 0.215625 0.27656250000000004 0.409375 0.2765625000000001
2 0.7078125 0.5640625 0.61875 0.5640625 0.61875 0.6484375 0.7078125 0.6484375
2 0.2953125 3.262535613353495e-17 0.2375 2.9085361479749636e-17 0.2375 0.13750000000000004 0.2953125 0.13750000000000004
2 1 0.4312500000000002 0.9375 0.4312500000000002 0.9375 0.5093750000000001 1 0.5093750000000001
2 0.3000000000000001 0.440625 0.06875000000000005 0.440625 0.06875000000000006 0.596875 0.3000000000000001 0.596875
2 0.80625 0.6046875 0.6921875 0.6046875 0.6921875000000001 0.7343750000000001 0.80625 0.7343750000000002
2 1 0.4656250000000002 0.965625 0.4656250000000002 0.965625 0.5734375000000002 1 0.5734375000000002
2 0.13281250000000003 0.1765625 0.043750000000000025 0.1765625 0.04375000000000003 0.328125 0.13281250000000006 0.328125
2 0.8640625 0.5062500000000001 0.696875 0.50625 0.696875 0.6421875000000001 0.8640625 0.6421875000000001
2 0.5328125000000001 0.6640625 0.46875 0.6640625 0.4687500000000001 0.771875 0.5328125000000001 0.771875
2 0.2812500000000001 0.63125 0.1859375000000001 0.63125 0.1859375000000001 0.7484375 0.2812500000000001 0.7484375
2 0.14843750000000006 0.3515625 0.001562500000000043 0.3515625 0.0015625000000000506 0.4765625 0.14843750000000006 0.4765625
2 0.5671875 0.4484375 0.4796875 0.4484375 0.4796875 0.5984375 0.5671875 0.5984375
2 0.35468750000000004 0.3484375 0.259375 0.3484375 0.259375 0.434375 0.3546875000000001 0.434375
2 0.4734375 0.4703125 0.40625 0.4703125 0.40625 0.565625 0.4734375 0.565625
2 0.2421875 0.16562500000000002 0.09687500000000002 0.165625 0.09687500000000003 0.35 0.2421875 0.35
2 0.5671875 0.09062500000000007 0.4921875 0.09062500000000007 0.4921875 0.19687500000000008 0.5671875 0.19687500000000008
2 0.7921875 0.1375000000000001 0.71875 0.1375000000000001 0.71875 0.23593750000000008 0.7921875 0.23593750000000008
2 0.9015625 0.7906250000000001 0.7406250000000002 0.7906250000000001 0.7406250000000002 0.8890625 0.9015625 0.8890625
2 0.4734375 5.472640383689735e-17 0.4203125 5.147343577666219e-17 0.4203125 0.028125000000000056 0.4734375 0.028125000000000056
2 0.2515625 0.3171875 0.13593750000000004 0.3171875 0.13593750000000004 0.453125 0.2515625000000001 0.453125
2 0.20312500000000008 0.7109375 0.07812500000000008 0.7109375 0.0781250000000001 0.8421875 0.20312500000000008 0.8421875
2 0.659375 0.4765625 0.565625 0.4765625 0.565625 0.5765625 0.659375 0.5765625
2 0.70625 0.012500000000000077 0.5578125 0.012500000000000067 0.5578125 0.1453125000000001 0.70625 0.1453125000000001
2 0.4937500000000001 0.690625 0.4234375 0.690625 0.4234375000000001 0.7546875 0.4937500000000002 0.7546875
2 0.08906250000000003 0.10625 1.3011872240940627e-17 0.10625 2.3631856202296583e-17 0.2796875 0.08906250000000004 0.2796875
2 0.74375 0.017187500000000085 0.696875 0.017187500000000085 0.696875 0.08437500000000009 0.74375 0.08437500000000009
2 0.09062500000000005 0.4140625 5.070803152719509e-17 0.4140625 6.104098889500088e-17 0.5828125 0.09062500000000007 0.5828125
2 0.5640625 0.3234375000000001 0.503125 0.3234375000000001 0.503125 0.4375 0.5640625 0.4375
2 0.5265625 0.10937500000000004 0.378125 0.10937500000000004 0.378125 0.2812500000000001 0.5265625 0.2812500000000001
2 0.7171875 0.4734375 0.646875 0.4734375 0.646875 0.53125 0.7171875 0.53125
2 0.8921875 0.3890625000000001 0.821875 0.3890625000000001 0.821875 0.45312500000000017 0.8921875 0.45312500000000017
2 0.1640625 1.0045930774255631e-17 0 0 1.071565949253934e-17 0.175 0.1640625 0.175
2 0.453125 0.415625 0.3921875000000001 0.415625 0.3921875000000001 0.478125 0.453125 0.478125
2 0.81875 0.24218750000000008 0.6234375 0.24218750000000008 0.6234375 0.3921875000000001 0.81875 0.3921875000000001
2 0.5125 0.02812500000000006 0.4421875 0.028125000000000056 0.4421875 0.10781250000000005 0.5125 0.10781250000000005
2 0.07812500000000003 0.2640625 0.006250000000000033 0.2640625 0.0062500000000000385 0.35625 0.07812500000000004 0.35625
2 0.8796875 0.3890625000000001 0.725 0.3890625000000001 0.725 0.5265625 0.8796875 0.5265625000000002
2 0.821875 0.8421875 0.6562500000000002 0.8421875 0.6562500000000002 0.915625 0.821875 0.915625
2 0.2171875000000001 0.8828125 0.021875000000000106 0.8828125 0.021875000000000113 1 0.2171875000000001 1
2 0.753125 0.10000000000000009 0.5734375 0.10000000000000009 0.5734375 0.2843750000000001 0.753125 0.2843750000000001
2 0.2546875 2.1335643453895294e-17 0.09375 1.1481063742006437e-17 0.09375000000000001 0.12031250000000002 0.2546875 0.12031250000000004
2 1 0.5187500000000002 0.8171875 0.5187500000000002 0.8171875 0.6437500000000002 1 0.6437500000000002
2 0.4390625 0.5140625 0.2750000000000001 0.5140625 0.2750000000000001 0.715625 0.4390625 0.715625