2 0.27812500000000007 0.31875 0.240625 0.31875 0.24062500000000003 0.3796875 0.27812500000000007 0.3796875
2 0.434375 0.04687500000000004 0.246875 0.046875000000000035 0.246875 0.29687500000000006 0.434375 0.2968750000000001
2 0.725 0.575 0.6390625 0.575 0.6390625 0.6578125 0.725 0.6578125
2 0.325 0.02812500000000004 0.26875 0.028125000000000032 0.26875 0.16250000000000003 0.325 0.16250000000000003
2 1 0.4468750000000002 0.946875 0.4468750000000002 0.946875 0.5234375000000002 1 0.5234375000000002
2 0.3296875000000001 0.45625 0.10468750000000004 0.45625 0.10468750000000007 0.6078125 0.3296875000000001 0.6078125
2 0.81875 0.6140625000000001 0.7078125 0.6140625 0.7078125000000001 0.7390625000000001 0.81875 0.7390625000000002
2 1 0.47968750000000016 0.9734375 0.47968750000000016 0.9734375 0.5828125000000002 1 0.5828125000000002
2 0.16562500000000005 0.2 0.07968750000000002 0.2 0.07968750000000004 0.346875 0.16562500000000005 0.346875
2 0.875 0.51875 0.7140625 0.51875 0.7140625 0.6500000000000001 0.875 0.6500000000000001
2 0.5531250000000001 0.671875 0.490625 0.671875 0.4906250000000001 0.7765625 0.5531250000000002 0.7765625
2 0.3109375000000001 0.640625 0.21875000000000008 0.640625 0.21875000000000008 0.7546875 0.3109375000000001 0.7546875
2 0.04218750000000004 0.2671875 3.2721031664718344e-17 0.2671875 4.0566425221756075e-17 0.3953125 0.042187500000000044 0.3953125
2 0.18125000000000005 0.3703125 0.03906250000000004 0.3703125 0.03906250000000005 0.490625 0.18125000000000005 0.490625
2 0.5875 0.4625 0.503125 0.4625 0.503125 0.6078125 0.5875 0.6078125
2 0.3812500000000001 0.36562500000000003 0.2890625000000001 0.365625 0.2890625000000001 0.4484375 0.3812500000000001 0.4484375
2 0.496875 0.484375 0.4328125 0.484375 0.4328125 0.5765625 0.496875 0.5765625
2 0.27187500000000003 0.18906250000000002 0.13125000000000003 0.1890625 0.13125000000000003 0.3671875 0.2718750000000001 0.3671875
2 0.5875 0.11562500000000006 0.5140625 0.11562500000000005 0.5140625 0.21875000000000008 0.5875 0.21875000000000008
2 0.8046875 0.1625000000000001 0.734375 0.1625000000000001 0.734375 0.2578125000000001 0.8046875 0.2578125000000001
2 0.9125 0.7937500000000002 0.7562500000000002 0.7937500000000002 0.7562500000000002 0.8890625 0.9125 0.8890625
2 0.4984375 5.65442389293817e-17 0.425 5.204748896376251e-17 0.425 0.05625000000000006 0.4984375 0.056250000000000064
2 0.28125000000000006 0.3359375 0.16875000000000004 0.3359375 0.16875000000000004 0.4671875 0.2812500000000001 0.4671875
2 0.23437500000000008 0.71875 0.1140625000000001 0.71875 0.1140625000000001 0.8453125 0.23437500000000008 0.8453125
2 0.6765625 0.490625 0.5859375 0.490625 0.5859375 0.5875 0.6765625 0.5875
2 0.721875 0.039062500000000076 0.578125 0.03906250000000007 0.578125 0.1687500000000001 0.721875 0.1687500000000001
2 0.5156250000000001 0.6984375 0.4484375 0.6984375 0.4484375000000001 0.759375 0.5156250000000002 0.759375
2 0.12343750000000002 0.13125 0.001562500000000016 0.13125 0.0015625000000000263 0.2984375 0.12343750000000005 0.2984375
2 0.759375 0.04375000000000009 0.7140625 0.04375000000000009 0.7140625 0.10937500000000008 0.759375 0.10937500000000008
2 0.12656250000000008 0.4171875 5.109073365192864e-17 0.4171875 6.190206867565137e-17 0.59375 0.12656250000000008 0.59375
2 0.584375 0.3421875000000001 0.5265625 0.3421875000000001 0.5265625 0.4515625 0.584375 0.4515625
2 0.5484375 0.13437500000000008 0.4046875 0.13437500000000005 0.4046875 0.30156250000000007 0.5484375 0.30156250000000007
2 0.7328125 0.4875000000000001 0.6640625 0.4875 0.6640625 0.5437500000000001 0.7328125 0.5437500000000002
2 0.9015625 0.40625000000000017 0.8328125 0.40625000000000017 0.8328125 0.4671875000000002 0.9015625 0.4671875000000002
2 0.19687500000000002 0.009375000000000012 1.1481063742006436e-18 0.009375 1.2724845647390467e-17 0.19843750000000002 0.19687500000000005 0.19843750000000004
2 0.4765625 0.43125 0.4171875 0.43125 0.4171875 0.490625 0.4765625 0.490625
2 0.83125 0.26250000000000007 0.6421875 0.26250000000000007 0.6421875 0.4078125000000001 0.83125 0.4078125000000002
2 0.534375 0.056250000000000064 0.465625 0.056250000000000064 0.465625 0.13281250000000006 0.534375 0.13281250000000006
2 0.11250000000000004 0.284375 0.04218750000000003 0.284375 0.04218750000000004 0.375 0.11250000000000004 0.375
2 0.890625 0.4046875000000002 0.740625 0.4046875000000002 0.740625 0.5375000000000002 0.890625 0.5375000000000002
2 0.834375 0.84375 0.6734375000000001 0.84375 0.6734375000000001 0.915625 0.834375 0.915625
2 0.2484375000000001 0.8828125 0.05937500000000011 0.8828125 0.05937500000000012 1 0.2484375000000001 1
2 0.76875 0.12500000000000008 0.59375 0.12500000000000008 0.59375 0.3031250000000001 0.76875 0.3031250000000001
2 0.284375 2.430158492058029e-17 0.1125 1.3777276490407724e-17 0.1125 0.14375000000000002 0.284375 0.14375000000000004
2 1 0.5296875000000002 0.8296875 0.5296875000000002 0.8296875 0.6515625000000002 1 0.6515625000000002
2 0.4625 0.5265625 0.3031250000000001 0.5265625 0.3031250000000001 0.721875 0.4625 0.721875