2 0.6328125000000002 0.853125 0.5359375000000002 0.853125 0.5359375000000002 0.9109375 0.6328125000000002 0.9109375
2 0.2015625000000001 0.84375 1.0332957367805792e-16 0.84375 1.1289712679639661e-16 1 0.2015625000000001 1
2 0.8765625 0.5406250000000001 0.803125 0.5406250000000001 0.803125 0.5906250000000002 0.8765625 0.5906250000000002
2 1 0.6484375000000002 0.946875 0.6484375000000002 0.946875 0.6906250000000002 1 0.6906250000000002
2 0.6203125 0.6734375 0.571875 0.6734375 0.5718750000000001 0.74375 0.6203125000000002 0.74375
2 0.3031250000000001 0.784375 0.1546875000000001 0.784375 0.1546875000000001 0.9046875 0.3031250000000001 0.9046875
2 0.15468750000000003 0.5015625 0.10000000000000005 0.5015625 0.10000000000000005 0.5390625 0.15468750000000003 0.5390625
2 1 0.7875000000000002 0.9015625 0.7875000000000002 0.9015625 0.865625 1 0.865625
2 1 0.4734375000000002 0.9015625 0.4734375000000002 0.9015625 0.5546875000000002 1 0.5546875000000002
2 1 0.7281250000000001 0.9578125 0.7281250000000001 0.9578125 0.7890625000000002 1 0.7890625000000002
2 0.440625 0.2062500000000001 0.36875 0.2062500000000001 0.36875 0.2921875000000001 0.440625 0.2921875000000001
2 0.7406250000000001 0.70625 0.5859375 0.70625 0.5859375000000001 0.8359375 0.7406250000000002 0.8359375
2 0.6328125 0.6203125 0.575 0.6203125 0.575 0.7140625 0.6328125 0.7140625
2 0.5796875000000001 0.6109375 0.459375 0.6109375 0.4593750000000001 0.76875 0.5796875000000001 0.76875
2 0.26250000000000007 0.5796875 0.09687500000000007 0.5796875 0.09687500000000007 0.675 0.26250000000000007 0.675
2 0.07500000000000004 0.31875 0.014062500000000039 0.31875 0.014062500000000042 0.3828125 0.07500000000000004 0.3828125
2 0.40937500000000016 0.89375 0.2765625000000001 0.89375 0.2765625000000001 0.9859375 0.40937500000000016 0.9859375
2 0.9734375 0.9078125 0.859375 0.9078125 0.859375 1 0.9734375 1
2 0.8328125 0.48750000000000016 0.7796875 0.48750000000000016 0.7796875 0.5375000000000002 0.8328125 0.5375000000000002
2 0.9359375 0.6875000000000002 0.890625 0.6875000000000002 0.890625 0.7609375000000002 0.9359375 0.7609375000000002
2 0.11718750000000008 0.684375 8.381176531664698e-17 0.684375 9.395337162208599e-17 0.85 0.11718750000000008 0.85
2 0.871875 0.7656250000000002 0.81875 0.7656250000000002 0.81875 0.821875 0.871875 0.821875
2 0.26875 0.3109375 0.2265625 0.3109375 0.2265625 0.35625 0.26875 0.35625
2 0.10000000000000006 0.51875 0.04531250000000007 0.51875 0.045312500000000075 0.603125 0.10000000000000009 0.603125
2 0.6953125 0.4859375 0.6078125 0.4859375 0.6078125 0.56875 0.6953125 0.56875
2 0.5671875 0.5453125 0.4140625 0.5453125 0.4140625 0.6453125 0.5671875 0.6453125
2 1 0.9140625 0.9765625 0.9140625 0.9765625 0.9921875 1 0.9921875
2 0.3468750000000001 0.6109375 0.2578125000000001 0.6109375 0.2578125000000001 0.646875 0.3468750000000001 0.646875
2 0.4421875 0.34062500000000007 0.384375 0.34062500000000007 0.384375 0.4046875 0.4421875 0.4046875
2 1 0.5437500000000002 0.921875 0.5437500000000002 0.921875 0.6609375000000002 1 0.6609375000000002
2 0.8078125 0.5687500000000002 0.7484375 0.5687500000000002 0.7484375 0.6312500000000002 0.8078125 0.6312500000000002
2 0.2468750000000001 0.4421875 0.2078125000000001 0.4421875 0.2078125000000001 0.4859375 0.2468750000000001 0.4859375
2 0.784375 0.4984375000000002 0.746875 0.4984375000000002 0.746875 0.5468750000000002 0.784375 0.5468750000000002
2 0.2500000000000001 0.51875 0.2140625000000001 0.51875 0.2140625000000001 0.55625 0.2500000000000001 0.55625
2 0.81875 0.8828125 0.7125000000000001 0.8828125 0.7125000000000001 0.978125 0.81875 0.978125
2 0.07812500000000001 4.7837765591693494e-18 0 0 1.0045930774255631e-17 0.1640625 0.07812500000000003 0.1640625
2 0.34375 0.2203125 0.19843750000000004 0.2203125 0.19843750000000004 0.3328125 0.34375 0.3328125
2 0.484375 0.4515625 0.3421875000000001 0.4515625 0.3421875000000001 0.6 0.484375 0.6
2 0.825 0.8625 0.7734375000000002 0.8625 0.7734375000000002 0.909375 0.825 0.909375
2 0.775 0.4390625000000001 0.7109375 0.4390625 0.7109375 0.4937500000000001 0.775 0.4937500000000002
2 1 0.4031250000000002 0.9421875 0.4031250000000002 0.9421875 0.4828125000000002 1 0.4828125000000002
2 0.1437500000000001 0.628125 0.02968750000000008 0.628125 0.029687500000000082 0.7578125 0.1437500000000001 0.7578125
2 0.14062500000000006 0.4515625 0.09375000000000004 0.4515625 0.09375000000000006 0.4984375 0.14062500000000006 0.4984375
2 0.61875 0.475 0.559375 0.475 0.559375 0.5265625 0.61875 0.5265625
2 0.4671875000000001 0.64375 0.3375000000000001 0.64375 0.3375000000000001 0.7875 0.4671875000000002 0.7875
2 0.18750000000000006 0.19062500000000002 0.14843750000000006 0.190625 0.14843750000000006 0.259375 0.18750000000000006 0.259375
2 0.16562500000000008 0.5296875 0.11250000000000004 0.5296875 0.11250000000000007 0.5625 0.16562500000000008 0.5625
2 0.6125 0.5078125 0.5765625 0.5078125 0.5765625 0.5515625 0.6125 0.5515625
2 0.7328125 0.5390625000000001 0.6515625 0.5390625 0.6515625 0.5921875000000001 0.7328125 0.5921875000000002
2 0.11718750000000004 0.26875 0.07968750000000002 0.26875 0.07968750000000004 0.33125 0.11718750000000004 0.33125
2 0.22656250000000008 0.6265625 0.12343750000000009 0.6265625 0.12343750000000009 0.734375 0.22656250000000008 0.734375
2 0.4671875000000002 0.7953125 0.39531250000000007 0.7953125 0.39531250000000007 0.85625 0.4671875000000002 0.85625
2 0.2968750000000001 0.6578125 0.24218750000000008 0.6578125 0.24218750000000008 0.703125 0.2968750000000001 0.703125
2 1 0.7031250000000002 0.965625 0.7031250000000002 0.965625 0.7359375000000001 1 0.7359375000000001
2 0.025000000000000067 0.5359375 6.563341439180346e-17 0.5359375 6.869503138967185e-17 0.5859375 0.025000000000000067 0.5859375
2 0.6890625 0.4546875 0.65 0.4546875 0.65 0.5046875 0.6890625 0.5046875
2 0.5906250000000002 0.7375 0.4500000000000002 0.7375 0.4500000000000002 0.8390625 0.5906250000000002 0.8390625
2 0.2921875000000001 0.3703125 0.25468750000000007 0.3703125 0.25468750000000007 0.41875 0.2921875000000001 0.41875
2 0.884375 0.828125 0.8328125 0.828125 0.8328125 0.88125 0.884375 0.88125
2 0.4031250000000002 0.8046875 0.3500000000000001 0.8046875 0.3500000000000001 0.8703125 0.4031250000000002 0.8703125
2 0.3468750000000001 0.7296875 0.2843750000000001 0.7296875 0.2843750000000001 0.8015625 0.3468750000000001 0.8015625
2 0.896875 0.878125 0.821875 0.878125 0.821875 0.959375 0.896875 0.959375
2 0.08593750000000008 0.5828125 7.137394626280668e-17 0.5828125 7.787988238327699e-17 0.6890625 0.08593750000000008 0.6890625
2 0.03593750000000005 0.390625 4.7837765591693485e-17 0.390625 5.0038302808911385e-17 0.4265625 0.03593750000000005 0.4265625
2 0.225 0.11250000000000002 0.16875 0.1125 0.16875 0.1765625 0.225 0.17656250000000004
2 0.18281250000000004 0.3546875 0.07343750000000004 0.3546875 0.07343750000000006 0.4609375 0.18281250000000004 0.4609375
2 0.8734375 0.6562500000000002 0.79375 0.6562500000000002 0.79375 0.7250000000000002 0.8734375 0.7250000000000002
2 0.02968750000000006 0.478125 5.855342508423283e-17 0.478125 6.132801548855104e-17 0.5234375 0.029687500000000068 0.5234375
2 0.25312500000000004 0.3078125 0.10781250000000005 0.3078125 0.10781250000000005 0.4140625 0.2531250000000001 0.4140625
2 0.8109375 0.815625 0.6796875000000002 0.815625 0.6796875000000002 0.865625 0.8109375 0.865625
2 0.06406250000000005 0.44375 0.020312500000000056 0.44375 0.02031250000000006 0.484375 0.06406250000000006 0.484375
2 0.634375 0.5734375 0.5640625 0.5734375 0.5640625 0.6296875 0.634375 0.6296875
2 0.584375 0.6203125 0.546875 0.6203125 0.546875 0.6671875 0.584375 0.6671875
2 0.68125 0.68125 0.61875 0.68125 0.61875 0.71875 0.68125 0.71875
2 0.050000000000000065 0.5015625 0.014062500000000061 0.5015625 0.014062500000000065 0.5484375 0.050000000000000065 0.5484375