2 0.12500000000000006 0.5015625 0.06875000000000006 0.5015625 0.06875000000000006 0.596875 0.12500000000000008 0.596875
2 0.134375 8.228095681771279e-18 0 0 1.0907010554906114e-17 0.178125 0.134375 0.178125
2 0.42968750000000017 0.7609375 0.3812500000000001 0.7609375 0.3812500000000001 0.83125 0.42968750000000017 0.83125
2 0.32500000000000007 0.9015625 0.2843750000000001 0.9015625 0.2843750000000001 0.95625 0.32500000000000007 0.95625
2 0.2984375000000001 0.5375 0.2312500000000001 0.5375 0.2312500000000001 0.584375 0.2984375000000001 0.584375
2 0.1921875 0.1296875 0.07500000000000002 0.1296875 0.07500000000000004 0.275 0.19218750000000004 0.275
2 0.4671875 0.07812500000000006 0.43125 0.07812500000000004 0.43125 0.13125000000000003 0.4671875 0.13125000000000003
2 0.1906250000000001 0.8578125 0.1140625000000001 0.8578125 0.11406250000000011 0.9828125 0.19062500000000013 0.9828125
2 0.49531250000000016 0.85625 0.41718750000000016 0.85625 0.41718750000000016 0.9546875 0.49531250000000016 0.9546875
2 0.2468750000000001 0.9125 0.18906250000000013 0.9125 0.18906250000000013 0.9640625 0.2468750000000001 0.9640625
2 0.75625 0.3390625000000001 0.671875 0.3390625000000001 0.671875 0.4093750000000001 0.75625 0.40937500000000016
2 0.2671875000000001 0.55 0.14218750000000008 0.55 0.14218750000000008 0.7015625 0.2671875000000001 0.7015625
2 0.3515625000000001 0.540625 0.2609375000000001 0.540625 0.2609375000000001 0.596875 0.3515625000000001 0.596875
2 0.3609375000000001 0.4265625 0.2078125000000001 0.4265625 0.2078125000000001 0.54375 0.3609375000000001 0.54375
2 0.3921875 0.07500000000000004 0.2984375 0.07500000000000004 0.2984375 0.23593750000000005 0.3921875 0.23593750000000008
2 0.6453125 7.520096751014216e-17 0.5828125 7.137394626280668e-17 0.5828125 0.053125000000000075 0.6453125 0.05312500000000009
2 0.08437500000000003 0.2515625 3.080752104105061e-17 0.2515625 3.865291459808834e-17 0.3796875 0.08437500000000005 0.3796875
2 0.0718750000000001 0.815625 9.9885254555456e-17 0.815625 1.0658254173829309e-16 0.925 0.0718750000000001 0.925
2 0.4812500000000002 0.7390625 0.43281250000000016 0.7390625 0.43281250000000016 0.790625 0.4812500000000002 0.790625
2 0.2875000000000001 0.846875 0.2156250000000001 0.846875 0.2156250000000001 0.890625 0.2875000000000001 0.890625
2 0.2890625 2.5641042357147705e-17 0.1296875 1.5882138176442238e-17 0.1296875 0.09531250000000004 0.2890625 0.09531250000000005
2 0.21093750000000008 0.7765625 0.15625000000000008 0.7765625 0.15625000000000008 0.828125 0.21093750000000008 0.828125
2 0.653125 0.2015625000000001 0.609375 0.2015625000000001 0.609375 0.24218750000000008 0.653125 0.24218750000000008
2 0.45 0.02500000000000005 0.3671875 0.025000000000000043 0.3671875 0.07812500000000004 0.45 0.07812500000000004
2 0.4828125 0.571875 0.4015625 0.571875 0.4015625 0.65625 0.4828125 0.65625
2 0.425 0.38281250000000006 0.3281250000000001 0.3828125 0.3281250000000001 0.53125 0.425 0.53125
2 0.06718750000000012 0.9296875 1.1385388210823048e-16 0.9296875 1.1815928101148291e-16 1 0.06718750000000014 1
2 0.3609375 0.23125 0.325 0.23125 0.325 0.31875 0.3609375 0.31875
2 0.625 0.3546875000000001 0.5625 0.3546875000000001 0.5625 0.4109375 0.625 0.4109375
2 0.4359375000000002 0.8765625 0.30156250000000007 0.8765625 0.30156250000000007 1 0.4359375000000002 1
2 0.4015625000000001 0.7078125 0.34062500000000007 0.7078125 0.34062500000000007 0.765625 0.40156250000000016 0.765625
2 0.5265625 0.18281250000000004 0.4828125 0.18281250000000004 0.4828125 0.2218750000000001 0.5265625 0.2218750000000001
2 0.4703125000000001 0.70625 0.4234375 0.70625 0.4234375000000001 0.7421875 0.4703125000000002 0.7421875
2 0.4515625 0.18906250000000005 0.4140625 0.18906250000000005 0.4140625 0.2250000000000001 0.4515625 0.2250000000000001
2 0.09687500000000009 0.6734375 0.0031250000000000817 0.6734375 0.0031250000000000886 0.7765625 0.09687500000000009 0.7765625
2 0.9609375 1.0753929705012696e-16 0.7953125 9.739769074468794e-17 0.7953125 0.0578125000000001 0.9609375 0.057812500000000114
2 0.740625 0.17343750000000008 0.63125 0.17343750000000008 0.63125 0.3140625000000001 0.740625 0.3140625000000001
2 0.515625 0.3140625000000001 0.371875 0.3140625000000001 0.37187500000000007 0.453125 0.515625 0.453125
2 0.11718750000000008 0.7328125 0.07187500000000009 0.7328125 0.07187500000000009 0.7828125 0.11718750000000008 0.7828125
2 0.5281250000000001 0.671875 0.475 0.671875 0.4750000000000001 0.734375 0.5281250000000002 0.734375
2 0.5640625000000001 0.896875 0.4812500000000002 0.896875 0.4812500000000002 0.9859375 0.5640625000000001 0.9859375
2 0.34375 0.010937500000000034 0.2171875 0.010937500000000027 0.2171875 0.12187500000000004 0.34375 0.12187500000000004
2 0.5171875 0.07187500000000006 0.471875 0.07187500000000006 0.471875 0.11718750000000004 0.5171875 0.11718750000000004
2 0.4921875 0.5234375 0.4421875 0.5234375 0.4421875 0.58125 0.4921875 0.58125
2 0.3296875 0.309375 0.18906250000000005 0.309375 0.18906250000000005 0.4359375 0.3296875000000001 0.4359375
2 0.76875 0.12343750000000009 0.7015625 0.12343750000000009 0.7015625 0.1625000000000001 0.76875 0.1625000000000001
2 0.440625 0.09062500000000004 0.4078125 0.09062500000000004 0.4078125 0.14218750000000005 0.440625 0.14218750000000005
2 0.4609375 0.540625 0.41875 0.540625 0.41875 0.5765625 0.4609375 0.5765625
2 0.43125 0.6140625 0.37968750000000007 0.6140625 0.37968750000000007 0.69375 0.43125 0.69375
2 0.69375 0.05937500000000008 0.6328125 0.05937500000000007 0.6328125 0.09531250000000008 0.69375 0.09531250000000009
2 0.3453125 0.10156250000000004 0.240625 0.10156250000000004 0.240625 0.2015625 0.3453125 0.2015625
2 0.18125000000000005 0.365625 0.12187500000000004 0.365625 0.12187500000000004 0.434375 0.18125000000000005 0.434375
2 0.3140625 0.2171875 0.2703125 0.2171875 0.2703125 0.2703125 0.3140625 0.2703125
2 0.7250000000000002 0.965625 0.6328125000000002 0.965625 0.6328125000000002 1 0.7250000000000002 1
2 0.2750000000000001 0.9203125 0.21250000000000008 0.9203125 0.21250000000000008 0.9859375 0.2750000000000001 0.9859375
2 0.30156250000000007 0.953125 0.27031250000000007 0.953125 0.27031250000000007 1 0.30156250000000007 1
2 0.5140625 0.6125 0.465625 0.6125 0.465625 0.65 0.5140625 0.65
2 0.2375000000000001 0.41875 0.13906250000000003 0.41875 0.13906250000000006 0.5546875 0.2375000000000001 0.5546875
2 0.5953125 0.22812500000000008 0.5484375 0.22812500000000008 0.5484375 0.2656250000000001 0.5953125 0.2656250000000001
2 0.15000000000000008 0.790625 0.0984375000000001 0.790625 0.0984375000000001 0.840625 0.15000000000000008 0.840625
2 0.17187500000000006 0.321875 0.10937500000000004 0.321875 0.10937500000000004 0.3734375 0.17187500000000006 0.3734375
2 0.2453125 0.2578125 0.17500000000000004 0.2578125 0.17500000000000004 0.31875 0.2453125 0.31875
2 0.10156250000000008 0.7796875 0.023437500000000094 0.7796875 0.0234375000000001 0.8515625 0.10156250000000008 0.8515625
2 0.3796875 4.075777628412285e-17 0.2859375 3.501724441311963e-17 0.2859375 0.06406250000000005 0.3796875 0.06406250000000005
2 0.575 6.831232926493829e-17 0.540625 6.620746757890377e-17 0.540625 0.01562500000000007 0.575 0.015625000000000073
2 0.846875 0.1453125000000001 0.784375 0.1453125000000001 0.784375 0.2000000000000001 0.846875 0.2000000000000001
2 0.6109375 0.05312500000000007 0.5078125 0.05312500000000007 0.5078125 0.15937500000000007 0.6109375 0.1593750000000001
2 0.31718750000000007 0.7515625 0.2500000000000001 0.7515625 0.2500000000000001 0.8296875 0.31718750000000007 0.8296875
2 0.65625 0.08593750000000008 0.553125 0.08593750000000007 0.553125 0.22656250000000008 0.65625 0.22656250000000008
2 0.1609375000000001 0.640625 0.11250000000000009 0.640625 0.11250000000000009 0.76875 0.1609375000000001 0.76875
2 0.5234375 6.171071761328458e-17 0.484375 5.931882933369991e-17 0.484375 0.04375000000000006 0.5234375 0.04375000000000007
2 0.3984375000000001 0.5296875 0.3437500000000001 0.5296875 0.3437500000000001 0.5984375 0.3984375000000001 0.5984375
2 0.3515625000000001 0.5125 0.3062500000000001 0.5125 0.3062500000000001 0.5484375 0.3515625000000001 0.5484375
2 0.2921875000000001 0.58125 0.2562500000000001 0.58125 0.2562500000000001 0.6421875 0.2921875000000001 0.6421875
2 0.4671875 5.443937724334719e-17 0.421875 5.166478683902896e-17 0.421875 0.028125000000000056 0.4671875 0.028125000000000056