2 0.15468750000000006 0.4765625 0.09687500000000007 0.4765625 0.09687500000000007 0.575 0.1546875000000001 0.575
2 0.1640625 1.0428632898989179e-17 0.00625 7.654042494670958e-19 0.006250000000000008 0.1390625 0.1640625 0.1390625
2 0.4703125000000002 0.746875 0.4203125000000002 0.746875 0.4203125000000002 0.8203125 0.4703125000000002 0.8203125
2 0.3625000000000001 0.8921875 0.3203125000000001 0.8921875 0.3203125000000001 0.95 0.3625000000000001 0.95
2 0.3359375000000001 0.5125 0.2656250000000001 0.5125 0.2656250000000001 0.5625 0.3359375000000001 0.5625
2 0.225 0.08906250000000002 0.103125 0.08906250000000002 0.10312500000000002 0.240625 0.225 0.240625
2 0.5109375 0.03437500000000006 0.4734375 0.03437500000000006 0.4734375 0.08906250000000007 0.5109375 0.08906250000000007
2 0.2218750000000001 0.8453125 0.14218750000000008 0.8453125 0.1421875000000001 0.9765625 0.2218750000000001 0.9765625
2 0.5390625000000002 0.846875 0.4578125000000002 0.846875 0.4578125000000002 0.9484375 0.5390625000000002 0.9484375
2 0.2812500000000001 0.9046875 0.22031250000000008 0.9046875 0.22031250000000008 0.9578125 0.2812500000000001 0.9578125
2 0.8109375 0.3062500000000001 0.7234375 0.3062500000000001 0.7234375 0.37968750000000007 0.8109375 0.37968750000000007
2 0.3031250000000001 0.5265625 0.17343750000000005 0.5265625 0.17343750000000008 0.684375 0.3031250000000001 0.684375
2 0.3906250000000001 0.5171875 0.2953125000000001 0.5171875 0.2953125000000001 0.575 0.3906250000000001 0.575
2 0.4 0.39843750000000006 0.2406250000000001 0.3984375 0.2406250000000001 0.5203125 0.4 0.5203125
2 0.43125 0.03281250000000005 0.334375 0.03281250000000004 0.334375 0.20000000000000004 0.43125 0.2000000000000001
2 0.11406250000000004 0.2140625 0.02031250000000003 0.2140625 0.020312500000000035 0.3484375 0.11406250000000004 0.3484375
2 0.0984375000000001 0.803125 9.83544460565218e-17 0.803125 1.0543443536409245e-16 0.91875 0.09843750000000011 0.91875
2 0.5250000000000001 0.7234375 0.475 0.7234375 0.4750000000000001 0.7765625 0.5250000000000001 0.7765625
2 0.3234375000000001 0.8359375 0.2484375000000001 0.8359375 0.2484375000000001 0.88125 0.3234375000000001 0.88125
2 0.309375 2.9276712542116413e-17 0.16875 2.0665914735611586e-17 0.16875 0.05312500000000003 0.309375 0.05312500000000005
2 0.24375000000000008 0.7625 0.1859375000000001 0.7625 0.1859375000000001 0.8171875 0.24375000000000008 0.8171875
2 0.7046875 0.16406250000000008 0.659375 0.16406250000000008 0.659375 0.2062500000000001 0.7046875 0.2062500000000001
2 0.4921875 5.5109105961630896e-17 0.4078125 4.9942627277728e-17 0.4078125 0.03437500000000005 0.4921875 0.03437500000000006
2 0.5265625 0.55 0.4421875 0.55 0.4421875 0.6375 0.5265625 0.6375
2 0.4671875 0.3531250000000001 0.365625 0.3531250000000001 0.36562500000000003 0.5078125 0.4671875 0.5078125
2 0.09375000000000012 0.921875 0.0031250000000001125 0.921875 0.0031250000000001173 1 0.09375000000000014 1
2 0.4 0.19375000000000003 0.3625 0.19375000000000003 0.3625 0.28437500000000004 0.4 0.2843750000000001
2 0.675 0.3234375000000001 0.609375 0.3234375000000001 0.609375 0.3828125000000001 0.675 0.3828125000000001
2 0.47656250000000017 0.865625 0.3359375000000001 0.865625 0.3359375000000001 1 0.47656250000000017 1
2 0.4437500000000001 0.690625 0.37968750000000007 0.690625 0.37968750000000007 0.75 0.4437500000000002 0.75
2 0.571875 0.14375000000000007 0.5265625 0.14375000000000004 0.5265625 0.18437500000000007 0.571875 0.1843750000000001
2 0.5140625000000001 0.6890625 0.465625 0.6890625 0.46562500000000007 0.7265625 0.5140625000000002 0.7265625
2 0.49375 0.15000000000000005 0.4546875 0.15000000000000005 0.4546875 0.18750000000000006 0.49375 0.18750000000000006
2 0.12500000000000008 0.6546875 0.028125000000000077 0.6546875 0.028125000000000084 0.7625 0.12500000000000008 0.7625
2 0.7953125 0.13437500000000008 0.68125 0.13437500000000008 0.68125 0.2812500000000001 0.7953125 0.2812500000000001
2 0.5625 0.2796875000000001 0.4125 0.2796875000000001 0.4125 0.425 0.5625 0.425
2 0.1468750000000001 0.715625 0.10000000000000009 0.715625 0.10000000000000009 0.7671875 0.1468750000000001 0.7671875
2 0.5734375 0.653125 0.51875 0.653125 0.51875 0.71875 0.5734375 0.71875
2 0.6109375000000001 0.8875 0.5250000000000001 0.8875 0.5250000000000001 0.9796875 0.6109375000000001 0.9796875
2 0.3796875 3.865291459808834e-17 0.2515625 3.080752104105061e-17 0.2515625 0.07968750000000004 0.3796875 0.07968750000000005
2 0.5625 0.028125000000000067 0.515625 0.028125000000000067 0.515625 0.07500000000000007 0.5625 0.07500000000000007
2 0.5375 0.5 0.4859375 0.5 0.4859375 0.559375 0.5375 0.559375
2 0.36718750000000006 0.27656250000000004 0.221875 0.2765625 0.22187500000000004 0.4078125 0.3671875000000001 0.4078125
2 0.825 0.0828125000000001 0.7546875 0.0828125000000001 0.7546875 0.12343750000000009 0.825 0.12343750000000009
2 0.4828125 0.04843750000000006 0.45 0.04843750000000006 0.45 0.10312500000000005 0.4828125 0.10312500000000005
2 0.5046875 0.5171875 0.4609375 0.5171875 0.4609375 0.553125 0.5046875 0.553125
2 0.4734375 0.59375 0.4203125 0.59375 0.4203125 0.6765625 0.4734375 0.6765625
2 0.746875 0.014062500000000085 0.684375 0.014062500000000084 0.684375 0.05156250000000009 0.746875 0.05156250000000009
2 0.384375 0.059375000000000046 0.275 0.059375000000000046 0.275 0.16250000000000003 0.384375 0.16250000000000003
2 0.21406250000000004 0.334375 0.15156250000000004 0.334375 0.15156250000000004 0.40625 0.2140625000000001 0.40625
2 0.3515625 0.17968750000000006 0.30625 0.17968750000000006 0.30625 0.2359375 0.3515625 0.2359375
2 0.7781250000000002 0.959375 0.6828125000000002 0.959375 0.6828125000000002 1 0.7781250000000002 1
2 0.3109375000000001 0.9109375 0.2453125000000001 0.9109375 0.2453125000000001 0.9796875 0.3109375000000001 0.9796875
2 0.3390625000000001 0.946875 0.3062500000000001 0.946875 0.3062500000000001 1 0.3390625000000001 1
2 0.5578125 0.5921875 0.5078125 0.5921875 0.5078125 0.63125 0.5578125 0.63125
2 0.2718750000000001 0.3890625 0.16875000000000004 0.3890625 0.16875000000000004 0.53125 0.2718750000000001 0.53125
2 0.64375 0.1906250000000001 0.5953125 0.1906250000000001 0.5953125 0.2296875000000001 0.64375 0.2296875000000001
2 0.18125000000000008 0.7765625 0.12656250000000008 0.7765625 0.12656250000000008 0.828125 0.18125000000000008 0.828125
2 0.2046875 0.2890625 0.13906250000000003 0.2890625 0.13906250000000003 0.3421875 0.2046875 0.3421875
2 0.2796875 0.221875 0.2078125 0.221875 0.2078125 0.2859375 0.2796875 0.2859375
2 0.1296875000000001 0.765625 0.04843750000000009 0.765625 0.04843750000000009 0.840625 0.1296875000000001 0.840625
2 0.9046875 0.10468750000000009 0.840625 0.10468750000000009 0.840625 0.1609375000000001 0.9046875 0.1609375000000001
2 0.659375 0.007812500000000073 0.5515625 0.007812500000000066 0.5515625 0.11875000000000009 0.659375 0.11875000000000009
2 0.3546875000000001 0.7375 0.2843750000000001 0.7375 0.2843750000000001 0.81875 0.3546875000000001 0.81875
2 0.70625 0.04375000000000008 0.5984375 0.04375000000000008 0.5984375 0.1906250000000001 0.70625 0.1906250000000001
2 0.1921875000000001 0.621875 0.14218750000000008 0.621875 0.14218750000000008 0.7546875 0.1921875000000001 0.7546875
2 0.4375 0.5046875 0.3812500000000001 0.5046875 0.3812500000000001 0.5765625 0.4375 0.5765625
2 0.3890625000000001 0.4875 0.3421875000000001 0.4875 0.3421875000000001 0.525 0.3890625000000001 0.525
2 0.3281250000000001 0.559375 0.2906250000000001 0.559375 0.2906250000000001 0.621875 0.3281250000000001 0.621875