1 0.641640625 0.42612656250000003 0.5426390624999999 0.42612656250000003 0.5426390624999999 0.606390625 0.641640625 0.606390625
1 0.2168890625000001 0.50908125 0.1370484375000001 0.50908125 0.13704843750000012 0.6590328125 0.2168890625000001 0.6590328125
1 0.9173833066838369 0.7096187487390903 0.8139799819581665 0.45135707197257535 0.7132429020124672 0.4916903847581118 0.8166462267381375 0.7499520615246267
1 0.7131691775299527 0.7812108730290239 0.6435520565962853 0.6421128737435298 0.5720432117806127 0.6779023166034651 0.6416603327142799 0.8170003158889594
1 0.5586078125 0.5409843750000001 0.4675890625 0.5409843750000001 0.4675890625000001 0.76910625 0.5586078125000001 0.76910625
1 0.07157968750000002 0.146959375 1.9640942770043962e-17 0.146959375 2.8236815193684184e-17 0.287340625 0.07157968750000003 0.287340625
1 0.18335625000000003 0.14855312500000004 0.07317656250000003 0.148553125 0.07317656250000004 0.3830546875 0.18335625000000005 0.3830546875
1 0.6208828125000002 0.759534375 0.5538171875000002 0.759534375 0.5538171875000002 0.8983203124999999 0.6208828125000002 0.8983203124999999
1 0.8428390625000001 0.1836500000000001 0.750225 0.1836500000000001 0.750225 0.4181515625000002 0.8428390625000001 0.4181515625000002
1 0.38295781250000005 0.566509375 0.3158921875000001 0.566509375 0.3158921875000001 0.7579390625 0.38295781250000005 0.7579390625
1 0.09074218750000008 0.5234375 6.410260589286927e-17 0.5234375 7.279616303384772e-17 0.6654140625 0.0907421875000001 0.6654140625
1 0.3733070861702551 0.4792995074269296 0.3182822972808042 0.27317191030044885 0.23868419073115338 0.2944202490476718 0.29370897962060427 0.5005478461741525
1 0.5298640625000001 0.7579390625 0.44203906250000014 0.7579390625 0.44203906250000014 0.872796875 0.5298640625000001 0.872796875
1 0.07956406250000006 0.2921265625 0.0077062500000000395 0.2921265625 0.007706250000000052 0.49631875000000003 0.07956406250000006 0.49631875000000003
1 0.9304989188832813 0.7357636187211165 0.8489154534977956 0.7275892910923846 0.8340237822599074 0.8762148662036615 0.915607247645393 0.8843891938323937
1 0.31748750000000003 0.13419687500000005 0.2440359375 0.13419687500000005 0.2440359375 0.2618171875 0.31748750000000003 0.2618171875
1 0.8364515625 0.7324140625000002 0.7422406250000002 0.7324140625000002 0.7422406250000002 0.9015109375 0.8364515625 0.9015109375
1 0.41808750000000006 0.3607234375000001 0.35740937500000003 0.3607234375 0.3574093750000001 0.48674687499999997 0.41808750000000006 0.48674687499999997
1 0.42607187500000016 0.7579390625 0.32706875000000013 0.7579390625 0.32706875000000013 0.872796875 0.42607187500000016 0.872796875
1 0.6895453125000001 0.12941093750000007 0.6128984375 0.12941093750000007 0.6128984375 0.2522453125000001 0.6895453125000001 0.2522453125000001
1 0.70870625 0.50908125 0.638446875 0.50908125 0.638446875 0.6622250000000001 0.70870625 0.6622250000000001
1 0.719884375 0.2490546875000001 0.6400453125000001 0.2490546875000001 0.6400453125000001 0.45005625 0.719884375 0.45005625
1 1 0.15174531250000015 0.9322609375 0.15174531250000015 0.9322609375 0.3336031250000001 1 0.3336031250000001
1 0.6081078125 0.12941093750000007 0.5075093749999999 0.12941093750000005 0.5075093749999999 0.354340625 0.6081078125 0.354340625
1 0.983359375 0.6239390625000002 0.9003249999999999 0.6239390625000002 0.9003249999999999 0.7403906250000002 0.983359375 0.7403906250000002
1 0.0907421875000001 0.713271875 0.01569062500000009 0.713271875 0.0156906250000001 0.8775828125 0.09074218750000011 0.8775828125
1 0.7246750000000002 0.8010109375000001 0.6592062500000002 0.8010109375000001 0.6592062500000002 0.899915625 0.7246750000000002 0.899915625
1 0.26160000000000005 0.17726875000000003 0.17856562500000003 0.17726875000000003 0.17856562500000006 0.40060312500000006 0.2616000000000001 0.40060312500000006
1 0.46439531250000005 0.65105625 0.3877484375000001 0.65105625 0.3877484375000001 0.7579390625 0.4643953125000001 0.7579390625
1 0.49792812499999994 0.12781562500000004 0.42766875000000004 0.12781562500000004 0.42766875000000004 0.22991093750000008 0.49792812499999994 0.22991093750000008
1 0.1849531250000001 0.7579390625 0.0939343750000001 0.7579390625 0.0939343750000001 0.8759859375 0.1849531250000001 0.8759859375
1 0.325471875 0.7643203125 0.24882500000000007 0.7643203125 0.24882500000000007 0.8791781249999999 0.325471875 0.8791781249999999
1 0.9370515625 0.15174531250000012 0.8492265625 0.1517453125000001 0.8492265625 0.3591265625000001 0.9370515625 0.3591265625000001
1 0.14183906250000006 0.4612234375 0.08754687500000007 0.4612234375 0.08754687500000007 0.5952234375 0.14183906250000006 0.5952234375
1 0.6065109375 0.600009375 0.5602031249999999 0.600009375 0.5602031249999999 0.6925343749999999 0.6065109375 0.6925343749999999
1 1 0.3224375000000001 0.9402453124999999 0.3224375000000001 0.9402453124999999 0.48674687500000013 1 0.48674687500000013
1 0.24882500000000007 0.7659140625 0.1961312500000001 0.7659140625 0.1961312500000001 0.8616296875 0.24882500000000007 0.8616296875
1 0.9737781249999999 0.7770828125000001 0.9194859375 0.7770828125000001 0.9194859375 0.88236875 0.9737781249999999 0.88236875
1 0.9589345295583305 0.6013473625319636 0.9098161655209334 0.3885381380344749 0.8112578836313077 0.41128631344926847 0.8603762476687049 0.6240955379467572
1 0.8031065796349706 0.40055274870429153 0.724945074523626 0.3690550606604156 0.6670764736845947 0.5126559793680266 0.7452379787959393 0.5441536674119025
1 0.6840322177757562 0.28759293023778687 0.6129166883637496 0.24746658100479407 0.5369000186234624 0.3821901682748086 0.6080155480354691 0.4223165175078014
1 0.5716731082814885 0.3780455577345651 0.49258613571732096 0.3668948242800536 0.4683702608005982 0.538646776110748 0.5474572333647657 0.5497975095652594
1 0.4894048231221063 0.4384282514218514 0.40789219030655877 0.4250141519796477 0.37247802416867815 0.6402132365923406 0.4539906569842257 0.6536273360345443
1 0.31281978728157167 0.5908146536271045 0.29966387344879597 0.4275440175965869 0.22054382323451321 0.4339193009198505 0.23369973706728892 0.597189936950368
1 0.19488507000153513 0.34054848590520265 0.12743467026758656 0.338374094049049 0.12235520677472422 0.49594083716297305 0.1898056065086728 0.49811522901912664
1 0.29080585414928173 0.6352861903194221 0.18792852036782634 0.6062650707063653 0.13943905406844564 0.7781559927616832 0.242316387849901 0.8071771123747402
1 0.15456093750000008 0.5973046875 0.09121562500000008 0.5973046875 0.09121562500000009 0.7559875 0.15456093750000008 0.7559875
1 0.7720559742304453 0.5620010166721657 0.6929687173457172 0.5600592782571606 0.6880001873683137 0.7624281471149879 0.7670874442530418 0.764369885529993
1 0.7736484375 0.1362281250000001 0.6925671875 0.1362281250000001 0.6925671875 0.3248500000000001 0.7736484375 0.3248500000000001
1 1 0.6961078125000002 0.972128125 0.6961078125000002 0.972128125 0.8566609375 1 0.8566609375
1 1 0.49550937500000014 0.949325 0.49550937500000014 0.949325 0.6092812500000002 1 0.6092812500000002
1 0.42325405632216534 0.13133585626083694 0.3328326840303323 0.12833522683804427 0.32510853366414966 0.36109581719734296 0.41552990595598266 0.3640964466201356
1 0.5450766545298507 0.3402710613701034 0.4436210285387417 0.2632046835954733 0.38150627997461406 0.34497692826075277 0.482961905965723 0.42204330603538287