1 0.38221253453038684 0.4598368439226519 0.2633805248618786 0.45358252762430934 0.24904178176795586 0.7260186464088397 0.36787379143646415 0.7322729627071822
1 0.7609375 0.5562500000000001 0.6625 0.55625 0.6625 0.6984375 0.7609375 0.6984375
1 0.846875 0.6578125000000001 0.7421875000000001 0.6578125000000001 0.7421875000000002 0.8453125 0.846875 0.8453125
1 0.2078125000000001 0.5265625 0.10625000000000007 0.5265625 0.1062500000000001 0.6734375 0.2078125000000001 0.6734375
1 0.7390625000000001 0.7125000000000001 0.6453125000000001 0.7125 0.6453125000000002 0.84375 0.7390625000000002 0.84375
1 0.5171875 0.27812500000000007 0.4359375 0.27812500000000007 0.4359375 0.4671875 0.5171875 0.4671875
1 0.5984375 0.3671875000000001 0.515625 0.3671875000000001 0.515625 0.540625 0.5984375 0.540625
1 0.629375 0.1618750000000001 0.5548437500000001 0.1370312500000001 0.50421875 0.28890625000000003 0.5787500000000001 0.3137500000000001
1 0.09881570015515909 0.30928287432117924 0.0193088149728472 0.2911098719937937 -0.03387194530643907 0.523775698215671 0.04563493987587282 0.5419487005430567
1 0.8734375 0.2734375000000001 0.7984375 0.2734375000000001 0.7984375 0.40625000000000017 0.8734375 0.40625000000000017
1 0.7359375 0.15781250000000008 0.6421875 0.15781250000000008 0.6421875 0.3078125000000001 0.7359375 0.3078125000000001
1 0.20468750000000008 0.659375 0.10468750000000009 0.659375 0.10468750000000009 0.8265625 0.20468750000000008 0.8265625
1 0.7937118902439024 0.4402820121951219 0.7428353658536585 0.3995807926829268 0.6554878048780487 0.5087652439024389 0.7063643292682926 0.5494664634146341
1 0.6671875 0.3687500000000001 0.6015625 0.3687500000000001 0.6015625 0.5390625 0.6671875 0.5390625
1 0.18281250000000004 0.290625 0.09375000000000004 0.290625 0.09375000000000004 0.39375 0.18281250000000004 0.39375
1 0.4005122950819673 0.19001024590163937 0.33273565573770497 0.13352971311475414 0.25947745901639346 0.2214395491803279 0.3272540983606558 0.27792008196721313
1 0.8453125 0.4812500000000002 0.7671875 0.4812500000000002 0.7671875 0.6359375000000002 0.8453125 0.6359375000000002
1 0.11250000000000002 0.1625 0.026562500000000024 0.1625 0.026562500000000027 0.296875 0.11250000000000004 0.296875
1 0.35937500000000006 0.2859375 0.2984375 0.2859375 0.2984375 0.4421875 0.3593750000000001 0.4421875
1 0.3296875000000001 0.7578125 0.2578125000000001 0.7578125 0.2578125000000001 0.8546875 0.3296875000000001 0.8546875
1 0.2546875 0.18750000000000006 0.17187500000000006 0.18750000000000003 0.17187500000000006 0.3421875 0.2546875 0.3421875
1 0.8640625 0.1390625000000001 0.7921875 0.1390625000000001 0.7921875 0.2656250000000001 0.8640625 0.2656250000000001
1 0.93125 0.7453125000000002 0.8578125 0.7453125000000002 0.8578125 0.853125 0.93125 0.853125
1 0.959375 0.1406250000000001 0.8625 0.14062500000000008 0.8625 0.2296875000000001 0.959375 0.2296875000000001
1 0.5906250000000001 0.7 0.5281250000000001 0.7 0.5281250000000002 0.859375 0.5906250000000002 0.859375
1 0.9796875 0.4437500000000002 0.8953125 0.4437500000000002 0.8953125 0.5984375000000002 0.9796875 0.5984375000000002
1 0.2312500000000001 0.421875 0.16250000000000003 0.421875 0.16250000000000003 0.53125 0.2312500000000001 0.53125
1 0.4203125 0.3000000000000001 0.3640625 0.3000000000000001 0.36406250000000007 0.3734375000000001 0.4203125 0.3734375000000001
1 0.4953372835004557 0.7474863263445761 0.48516750227894245 0.4966317228805834 0.37474931631722885 0.5011081358249772 0.38491909753874204 0.75196273928897
1 0.4734375000000002 0.7625 0.40937500000000016 0.7625 0.40937500000000016 0.8484375 0.4734375000000002 0.8484375
1 0.5796875 0.553125 0.5265625 0.553125 0.5265625 0.678125 0.5796875 0.678125
1 0.05156250000000008 0.575 0.0015625000000000701 0.575 0.0015625000000000836 0.7921875 0.05156250000000009 0.7921875
1 0.9984375 0.6671875000000002 0.9421875 0.6671875000000002 0.9421875 0.8421875 0.9984375 0.8421875
1 0.3781250000000001 0.778125 0.3343750000000001 0.778125 0.3343750000000001 0.8546875 0.3781250000000001 0.8546875
1 0.896875 0.4031250000000002 0.8234375 0.4031250000000002 0.8234375 0.5031250000000002 0.896875 0.5031250000000002
1 0.9984375 0.2296875000000001 0.9375 0.2296875000000001 0.9375 0.3343750000000001 0.9984375 0.3343750000000001
1 0.9359375 0.2390625000000001 0.8640625 0.2390625000000001 0.8640625 0.3218750000000001 0.9359375 0.3218750000000001
1 0.9984375 0.15156250000000013 0.978125 0.15156250000000013 0.978125 0.21875000000000008 0.9984375 0.21875000000000008
1 0.6709837839244688 0.5819556120415306 0.5977612064274432 0.5733902075884645 0.5673636411957121 0.8332481148358664 0.6405862186927377 0.8418135192889326
1 0.9491075263436869 0.6713696077516383 0.8518382490756571 0.6340573714485671 0.8199151786461881 0.7172776309802982 0.9171844559142179 0.7545898672833694
1 0.935105988498276 0.6005353788400409 0.8860416227029813 0.4971714915938735 0.8317995092811309 0.5229189258800993 0.8808638750764256 0.6262828131262668
1 0.7524528484650718 0.32252564369380077 0.668152661574325 0.3010673616159768 0.6303920899821855 0.4494121000612076 0.7146922768729324 0.47087038213903154
1 0.6271407429243699 0.27497391271528193 0.5536718476003318 0.27309137236040565 0.5512226406990213 0.36867525984159755 0.6246915360230594 0.37055780019647383
1 0.4850701146016534 0.1673116107003833 0.395293404781662 0.15630946097727366 0.37747415717113364 0.30171317408806236 0.46725086699112495 0.312715323811172
1 0.3107746036379355 0.2505996303965149 0.25838149857618004 0.23860272772227895 0.22740560567604348 0.3738812454503472 0.27979871073779894 0.38587814812458315
1 0.3006298525389937 0.5209501384843429 0.29753652730487323 0.3892528399534109 0.23094101349280938 0.390817045033181 0.23403433872692986 0.5225143435641131
1 0.14934942919920235 0.4261300129749749 0.06707076529919302 0.4050541761844668 0.019618350279148933 0.5903052457143063 0.10189701417915827 0.6113810825048145
1 0.1152169376865138 0.8233941967938107 0.10733511646382636 0.639632610663782 0.045053601144237024 0.6423039620575369 0.05293542236692446 0.8260655481875656
1 0.20416160055508875 0.1772899450627788 0.13652785688517005 0.1477776305274948 0.09551123396060429 0.2417759429190614 0.16314497763052302 0.2712882574543453
1 0.5524080567361823 0.6353123832174317 0.48949613727473673 0.6260148599064446 0.4672825933258009 0.776323349718702 0.5301945127872465 0.7856208730296892
1 0.2726106600132116 0.649120107092512 0.20955070590698463 0.6472491751955858 0.20468553636572193 0.811230220414328 0.2677454904719489 0.8131011523112542
1 0.8438263850375023 0.44524977985166725 0.7856633225528358 0.3514451603868369 0.7340265170307181 0.3834622909207713 0.7921895795153846 0.4772669103856016
1 0.9991734375 0.3680359375000001 0.9471078125 0.3680359375000001 0.9471078125 0.4765390625000002 0.9991734375 0.4765390625000002
1 0.9991734375 0.5249265625000001 0.9561984375 0.5249265625000001 0.9561984375 0.6524921875000003 0.9991734375 0.6524921875000003
1 0.4350055840009201 0.5147496875078991 0.43025315569289135 0.37143118316388524 0.35658652942026403 0.37387396165684705 0.3613389577282927 0.5171924660008609
1 0.43327111952212016 0.7174527798235998 0.38122424701887 0.7037630454831539 0.3539429615763526 0.8074835085571836 0.40598983407960276 0.8211732428976294
1 0.8032816094846345 0.2542949460779919 0.7771117833113702 0.13821056493771197 0.7116762740270082 0.15296221271934946 0.7378461002002723 0.2690465938596294