1 0.16616706141108883 0.7979702050772738 0.09061093752114954 0.7225625215093203 -0.01427017720489383 0.8276500951226222 0.06128594668504546 0.9030577786905756
1 0.9405515624999999 0.1500093750000001 0.84046875 0.15000937500000008 0.84046875 0.36153281250000013 0.9405515624999999 0.36153281250000013
1 0.10811093750000003 0.146828125 0.02391250000000002 0.146828125 0.02391250000000003 0.3138203125 0.10811093750000005 0.3138203125
1 0.9157849226430844 0.5942246043917435 0.8795454222592841 0.42895489949423204 0.7910026857544247 0.44837010045644365 0.8272421861382251 0.6136398053539551
1 0.03980000000000007 0.4855828125 5.946674370490944e-17 0.4855828125 7.076334502279431e-17 0.6700703125 0.03980000000000008 0.6700703125
1 0.24790937500000002 0.17068437500000005 0.16053437500000003 0.17068437500000003 0.16053437500000006 0.329725 0.24790937500000002 0.329725
1 0.25426406250000005 0.7209640625 0.15576875000000007 0.7209640625 0.15576875000000007 0.8704609375000001 0.25426406250000005 0.8704609375000001
1 0.7594484375 0.1468281250000001 0.6816046874999999 0.1468281250000001 0.6816046874999999 0.3233625000000001 0.7594484375 0.3233625000000001
1 0.23678906250000004 0.3344953125 0.12558593750000005 0.3344953125 0.12558593750000005 0.526934375 0.23678906250000006 0.526934375
1 0.43377968750000007 0.17068437500000005 0.357525 0.17068437500000005 0.357525 0.34403906250000005 0.43377968750000007 0.3440390625000001
1 0.3710498269920074 0.25631752848994016 0.238486456377426 0.25505537968890785 0.23547836135297123 0.5709953189769952 0.36804173196755263 0.5722574677780274
1 0.2742714507398064 0.5042298452374625 0.1921981468617065 0.49500909396178355 0.17525213272491405 0.6458444571756257 0.25732543660301394 0.6550652084513047
1 0.21657730531769012 0.7331555549664996 0.1739867681302547 0.5494832893698545 0.09004392190132682 0.5689482363629057 0.13263445908876223 0.7526205019595509
1 0.12040156250000007 0.47172656249999995 0.02926406250000006 0.47172656249999995 0.02926406250000007 0.662203125 0.12040156250000009 0.662203125
1 0.10340141767716826 0.6917621483289529 0.048109808525507926 0.6529292631974629 -0.006036524656429209 0.7300246909812593 0.049255084495231125 0.7688575761127493
1 0.2959344272457782 0.683277189497163 0.24210929903086495 0.6348916545106048 0.18942214161797238 0.6935020016694423 0.24324726983288564 0.7418875366560005
1 0.3857351091353226 0.7917025082976579 0.29498936623803174 0.7486321970197038 0.24649089534837812 0.8508146433424674 0.33723663824566896 0.8938849546204214
1 0.3599555835562784 0.7365022039758059 0.3236137349710485 0.5682971844117958 0.25909490385912043 0.582236920557859 0.29543675244435036 0.7504419401218692
1 0.16497470061836858 0.2303829021464991 0.09139275148528249 0.22447795072856885 0.0793014804966613 0.375147994200482 0.15288342962974738 0.3810529456184123
1 0.12274269496854755 0.457762203240621 0.11995054691297417 0.3235616516499401 0.0590013603678247 0.3248297474266242 0.06179350842339806 0.4590302990173051
1 0.04682343750000003 0.175046875 2.1437059516949683e-17 0.175046875 3.756967623403003e-17 0.4385125 0.04682343750000005 0.4385125
1 0.2254788234704554 0.16056360063832828 0.1815313741479335 0.12641355976023347 0.12118115304845825 0.20407783819667405 0.16512860237098015 0.2382278790747689
1 0.2959859375 0.13095312500000006 0.23495 0.13095312500000006 0.23495 0.2232140625 0.2959859375 0.2232140625
1 0.36789375 0.12797656250000006 0.3001671875 0.12797656250000006 0.3001671875 0.23363125 0.36789375 0.23363125000000004
1 0.5466135702428822 0.46358122273422764 0.5177782119516992 0.3044829012636823 0.4056452322713723 0.32480614927443385 0.43448059056255534 0.48390447074497916
1 0.5405714390928542 0.3206256042424018 0.5283384056010558 0.1355218962163512 0.4283423601818714 0.1421303806476199 0.44057539367366977 0.32723408867367054
1 0.42105659869568407 0.4875351281170742 0.3485766459335078 0.48110661771790897 0.33558639411546387 0.627568671860788 0.4080663468776401 0.6339971822599533
1 0.403009375 0.63988125 0.3461531250000001 0.63988125 0.3461531250000001 0.78125 0.40300937500000006 0.78125
1 0.49916406249999995 0.4583328125 0.42642187500000006 0.4583328125 0.42642187500000006 0.5922625 0.49916406249999995 0.5922625
1 0.5838009754496976 0.6953238903432899 0.524596219808956 0.5955281000664495 0.4460469832641941 0.6421281454441019 0.5052517389049357 0.7419239357209422
1 0.4969903574271237 0.6867110748231966 0.4220219678069883 0.6672680977558954 0.3779668057396594 0.8371363511210761 0.45293519535979476 0.8565793281883775
1 0.6416615264441629 0.4011967539907217 0.5544761328862369 0.3839533803686443 0.5136902721540728 0.590173543398672 0.6008756657119988 0.6074169170207495
1 0.6147947712573114 0.34461001225126486 0.6036881205627364 0.13710602916719203 0.5301605448407539 0.14104159265771116 0.541267195535329 0.348545575741784
1 0.7076006149290774 0.41064072666297424 0.6875812067795716 0.17305213698584057 0.6067594081176438 0.17986224759337893 0.6267788162671498 0.4174508372705126
1 0.7233389739216183 0.4713534579010316 0.6237538719793709 0.44338354126487756 0.5514980887087189 0.7006456431341317 0.6510831906509662 0.7286155597702859
1 0.6251547143205759 0.8647193009480473 0.6213252226015096 0.714746384129591 0.5359445464546466 0.7169265417154336 0.5397740381737128 0.8668994585338898
1 0.5425433476491912 0.8663020274650199 0.5335798608659643 0.754677036391213 0.46153952592926617 0.7604618752866301 0.4705030127124932 0.8720868663604369
1 0.7183788189438596 0.7253534705689914 0.6419073070072971 0.7110351345146073 0.6103701460054048 0.8794691183826618 0.6868416579419673 0.8937874544370459
1 0.7696125147257851 0.741744818081089 0.7390526339693926 0.545910247641429 0.6713506773101878 0.5564751020378453 0.7019105580665803 0.7523096724775054
1 0.7826204106768005 0.5219470819579324 0.7431164110489211 0.37127710820701176 0.6675434664367323 0.39109149790600395 0.7070474660646117 0.5417614716569246
1 0.8175573075452635 0.4481983894818898 0.811888967493724 0.25647605788819633 0.7403092493280151 0.2585923381356975 0.7459775893795545 0.4503146697293908
1 0.8397017413799475 0.13980875941817653 0.7734555786338364 0.12965936163204542 0.754544894596266 0.25309134043427906 0.8207910573423771 0.26324073822041016
1 0.8880115277558002 0.40435422247469577 0.8644433582191843 0.25750470256756786 0.7965566069929102 0.2683999813754438 0.8201247765295261 0.41524950128257176
1 0.8155532547787769 0.5019960747943137 0.7522622930288991 0.5007700831025007 0.7493494866754137 0.6511416694144916 0.8126404484252916 0.6523676611063046
1 0.8771450779433712 0.6700358501209204 0.8027688785549477 0.6304452697114539 0.7315272469188676 0.7642822012370838 0.805903446307291 0.8038727816465503
1 0.8201322787667321 0.8009544018036425 0.7534867231688102 0.7822322069273049 0.7276697644729643 0.8741330533557242 0.7943153200708861 0.8928552482320619
1 0.8896328125 0.7514875000000002 0.8152171875 0.7514875000000002 0.8152171875 0.8839281250000001 0.8896328125 0.8839281250000001
1 0.9841140625 0.5416671875000001 0.8862875000000001 0.5416671875000001 0.8862875000000001 0.7589281250000001 0.9841140625 0.7589281250000001
1 0.9671119058499891 0.5411687007616746 0.9623868410253392 0.38135258296046554 0.8927852784351158 0.3834103972764459 0.8975103432597656 0.543226515077655
1 1 0.2946421875000001 0.932275 0.2946421875000001 0.932275 0.40625000000000017 1 0.40625000000000017
1 1 0.14909687500000013 0.9423078125 0.14909687500000013 0.9423078125 0.24553593750000008 1 0.24553593750000008
1 1 0.4404765625000001 0.9632109375000001 0.4404765625000001 0.9632109375000001 0.6362437500000002 1 0.6362437500000002
1 0.9991640625 0.7500000000000002 0.9172234375 0.7500000000000002 0.9172234375 0.8571421875 0.9991640625 0.8571421875
1 0.8798815253555299 0.6825061055580259 0.8658864863794093 0.593532038005969 0.8231970122689484 0.6002468131138559 0.8371920512450689 0.6892208806659127
1 0.31140515439947847 0.7217073907994837 0.27304879319642816 0.6986176294317795 0.22825972528686042 0.7730205493809754 0.26661608648991075 0.7961103107486796