1 0.12031250000000004 0.2046875 0.07968750000000002 0.2046875 0.07968750000000004 0.2828125 0.12031250000000004 0.2828125
1 0.83125 0.5250000000000001 0.7640625 0.5250000000000001 0.7640625 0.6140625000000002 0.83125 0.6140625000000002
1 0.94375 0.6015625000000002 0.896875 0.6015625000000002 0.896875 0.6500000000000001 0.94375 0.6500000000000001
1 0.08437500000000006 0.503125 0.04375000000000007 0.503125 0.04375000000000007 0.5625 0.08437500000000006 0.5625
1 0.3109375000000001 0.5734375 0.2375000000000001 0.5734375 0.2375000000000001 0.7046875 0.3109375000000001 0.7046875
1 0.18225599315068491 0.49158818493150686 0.10184075342465759 0.4049871575342466 0.034957191780821975 0.4670933219178083 0.11537243150684931 0.5536943493150684
1 0.7546875 0.3343750000000001 0.69375 0.3343750000000001 0.69375 0.434375 0.7546875 0.43437500000000007
1 0.28593750000000007 0.34375 0.18906250000000005 0.34375 0.18906250000000005 0.4921875 0.28593750000000007 0.4921875
1 0.10312500000000009 0.5984375 0.03281250000000008 0.5984375 0.032812500000000085 0.696875 0.10312500000000009 0.696875
1 0.07500000000000004 0.30625 0.02812500000000004 0.30625 0.028125000000000046 0.375 0.07500000000000004 0.375
1 0.7125000000000001 0.65 0.6125 0.65 0.6125 0.8125 0.7125000000000001 0.8125
1 0.9109375 0.5031250000000002 0.8625 0.5031250000000002 0.8625 0.6000000000000002 0.9109375 0.6000000000000002
1 0.209375 0.18906250000000002 0.11875000000000005 0.1890625 0.11875000000000005 0.3359375 0.209375 0.3359375
1 0.425 0.50625 0.37968750000000007 0.50625 0.37968750000000007 0.5640625 0.425 0.5640625
1 0.10468750000000009 0.7140625 0.05625000000000009 0.7140625 0.05625000000000009 0.7875 0.10468750000000009 0.7875
1 0.35781250000000003 0.31875 0.28750000000000003 0.31875 0.2875000000000001 0.4390625 0.3578125000000001 0.4390625
1 0.9984375 0.36406250000000007 0.9609375 0.36406250000000007 0.9609375 0.45625000000000016 0.9984375 0.45625000000000016
1 0.1625000000000001 0.65 0.10000000000000009 0.65 0.10000000000000009 0.7515625 0.1625000000000001 0.7515625
1 0.23593750000000008 0.5234375 0.10468750000000007 0.5234375 0.10468750000000009 0.6625 0.23593750000000008 0.6625
1 0.8734375 0.5875000000000001 0.815625 0.5875000000000001 0.815625 0.6750000000000002 0.8734375 0.6750000000000002
1 0.9484375 0.30937500000000007 0.875 0.30937500000000007 0.875 0.4281250000000002 0.9484375 0.4281250000000002
1 0.4109375 0.5796875 0.3687500000000001 0.5796875 0.3687500000000001 0.6484375 0.4109375 0.6484375
1 0.08125000000000002 0.1796875 0.03281250000000002 0.1796875 0.03281250000000003 0.28125 0.08125000000000003 0.28125
1 0.9984375 0.6546875000000002 0.9359375 0.6546875000000002 0.9359375 0.7921875000000002 0.9984375 0.7921875000000002
1 0.025000000000000043 0.34375 0.0015625000000000424 0.34375 0.0015625000000000487 0.4484375 0.02500000000000005 0.4484375
1 0.7953125 0.47656250000000017 0.7671875 0.47656250000000017 0.7671875 0.5187500000000002 0.7953125 0.5187500000000002
1 0.3890625000000001 0.6125 0.3125000000000001 0.6125 0.3125000000000001 0.7796875 0.3890625000000001 0.7796875
1 0.878125 0.2468750000000001 0.828125 0.2468750000000001 0.828125 0.3375000000000001 0.878125 0.3375000000000001
1 0.3531250000000001 0.4640625 0.2656250000000001 0.4640625 0.2656250000000001 0.5921875 0.3531250000000001 0.5921875
1 0.7859375 0.6109375000000001 0.7078125 0.6109375000000001 0.7078125000000001 0.7656250000000001 0.7859375000000001 0.7656250000000002
1 0.03281250000000002 0.1734375 2.1239967922711906e-17 0.1734375 2.602374448188126e-17 0.2515625 0.03281250000000003 0.2515625
1 0.021875000000000033 0.2484375 3.042481891631706e-17 0.2484375 3.587832419377011e-17 0.3375 0.02187500000000004 0.3375
1 0.6257187500000001 0.5777812500000001 0.55659375 0.5679062500000001 0.5413125 0.6748749999999999 0.6104375 0.68475
1 0.765625 0.5062500000000002 0.709375 0.5062500000000001 0.709375 0.596875 0.765625 0.5968750000000002
1 0.5296875 0.2312500000000001 0.4828125 0.2312500000000001 0.4828125 0.3062500000000001 0.5296875 0.3062500000000001
1 0.4763826908424618 0.80105768005612 0.4424905181889353 0.6444222742212038 0.37783071585315986 0.658413116028813 0.4117228885066863 0.8150485218637293
1 0.5421248949681605 0.5935639002362331 0.47089433871073966 0.5899756709068196 0.46172212332555673 0.7720548927235142 0.5329526795829775 0.7756431220529278
1 0.604625105576527 0.6894126588642298 0.5365890833479736 0.6874966120671129 0.5330549261831619 0.8129893692305366 0.6010909484117153 0.8149054160276533
1 0.588241835551719 0.5542882495595536 0.581165256213713 0.44275076324490586 0.5201592171390155 0.4466213370750506 0.5272357964770216 0.5581588233896982
1 0.640625 0.32163750000000013 0.578946875 0.32163750000000013 0.578946875 0.4678359375 0.640625 0.4678359375
1 0.6805195704970426 0.17971831869639643 0.6034822378169357 0.17249692640517683 0.5935296240203746 0.2786707484553299 0.6705669567004815 0.2858921407465495
1 0.7620103467666783 0.17800087288867855 0.6823040740748509 0.17328079150500264 0.6770183670032089 0.2625385764827096 0.7567246396950363 0.2672586578663855
1 0.7242572675670855 0.288994745752217 0.6659445701497504 0.2741811523792687 0.6457588828932288 0.3536407300466309 0.7040715803105638 0.3684543234195792
1 0.8456072332640824 0.3726954998095846 0.820991036939799 0.23652157086112496 0.7595012263129621 0.247637099817524 0.7841174226372457 0.3838110287659836
1 0.7381117970941116 0.4989944671022671 0.6800052172949084 0.3888127631270966 0.6165469340729833 0.4222787893812029 0.6746535138721865 0.5324604933563734
1 0.7109103039647474 0.6440226941234443 0.703175469192279 0.5111001218936019 0.615083472216303 0.5162262417839675 0.6228183069887714 0.6491488140138099
1 0.8922145342856919 0.6841001362009904 0.82418387561223 0.6813683149579767 0.8204409892380591 0.7745775708805422 0.8884716479115209 0.777309392123556
1 0.8363468739694546 0.6752298818617126 0.7853598599547498 0.6622790419383026 0.7542625421046292 0.7847081191580546 0.8052495561193341 0.7976589590814648
1 0.999178125 0.43859687500000016 0.9046046875 0.43859687500000016 0.9046046875 0.6154968750000002 0.999178125 0.6154968750000002
1 0.8894443789567077 0.5509224922711361 0.8443159957399917 0.45730647019756354 0.7882640453246067 0.48432677978091576 0.8333924285413227 0.5779428018544883
1 0.8047064597045983 0.4193849311987942 0.7573452767184602 0.39462181350468967 0.7171959973444141 0.47141009964397795 0.7645571803305522 0.49617321733808256
1 0.5865508447168775 0.4223073531425195 0.5802624953208866 0.28833090718769094 0.5137964207323488 0.2914505742083674 0.5200847701283396 0.4254270201631959
1 0.6061877707116559 0.18371305356385367 0.5416419870446993 0.18025729681197644 0.5349954413511852 0.30439985986507956 0.5995412250181416 0.3078556166169569
1 0.5269723712335248 0.3821038983580293 0.4833022405884371 0.3769873988154916 0.47176566209753135 0.4754539159541372 0.515435792742619 0.4805704154966749
1 0.48749824677276576 0.3320418466069694 0.4139554699811156 0.32452012852852824 0.39620432815259626 0.49807997850927543 0.46974710494424643 0.5056016965877166
1 0.48515684170599294 0.3282404397188968 0.4773409515633496 0.21723107023561986 0.3736138856204875 0.2245342317255179 0.38142977576313075 0.3355436012087949
1 0.38820668552798265 0.29976886269071673 0.378199688364762 0.1759750377410037 0.2781705317820725 0.184060994262413 0.2881775289452932 0.307854819212126
1 0.4038066431320548 0.37787639326606076 0.3459020858514008 0.3761615350475736 0.34199076475480883 0.5082326964060022 0.3998953220354628 0.5099475546244893
1 0.2875841446204457 0.3329626849458262 0.27640652916291153 0.1839808872758429 0.20493291723565296 0.1893433178678916 0.21611053269318714 0.3383251155378749
1 0.1983208267981713 0.345147413668745 0.12322657720431462 0.33327957984718576 0.10546323074523552 0.44567794948032063 0.1805574803390922 0.45754578330188
1 0.16078871790320642 0.29762078886255483 0.10595735943739963 0.2704499734534319 0.04892629485334574 0.3855400323570334 0.10375765331915252 0.41271084776615635
1 0.0861511523447597 0.39986357288783936 0.03150596098483094 0.38218823993026063 -0.006712996504219815 0.5003462542985658 0.047932194855708946 0.5180215872561444
1 0.05180937500000007 0.53655 6.570842400825123e-17 0.53655 7.215389319301364e-17 0.6418125 0.05180937500000008 0.6418125
1 0.04194062500000008 0.653509375 8.003181643065373e-17 0.653509375 8.683539912863556e-17 0.7646203125000001 0.041940625000000085 0.7646203125000001
1 0.5206801030365129 0.5815612822269108 0.5144939558092757 0.49724711219690787 0.45545730726466094 0.5015786427044097 0.4616434544918981 0.5858928127344126
1 0.4802625 0.55409375 0.43092031249999996 0.55409375 0.43092031249999996 0.6476609375 0.4802625 0.6476609375
1 0.22128284385098212 0.6694496364515197 0.16216520886566838 0.663214465411388 0.1494779995432453 0.7835059225146139 0.20859563452855906 0.7897410935547456
1 0.9010139323586955 0.46314444457293397 0.8888657623034641 0.3681015208112897 0.826413744740945 0.37608399546184285 0.8385619147961764 0.47112691922348715