1 0.45338609359007265 0.5807221866565682 0.3201980456068652 0.49949343670398677 0.25067143286455673 0.6134938840756159 0.38385948084776417 0.6947226340281972
1 0.2580703125 0.17451875000000003 0.15216250000000003 0.17451875 0.15216250000000003 0.2994171875 0.2580703125 0.2994171875
1 0.7259562500000001 0.2867687500000001 0.654825 0.2867687500000001 0.654825 0.43854375 0.7259562500000001 0.4385437500000001
1 0.9124796875 0.36581875 0.8492515624999999 0.36581875 0.8492515624999999 0.4480312500000002 0.9124796875 0.4480312500000002
1 0.12371093750000003 0.3247125 0.04309531250000004 0.3247125 0.043095312500000045 0.495459375 0.12371093750000003 0.495459375
1 0.6342765625 0.23143437500000008 0.5615640625 0.23143437500000008 0.5615640625 0.33578125000000014 0.6342765625 0.33578125000000014
1 0.4287859375 0.18242500000000006 0.33394375 0.18242500000000006 0.33394375 0.3310375 0.4287859375 0.33103750000000004
1 0.4161390625 0.3357812500000001 0.3355234375 0.33578125000000003 0.3355234375000001 0.457515625 0.4161390625 0.457515625
1 0.8213148598834404 0.31167591105185777 0.7500009712014293 0.2860111427962926 0.6903415703648943 0.45178485357856657 0.7616554590469053 0.47744962183413164
1 0.3782031250000001 0.67569375 0.3165562500000001 0.67569375 0.3165562500000001 0.8148203125 0.3782031250000001 0.8148203125
1 0.32604062500000003 0.3421046875 0.23435937500000006 0.3421046875 0.2343593750000001 0.495459375 0.3260406250000001 0.495459375
1 0.5694671875 0.391115625 0.5014968750000001 0.391115625 0.5014968750000001 0.5270796875 0.5694671875 0.5270796875
1 0.8919296875 0.44328906250000016 0.8271218749999999 0.44328906250000016 0.8271218749999999 0.5760921875000002 0.8919296875 0.5760921875000002
1 0.645340625 0.3405234375000001 0.5631453125 0.3405234375000001 0.5631453125 0.4606796875 0.645340625 0.4606796875
1 0.4967546875 0.2788640625000001 0.4177203125 0.2788640625000001 0.4177203125 0.41166875 0.4967546875 0.41166875
1 0.2612312500000001 0.463840625 0.17271250000000005 0.463840625 0.17271250000000007 0.59031875 0.2612312500000001 0.59031875
1 0.610565625 0.5460515625 0.5188859375 0.5460515625 0.5188859375 0.656721875 0.610565625 0.656721875
1 0.17559362308911133 0.6659001454385983 0.11184244176027576 0.6419983745512584 0.05916084393846521 0.7825115654466637 0.12291202526730079 0.8064133363340036
1 0.716471875 0.44170781249999996 0.6405984375 0.44170781249999996 0.6405984375 0.533403125 0.716471875 0.533403125
1 0.5125625 0.6092921875 0.45249531249999997 0.6092921875 0.45249531249999997 0.7041515625 0.5125625 0.7041515625
1 0.29284531250000007 0.5745109375 0.21381093750000008 0.5745109375 0.21381093750000008 0.7088953124999999 0.29284531250000007 0.7088953124999999
1 0.6611484375000001 0.63775 0.58369375 0.63775 0.5836937500000001 0.79743125 0.6611484375000002 0.79743125
1 0.33394375 0.18084375000000003 0.253328125 0.18084375000000003 0.253328125 0.3310375 0.33394375 0.3310375
1 1 0.7041515625000001 0.950415625 0.7041515625000001 0.950415625 0.7926859375000002 1 0.7926859375000002
1 0.967803125 0.2662171875000001 0.88876875 0.2662171875000001 0.88876875 0.3563328125000001 0.967803125 0.3563328125000001
1 0.23910156250000006 0.315228125 0.17271250000000005 0.315228125 0.17271250000000005 0.4353828125 0.2391015625000001 0.4353828125
1 0.5710484375000001 0.67253125 0.5062390625 0.67253125 0.5062390625 0.7942671875 0.5710484375000002 0.7942671875
1 0.89035 0.5855765625000002 0.8318640625 0.5855765625000002 0.8318640625 0.6851796875000001 0.89035 0.6851796875000001
1 0.22487500000000007 0.618778125 0.1521625000000001 0.618778125 0.1521625000000001 0.7832015625000001 0.22487500000000007 0.7832015625000001
1 0.825540625 0.17135781250000007 0.7607328125 0.17135781250000007 0.7607328125 0.28202656250000013 0.825540625 0.28202656250000013
1 0.9567390625 0.519175 0.88876875 0.519175 0.88876875 0.6330078125000002 0.9567390625 0.6330078125000002
1 0.06838593750000008 0.5919015625 7.32869785088185e-17 0.5919015625 8.393585648059183e-17 0.7658109375000001 0.06838593750000009 0.7658109375000001
1 0.7370218750000002 0.710475 0.6690515625000001 0.710475 0.6690515625000002 0.8037546875 0.7370218750000002 0.8037546875
1 0.541015625 0.17293750000000005 0.49359374999999994 0.17293750000000005 0.49359374999999994 0.27412187500000007 0.541015625 0.27412187500000007
1 0.48410937500000006 0.7215421875 0.4430109375000001 0.7215421875 0.44301093750000015 0.8053343749999999 0.4841093750000002 0.8053343749999999
1 0.9472546875000001 0.18400468750000012 0.8950921875000001 0.1840046875000001 0.8950921875000001 0.25040625000000005 0.9472546875000001 0.25040625000000005
1 0.8302828124999999 0.49229843750000024 0.7781203125 0.49229843750000024 0.7781203125 0.6156156250000002 0.8302828124999999 0.6156156250000002
1 0.773378125 0.6219390625000002 0.7148921875 0.6219390625000001 0.7148921875 0.7057328125000001 0.773378125 0.7057328125000002
1 0.6848578125 0.5349859375 0.6232109375 0.5349859375 0.6232109375 0.6345875000000001 0.6848578125 0.6345875000000001
1 0.5536609375 0.3073218750000001 0.5062390625 0.3073218750000001 0.5062390625 0.37530468750000007 0.5536609375 0.37530468750000007
1 0.08893437500000007 0.49862343750000004 0.025707812500000066 0.49862343750000004 0.025707812500000066 0.5745109375 0.08893437500000007 0.5745109375
1 0.4920140625 0.19823437500000005 0.44143125000000005 0.19823437500000005 0.44143125000000005 0.27570312500000005 0.4920140625 0.27570312500000005
1 0.7575703125000001 0.5302421875000001 0.6880203125000001 0.5302421875000001 0.6880203125000001 0.6251015625 0.7575703125000001 0.6251015625000002
1 0.06364375000000003 0.2266921875 0.0051578125000000296 0.2266921875 0.005157812500000034 0.29783750000000003 0.06364375000000004 0.29783750000000003
1 0.627953125 0.47806875 0.5726296875 0.47806875 0.5726296875 0.5444718749999999 0.627953125 0.5444718749999999
1 1 0.1761000000000001 0.9519968750000001 0.1761000000000001 0.9519968750000001 0.2598937500000001 1 0.2598937500000001
1 1 0.4401250000000002 0.9488359375 0.4401250000000002 0.9488359375 0.5808343750000002 1 0.5808343750000002
1 1 0.6156156250000002 0.94093125 0.6156156250000002 0.94093125 0.6915031250000002 1 0.6915031250000002
1 0.15532500000000002 0.4922984375 0.11106562500000003 0.4922984375 0.11106562500000006 0.5587 0.15532500000000005 0.5587
1 0.028868750000000037 0.2820265625 3.45382927040156e-17 0.2820265625 4.2766962438973974e-17 0.41641093749999997 0.028868750000000047 0.41641093749999997
1 0.020965625000000057 0.4369640625 5.351266404830489e-17 0.4369640625 5.992742138755744e-17 0.541725 0.020965625000000064 0.541725
1 0.16527680589050994 0.3317918672900444 0.15904824910213142 0.20993914359605012 0.0641509743983932 0.21478986048309273 0.07037953118677173 0.336642584177087
1 0.12137821894582815 0.5600738030809522 0.06473663382001846 0.556824101086881 0.059742915609458956 0.6438635021254184 0.11638450073526863 0.6471132041194898
1 0.17229340104931598 0.5753732843056738 0.12454393623908182 0.5729294140594806 0.12090186243912811 0.6440899329201129 0.16865132724936227 0.6465338031663059
1 0.4459234375 0.6420125 0.3860234375000001 0.6420125 0.3860234375000001 0.7662718749999999 0.44592343750000013 0.7662718749999999
1 0.2780577203675225 0.7197561364459502 0.2312812500000001 0.7159765625000001 0.22704931758811736 0.7683514766815053 0.27382578795563983 0.7721310506274554
1 0.5011680180562499 0.43665998379991483 0.3889869324695415 0.40512247802755263 0.3554908191456744 0.524270465909962 0.4676719047323827 0.5558079716823241
1 0.6006998895654799 0.24144202244482288 0.5923299920531928 0.16701439904345133 0.5400806255738941 0.1728901992172024 0.5484505230861813 0.24731782261857393
1 0.6865931024416032 0.2973275552121609 0.6793686697104604 0.20741219760530813 0.6295361249718565 0.21141609501357767 0.6367605577029993 0.3013314526204305
1 0.7736555978955587 0.31790291283815864 0.7490076263366456 0.1766811459096297 0.6816643604112125 0.1884348219846107 0.7063123319701254 0.32965658891313965
1 0.8549442691938518 0.39030341045502304 0.7946445968910323 0.3714624166876096 0.7675745517323267 0.4580987625429776 0.8278742240351461 0.47693975631039115
1 0.95717893116377 0.38575801494120404 0.9029545009578145 0.3819454435957663 0.8971855337763044 0.4639947824674369 0.9514099639822599 0.46780735381287464
1 0.9376046875 0.6405328125000002 0.862728125 0.6405328125000002 0.862728125 0.7973375000000003 0.9376046875 0.7973375000000003
1 0.8794352142610121 0.25173555898190714 0.8391389139890839 0.22756231892722392 0.7966114135796207 0.29845479848055 0.8369077138515489 0.32262803853523325
1 0.867030990659547 0.786666179484798 0.8383160070192046 0.6395066466660306 0.766318038901735 0.6535554849371954 0.7950330225420775 0.8007150177559629
1 0.7834114549551308 0.4706806464765904 0.7370560843704252 0.4695932680538438 0.7349715375334855 0.5584583210162111 0.781326908118191 0.5595456994389577
1 0.5246526966837028 0.5068817382933172 0.4801191858976951 0.5043793007186504 0.47631536972157607 0.5720722135897153 0.5208488805075838 0.5745746511643819
1 0.20350644003810334 0.492741368256712 0.17323702948799247 0.3655157769656242 0.11342717457376497 0.37974568963468125 0.14369658512387584 0.506971280925769
1 0.06293362002341531 0.4779141907759281 0.04490137262881363 0.37530469686747775 0.009695151129097534 0.3814917198390407 0.02772739852369921 0.484101213747491