1 0.6140625000000001 0.646875 0.515625 0.646875 0.5156250000000001 0.86875 0.6140625000000002 0.86875
1 0.9144895361990951 0.3007197398190047 0.816606334841629 0.262829468325792 0.7176809954751131 0.5183865950226246 0.8155641968325792 0.5562768665158373
1 0.646875 0.403125 0.546875 0.403125 0.546875 0.5796875 0.646875 0.5796875
1 0.7109375 0.3468750000000001 0.6421875 0.3468750000000001 0.6421875 0.4984375 0.7109375 0.4984375
1 0.565625 0.24375000000000008 0.4765625 0.24375000000000008 0.4765625 0.4671875 0.565625 0.4671875
1 0.2828125 0.225 0.16875000000000004 0.225 0.16875000000000004 0.390625 0.2828125 0.390625
1 0.4796875 0.3609375000000001 0.4 0.3609375000000001 0.4 0.5734375 0.4796875 0.5734375
1 0.8406357758620692 0.11544181034482773 0.750323275862069 0.11012931034482769 0.7404741379310346 0.27756465517241385 0.8307866379310347 0.2828771551724139
1 0.3203125000000001 0.4171875 0.2390625000000001 0.4171875 0.2390625000000001 0.5734375 0.3203125000000001 0.5734375
1 0.1984375000000001 0.6234375 0.09062500000000008 0.6234375 0.0906250000000001 0.8546875 0.1984375000000001 0.8546875
1 0.515625 0.609375 0.4171875 0.609375 0.4171875 0.725 0.515625 0.725
1 0.7750000000000001 0.6765625000000001 0.6953125000000001 0.6765625 0.6953125000000002 0.8640625 0.7750000000000001 0.8640625
1 0.10625000000000004 0.3453125 4.448912200027494e-17 0.3453125 5.3099919806779773e-17 0.4859375 0.10625000000000004 0.4859375
1 0.3943652027027027 0.44339628378378376 0.3915581081081081 0.2525138513513513 0.32675135135135136 0.25346689189189187 0.32955844594594597 0.4443493243243243
1 0.921875 0.1343750000000001 0.8375 0.13437500000000008 0.8375 0.2828125000000001 0.921875 0.2828125000000001
1 0.4359375 0.14062500000000006 0.3390625 0.14062500000000006 0.3390625 0.25468750000000007 0.4359375 0.25468750000000007
1 0.19843750000000002 0.13906250000000003 0.109375 0.1390625 0.10937500000000003 0.2515625 0.19843750000000004 0.2515625
1 0.09531250000000008 0.509375 0.025000000000000067 0.509375 0.025000000000000078 0.7109375 0.09531250000000009 0.7109375
1 0.2734375000000001 0.6046875 0.1937500000000001 0.6046875 0.1937500000000001 0.825 0.2734375000000001 0.825
1 0.3375 0.13593750000000004 0.2625 0.13593750000000004 0.2625 0.2484375 0.3375 0.2484375
1 0.6921875000000002 0.746875 0.6187500000000001 0.746875 0.6187500000000001 0.8703125 0.6921875000000002 0.8703125
1 0.471875 0.25468750000000007 0.396875 0.25468750000000007 0.396875 0.3578125000000001 0.471875 0.3578125000000001
1 0.6265625 0.11562500000000009 0.5609375 0.11562500000000009 0.5609375 0.25468750000000007 0.6265625 0.25468750000000007
1 0.4281250000000001 0.64375 0.3421875000000001 0.64375 0.3421875000000001 0.86875 0.4281250000000002 0.86875
1 0.9375 0.6453125000000002 0.8484375 0.6453125000000002 0.8484375 0.8484375 0.9375 0.8484375
1 0.7150256849315069 0.22913099315068503 0.6429794520547946 0.1963827054794521 0.5792487157534247 0.3365903253424658 0.651294948630137 0.36933861301369875
1 0.0906250000000001 0.7140625 0.01250000000000009 0.7140625 0.012500000000000098 0.8546875 0.0906250000000001 0.8546875
1 0.9796875 0.2718750000000001 0.9 0.2718750000000001 0.9 0.3812500000000001 0.9796875 0.3812500000000001
1 0.5046875000000002 0.771875 0.43750000000000017 0.771875 0.43750000000000017 0.871875 0.5046875000000002 0.871875
1 0.10468750000000002 0.1390625 0.03281250000000002 0.1390625 0.03281250000000003 0.2984375 0.10468750000000004 0.2984375
1 0.16875000000000004 0.2578125 0.10781250000000005 0.2578125 0.10781250000000005 0.4125 0.16875000000000004 0.4125
1 0.6109375 0.3187500000000001 0.5671875 0.3187500000000001 0.5671875 0.409375 0.6109375 0.409375
1 0.728125 0.11562500000000009 0.6640625 0.11562500000000009 0.6640625 0.21093750000000008 0.728125 0.21093750000000008
1 0.15781250000000005 0.415625 0.10312500000000005 0.415625 0.10312500000000006 0.546875 0.15781250000000008 0.546875
1 0.9984375 0.3984375000000001 0.9484375 0.3984375000000001 0.9484375 0.5093750000000001 0.9984375 0.5093750000000001
1 0.9984375 0.5203125000000002 0.9375 0.5203125000000002 0.9375 0.6796875000000002 0.9984375 0.6796875000000002
1 0.3866945117773268 0.5317511721946448 0.31297511679954937 0.5078817059161876 0.24877186943837665 0.706169530866253 0.32249126441615406 0.7300389971447103
1 0.3380537319575925 0.7471318196007213 0.2659155097002898 0.7375679544923284 0.24939736575792232 0.8621608388008845 0.32153558801522497 0.8717247039092773
1 0.20743149000379413 0.663892933152882 0.20465376591219514 0.5111391116997507 0.13925301565822346 0.5123283797511876 0.14203073974982244 0.6650822012043189
1 0.24814246132324813 0.4875172719211406 0.2182496450502686 0.34768691872947033 0.13700949151811473 0.3650543709892562 0.16690230779109427 0.5048847241809264
1 0.5763969689699746 0.6349087163416351 0.5580887267403531 0.4616899028080629 0.4756923980784314 0.47039872555774415 0.4940006403080529 0.6436175390913165
1 0.6791408874747342 0.72772766751364 0.6199525373735788 0.5845280772723443 0.5457899791653553 0.6151815131671615 0.6049783292665107 0.7583811034084572
1 0.7275963932070882 0.559814604503079 0.6489831179839236 0.5546444604989696 0.6361417419851847 0.7499006515897105 0.7147550172083493 0.7550707955938197
1 0.804248549529478 0.6032328524773002 0.7482430239424985 0.4641050455010484 0.6722470679519523 0.494697013779985 0.7282525935389317 0.6338248207562367
1 0.8794842058563515 0.8129981951191972 0.8163783099675929 0.5788837817704572 0.7370883799673473 0.6002565028945039 0.8001942758561059 0.834370916243244
1 0.956259516736431 0.40809257360324214 0.861553524857183 0.3860047169685104 0.8128717259077002 0.5947374216496536 0.9075777177869482 0.6168252782843855
1 0.9835850042597303 0.2286682581242557 0.962984223881735 0.12944840017189102 0.9118197204990205 0.14007156290452188 0.9324205008770157 0.23929142085688654
1 1.0159276893133637 0.8425942225610117 0.9949423916580955 0.66509171552807 0.9298694040124508 0.6727849928675727 0.9508547016677189 0.8502874999005143
1 0.539705597249467 0.2533892761493287 0.5364079946174739 0.14224323658706434 0.45057551674091334 0.14478980870129315 0.4538731193729064 0.2559358482635576
1 0.2949963105778032 0.18901635193869715 0.23406418891484804 0.15040817977899626 0.19495231291313386 0.21213525603489866 0.255884434576089 0.25074342819459955
1 0.04049531250000003 0.14222812499999998 1.741792180299796e-17 0.14222812499999998 3.0526330654902624e-17 0.3563046875 0.04049531250000004 0.3563046875
1 0.7730444016528871 0.44835118580241906 0.7699410339159523 0.2501639036533451 0.6934432728191287 0.2513617639860635 0.6965466405560636 0.44954904613513735
1 0.43018178220584263 0.5196852111470313 0.37026015649084104 0.5184788425976616 0.36768961004236567 0.6461606544693794 0.4276112357573673 0.6473670230187489