1 0.4785296875 0.12769531250000005 0.3758484375 0.12769531250000005 0.3758484375 0.3590687500000001 0.4785296875 0.3590687500000001
1 0.261601401895959 0.48667364948687836 0.15697479275689022 0.45177953264028414 0.06649771021484963 0.7230662481856662 0.1711243193539184 0.7579603650322605
1 0.44593125 0.42913281249999996 0.3416218750000001 0.42913281249999996 0.3416218750000001 0.6132546875 0.44593125 0.6132546875
1 0.34651093750000006 0.5138625 0.27479843750000005 0.5138625 0.27479843750000005 0.6719125 0.34651093750000006 0.6719125
1 0.519275 0.54645 0.4263734375 0.54645 0.4263734375000001 0.7794546875 0.5192750000000002 0.7794546875
1 0.8403546875 0.6262906250000002 0.7213765624999999 0.6262906250000001 0.7213765624999999 0.7990062499999999 0.8403546875 0.79900625
1 0.5991375 0.43565156250000003 0.516015625 0.43565156250000003 0.516015625 0.65725 0.5991375 0.65725
1 0.2517042772909467 0.749139835432945 0.15947463996439443 0.7345750562265868 0.13183221736870973 0.9096172298638183 0.22406185469526196 0.9241820090701764
1 0.7670125 0.4356515625000001 0.6822609374999999 0.43565156250000003 0.6822609374999999 0.598590625 0.7670125 0.5985906250000002
1 0.9294274878832951 0.3805448129046426 0.9056574302403325 0.13694160471132336 0.7989064238482295 0.14735804213923626 0.822676481491192 0.39096125033255547
1 0.581209375 0.27760000000000007 0.4785296875 0.27760000000000007 0.4785296875 0.39817500000000006 0.581209375 0.39817500000000006
1 0.291096875 0.1325828125 0.20797343750000002 0.1325828125 0.20797343750000002 0.32810937500000004 0.291096875 0.32810937500000004
1 1 0.5268968750000003 0.9055484375 0.5268968750000003 0.9055484375 0.6735421875000002 1 0.6735421875000002
1 0.6741109375000001 0.5708921874999999 0.60565625 0.5708921874999999 0.6056562500000001 0.769678125 0.6741109375000002 0.769678125
1 0.14277968750000009 0.73871875 0.05476875000000009 0.73871875 0.0547687500000001 0.8935109375 0.14277968750000009 0.8935109375
1 0.6627015625000002 0.768046875 0.5616515625000001 0.768046875 0.5616515625000001 0.88699375 0.6627015625000002 0.88699375
1 0.9022890625000001 0.7713062500000003 0.8093890625 0.7713062500000003 0.8093890625 0.8886218749999999 0.9022890625000001 0.8886218749999999
1 0.9903015625 0.29226406250000014 0.916959375 0.29226406250000014 0.916959375 0.5024562500000002 0.9903015625 0.5024562500000002
1 0.8142781250000001 0.1733187500000001 0.73115625 0.1733187500000001 0.73115625 0.40306250000000016 0.8142781250000001 0.40306250000000016
1 0.7425640625000002 0.774565625 0.6643312500000003 0.7745656249999999 0.6643312500000003 0.8918828124999999 0.7425640625000002 0.8918828124999999
1 0.370959375 0.12606562500000007 0.29435625 0.12606562500000007 0.29435625 0.2547875 0.370959375 0.25478750000000006
1 0.602396875 0.6605078125 0.5241640624999999 0.6605078125 0.5241640624999999 0.768046875 0.6023968750000002 0.768046875
1 0.4312640625000002 0.768046875 0.36280937500000005 0.768046875 0.36280937500000005 0.9130640624999999 0.4312640625000002 0.9130640624999999
1 0.6594421875 0.12769531250000007 0.5698015625 0.12769531250000007 0.5698015625 0.36232812500000006 0.6594421875 0.36232812500000006
1 0.13137187500000003 0.148878125 0.03847031250000003 0.148878125 0.038470312500000034 0.3606984375 0.13137187500000005 0.3606984375
1 0.41495000000000015 0.6865796875000001 0.3386850000000001 0.6484471875000001 0.26731468750000015 0.7911878124999999 0.3435796875000001 0.8293203124999999
1 1 0.14235937500000015 0.9218484374999999 0.14235937500000015 0.9218484374999999 0.2890046875 1 0.2890046875
1 0.07758593750000009 0.6360671875 7.985156372990423e-17 0.6360671875 8.683549480416674e-17 0.7501234375 0.07758593750000009 0.7501234375
1 0.560021875 0.12443593750000007 0.4899375 0.12443593750000004 0.4899375 0.22871718750000009 0.560021875 0.22871718750000009
1 0.982153125 0.7224250000000001 0.9071796875 0.7224250000000001 0.9071796875 0.8886218749999999 0.982153125 0.8886218749999999
1 0.9039203125 0.6034781250000002 0.8403546875 0.6034781250000002 0.8403546875 0.7647890625000002 0.9039203125 0.7647890625000002
1 0.42474375000000003 0.6067375 0.3791093750000001 0.6067375 0.3791093750000001 0.7012437499999999 0.42474375000000003 0.7012437499999999
1 0.32369375000000006 0.813671875 0.2568703125000001 0.813671875 0.2568703125000001 0.9130640624999999 0.32369375000000006 0.9130640624999999
1 0.908809375 0.46335000000000015 0.8517640625 0.46335000000000015 0.8517640625 0.6002203125000003 0.908809375 0.6002203125000003
1 0.02706093750000007 0.5112484375 6.260987625534607e-17 0.5112484375 6.915532637019513e-17 0.61814375 0.027060937500000076 0.61814375
1 0.03847031250000005 0.34016250000000003 4.1657891681496154e-17 0.34016250000000003 5.0897086376813464e-17 0.49105 0.038470312500000055 0.49105
1 0.761052776090267 0.3008705242711058 0.6837545617283186 0.27181692778781175 0.6075082427972336 0.4746732009667071 0.684806457159182 0.5037267974500012
1 0.7538296644608415 0.13321882420568465 0.6786073012023764 0.1256447028148556 0.6655189192294747 0.2556319280556959 0.7407412824879398 0.263206049446525
1 0.8823255767525074 0.49093685418885685 0.8512076014057186 0.3345620957326802 0.7842336586904922 0.347889652678987 0.8153516340372811 0.5042644111351636
1 0.867766777743251 0.6561656454289193 0.8438029359262341 0.5073960999816048 0.7604963104640707 0.5208151555341523 0.7844601522810876 0.6695847009814668
1 0.519572696627912 0.5433245585640926 0.5016113730570803 0.3627671324324118 0.41554630941015097 0.3713286327230691 0.43350763298098266 0.5518860588547498
1 0.44953062565824825 0.3838442017333464 0.3708982920294825 0.24677821517670412 0.2979592886519684 0.2886220321017749 0.3765916222807342 0.4256880186584172
1 0.35521874200581754 0.4451334130692537 0.3260592352737538 0.24295314559763756 0.24412219930002504 0.25477053797702354 0.2732817060320888 0.45695080544863964
1 0.31646408644984064 0.5152323216444092 0.25352671018179107 0.37343053443598995 0.1745200054379084 0.408496909846731 0.23745738170595804 0.5502986970551502
1 0.24831577158722337 0.40686886636831776 0.17975681553097006 0.16366540372748112 0.0971012507197089 0.18696597344045746 0.16566020677596222 0.43016943608129415
1 0.16923314066823114 0.4143318214890911 0.07044485647199175 0.3901657374675861 0.0173481255241011 0.6072193131360207 0.11613640972034049 0.6313853971575257
1 0.06177602539559972 0.8904852542619919 0.04758911950432263 0.7847778880307581 -0.006324674512954131 0.7920136176609114 0.007862231378322959 0.8977209838921452
1 0.043965625000000036 0.156728125 1.9193659661761627e-17 0.156728125 3.0101244269854846e-17 0.3348625 0.04396562500000005 0.3348625
1 0.5465815336675713 0.8822888827760729 0.5420819079497838 0.7665183675946612 0.45262175452975784 0.7699953945942837 0.45712138024754534 0.8857659097756952
1 0.8119256870395635 0.8102938820820548 0.7487749890058267 0.7729934843821277 0.7094976110475509 0.8394912696056046 0.7726483090812877 0.8767916673055316
1 1 0.6695859375000002 0.9741375 0.6695859375000002 0.9741375 0.8707953125 1 0.8707953125
1 0.2913796875000001 0.56575 0.2112062500000001 0.56575 0.2112062500000001 0.772171875 0.2913796875000001 0.772171875
1 0.631896875 0.35932656250000006 0.5689656249999999 0.35932656250000006 0.5689656249999999 0.49235468750000005 0.631896875 0.49235468750000005