1 0.41875 0.22031250000000008 0.3796875 0.22031250000000008 0.3796875 0.29375000000000007 0.41875 0.29375000000000007
1 0.484375 0.2593750000000001 0.409375 0.2593750000000001 0.409375 0.4140625 0.484375 0.4140625
1 0.17968750000000003 0.1765625 0.12812500000000002 0.1765625 0.12812500000000004 0.25 0.17968750000000006 0.25
1 0.784375 0.2062500000000001 0.71875 0.2062500000000001 0.71875 0.28593750000000007 0.784375 0.28593750000000007
1 0.784375 0.6156250000000001 0.6875 0.615625 0.6875000000000001 0.7968750000000001 0.7843750000000002 0.7968750000000002
1 0.9890625 0.6750000000000002 0.8875 0.6750000000000002 0.8875 0.8015625 0.9890625 0.8015625
1 0.8546875 0.6765625000000002 0.7828125 0.6765625000000002 0.7828125000000001 0.8140625 0.8546875 0.8140625
1 0.7078125 0.2593750000000001 0.6640625 0.2593750000000001 0.6640625 0.34062500000000007 0.7078125 0.34062500000000007
1 0.6671875 0.2828125000000001 0.61875 0.2828125000000001 0.61875 0.37187500000000007 0.6671875 0.37187500000000007
1 0.10312500000000009 0.6375 0.01562500000000008 0.6375 0.01562500000000009 0.76875 0.10312500000000009 0.76875
1 0.509375 0.5734375 0.4125 0.5734375 0.4125 0.7 0.509375 0.7
1 0.959375 0.1953125000000001 0.878125 0.19531250000000008 0.878125 0.26250000000000007 0.959375 0.26250000000000007
1 0.9984375 0.2328125000000001 0.940625 0.2328125000000001 0.940625 0.3296875000000001 0.9984375 0.3296875000000001
1 0.4359375000000001 0.6515625 0.3625000000000001 0.6515625 0.3625000000000001 0.809375 0.4359375000000002 0.809375
1 0.859375 0.2484375000000001 0.7859375 0.2484375000000001 0.7859375 0.3375000000000001 0.859375 0.3375000000000001
1 0.1671875000000001 0.7046875 0.10781250000000009 0.7046875 0.10781250000000009 0.803125 0.1671875000000001 0.803125
1 0.8171875 0.18125000000000008 0.7765625 0.18125000000000008 0.7765625 0.22812500000000008 0.8171875 0.22812500000000008
1 0.4484375 0.17968750000000006 0.4078125 0.17968750000000006 0.4078125 0.2515625000000001 0.4484375 0.2515625000000001
1 0.5093750000000001 0.7078125 0.4593750000000001 0.7078125 0.4593750000000002 0.815625 0.5093750000000001 0.815625
1 0.209375 0.2359375 0.13906250000000003 0.2359375 0.13906250000000003 0.3625 0.209375 0.3625
1 0.021875000000000082 0.6453125 7.902798875747763e-17 0.6453125 8.304636106717989e-17 0.7109375 0.021875000000000085 0.7109375
1 0.3796875 0.22656250000000006 0.3109375 0.2265625 0.3109375 0.3578125 0.3796875 0.35781250000000003
1 0.2765625000000001 0.7078125 0.1921875000000001 0.7078125 0.1921875000000001 0.815625 0.2765625000000001 0.815625
1 0.621875 0.590625 0.53125 0.590625 0.53125 0.6890625 0.621875 0.6890625
1 0.3203125 0.2765625 0.2625 0.2765625 0.26250000000000007 0.3734375 0.32031250000000006 0.3734375
1 0.2625 0.2234375 0.20625 0.2234375 0.20625 0.321875 0.2625 0.321875
1 0.369575148919147 0.7874654290046804 0.35011343117412264 0.686822466531188 0.2818886521234846 0.7000153551392699 0.30135036986850894 0.8006583176127624
1 0.5925692850499805 0.7491585839285209 0.5706615528305816 0.6790305258700714 0.5118094552806008 0.6974156919415505 0.5337171874999997 0.76754375
1 0.6217109375000001 0.7207609374999999 0.5435859375000001 0.7207609374999999 0.5435859375000002 0.8245609375 0.6217109375000002 0.8245609375
1 0.6899671875 0.706140625 0.6217109375000001 0.706140625 0.6217109375000002 0.8216374999999999 0.6899671875000001 0.8216374999999999
1 0.6428712748827083 0.28776998960744876 0.6349107858171246 0.17459950403120025 0.5621819912690451 0.17971529699440184 0.5701424803346289 0.2928857825706503
1 0.6159546875 0.29093593750000013 0.5641453125 0.29093593750000013 0.5641453125 0.3830406250000001 0.6159546875 0.3830406250000001
1 0.547696875 0.28508750000000005 0.5016453125 0.28508750000000005 0.5016453125 0.4152046875 0.547696875 0.4152046875
1 0.5523166046005187 0.1833599723538692 0.4917719796039187 0.1786784548820131 0.4843307756814331 0.2749132556103116 0.5448754006780331 0.2795947730821677
1 0.708059375 0.1769000000000001 0.6430921875 0.1769000000000001 0.6430921875 0.2426906250000001 0.708059375 0.2426906250000001
1 0.7986464957634208 0.3098431268463798 0.7225365401691317 0.26346611155706023 0.6745204104890101 0.3422660402494375 0.7506303660832992 0.3886430555387571
1 0.9534049632881183 0.27867588375712643 0.8810770144011952 0.25697492239176595 0.8516122664867352 0.3551790869558705 0.9239402153736582 0.376880048321231
1 0.3366630119705645 0.2185819508274982 0.28148992005337853 0.16147714027658383 0.22846880744301198 0.21270467594969497 0.28364189936019796 0.2698094865006094
1 0.11504265145073608 0.26976583264228216 0.11278439102340225 0.1773746455772161 0.03584883786557096 0.1792551335400887 0.038107098292904804 0.2716463206051548
1 0.12134191127044577 0.7514358093442512 0.05589672181086047 0.7413951997293382 0.04500303765467102 0.8124007711894408 0.11044822711425632 0.8224413808043538