1 0.5532890625000001 0.6565375 0.47036718750000006 0.6565375 0.4703671875000001 0.8275015625 0.5532890625000002 0.8275015625
1 0.4886109375 0.571884375 0.3940796875000001 0.571884375 0.3940796875000001 0.7063328125 0.4886109375 0.7063328125
1 0.2033578125000001 0.6167015625000001 0.10385156250000009 0.6167015625000001 0.10385156250000009 0.80924375 0.2033578125000001 0.80924375
1 0.49690312499999995 0.23659531250000007 0.42393125 0.23659531250000007 0.42393125 0.43079687499999997 0.49690312499999995 0.43079687499999997
1 0.417296875 0.15526093750000006 0.35261718750000004 0.15526093750000006 0.35261718750000004 0.25817343750000005 0.417296875 0.2581734375000001
1 0.10550937500000009 0.6847531250000001 0.030879687500000093 0.6847531250000001 0.030879687500000096 0.8241828124999999 0.10550937500000009 0.8241828124999999
1 0.2531109375 0.15194218750000005 0.185115625 0.15194218750000005 0.18511562500000003 0.21833593750000002 0.2531109375 0.21833593750000002
1 0.27467031250000007 0.7113109375 0.20169843750000008 0.7113109375 0.20169843750000008 0.8341421875 0.27467031250000007 0.8341421875
1 0.3725187500000001 0.5868234375 0.27467031250000007 0.5868234375 0.27467031250000007 0.6947140625 0.3725187500000001 0.6947140625
1 0.4471484375000001 0.7113109375 0.3957375000000001 0.7113109375 0.3957375000000001 0.8291625 0.4471484375000002 0.8291625
1 0.7854703125 0.21335625000000008 0.714159375 0.21335625000000008 0.714159375 0.35112500000000013 0.7854703125 0.35112500000000013
1 1 0.7328906250000002 0.952975 0.7328906250000002 0.952975 0.8241828124999999 1 0.8241828124999999
1 0.7307437500000001 0.7162906250000001 0.6445031250000002 0.716290625 0.6445031250000002 0.8308203125 0.7307437500000002 0.8308203125
1 0.9214640624999999 0.6399390625000001 0.8302484375000001 0.6399390625000001 0.8302484375000001 0.7793656250000002 0.9214640624999999 0.7793656250000002
1 0.624603125 0.701353125 0.5499734375000002 0.701353125 0.5499734375000003 0.80924375 0.6246031250000001 0.80924375
1 0.2779875 0.263153125 0.22657656249999997 0.263153125 0.22657656249999997 0.3561046875 0.2779875 0.3561046875
1 0.8999046875 0.15194218750000008 0.8202984375 0.15194218750000008 0.8202984375 0.2515328125000001 0.8999046875 0.2515328125000001
1 0.37895115316869377 0.8176044242396328 0.30123448569419986 0.7172386024505497 0.2455336443231543 0.7603696573227964 0.32325031179764824 0.8607354791118796
1 0.18179843750000005 0.246553125 0.10882656250000004 0.246553125 0.10882656250000004 0.36772343749999997 0.18179843750000005 0.36772343749999997
1 0.4007125 0.26481093750000007 0.350959375 0.2648109375 0.3509593750000001 0.3992593750000001 0.4007125 0.3992593750000001
1 0.3360328125 0.2714515625 0.27964687499999996 0.2714515625 0.279646875 0.3710421875 0.33603281250000006 0.3710421875
1 0.49690312499999995 0.15692187500000004 0.45709999999999995 0.15692187500000004 0.45709999999999995 0.2299546875000001 0.49690312499999995 0.2299546875000001
1 0.33935 0.15360156250000007 0.25808749999999997 0.15360156250000007 0.25808749999999997 0.2714515625 0.33935 0.2714515625
1 1 0.6399390625000001 0.9214640624999999 0.6399390625000001 0.9214640624999999 0.7312312500000002 1 0.7312312500000002
1 0.10219375000000004 0.23161562500000002 0.02424687500000003 0.23161562500000002 0.024246875000000036 0.3262265625 0.10219375000000004 0.3262265625
1 0.6793312499999999 0.1569218750000001 0.6013843750000001 0.1569218750000001 0.6013843750000001 0.2382531250000001 0.6793312499999999 0.2382531250000001
1 0.11214375000000003 0.1552609375 0.07068281250000001 0.1552609375 0.07068281250000001 0.203396875 0.11214375000000006 0.203396875
1 0.22989375 0.238253125 0.18511562500000006 0.238253125 0.18511562500000006 0.3195875 0.22989375 0.3195875
1 0.8236156250000001 0.7129718750000003 0.7589359375000001 0.7129718750000003 0.7589359375000002 0.8175421875 0.8236156250000001 0.8175421875
1 0.06404843750000003 0.1519421875 0.00434531250000002 0.1519421875 0.004345312500000026 0.238253125 0.06404843750000003 0.238253125
1 1 0.15526093750000014 0.9761921875 0.15526093750000014 0.9761921875 0.2183359375000001 1 0.2183359375000001
1 0.655238448980252 0.26085535681833905 0.596674557231963 0.25736532692754144 0.5907387086079233 0.35697089110024516 0.6493026003562122 0.36046092099104277
1 0.7245369193356652 0.1983481421707618 0.6670848382815191 0.1883933871256532 0.6468449462998485 0.3052042889900314 0.7042970273539947 0.31515904403514
1 0.8845607109979394 0.8330294830431753 0.8811276752438093 0.7595721593291811 0.8111737274433031 0.762841464441313 0.8146067631974331 0.8362987881553069
1 0.8036071639731324 0.15349772027372335 0.7524290010328241 0.14629394417683397 0.7417752258167816 0.2219821161303564 0.7929533887570899 0.22918589222724575
1 0.17336405537119357 0.2617564719029608 0.16412954798443996 0.17431782968347717 0.0938601893914108 0.18173906695933656 0.10309469677816444 0.2691777091788202
1 0.388133488868446 0.7703692476422448 0.3747577949233148 0.6911873634741837 0.3057608831395712 0.7028425745729723 0.31913657708470244 0.7820244587410332
1 0.5963111149185654 0.20338669280431496 0.5296079294842633 0.20167744648778757 0.5259081787706299 0.34605988892800904 0.592611364204932 0.34776913524453645
1 0.5331071916378095 0.19491169915003048 0.49355924348440106 0.19098082328843335 0.4849515610156211 0.27758141612882814 0.5244995091690295 0.28151229199042527