1 0.49182630468284155 0.7069173019242274 0.4004926885963183 0.4494787508470089 0.29887832057579466 0.48552932539703975 0.3902119366623178 0.7429678764742583
1 0.13423750000000007 0.384553125 0.06397812500000004 0.384553125 0.06397812500000005 0.545671875 0.13423750000000007 0.545671875
1 0.6180718749999999 0.3143625000000001 0.5062953125 0.3143625000000001 0.5062953125 0.478671875 0.6180718749999999 0.478671875
1 0.605296875 0.1420750000000001 0.5031015625 0.14207500000000006 0.5031015625 0.32552812500000006 0.605296875 0.32552812500000006
1 0.780084255906936 0.5866682502153554 0.7134537618352557 0.5733290993943452 0.6790603174452932 0.7451280559606446 0.7456908115169735 0.7584672067816548
1 0.6484109375000001 0.686053125 0.5637796875000001 0.686053125 0.5637796875000002 0.858340625 0.6484109375000002 0.858340625
1 0.1118828125000001 0.7562453125 0.028848437500000094 0.7562453125 0.02884843750000011 0.8663171875 0.1118828125000001 0.8663171875
1 0.8016790707255032 0.8407721464495648 0.7114445107107261 0.7506160768642888 0.6444399380301918 0.8176789841385161 0.7346744980449689 0.9078350537237923
1 0.14381875000000008 0.545671875 0.04800937500000007 0.545671875 0.04800937500000008 0.7658171874999999 0.14381875000000008 0.7658171874999999
1 0.2220625000000001 0.437196875 0.12785000000000007 0.437196875 0.12785000000000007 0.6078875 0.2220625000000001 0.6078875
1 0.8847390624999999 0.7275312500000002 0.7873343750000001 0.7275312500000002 0.7873343750000001 0.8790796875 0.8847390624999999 0.8790796875
1 0.49990781250000016 0.7259359375 0.41367968750000017 0.7259359375 0.41367968750000017 0.8758890625 0.49990781250000016 0.8758890625
1 1 0.48026718750000014 0.91986875 0.48026718750000014 0.91986875 0.6685078125000002 1 0.6685078125000002
1 0.19012656249999998 0.15005156250000004 0.08952656250000002 0.1500515625 0.08952656250000003 0.36700468750000004 0.1901265625 0.36700468750000004
1 0.5669734375 0.619053125 0.4759546875 0.619053125 0.4759546875000001 0.7323171875 0.5669734375 0.7323171875
1 0.2986067661043294 0.7708893462489927 0.22080072284212343 0.6420769257106683 0.14917071821480737 0.6853433065116317 0.22697676147701337 0.8141557270499561
1 0.41527656250000017 0.7339109374999999 0.3354359375000001 0.7339109374999999 0.3354359375000001 0.8998171875000001 0.41527656250000017 0.8998171875000001
1 0.29072500000000007 0.260125 0.217271875 0.260125 0.21727187500000006 0.4595296875 0.2907250000000001 0.4595296875
1 0.42650319512083723 0.1812778315279495 0.3443450552949566 0.17540343974832584 0.32707100027245545 0.41699512806938116 0.40922914009833605 0.42286951984900484
1 0.2699671875 0.13569531250000005 0.20130468750000002 0.13569531250000005 0.20130468750000002 0.258528125 0.2699671875 0.258528125
1 0.2923218750000001 0.7977218749999999 0.2284500000000001 0.7977218749999999 0.2284500000000001 0.8966265625000001 0.2923218750000001 0.8966265625000001
1 0.2811437500000001 0.5073859374999999 0.2204656250000001 0.5073859374999999 0.2204656250000001 0.6589359375 0.2811437500000001 0.6589359375
1 0.6819437500000001 0.1755750000000001 0.605296875 0.1755750000000001 0.605296875 0.3510531250000001 0.6819437500000001 0.3510531250000001
1 1 0.7402937500000002 0.918271875 0.7402937500000002 0.918271875 0.8934374999999999 1 0.8934374999999999
1 0.21407812500000006 0.7594359374999999 0.14062500000000008 0.7594359374999999 0.14062500000000008 0.8934374999999999 0.21407812500000006 0.8934374999999999
1 0.5685703125000001 0.7658171874999999 0.49831093750000016 0.7658171874999999 0.49831093750000016 0.8790796875 0.5685703125000001 0.8790796875
1 0.9246593750000001 0.5616250000000003 0.84481875 0.5616250000000003 0.84481875 0.7546500000000002 0.9246593750000001 0.7546500000000002
1 0.9805484375000001 0.3303140625000001 0.9230625 0.3303140625000001 0.9230625 0.4611250000000002 0.9805484375000001 0.4611250000000002
1 0.0160734375000001 0.7674109375 9.398073482400447e-17 0.7674109375 9.915783349186871e-17 0.8519593750000001 0.016073437500000107 0.8519593750000001
1 0.7402816503361103 0.23757798643579986 0.7386751307789222 0.1294660501723186 0.672611404417223 0.13044774259305306 0.674217923974411 0.23855967885653434
1 0.6177003505622853 0.4765614358453377 0.5436766293359632 0.47208568560940634 0.5362435808985132 0.5950196913942589 0.6102673021248354 0.5994954416301903
1 0.5262798153331741 0.5960333030163633 0.4751786367254887 0.38354733441240246 0.39254837352482097 0.40341925285463826 0.4436495521325064 0.615905221458599
1 0.8092119698606732 0.13946668922848354 0.7464204161954826 0.13360940505990979 0.7378008429305767 0.22601338985175207 0.8005923965957672 0.23187067402032585
1 0.9180751875361934 0.19532604546462365 0.8510804383125539 0.13312380230825527 0.8113412405820523 0.17592479229202262 0.8783359898056918 0.238127035448391
1 0.959459375 0.23203593750000007 0.8826015625 0.23203593750000007 0.8826015625 0.3847312500000001 0.959459375 0.3847312500000001
1 0.859796875 0.5074843750000001 0.7761828125 0.5074843750000001 0.7761828125 0.6631734375000002 0.859796875 0.6631734375000002
1 0.8463011904320249 0.6875051696581347 0.7906825926469646 0.6445660478568139 0.7430629541393381 0.7062472702413894 0.7986815519243983 0.7491863920427103
1 0.695493211150017 0.7883989115096437 0.6922821399000598 0.6459700622893273 0.6347435844323666 0.6472672742111942 0.6379546556823237 0.7896961234315106
1 0.7136082712268472 0.6287783688018977 0.6843331663522623 0.4825456258015537 0.6093628288404316 0.4975543334829566 0.6386379337150166 0.6437870764833007
1 0.3667785994149554 0.5608533918247474 0.2993503103492647 0.5488411999196697 0.2638560758272388 0.7480817319082476 0.3312843648929295 0.7600939238133252
1 0.35788510629087755 0.3877776036235552 0.2814915773115265 0.37700662767543575 0.2595567472789325 0.5325801877523831 0.33595027625828355 0.5433511637005026
1 0.35370441153025184 0.32669946912596703 0.34890749664949144 0.13980599064783777 0.27900566218272577 0.14160013109980288 0.28380257706348616 0.32849360957793217
1 0.2312754441617459 0.2665848156194626 0.16150320874629848 0.2585096106936201 0.1438300830559506 0.4112108111606907 0.21360231847139804 0.41928601608653315
1 0.06587812500000005 0.44461093749999997 5.697477881970694e-17 0.44461093749999997 6.980792916839699e-17 0.6541921875 0.06587812500000008 0.6541921875
1 0.05658750000000009 0.6571859375 8.162433564720121e-17 0.6571859375 8.76741865105203e-17 0.7559875 0.05658750000000009 0.7559875
1 1 0.14371250000000013 0.934965625 0.14371250000000013 0.934965625 0.32185625000000007 1 0.32185625000000007
1 0.9253161968103054 0.5300989301790532 0.9119038652378861 0.3320396417557675 0.8006567008391086 0.3395731629921914 0.8140690324115278 0.5376324514154771
1 1 0.6766468750000001 0.9552359375 0.6766468750000001 0.9552359375 0.7679640625000002 1 0.7679640625000002
1 0.8136189095241233 0.5768669549827404 0.7990603577090803 0.2620887664046568 0.6636055632316362 0.2683535767236433 0.6781641150466791 0.583131765301727
1 0.12231156453391626 0.33924759717324654 0.02765333995655177 0.28512813003006476 -0.02101532749874089 0.3702525759466496 0.07364289707862359 0.4243720430898314
1 0.09514847785610772 0.24008324541264686 0.07541117497860843 0.1373723540292511 0.0063383031005638775 0.15064565128637197 0.026075605978063153 0.25335654266976776
1 0.5216656622882709 0.14906686602801875 0.44755784734626536 0.13766836825583978 0.4159034664476506 0.34347066331474907 0.49001128138965616 0.35486916108692806
1 0.8933452681024615 0.3340790903604157 0.8625359142169126 0.17025478127878152 0.7847684048853516 0.18488000221958756 0.8155777587709006 0.3487043113012217