1 0.5779550559324527 0.6077609194049127 0.5604205177461037 0.3973637877874861 0.4657042460131873 0.40525746043787825 0.4832387841995363 0.6156545920553048
1 0.47703281249999996 0.5301359375 0.36479687500000013 0.5301359375 0.36479687500000013 0.6929859375 0.47703281249999996 0.6929859375
1 0.88961875 0.6392296875000003 0.7900296875000001 0.6392296875000003 0.7900296875000002 0.8574140625 0.88961875 0.8574140625
1 0.8632890294464308 0.4052878649700958 0.774518961178103 0.38975557038142883 0.7442612858563082 0.5626840381376621 0.833031354124636 0.5782163327263292
1 0.17826406250000007 0.47638125000000003 0.06760781250000007 0.47638125000000003 0.06760781250000009 0.66610625 0.1782640625000001 0.66610625
1 0.4801937500000001 0.6803375 0.37744375 0.6803375 0.37744375 0.8621578124999999 0.4801937500000002 0.8621578124999999
1 0.7125703125 0.46689687500000004 0.6366921875 0.46689687500000004 0.6366921875 0.625 0.7125703125 0.625
1 0.31421093750000006 0.42736875 0.17984375000000002 0.42736875 0.17984375000000005 0.743578125 0.31421093750000006 0.743578125
1 0.9307203124999999 0.2439671875000001 0.837453125 0.2439671875000001 0.837453125 0.4621531250000002 0.9307203124999999 0.4621531250000002
1 0.8267261875725325 0.3347004918693016 0.757766371763021 0.1968490023607627 0.6818982500374877 0.23480181461298208 0.7508580658469993 0.372653304121521
1 0.837453125 0.11748437500000009 0.7678984375 0.11748437500000009 0.7678984375 0.2502921875000001 0.837453125 0.2502921875000001
1 0.322115625 0.13013281250000003 0.20987968750000002 0.13013281250000003 0.20987968750000002 0.23764375000000001 0.322115625 0.23764375000000001
1 0.29049843750000004 0.256615625 0.2225265625 0.256615625 0.22252656250000005 0.42736875 0.2904984375000001 0.42736875
1 0.5054859375 0.2771687500000001 0.41538281250000003 0.2771687500000001 0.41538281250000003 0.39100468750000006 0.5054859375 0.39100468750000006
1 0.4335921549120676 0.31929043905733795 0.4086797232564285 0.14487058395003238 0.3267943046471964 0.15656629882974535 0.35170673630283555 0.33098615393705094
1 0.2225265625 0.2645203125 0.15929375000000004 0.2645203125 0.15929375000000004 0.3514796875 0.2225265625 0.3514796875
1 0.7805437500000002 0.7467406250000002 0.7109906250000002 0.746740625 0.7109906250000002 0.86848125 0.7805437500000002 0.86848125
1 0.19723281250000002 0.1317140625 0.1008046875 0.1317140625 0.10080468750000002 0.2819125 0.19723281250000005 0.2819125
1 0.21209139630951918 0.8175775163126053 0.1680268941797557 0.6559689584192292 0.08616545304230847 0.6782894573727961 0.13022995517207198 0.8398980152661724
1 0.5544921875000001 0.655040625 0.4817750000000001 0.655040625 0.4817750000000002 0.8637375 0.5544921875000002 0.8637375
1 0.75999375 0.3498968750000001 0.6999234375000001 0.3498968750000001 0.6999234375000001 0.501678125 0.75999375 0.5016781250000001
1 0.5703 0.13487500000000005 0.48335625000000004 0.13487500000000002 0.48335625000000004 0.2850750000000001 0.5703 0.2850750000000001
1 0.95285 0.14436250000000012 0.8674890625 0.1443625000000001 0.8674890625 0.2550359375000001 0.95285 0.2550359375000001
1 0.643015625 0.11116093750000008 0.5671375000000001 0.11116093750000008 0.5671375000000001 0.2755890625000001 0.643015625 0.2755890625000001
1 0.9781437499999999 0.6012843750000002 0.8832953124999999 0.6012843750000002 0.8832953124999999 0.7119562500000002 0.9781437499999999 0.7119562500000002
1 0.965496875 0.7593890625000002 0.89278125 0.7593890625000002 0.89278125 0.8574140625 0.965496875 0.8574140625
1 0.06760781250000006 0.33883125000000003 4.244051752657626e-17 0.33883125000000003 5.386427162540384e-17 0.5253953124999999 0.06760781250000006 0.5253953124999999
1 0.753671875 0.11432187500000009 0.687278125 0.11432187500000009 0.687278125 0.21234687500000007 0.753671875 0.21234687500000007
1 0.31262968750000003 0.76729375 0.2446562500000001 0.76729375 0.2446562500000001 0.8732234375000001 0.31262968750000003 0.8732234375000001
1 0.14506718750000006 0.2534546875 0.06128437500000004 0.2534546875 0.061284375000000044 0.44634062500000005 0.14506718750000006 0.44634062500000005
1 0.06602812500000008 0.547528125 0.00911875000000007 0.547528125 0.009118750000000078 0.6740125 0.06602812500000008 0.6740125
1 0.06760781250000003 0.117484375 1.4387686379357734e-17 0.117484375 2.368151180298076e-17 0.2692640625 0.06760781250000003 0.2692640625
1 0.37902343750000006 0.6566203125000001 0.3015656250000001 0.6566203125000001 0.3015656250000001 0.8289562500000001 0.37902343750000006 0.8289562500000001
1 1 0.5080031250000002 0.9702390624999999 0.5080031250000002 0.9702390624999999 0.6297437500000003 1 0.6297437500000003
1 1 0.13961875000000012 0.9623359375 0.13961875000000012 0.9623359375 0.2455484375000001 1 0.2455484375000001
1 1 0.6521515625000003 0.9860468750000001 0.6521515625000003 0.9860468750000001 0.8413296875 1 0.8413296875
1 1 0.2742828125000001 0.9907890625 0.2742828125000001 0.9907890625 0.40812187500000013 1 0.40812187500000013
1 1.0048602412362961 0.35739387464916617 0.9235034746271641 0.3506504734583335 0.9061674393254269 0.559803649735089 0.9875242059345591 0.5665470509259216
1 0.9183908755621195 0.46251070654604 0.848797299063205 0.4583833092146493 0.8392409237608257 0.6195168958941757 0.9088345002597402 0.6236442932255664
1 0.6770477407047008 0.5229707201530298 0.5869291292408414 0.27162522035596437 0.49014565996299037 0.3063264259515175 0.5802642714268498 0.5576719257485829
1 0.7193787853383379 0.26145794728131566 0.6553626794391734 0.24745832324209718 0.6126096218205143 0.44295530632979113 0.6766257277196788 0.4569549303690096
1 0.7687033527638814 0.561456915968126 0.6983288692202932 0.555790747450324 0.6830936802383438 0.7450135975870797 0.753468163781932 0.7506797661048819
1 0.8370701458480925 0.5966588612829494 0.7674016385362588 0.588129855877506 0.7488149369668285 0.7399538602762226 0.8184834442786622 0.748482865681666
1 0.9882645802917642 0.2536661155184566 0.9291582798652007 0.25119931851961036 0.9249895776065171 0.3510845414244082 0.9840958780330806 0.35355133842325437
1 0.8334605213179401 0.32010467296910505 0.7901294935774337 0.31122481994100015 0.7712851484866473 0.40317958960848915 0.8146161762271538 0.41205944263659405
1 0.6535870964815625 0.5967282036106207 0.5734799484315783 0.5902765672950764 0.5544829677102798 0.8261537731253554 0.634590115760264 0.8326054094408999
1 0.3708257030122123 0.5133870886520273 0.3483740996251966 0.36541987444523705 0.27374802124564646 0.37674316064135654 0.2961996246326621 0.5247103748481468
1 0.4463723201088955 0.539247653013539 0.4441160303325515 0.4070965499448567 0.36924250630001093 0.4083749075436251 0.371498796076355 0.5405260106123074
1 0.21385360836733525 0.3509239596554835 0.13061303869337054 0.34666032109391615 0.12281033551305383 0.4989953392591655 0.20605090518701852 0.5032589778207328
1 0.35332992828647175 0.3634851993814475 0.3420424848171461 0.21929612331439613 0.28615528018082914 0.22367109872999355 0.2974427236501548 0.367860174797045
1 0.48495 0.13204687500000006 0.41471562500000003 0.13204687500000006 0.41471562500000003 0.24480781250000008 0.48495 0.24480781250000008
1 0.10874268776726007 0.6248018894340299 0.03234796563949347 0.6185397631860122 0.020156278347205146 0.7672720828606324 0.09655100047497174 0.77353420910865
1 0.2468605455080363 0.7794329818179306 0.18867634530934135 0.7709316161129494 0.1752221522204521 0.8630134640608789 0.23340635241914703 0.8715148297658603
1 0.0526750000000001 0.681009375 8.381750584851799e-17 0.681009375 9.481024167936442e-17 0.860534375 0.052675000000000104 0.860534375
1 0.7039839907928853 0.8624895655797907 0.698807904580238 0.678753017422046 0.6287962708190034 0.6807253318900708 0.6339723570316508 0.8644618800478154
1 0.1737824629865591 0.8289302654865113 0.11035842145183908 0.7662258357210329 0.07061860559630237 0.8064217156744984 0.1340426471310224 0.8691261454399768