1 0.0958031250000001 0.7485015625 0.051696875000000087 0.7485015625 0.0516968750000001 0.8333234375 0.09580312500000011 0.8333234375
1 0.867678125 0.3888593750000001 0.7947328125 0.3888593750000001 0.7947328125 0.48555625000000013 0.867678125 0.48555625000000013
1 0.989821875 0.3498406250000001 0.938928125 0.3498406250000001 0.938928125 0.4024296875000002 0.989821875 0.4024296875000002
1 0.056785937500000064 0.444840625 0.012678125000000057 0.444840625 0.01267812500000006 0.5093046875 0.05678593750000007 0.5093046875
1 0.30276718750000003 0.2904671875 0.2230359375 0.2904671875 0.22303593750000003 0.43296718749999996 0.3027671875000001 0.43296718749999996
1 0.16305649698943536 0.5218314548853543 0.0904403175726394 0.4544011217025671 0.003131565235347367 0.5484245044314514 0.07574774465214333 0.6158548376142386
1 0.784553125 0.5839468750000002 0.7183921875 0.5839468750000001 0.7183921875 0.6925187500000001 0.784553125 0.6925187500000002
1 0.2756250000000001 0.5211812499999999 0.17044687500000005 0.5211812499999999 0.17044687500000008 0.6823406249999999 0.2756250000000001 0.6823406249999999
1 0.07714218750000004 0.298946875 0.0008031250000000385 0.298946875 0.0008031250000000449 0.40582343749999994 0.07714218750000004 0.40582343749999994
1 0.04660781250000008 0.6484125 7.987242099570221e-17 0.6484125 8.444303247139497e-17 0.72305625 0.04660781250000009 0.72305625
1 0.73875 0.17341250000000008 0.630178125 0.17341250000000008 0.630178125 0.3498406250000001 0.73875 0.3498406250000001
1 0.954196875 0.40412656250000023 0.9016078125 0.40412656250000023 0.9016078125 0.5093046875000002 0.954196875 0.5093046875000002
1 0.1925000000000001 0.6908234375 0.09410781250000008 0.6908234375 0.0941078125000001 0.8502875 0.1925000000000001 0.8502875
1 0.4266078125 0.44314375000000006 0.3774109375000001 0.44314375000000006 0.3774109375000001 0.5059125 0.4266078125 0.5059125
1 0.07883906250000003 0.20055625 0.026250000000000023 0.20055625 0.02625000000000003 0.28028749999999997 0.07883906250000003 0.28028749999999997
1 0.35366093750000005 0.5788593750000001 0.27732187500000005 0.5788593750000001 0.27732187500000005 0.709484375 0.35366093750000005 0.709484375
1 0.14160781250000004 0.23957343749999999 0.07375000000000002 0.23957343749999999 0.07375000000000004 0.349840625 0.14160781250000004 0.349840625
1 0.22133906250000007 0.3362703125 0.07883906250000004 0.3362703125 0.07883906250000006 0.48725312499999995 0.2213390625000001 0.48725312499999995
1 0.9134828125000001 0.32269843750000005 0.8507140625 0.32269843750000005 0.8507140625 0.4176984375000002 0.9134828125000001 0.4176984375000002
1 0.9949109375 0.5907343750000003 0.9151781250000001 0.5907343750000003 0.9151781250000001 0.7196625000000002 0.9949109375 0.7196625000000002
1 0.4113390625 0.3515375000000001 0.3655359375000001 0.3515375000000001 0.36553593750000013 0.42618124999999996 0.4113390625 0.42618124999999996
1 0.0533921875000001 0.7501984375 0.0008031250000000939 0.7501984375 0.0008031250000001006 0.8604671875 0.05339218750000011 0.8604671875
1 1 0.2158234375000001 0.9813390625 0.2158234375000001 0.9813390625 0.3430562500000001 1 0.3430562500000001
1 0.8286609374999999 0.4923406250000002 0.798125 0.4923406250000002 0.798125 0.53814375 0.8286609374999999 0.53814375
1 0.38758906249999997 0.20903750000000004 0.3044640625 0.2090375 0.3044640625000001 0.39055625 0.3875890625 0.39055625000000005
1 0.9185718749999999 0.6891265625000003 0.8642859375 0.6891265625000003 0.8642859375 0.7875187500000003 0.9185718749999999 0.7875187500000003
1 0.3485718750000001 0.412609375 0.2535718750000001 0.412609375 0.2535718750000001 0.551715625 0.3485718750000001 0.551715625
1 0.8184828124999999 0.2243046875000001 0.7336609375 0.2243046875000001 0.7336609375 0.39225312500000004 0.8184828124999999 0.39225312500000004
1 0.6445320587204304 0.428249536165081 0.6279365949891359 0.3121118525943161 0.5528874788173314 0.32283597629991767 0.5694829425486259 0.43897365987068254
1 0.796428125 0.4075187500000002 0.7353578125 0.4075187500000002 0.7353578125 0.5059125000000002 0.796428125 0.5059125000000002
1 0.5402671875000001 0.72305625 0.48937500000000006 0.72305625 0.48937500000000017 0.804484375 0.5402671875000002 0.804484375
1 0.48238955154178836 0.18583507032292648 0.41218619589569555 0.17064835213704874 0.37539783900548207 0.34070919548638323 0.44560119465157494 0.355895913672261
1 0.5537702996964053 0.4111145576243055 0.5438139588809088 0.21342833205080872 0.4664791273675619 0.2173232515740186 0.4764354681830585 0.41500947714751535
1 0.6216281331144737 0.30705054500854045 0.6177924000887023 0.1708015526700101 0.5439234190252784 0.17288114008847008 0.5477591520510499 0.30913013242700044
1 0.603843442769689 0.4537592797096252 0.5376071467306425 0.4495532749111457 0.5299175691785548 0.5706489843928382 0.5961538652176014 0.5748549891913177
1 0.6607140625000001 0.54761875 0.59375 0.54761875 0.59375 0.7063484375 0.6607140625000001 0.7063484375
1 0.7040290699637941 0.8604323962870785 0.6932206615639329 0.7451568909515545 0.6095806969236988 0.7529991024755929 0.62038910532356 0.8682746078111169
1 0.7925076417251248 0.8622958543615338 0.7867642757257931 0.7653878589613891 0.7002252517624863 0.7705166957079747 0.705968617761818 0.8674246911081193
1 0.7515135011709544 0.741791576952578 0.7296005270998748 0.6555200254916321 0.6662903848615243 0.6716008016201727 0.6882033589326039 0.7578723530811186
1 0.883269669087114 0.6509167147066176 0.8165105193235146 0.6388458981114061 0.78977840825495 0.7866911571497578 0.8565375580185496 0.7987619737449693
1 0.7665561364711719 0.513789448771081 0.697658209308304 0.47745632568282426 0.6345730521990358 0.5970837122142416 0.7034709793619038 0.6334168353024984
1 0.7370228165382976 0.35633049268682826 0.6413801200125284 0.35076613364113485 0.632984035073215 0.49508180365111476 0.7286267315989841 0.5006461626968082
1 0.9338677152604822 0.3128186561901466 0.9298046653285947 0.21161953862219596 0.8559433866061162 0.2145849998899879 0.8600064365380037 0.3157841174579385
1 0.873211885970948 0.3224494403383792 0.8394493897520094 0.18952622687798965 0.7840926595572542 0.2035868363474574 0.8178551557761928 0.33651004980784693
1 1 0.4206343750000002 0.9473218749999999 0.4206343750000002 0.9473218749999999 0.5772796875000001 1 0.5772796875000001
1 0.9308654355358664 0.457419087771057 0.8700135798060545 0.428075674285257 0.8210041319763632 0.5297106067778021 0.8818559877061751 0.5590540202636021
1 0.8388598411125475 0.6002235315770408 0.7952692590615709 0.5168530031180547 0.7438486832368397 0.5437384369881194 0.7874392652878164 0.6271089654471054
1 0.6020033447408989 0.5970491300501842 0.5298403346707383 0.5936632517990045 0.5230153158877566 0.7391244475740544 0.5951783259579172 0.7425103258252341
1 0.623324843589438 0.8560949971374565 0.6161096142473629 0.7213117330792439 0.5460310089664404 0.7250631870346566 0.5532462383085155 0.8598464510928692
1 0.5373210737243943 0.6406982499254299 0.5247938278220021 0.5337935308683007 0.47737910837965636 0.5393496546305248 0.4899063542820487 0.6462543736876539
1 0.49446229043265905 0.6950519820179248 0.47518820296115505 0.5066167214770373 0.3953426126705092 0.5147837221066347 0.4146167001420132 0.7032189826475223
1 0.4919179677147533 0.6991784169706337 0.37930086888919373 0.6912521243007406 0.370818001380437 0.8117770617896655 0.4834351002059966 0.8197033544595586
1 0.38665883985655963 0.7300911445111571 0.27805357260683206 0.7213142632253056 0.2671918471189492 0.8557174254631604 0.3757971143686768 0.864494306749012
1 0.40359613632395963 0.6452903042006246 0.39935044428960703 0.5018988347324554 0.3364825667544341 0.5037602958630075 0.34072825878878665 0.6471517653311767
1 0.2774113996445476 0.6940532644609672 0.19981109407217662 0.6882324776602571 0.18767816512325744 0.8499836336739325 0.2652784706956284 0.8558044204746424
1 0.18049873956696935 0.6808232256951403 0.1612121634781809 0.5587919713774471 0.07968106604006284 0.5716776515512245 0.09896764212885131 0.6937089058689178
1 0.13974896703149553 0.7324238432085238 0.0778292482883193 0.6074686031945665 0.01829791213711789 0.6369684752325548 0.08021763088029413 0.7619237152465123
1 0.051785937500000066 0.4984125 6.108366018190867e-17 0.4984125 6.924794028438064e-17 0.6317453125 0.051785937500000066 0.6317453125
1 0.021428125000000044 0.37936562500000004 4.645888983627852e-17 0.37936562500000004 5.1702195971721673e-17 0.4649953125 0.02142812500000005 0.4649953125
1 0.5304873164603079 0.42414646256849853 0.4663905109807874 0.4194444756396776 0.45967533667058474 0.510984760212535 0.5237721421501054 0.515686747141356
1 0.48660781249999996 0.3523812500000001 0.43303593749999997 0.3523812500000001 0.43303593749999997 0.45396875000000003 0.48660781249999996 0.45396875000000003
1 0.20542773319295754 0.32872500747860667 0.19165565721824565 0.19812330217349133 0.12746918881857838 0.20489182726497832 0.14124126479329027 0.3354935325700936
1 0.9434226451063588 0.552713100986347 0.8756196184430035 0.5440454537906244 0.8624281992850344 0.6472358726780771 0.9302312259483896 0.6559035198737997