1 0.9420661616692992 0.32123532381282816 0.9048216215526983 0.2559220550335768 0.851462106933587 0.28635003115510244 0.8887066470501879 0.3516632999343538
1 0.8546484375000001 0.4484968750000002 0.7946484375 0.4484968750000002 0.7946484375 0.5236421875000001 0.8546484375000001 0.5236421875000001
1 0.791315625 0.16127031250000007 0.7279828125 0.16127031250000007 0.7279828125 0.2597953125000001 0.791315625 0.2597953125000001
1 0.7496484375 0.5069437500000001 0.6596484375 0.50694375 0.6596484375 0.6104781250000001 0.7496484375 0.6104781250000002
1 0.441315625 0.4251171875 0.37464843750000004 0.4251171875 0.37464843750000004 0.5637203125 0.441315625 0.5637203125
1 0.5129828125 0.5036031249999999 0.4329828125 0.5036031249999999 0.4329828125 0.6255078125 0.5129828125 0.6255078125
1 0.9613156249999999 0.47855468750000013 0.9129828124999999 0.47855468750000013 0.9129828124999999 0.5503609375000001 0.9613156249999999 0.5503609375000001
1 0.5816546875 0.580765625 0.5099875 0.580765625 0.5099875 0.6943203125 0.5816546875 0.6943203125
1 0.9346484374999999 0.12954062500000013 0.8846484374999999 0.1295406250000001 0.8846484374999999 0.22472656250000006 0.9346484374999999 0.22472656250000006
1 0.09798281250000006 0.333271875 0.026315625000000044 0.333271875 0.026315625000000047 0.49859375000000006 0.09798281250000007 0.49859375000000006
1 1 0.24309531250000008 0.926315625 0.24309531250000008 0.926315625 0.3766890625000001 1 0.3766890625000001
1 0.9929828125 0.15792968750000014 0.9346484374999999 0.15792968750000014 0.9346484374999999 0.2314062500000001 0.9929828125 0.2314062500000001
1 1 0.6973140625000003 0.9596484375 0.6973140625000003 0.9596484375 0.7774703125000002 1 0.7774703125000002
1 1 0.39505781250000005 0.9596484375 0.39505781250000005 0.9596484375 0.5019343750000003 1 0.5019343750000003
1 0.8213156250000001 0.5102828125000002 0.7529828125 0.5102828125000002 0.7529828125 0.6221687500000002 0.8213156250000001 0.6221687500000002
1 0.9096839681442097 0.3967832016191416 0.8427542458905231 0.29618916919017624 0.7545711207413397 0.3548613580982477 0.8215008429950263 0.45545539052721307
1 0.3813156250000001 0.3850390625000001 0.3163156250000001 0.3850390625000001 0.3163156250000001 0.475215625 0.3813156250000001 0.475215625
1 0.916315625 0.5186328125000002 0.8229828124999999 0.5186328125000002 0.8229828124999999 0.6355281250000002 0.916315625 0.6355281250000002
1 0.3079828125000001 0.3449609375 0.24798281250000004 0.3449609375 0.2479828125000001 0.4418171875 0.30798281250000015 0.4418171875
1 0.8579828125000001 0.6204984375000002 0.761315625 0.6204984375000002 0.7613156250000002 0.7691203125000002 0.8579828125000001 0.7691203125000002
1 0.32798281250000005 0.6171578125 0.2263156250000001 0.6171578125 0.2263156250000001 0.78415 0.32798281250000005 0.78415
1 0.9546484375000001 0.6455468750000002 0.8629828125 0.6455468750000002 0.8629828125 0.7657812500000002 0.9546484375000001 0.7657812500000002
1 0.43798281250000004 0.12620156250000006 0.356315625 0.12620156250000006 0.356315625 0.21470781250000007 0.43798281250000004 0.2147078125000001
1 0.15468486167279694 0.3249143143829698 0.13510446250138902 0.246739295857074 0.05626669210009735 0.2664856936622725 0.07584709127150527 0.3446607121881683
1 0.5496484374999999 0.3349421875000001 0.48798281250000003 0.3349421875000001 0.48798281250000003 0.42845625 0.5496484374999999 0.42845625
1 0.5179828125 0.13622031250000005 0.461315625 0.13622031250000005 0.461315625 0.2113671875000001 0.5179828125 0.2113671875000001
1 0.7929828125 0.4150984375000002 0.7029828124999999 0.4150984375000001 0.7029828124999999 0.511953125 0.7929828125 0.5119531250000001
1 0.05464843750000008 0.582090625 7.136619654478082e-17 0.582090625 7.964863592826426e-17 0.717353125 0.05464843750000009 0.717353125
1 0.2263156250000001 0.6655859375000001 0.13631562500000008 0.6655859375000001 0.13631562500000008 0.7858203125000001 0.2263156250000001 0.7858203125000001
1 0.31964843750000005 0.45350625000000006 0.2496484375000001 0.45350625000000006 0.2496484375000001 0.5921093749999999 0.31964843750000005 0.5921093749999999
1 0.4146484375 0.21971718750000008 0.361315625 0.21971718750000005 0.361315625 0.3098921875 0.4146484375 0.3098921875000001
1 0.5996484375 0.18798906250000008 0.5329828125 0.18798906250000008 0.5329828125 0.27482500000000004 0.5996484375 0.27482500000000004
1 0.431315625 0.6071390625 0.3363156250000001 0.6071390625 0.3363156250000001 0.6973140625 0.431315625 0.6973140625
1 0.351315625 0.12787187500000002 0.281315625 0.12787187500000002 0.281315625 0.253115625 0.351315625 0.253115625
1 0.3679828125 0.2464359375000001 0.3029828125 0.24643593750000004 0.30298281250000003 0.3766890625 0.36798281250000003 0.37668906250000006
1 0.2296484375 0.13288125000000003 0.1429828125 0.13288125 0.14298281250000003 0.27816406250000003 0.2296484375 0.27816406250000003
1 0.636315625 0.343290625 0.5529828125 0.343290625 0.5529828125 0.448496875 0.636315625 0.448496875
1 0.7596484375000001 0.6989843750000001 0.6796484375000001 0.698984375 0.6796484375000003 0.80085 0.7596484375000002 0.80085
1 0.4196484375000001 0.7056640625 0.3413156250000001 0.7056640625 0.3413156250000001 0.805859375 0.41964843750000014 0.805859375
1 0.5179828125 0.22138750000000007 0.4246484375 0.22138750000000007 0.4246484375 0.3265921875000001 0.5179828125 0.3265921875000001
1 0.11298281250000002 0.14624062499999999 0.05131562500000002 0.14624062499999999 0.05131562500000002 0.23307656250000003 0.11298281250000004 0.23307656250000003
1 0.49298281250000003 0.34663125000000006 0.42964843750000004 0.34663125000000006 0.42964843750000004 0.44515625 0.49298281250000003 0.44515625
1 0.0877187500000001 0.6421875 0.03421093750000008 0.6421875 0.03421093750000009 0.7953125 0.0877187500000001 0.7953125
1 0.09869012924536628 0.5150395974311999 0.05043174575463387 0.5099604025688003 0.038912345896543854 0.6194083822181111 0.08717072938727627 0.6244875770805108
1 0.26977027272368487 0.5456309237273183 0.18472819614089966 0.5159281272539904 0.14251616858308014 0.6367853833547834 0.22755824516586537 0.6664881798281113
1 0.16052656250000003 0.3390625 0.09736875000000005 0.3390625 0.09736875000000006 0.490625 0.16052656250000003 0.490625
1 0.04649062500000004 0.2578125 3.164649977399772e-17 0.2578125 4.2075132672986904e-17 0.428125 0.04649062500000005 0.428125
1 0.58771875 0.415625 0.5052625 0.415625 0.5052625 0.565625 0.58771875 0.565625
1 0.7313102006895522 0.4349689386609693 0.6791449519803554 0.24914713302587832 0.5937679296913493 0.2731147916466467 0.6459331784005461 0.4589365972817377
1 0.7483542468238108 0.15277572714132637 0.6804032233233759 0.131582557922913 0.6362897214142612 0.2730223574177592 0.7042407449146961 0.29421552663617256
1 0.6630407579732784 0.12492074340869627 0.5986817110423744 0.11846874895387297 0.5867625347313191 0.23736327574743976 0.6511215816622231 0.24381527020226307
1 0.585965625 0.7078125 0.5368421875000001 0.7078125 0.5368421875000002 0.8 0.5859656250000002 0.8
1 0.9589766865955474 0.37094991076599537 0.8946483727432464 0.3485912268227599 0.846961880637787 0.48579034097739093 0.911290194490088 0.5081490249206264
1 1.0196651375101076 0.6693430709739558 0.9808607370948511 0.5695098619103629 0.913329671872326 0.5957586674926258 0.9521340722875825 0.6955918765562189
1 0.39597034442542106 0.5840117344351696 0.375035094765948 0.47524911931248015 0.31768676828501513 0.48628785289825294 0.33862201794448826 0.5950504680209423
1 0.2673508949011101 0.3956162492602071 0.2176209167143134 0.3734722091013308 0.17392876804977336 0.47159385196472164 0.22365874623657 0.493737892123598
1 0.8670338694902162 0.18909076147218504 0.7926300672092125 0.18689389131009843 0.7893127784486602 0.2992441345373526 0.8637165807296638 0.30144100469943924
1 0.8935772823795469 0.1998128457532383 0.883740164709157 0.12249310086397487 0.8208520916627373 0.13049412796911738 0.8306892093331273 0.20781387285838085
1 0.7903698828939382 0.40667227068151346 0.7618532844611107 0.24412664370422882 0.6914328172571889 0.25648103441931697 0.7199494156900165 0.4190266613966016
1 0.6493671501111036 0.4739675553576794 0.5843749609499496 0.4711628924254171 0.5785440967358907 0.6062809579918333 0.6435362858970447 0.6090856209240957
1 0.6731367192213336 0.7825866035133353 0.624844636752727 0.6248864677987218 0.5485100927906311 0.6482621870111144 0.5968021752592376 0.8059623227257278
1 0.23134871944290997 0.2869133279606706 0.1510123796767414 0.2766911190579898 0.13256548921915484 0.42166523116416277 0.21290182898532342 0.43188744006684365
1 0.29128136844000396 0.24277282754453106 0.2818601115795818 0.12542621184532496 0.2184820266379553 0.13051456666492423 0.22790328349837746 0.24786118236413035
1 0.15250084109764855 0.5394688595770537 0.08392258525531242 0.5383676887260995 0.0801307834281186 0.7745119306331887 0.14870903927045473 0.7756131014841429
1 0.7328336125497861 0.6268181357203855 0.6658804945155868 0.5946009329710717 0.6246151559086003 0.680357698012805 0.6915682739427995 0.7125749007621187
1 0.5451815233279775 0.8014473082043102 0.5038590603714377 0.6220244563556088 0.4205163523677823 0.6412189231066046 0.461838815324322 0.8206417749553061