1 0.3170140625000001 0.3906640625 0.25104218750000007 0.3906640625 0.25104218750000007 0.49292187500000006 0.3170140625000001 0.49292187500000006
1 0.09930625000000003 0.163059375 2.190902691227733e-17 0.163059375 3.0796135652839784e-17 0.30819687500000004 0.09930625000000004 0.30819687500000004
1 0.3664937500000001 0.4615828125 0.2922750000000001 0.4615828125 0.2922750000000001 0.55724375 0.3664937500000001 0.55724375
1 0.7182833423766836 0.4399869046155979 0.6887769056220674 0.3514116579787555 0.6353326576116278 0.3692151570791705 0.664839094366244 0.45779040371601293
1 0.6501734375 0.2917046875000001 0.5973953125 0.2917046875000001 0.5973953125 0.3890140625000001 0.6501734375 0.3890140625000001
1 0.16692656250000001 0.1548125 0.1174484375 0.1548125 0.11744843750000003 0.21253906250000001 0.16692656250000004 0.21253906250000001
1 0.46215312500000005 0.40385781249999997 0.407725 0.40385781249999997 0.407725 0.5011671875 0.46215312500000005 0.5011671875
1 0.21310781250000005 0.32798906250000004 0.13888906250000005 0.32798906250000004 0.13888906250000005 0.4187015625 0.2131078125000001 0.4187015625
1 0.60234375 0.545696875 0.5314234375 0.545696875 0.5314234375 0.6809406250000001 0.60234375 0.6809406250000001
1 0.6155375000000001 0.3692218750000001 0.5611109375 0.3692218750000001 0.5611109375 0.4632328125 0.6155375000000001 0.4632328125
1 0.38958281250000004 0.3444828125 0.32031250000000006 0.3444828125 0.3203125000000001 0.4335453125 0.3895828125000001 0.4335453125
1 0.7408859375 0.4929218750000001 0.684809375 0.49292187500000006 0.684809375 0.58693125 0.7408859375 0.5869312500000001
1 0.6567703125000001 0.6413578125 0.5973953125 0.6413578125 0.5973953125 0.740315625 0.6567703125000002 0.740315625
1 0.35659687500000004 0.15646250000000003 0.26423593749999996 0.15646250000000003 0.26423593749999996 0.2867578125 0.35659687500000004 0.2867578125
1 0.57100625 0.3114968750000001 0.5231765625 0.3114968750000001 0.5231765625 0.37252187500000006 0.57100625 0.37252187500000006
1 0.9486984375 0.4302468750000002 0.882725 0.4302468750000002 0.882725 0.5473468750000002 0.9486984375 0.5473468750000002
1 0.7903640625000001 0.7221750000000002 0.7128468750000001 0.7221750000000001 0.7128468750000001 0.82278125 0.7903640625000002 0.82278125
1 0.9998265625 0.4055078125000001 0.9404515625000001 0.4055078125000001 0.9404515625000001 0.4846750000000002 0.9998265625 0.4846750000000002
1 0.17187500000000006 0.22903125000000002 0.09435781250000001 0.22903125000000002 0.09435781250000003 0.34943124999999997 0.17187500000000006 0.34943124999999997
1 0.6018184505576746 0.5142308027745972 0.522249190191842 0.3346821387546876 0.4237050055792622 0.37835323998943454 0.5032742659450946 0.5579019040093441
1 0.4726450464704105 0.3004690909536489 0.4074867611957962 0.2894752383253057 0.3898163539159854 0.3942040788309699 0.4549746391905997 0.40519793145931315
1 0.43966240353682895 0.15425070321207712 0.37163639813842175 0.1476528314504412 0.35790014659164904 0.2892776395147546 0.42592615199005623 0.29587551127639056
1 0.7668284032218341 0.3697484648000001 0.7562492686673213 0.19425033224421692 0.6833494096213701 0.1986447802455767 0.6939285441758829 0.3741429128013599
1 0.6593194844704906 0.1922600496335996 0.5900353920270524 0.17747937673346947 0.5702479689581695 0.27023250498312024 0.6395320614016078 0.28501317788325037
1 0.8766868505677378 0.3182438008555253 0.8363436586153652 0.14918933244415022 0.7415472686195225 0.17181156179976848 0.7818904605718949 0.3408660302111436
1 0.8491800932082741 0.4668775109851171 0.8365642128171593 0.33229297957603243 0.7645697025494256 0.33904170560602326 0.7771855829405403 0.473626237015108
1 0.77256875 0.3780859375 0.7092015625 0.3780859375 0.7092015625 0.4783953125000001 0.77256875 0.47839531250000017
1 0.8555841331325151 0.5632914440623285 0.8068464964972396 0.45664496500565954 0.7375518912645989 0.48831272675913223 0.7862895278998746 0.5949592058158012
1 0.8897562499999999 0.5169750000000002 0.831596875 0.5169750000000002 0.831596875 0.6651234375000001 0.8897562499999999 0.6651234375000001
1 0.7893438044087271 0.6533797799776813 0.7810789324357474 0.545589180800674 0.7244760635697561 0.5499292203593422 0.7327409355427357 0.6577198195363495
1 0.6852794246925878 0.5039340791372677 0.6681794880198265 0.39752121939712126 0.5995166943742124 0.40855493680667154 0.6166166310469736 0.5149677965468179
1 0.6579394247882105 0.5974913097982348 0.6343327700315353 0.5009742526613308 0.5730455935939731 0.5159641959738458 0.5966522483506483 0.61248125311075
1 0.730318272237834 0.7472404244248684 0.7077463179615007 0.6000485209086103 0.6438300256368472 0.6098501172831382 0.6664019799131806 0.7570420207993964
1 0.8408445800114078 0.642369486826271 0.7894850680337061 0.6170895042821267 0.7532877620290849 0.690628952660247 0.8046472740067866 0.7159089352043913
1 0.8732640625 0.7083328125000002 0.8125 0.7083328125000002 0.8125 0.8209875 0.8732640625 0.8209875
1 0.9439692114322822 0.6981341226884752 0.8757291389395062 0.6933350929531791 0.8675545699904077 0.809573834626498 0.9357946424831838 0.8143728643617942
1 0.9175192594797444 0.41280940893499585 0.9152783801467856 0.30931383269211754 0.8504045892553377 0.31071847569751676 0.8526454685882964 0.4142140519403951
1 0.9357640625 0.19598750000000012 0.8680562500000001 0.1959875000000001 0.8680562500000001 0.30092656250000005 0.9357640625 0.30092656250000005
1 1 0.21296250000000008 0.9348953124999999 0.21296250000000008 0.9348953124999999 0.39351875000000014 1 0.39351875000000014
1 0.519096875 0.15123437500000006 0.4427078125 0.15123437500000006 0.4427078125 0.3086421875000001 0.519096875 0.3086421875000001
1 0.5770020003610341 0.3177986973909481 0.5680615150916433 0.20656018211054095 0.5119997404207414 0.21106599081679386 0.5209402256901322 0.32230450609720107
1 0.3133839060406023 0.3536383034125656 0.2514231146547486 0.25398164357237135 0.1762962767382947 0.30069119955272133 0.2382570681241484 0.4003478593929155
1 0.2526046875 0.16203750000000006 0.16666718750000004 0.16203750000000003 0.16666718750000004 0.2824078125 0.2526046875 0.2824078125
1 0.355034375 0.28086406249999996 0.293403125 0.28086406249999996 0.29340312500000004 0.36265468749999996 0.35503437500000007 0.36265468749999996
1 0.5022974377096001 0.6207574761661024 0.48995864742671885 0.5110340799830972 0.44212601685422986 0.5164130312172361 0.4544648071371111 0.6261364274002412
1 0.9558309143693128 0.6997069378307778 0.9521154017680287 0.5611036161343221 0.8896602823255713 0.5627778385155964 0.8933757949268554 0.701381160212052
1 0.994884821934075 0.5042305358585344 0.9455860478752734 0.5019178360292484 0.9411682123842796 0.5960908328624418 0.9904669864430812 0.5984035326917276
1 0.998967195294826 0.6913262668726581 0.9458982123411553 0.6812180516186259 0.9305505483415187 0.7617945825596826 0.9836195312951894 0.7719027978137147
1 0.7285822066274792 0.1829533960564337 0.6865264334247765 0.1686263416094631 0.6437082892972972 0.2943151330530295 0.6857640624999999 0.3086421875000001