1 1 0.11326250000000013 0.903125 0.11326250000000011 0.903125 0.2880875000000001 1 0.2880875000000001
1 0.44131875000000004 0.5998078125 0.3324656250000001 0.5998078125 0.3324656250000001 0.7235046875 0.44131875000000004 0.7235046875
1 0.9905375 0.5123937500000002 0.8701390625000001 0.5123937500000002 0.8701390625000001 0.6773234375000002 0.9905375 0.6773234375000002
1 0.899259706327251 0.39034931588628385 0.8042915174549368 0.36500991894364054 0.7465346734221883 0.5814737473917478 0.8415028622945027 0.6068131443343913
1 0.8571448665543894 0.28078231205290677 0.7555858189910356 0.23884145168012377 0.6466589478834067 0.5026059330336321 0.7482179954467606 0.5445467934064151
1 0.6468519519713006 0.20568831707183044 0.5727039000201104 0.16844805188234319 0.5018667156426868 0.3094899913145035 0.576014767593877 0.34673025650399075
1 0.7072519994336525 0.432543214459404 0.6986490352446441 0.22356395119023018 0.6227062980071987 0.2266902549136168 0.6313092621962071 0.43566951818279065
1 0.6423609375 0.3271609375000001 0.5720484375 0.3271609375000001 0.5720484375 0.4861109375 0.6423609375 0.4861109375
1 0.7834712072381878 0.08450823811753283 0.6970721746431628 0.07235922847152956 0.6721406603697682 0.24966246364173061 0.7585396929647931 0.26181147328773385
1 0.8619796875000001 0.10185156250000009 0.77430625 0.10185156250000009 0.77430625 0.25925937500000007 0.8619796875000001 0.25925937500000007
1 0.9343209954957453 0.1983274742176797 0.9087582414215009 0.09606495353092877 0.8500255605220784 0.11074647191978193 0.8755883145963228 0.2130089926065329
1 0.9446355332503309 0.3453866666372164 0.9021718984454887 0.23391783386230602 0.8238525478559764 0.2637532974514969 0.8663161826608183 0.37522213022640727
1 0.9696187500000001 0.3796296875000001 0.890625 0.3796296875000001 0.890625 0.5000000000000002 0.9696187500000001 0.5000000000000002
1 0.9913028622916595 0.8412722334236461 0.9548414827033765 0.6498592197565026 0.8615641341944444 0.6676271904175095 0.8980255137827274 0.8590402040846531
1 0.9021507711208885 0.8368789432557369 0.8529451641523945 0.6306873325686552 0.7667108235740587 0.6512663127490098 0.8159164305425527 0.8574579234360915
1 0.8227791151443642 0.8092773451340414 0.7519153220470597 0.5688018980412407 0.6623837768754254 0.595185235589528 0.7332475699727299 0.8356606826823285
1 0.7132661395285738 0.4590844631490749 0.6304654363135069 0.45485087755968107 0.6221302309032934 0.6178712901236163 0.7049309341183602 0.6221048757130101
1 0.7239801898925431 0.6803992801255478 0.6387037383557944 0.6689775558900197 0.6125142613891829 0.8645124521335351 0.6977907129259315 0.8759341763690633
1 0.6570429855565936 0.549296139623719 0.5771642406837691 0.5437666660853716 0.5628405031133618 0.7506873016715598 0.6427192479861862 0.7562167752099073
1 0.5801770160259829 0.7448376326196988 0.5654572601638159 0.5826076955311565 0.4846103800493239 0.5899432487518529 0.499330135911491 0.7521731858403952
1 0.5482529429382067 0.8676735279093364 0.5245165463170802 0.6339751824420815 0.424230495573571 0.6441610888559884 0.4479668921946976 0.8778594343232434
1 0.5060659181768934 0.6138379961991142 0.46965653071958735 0.43971816605519426 0.39014451841888753 0.45634455295767057 0.42655390587619363 0.6304643831015905
1 0.5825012969131447 0.5651947181836147 0.5642188348469321 0.3782890438829509 0.4632084814852943 0.38816952482896094 0.4814909435515068 0.5750751991296247
1 0.493589632472842 0.4500470944859942 0.484262153818399 0.21786759656645302 0.3889927409091799 0.22169490872491066 0.3983202195636229 0.45387440664445194
1 0.46006875 0.11111093750000005 0.3697921875 0.11111093750000005 0.3697921875 0.22993750000000007 0.46006875 0.22993750000000007
1 0.55555625 0.08179062500000006 0.4869796875 0.08179062500000006 0.4869796875 0.22839531250000009 0.55555625 0.22839531250000009
1 0.659721875 0.08024687500000008 0.5911453125 0.08024687500000006 0.5911453125 0.1851859375000001 0.659721875 0.1851859375000001
1 0.634362043133119 0.7538317259191176 0.5640161819389867 0.7391753489440324 0.5371590155440695 0.8680810466138056 0.6075048767382019 0.8827374235888907
1 0.434882186002684 0.776316372696036 0.3653614113027551 0.7640953569321681 0.3465567241452641 0.8710681687211632 0.416077498845193 0.8832891844850312
1 0.35187510072038897 0.8687247470661037 0.33054858554364297 0.6286447975941343 0.2412936979787051 0.6365733885424368 0.2626202131554511 0.8766533380144063
1 0.4047779508752532 0.5620395349633588 0.3957469534797723 0.33745032455451274 0.3103818900018962 0.34088295457503043 0.3194128873973771 0.5654721649838764
1 0.3932296875 0.22839531250000006 0.3151046875 0.2283953125 0.3151046875 0.33950625 0.3932296875 0.33950625000000006
1 0.5389411608939423 0.3917022633861095 0.5365553306607402 0.29405087676013775 0.4892922456300927 0.2952056140462801 0.4916780758632947 0.3928570006722519
1 0.35636343288485783 0.11281696451371066 0.25645604164774405 0.10849447876019884 0.251246436546161 0.22890622439796288 0.3511538277832748 0.23322871015147467
1 0.32097779843875324 0.4234630461152431 0.303764105124351 0.2247160960580435 0.23695349552984876 0.23050263689993838 0.25416718884425105 0.4292495869571379
1 0.2548448846898469 0.10586222486437118 0.1746420774015626 0.10176146924297647 0.16858686396513287 0.22018967154736818 0.24878967125341717 0.22429042716876285
1 0.20751993493559198 0.3629524304042962 0.17388583307672173 0.18356046258397302 0.06794572703164668 0.203423115081483 0.10157982889051693 0.38281508290180616
1 0.17708281250000002 0.1219140625 0.12065937499999999 0.1219140625 0.12065937500000001 0.21913593750000002 0.17708281250000005 0.21913593750000002
1 0.2457219834524978 0.40138167559198434 0.16292366181378798 0.3880087507912302 0.13565204399959702 0.5568606823641961 0.21845036563830683 0.5702336071649501
1 0.34768377527842853 0.5044750097574872 0.28745887820333194 0.50176268196406 0.28133756765662676 0.6376810980689996 0.34156246473172336 0.6403934258624268
1 0.2978291502587342 0.5144949397585444 0.21874728577997962 0.49364164886894024 0.1628405984326779 0.7056563901230166 0.2419224629114325 0.7265096810126208
1 0.24965454377799245 0.7432674533386465 0.17468211060394295 0.7343898222961346 0.15932862978607182 0.8640514188520998 0.23430106296012135 0.8729290498946117
1 0.18647567787878472 0.8249108351671154 0.18333975960232063 0.5905249577900225 0.09681898195207499 0.5916825449747264 0.09995490022853909 0.8260684223518192
1 0.14285314307147254 0.48475111165059176 0.13931741822801877 0.32773567620145894 0.05495013064324168 0.32963548633053985 0.05848585548669545 0.4866509217796726
1 0.12066973114164012 0.6544385202404939 0.1061263020201129 0.49282450049758253 0.03789390269953588 0.49896464270114327 0.0524373318210631 0.6605786624440546
1 0.11833984598593465 0.8452997676365435 0.0775621442720065 0.6036672666750249 -0.02498632158013252 0.6209732612539803 0.015791380133795642 0.8626057622154988
1 0.0681732397214642 0.5282062028676463 0.05868232539787503 0.393255307719455 0.0022125942381682195 0.3972267476993407 0.011703508561757392 0.532177642847532
1 0.07465312500000003 0.2283953125 0.01041718750000003 0.2283953125 0.01041718750000004 0.391975 0.07465312500000004 0.391975
1 0.10854048687248455 0.10737070318150914 0.016294150374475964 0.10265394692924075 0.01014803662263536 0.22285445061960368 0.10239437312064392 0.22757120687187204
1 1 0.3477046875000001 0.9696187500000001 0.3477046875000001 0.9696187500000001 0.4853390625000002 1 0.4853390625000002
1 1 0.6328781250000002 0.9670140625 0.6328781250000002 0.9670140625 0.8088531250000001 1 0.8088531250000001