1 0.7152642742147078 0.6874044773091535 0.6356532732128678 0.6859614011593063 0.6329712951069126 0.8339196095343209 0.7125822961087527 0.835362685684168
1 0.7903739540259472 0.7626081587667144 0.7845807604193388 0.6388947702522585 0.7153595275316891 0.6421362302803251 0.7211527211382976 0.7658496187947811
1 0.8333477579442485 0.583276107149518 0.7681890665933835 0.5649525077050894 0.7443134479929001 0.649854170608056 0.8094721393437652 0.6681777700524847
1 0.9478639694798883 0.5774560361995483 0.8956841586422953 0.4880063694724924 0.8349959449199265 0.5234083964220996 0.8871757557575192 0.6128580631491556
1 0.8924691280354619 0.6127025390232974 0.8290631531942619 0.597424211848661 0.8061118852849354 0.6926733512994945 0.8695178601261354 0.7079516784741309
1 0.8759118342625756 0.7378004997219177 0.8029892406004338 0.7060512314799187 0.7592908386055115 0.8064189246208041 0.8322134322676533 0.8381681928628033
1 0.9398888221043936 0.814231149107789 0.9345705376934939 0.6866927584733877 0.8591797556930612 0.6898365147858521 0.8644980401039609 0.8173749054202535
1 0.9600463851632967 0.6700736328712827 0.9048019594647526 0.6155105550896873 0.8672534555855865 0.6535279400500309 0.9224978812841307 0.7080910178316263
1 0.9701153043078905 0.5636744863247027 0.924279039571109 0.5603128373965693 0.9182417604485094 0.6426314643767486 0.964078025185291 0.645993113304882
1 0.9609375 0.4382718750000002 0.890625 0.4382718750000002 0.890625 0.5277781250000002 0.9609375 0.5277781250000002
1 1 0.4351859375000002 0.9539937500000001 0.4351859375000002 0.9539937500000001 0.5401234375000001 1 0.5401234375000001
1 0.7807398850010856 0.8328462109080907 0.7739185416089688 0.7791488442763213 0.7232416465664494 0.7855864877738473 0.7300629899585662 0.8392838544056168
1 1 0.6929015625000001 0.9401046875000001 0.6929015625000001 0.9401046875000001 0.8132718750000001 1 0.8132718750000001
1 1 0.5848765625000002 0.9704859375 0.5848765625000002 0.9704859375 0.6790125000000001 1 0.6790125000000001
1 0.5824656250000001 0.71450625 0.5052078125000001 0.71450625 0.5052078125000002 0.8425921875 0.5824656250000002 0.8425921875
1 0.4829673309030616 0.7536615479259717 0.4775060928437925 0.6491455137805431 0.38040632310638933 0.6542192324914761 0.38586756116565846 0.7587352666369047
1 0.48744073064091353 0.7637894296854248 0.4064309885445681 0.7558653388711053 0.3982073432485701 0.8399374930312697 0.4792170853449155 0.8478615838455893
1 0.37882985921967516 0.790551103982295 0.3501491817369599 0.6399848069037855 0.25883075372561126 0.6573796318602387 0.2875114312083265 0.8079459289387485
1 0.2791664299290778 0.7366238301558593 0.19816497920595805 0.7058008242791463 0.1606112635795741 0.8044902726070517 0.24161271430269382 0.8353132784837648
1 0.3248178866542052 0.8407488170141381 0.31501787093290484 0.7599011679113814 0.2499496976989528 0.7677884612059402 0.2597497134202531 0.8486361103086969
1 0.4865748584428948 0.16725129704494485 0.4478876900577452 0.16604245904078516 0.44431445353577803 0.28039889268170637 0.4830016219209276 0.2816077306858661
1 0.4318263640370982 0.24719178534322514 0.4160003138134427 0.1668081468583011 0.37818517984293865 0.17425324664118413 0.3940112300665941 0.25463688512610816
1 0.3263071436632007 0.2656782150489472 0.31995155491611965 0.16397735389178708 0.23617364975095229 0.16921288390857764 0.24252923849803332 0.27091374506573773
1 0.17927530816207884 0.7324902603558451 0.08373178462925146 0.7191505440130039 0.06832804466810394 0.8294772971198092 0.16387156820093132 0.8428170134626504
1 0.0737843750000001 0.69753125 8.704387611108418e-17 0.69753125 9.356397221016963e-17 0.8040125 0.0737843750000001 0.8040125
1 0.07465312500000008 0.6959875 8.689184769203376e-17 0.6959875 9.36009986407376e-17 0.8055562500000001 0.07465312500000008 0.8055562500000001
1 0.21386182390559813 0.35753737092650006 0.20187218736228457 0.2224920349509424 0.13451314242693754 0.22847232639044618 0.1465027789702511 0.3635176623660038
1 0.24045068014293483 0.17708404871473155 0.17947270909053292 0.16353288031840166 0.16546080081148326 0.22658410309415924 0.22643877186388517 0.2401352714904891
1 0.15757530045465226 0.21407767483669088 0.08760988143290686 0.19984192768760886 0.06553772476279561 0.3083214949323482 0.135503143784541 0.32255724208143016
1 0.11306377453430996 0.23077845575417105 0.07951314616009572 0.15995186767428243 0.016376454127536577 0.18985978429977768 0.0499270825017508 0.2606863723796663
1 0.08483042046769815 0.2781122420636628 0.023335645270593695 0.27024992222301686 0.012091452872419927 0.3581958590219801 0.07358622806952438 0.36605817886262604
1 0.02430625000000003 0.22950624999999997 2.810640944468122e-17 0.22950624999999997 3.597591323557717e-17 0.358025 0.024306250000000036 0.358025