1 0.3303204106252983 0.4520878682863696 0.21366944375358968 0.45122337391079637 0.21165375537913728 0.7232112600506224 0.32830472225084595 0.7240757544261957
1 0.44334412871437345 0.6593398415569789 0.4395017629806933 0.49886907434895117 0.3299795187860889 0.5014915116033551 0.3338218845197691 0.6619622788113828
1 0.4712171875 0.28216406250000015 0.3914468750000001 0.28216406250000015 0.3914468750000001 0.46637500000000004 0.4712171875 0.46637500000000004
1 0.4333875 0.16520468750000003 0.344571875 0.16520468750000003 0.344571875 0.31140312500000006 0.4333875 0.3114031250000001
1 0.5759045352523342 0.16589103605631517 0.5035939686171903 0.14652259429333664 0.46398810660120143 0.29438799097814766 0.5362986732363454 0.3137564327411262
1 0.686678125 0.1593562500000001 0.6003296875 0.1593562500000001 0.6003296875 0.3070171875000001 0.686678125 0.3070171875000001
1 0.3873359375000001 0.37573125 0.31743437500000005 0.37573124999999996 0.31743437500000005 0.5131578125 0.3873359375000001 0.5131578125
1 0.3819310139874308 0.3721132687871433 0.3788079819237204 0.3001133661132071 0.3198972230002413 0.30266864997030796 0.3230202550639517 0.37466855264424415
1 0.32517948759634707 0.4388933084468517 0.30852699117987353 0.2834515497355522 0.2514214279450874 0.2895692763684204 0.2680739243615609 0.4450110350797199
1 0.3514166144771471 0.18668169448296218 0.27642256457312697 0.14266450840779116 0.22145752342199124 0.23631090897563528 0.2964515733260114 0.2803280950508063
1 0.27360035266030375 0.25649425226302425 0.21882153102135415 0.24069154322810543 0.18213703386133676 0.36785540623429863 0.23691585550028632 0.38365811526921745
1 0.22557826816003862 0.20152812309758966 0.15550719116129713 0.1828420587677903 0.11585067805570085 0.3315504509835029 0.18592175505444236 0.3502365153133023
1 0.1924554918099025 0.5237905067372685 0.18699583525838187 0.41706018374291587 0.11839482598541747 0.42056938280846995 0.12385448253693813 0.5272997058028226
1 0.26576352971268574 0.3954193584190294 0.20279341747932622 0.3843487996455203 0.18050799998771405 0.5111098122849282 0.24347811222107357 0.5221803710584373
1 0.1702621442768663 0.5245032416247524 0.06894308722693292 0.5155966667556623 0.05621511958435682 0.6603869703979001 0.15753417663429023 0.6692935452669901
1 0.16357035209273735 0.8133789836256268 0.1582415793288035 0.6522393266234784 0.06836236327618077 0.6552115677679321 0.07369113604011461 0.8163512247700805
1 0.07821768684405751 0.809374953266164 0.07063081584351574 0.632146882004933 0.009601431631534502 0.6347594594705892 0.017188302632076262 0.8119875307318202
1 0.10379103938384518 0.4188132705635648 0.027395159455125197 0.40162593264340707 -0.013172474133567036 0.581944727737278 0.06322340579515293 0.5991320656574357
1 0.05098750000000004 0.3011703125 3.7777866189885073e-17 0.3011703125 4.699849983215281e-17 0.4517546875 0.05098750000000004 0.4517546875
1 0.1615347787482819 0.3239053796624246 0.07567782462181916 0.27780914177048077 0.03270400151088648 0.35785041472909 0.11856095563734922 0.4039466526210339
1 0.07647968750000003 0.1666671875 2.157454525526021e-17 0.1666671875 2.963138173621322e-17 0.2982453125 0.07647968750000003 0.2982453125
1 0.16566751470980162 0.18027975385287548 0.09980502562774318 0.1512865478251865 0.058493982497236294 0.2451308824100889 0.12435647157929472 0.2741240884377779
1 0.49671093749999995 0.62719375 0.4177625 0.62719375 0.4177625000000001 0.777778125 0.49671093750000006 0.777778125
1 0.4029544916610952 0.6740284877965962 0.3343777448334736 0.6673790656360791 0.32046661077064265 0.8108472190609589 0.3890433575982642 0.8174966412214759
1 0.23902114373486455 0.7936614799367103 0.21584655357160504 0.6371273371090412 0.15252747421226198 0.6465016096297855 0.17570206437552152 0.8030357524574546
1 0.7470290140608501 0.43765696690428735 0.6935642258932126 0.3996332727922851 0.6127726067127265 0.513233671335405 0.6662373948803639 0.5512573654474073
1 0.7043309505227613 0.45449261399703333 0.682857760963379 0.3017728416010678 0.597981014476541 0.31370695096949985 0.6194542040359232 0.46642672336546537
1 0.5805921875 0.2748531250000001 0.5074015625 0.2748531250000001 0.5074015625 0.3654968750000001 0.5805921875 0.3654968750000001
1 0.6324665770271409 0.5292973120907983 0.607346992559439 0.3618532997401925 0.5405930627205366 0.3718675782778346 0.5657126471882387 0.5393115906284405
1 0.5602194697137762 0.5368782150229687 0.5421543786452119 0.3603103923471232 0.46395053196185254 0.3683116215112873 0.48201562303041684 0.5448794441871329
1 0.5407217304151948 0.6743920500642316 0.52173191164177 0.5543597186912342 0.46627286920602895 0.563133664453645 0.48526268797945377 0.6831659958266424
1 0.5435859375000001 0.69590625 0.4827296875000001 0.69590625 0.48272968750000017 0.8523390624999999 0.5435859375000002 0.8523390624999999
1 0.6218904011820012 0.5829304616234974 0.5502282959677476 0.5732911001277625 0.515732258068359 0.8297457105824801 0.5873943632826126 0.8393850720782149
1 0.4503788538472492 0.7718138109302642 0.39892367549473956 0.750029628925976 0.3630809596554084 0.834691671126507 0.4145361380079179 0.8564758531307953
1 0.33717031250000007 0.7733921875 0.2919406250000001 0.7733921875 0.2919406250000001 0.8479531250000001 0.33717031250000007 0.8479531250000001
1 0.29318166667268863 0.752082139707326 0.22227784430199735 0.7476504753949593 0.2162429600917767 0.8442048007925589 0.28714678246246794 0.8486364651049255
1 0.7062420418823689 0.7177979242899127 0.6193517132991093 0.6984872426673536 0.5908659961440031 0.8266615542693568 0.6777563247272627 0.8459722358919158
1 0.797696875 0.6535093750000002 0.6957234375000001 0.6535093750000001 0.6957234375000001 0.8362578125000001 0.7976968750000001 0.8362578125000001
1 0.7245565571429247 0.5647477341275251 0.6275939843548881 0.544061670598137 0.598107652044962 0.682274078134818 0.6950702248329985 0.7029601416642061
1 0.7636523967776128 0.2529310961043911 0.7227330459546509 0.14100991351145006 0.663577296144062 0.16263776646667355 0.7044966469670237 0.2745589490596146
1 0.8159624548996925 0.1452080234746617 0.7463315605023062 0.13940636765189046 0.7354288558387998 0.2702595413425498 0.805059750236186 0.276061197165321
1 0.90625 0.1447375000000001 0.811678125 0.1447375000000001 0.811678125 0.2353796875000001 0.90625 0.2353796875000001
1 0.989309375 0.15643281250000016 0.9251640625 0.15643281250000016 0.9251640625 0.22514687500000008 0.989309375 0.22514687500000008
1 0.9974769895588729 0.2497926815102888 0.8918198273923682 0.22948484757841925 0.8736049316932688 0.3242529156639831 0.9792620938597734 0.3445607495958526
1 0.9730018414879934 0.462816349067859 0.9560751329714166 0.3625103252619035 0.88794854415906 0.3740067326290848 0.9048752526756368 0.47431275643504023
1 0.9286587138399337 0.5919743610773371 0.9206353279208201 0.44458593044415035 0.8376107809203701 0.44910553879117215 0.8456341668394837 0.596493969424359
1 0.8264796875 0.2748531250000001 0.7582234375 0.2748531250000001 0.7582234375 0.41812812500000013 0.8264796875 0.41812812500000013
1 0.9038023348475328 0.3076904156999395 0.8709813736075434 0.23266725755608714 0.8028766533918994 0.26246155624679274 0.8356976146318887 0.3374847143906451
1 0.7878843854949913 0.4584840419764774 0.7484865855725474 0.35342074691444114 0.6920103530097556 0.37459883113089826 0.7314081529321993 0.47966212619293447
1 0.8707853520205354 0.4206972655560546 0.8047377516442475 0.3885005015095609 0.7590043833906038 0.4823167380082478 0.8250519837668918 0.5145135020547416
1 0.877250787151094 0.6085808544209227 0.8416099023607296 0.49914671801278965 0.7859647868688248 0.5172694100309094 0.821605671659189 0.6267035464390425
1 0.8075035661979395 0.48571969959781447 0.7359079998092637 0.47313667119643776 0.7090906326824108 0.6257235149398748 0.7806861990710867 0.6383065433412514
1 0.8981630076037235 0.6626961473519994 0.800374760637023 0.6346590414859643 0.7760355446696392 0.7195497314654064 0.8738237916363397 0.7475868373314416
1 0.88241253985116 0.7453463867417806 0.8132108168717321 0.742104482013674 0.8083819984606493 0.8451804765377006 0.877583721440077 0.848422381265807
1 1.010784255190623 0.8299918615555836 0.9653695901427113 0.6542815683103124 0.8802605318320461 0.6762791377431212 0.9256751968799579 0.8519894309883924
1 1.0014685039493938 0.5392358516927915 0.920086550157319 0.519614214032434 0.8911154395143663 0.6397736843305368 0.972497393306441 0.6593953219908945
1 0.999178125 0.4561406250000002 0.9671046875 0.4561406250000002 0.9671046875 0.5891812500000002 0.999178125 0.5891812500000002
1 0.999178125 0.35233906250000013 0.9605265624999999 0.35233906250000013 0.9605265624999999 0.44882968750000013 0.999178125 0.44882968750000013
1 0.999178125 0.6111109375000001 0.9720390625 0.6111109375000001 0.9720390625 0.7105265625000002 0.999178125 0.7105265625000002