1 0.9953125 0.14531250000000012 0.9 0.14531250000000012 0.9 0.3109375000000001 0.9953125 0.3109375000000001
1 0.4625 0.60625 0.3593750000000001 0.60625 0.3593750000000001 0.7234375 0.4625 0.7234375
1 0.9828125 0.5234375000000002 0.86875 0.5234375000000002 0.86875 0.6796875000000002 0.9828125 0.6796875000000002
1 0.8963395220156027 0.4078174659742383 0.8063703122913644 0.38381071923984045 0.7516506491473149 0.5888816063497824 0.8416198588715531 0.6128883530841802
1 0.8564412372704437 0.3040175680547005 0.7602275829175691 0.26428280485182415 0.6570309107344158 0.5141629638728322 0.7532445650872904 0.5538977270757085
1 0.6572151610384245 0.23287450450899239 0.5869688034119256 0.1975944719257078 0.519861277378517 0.3312128086447585 0.5901076350050158 0.3664928412280431
1 0.7144347568901539 0.44778876073152984 0.7062858146478637 0.2498092025942607 0.6343398124520125 0.25277053770367225 0.6424887546943028 0.45075009584094144
1 0.6529609375 0.3479531250000001 0.5863484375 0.3479531250000001 0.5863484375 0.4985375 0.6529609375 0.4985375
1 0.7866450419784551 0.11807381248632727 0.7047927376671239 0.10656287656652011 0.6811710522993517 0.27453265700308827 0.7630233566106828 0.2860435929228954
1 0.8610203125 0.13450312500000008 0.7779609375 0.13450312500000008 0.7779609375 0.2836250000000001 0.8610203125 0.2836250000000001
1 0.9295546351663063 0.22590109556910393 0.9053374693780819 0.1290209278243839 0.8496959649360957 0.1429296520673933 0.87391313072432 0.2398098198121133
1 0.9393259459496466 0.3652217860760405 0.8990991085129234 0.2596173809918883 0.8249005919744041 0.2878810851476249 0.8651274294111275 0.3934854902317771
1 0.9629937500000001 0.3976609375000001 0.8881578125 0.3976609375000001 0.8881578125 0.5116953125000002 0.9629937500000001 0.5116953125000002
1 0.9835359281991302 0.8350078354766939 0.9489958574010379 0.6536693875424294 0.8606284771800127 0.6705009839514965 0.8951685479781049 0.851839431885761
1 0.8990793462171165 0.830843498272616 0.8524604305296697 0.6355046110855772 0.7707636330023735 0.6550020914424334 0.8173825486898204 0.8503409786294721
1 0.8238822434492146 0.8046975364263602 0.7567501856200276 0.5768775356861693 0.6719308519904775 0.601871374645663 0.7390629098196646 0.8296913753858538
1 0.7201352086778985 0.4729351744923648 0.6416927640519906 0.46892254907623254 0.6337925793747965 0.6233625315833939 0.7122350240007044 0.6273751569995262
1 0.7302846443718881 0.6826017550693034 0.6494965633805533 0.6717806747044588 0.6246843875971273 0.857023552418862 0.7054724685884621 0.8678446327837067
1 0.6668695682048685 0.558397644767959 0.5911956911777432 0.5531593636011494 0.5776261911560956 0.7491886799471328 0.6533000681832208 0.7544269611139424
1 0.5940484811958422 0.7436471868163588 0.5801049293709458 0.58995549293187 0.5035119557906322 0.5969043271176828 0.5174555076155285 0.7505960210021716
1 0.5638057098349037 0.8600185593900382 0.5413184846730807 0.6386197487508369 0.44631083662984683 0.648269567408287 0.4687980617916698 0.8696683780474885
1 0.5238380974136781 0.6195431605933184 0.4893463552929795 0.4545874639091796 0.41401857596586894 0.4703382769535491 0.44851031808656766 0.6352939736376879
1 0.5962507595656494 0.5734607696198738 0.5789313177260387 0.3963910746886383 0.48323676729690695 0.40575109646519747 0.5005562091365177 0.582820791396433
1 0.5120176326843784 0.46437342051857067 0.5031852960290317 0.24441297561986947 0.41292857901420643 0.2480371622796501 0.4217609156695531 0.4679976071783513
1 0.4802625 0.14327500000000004 0.3947375 0.14327500000000004 0.3947375 0.2558484375000001 0.4802625 0.2558484375000001
1 0.5707234375 0.11549687500000008 0.50575625 0.11549687500000005 0.50575625 0.25438593750000005 0.5707234375 0.25438593750000005
1 0.6694078125 0.11403437500000009 0.604440625 0.11403437500000009 0.604440625 0.21345000000000008 0.6694078125 0.21345000000000008
1 0.6453819248454249 0.752166812204072 0.5787385319359675 0.7382831017626172 0.5532972799401904 0.8604040117320875 0.6199406728496477 0.8742877221735421
1 0.4563991516631269 0.7734665801316335 0.39053624444807855 0.7618918483914163 0.37272608160929016 0.8632358042483164 0.4385889888243385 0.8748105359885334
1 0.37776872190474525 0.861009339497165 0.3575439812018362 0.6335674371052707 0.2729864964550731 0.6410865142212667 0.29321123715798214 0.8685284166131609
1 0.4278765190329999 0.5704718559900482 0.4193326323070285 0.35770308750431346 0.3384599445307238 0.3609505898915443 0.34700383125669515 0.5737193583772792
1 0.41694062499999995 0.25438593750000005 0.342928125 0.25438593750000005 0.342928125 0.3596484375000001 0.41694062499999995 0.3596484375000001
1 0.5549848830734381 0.4090977332432681 0.5527237819321156 0.3165860266607596 0.5079480708593309 0.31768040071513837 0.5102091720006534 0.4101921072976468
1 0.38201596557083173 0.1448927329020671 0.28736745905795924 0.14079584971227574 0.2824297884862945 0.25486870061150446 0.377078294999167 0.2589655838012958
1 0.34847486978699843 0.4391913175751462 0.33219097356989635 0.2509048978176973 0.2688999320813904 0.2563786051217014 0.2851838282984924 0.4446650248791503
1 0.28583921129564105 0.13830153830012212 0.2098568552752768 0.13441844679983442 0.20412312219250497 0.2466132143938069 0.28010547821286924 0.25049630589409466
1 0.2410071207861794 0.3818605357919038 0.20914017970274829 0.2119102439213704 0.10877591076930113 0.23072928924210592 0.14064285185273226 0.4006795811126393
1 0.21217031249999999 0.15350937500000006 0.15871718750000002 0.15350937500000003 0.15871718750000002 0.2456140625 0.21217031249999999 0.2456140625
1 0.27719716292847807 0.41826788475352006 0.19875726545951578 0.4055988047511915 0.17292057884730686 0.5655651991876371 0.2513604763162692 0.5782342791899657
1 0.3737871188864516 0.5159341991522124 0.31673138567442194 0.5133682521900435 0.3109405247216117 0.642132339079905 0.3679962579336414 0.6446982860420739
1 0.3265617908144792 0.5254270569947668 0.2516413361747311 0.5056716383587556 0.19867835127569722 0.7065284757066943 0.2735988059154453 0.7262838943427055
1 0.2809226148650782 0.7421608854470968 0.20989597032303037 0.733750991940459 0.19535173781991927 0.8565858448812256 0.2663783823619671 0.8649957383878635
1 0.2210696990224068 0.8195055329040718 0.21809758055253708 0.5974555107958259 0.13613070382275524 0.5985526296609047 0.13910282229262497 0.8206026517691505
1 0.17974319665709843 0.4972485481616523 0.17639185598995274 0.34849862492596706 0.0964660458891401 0.35029935605858764 0.09981738655628576 0.4990492792942729
1 0.15872557379702878 0.6580058693931581 0.1449476644702222 0.5048976247505635 0.08030729471048852 0.5107144842899034 0.09408520403729512 0.6638227289324979
1 0.15651943099579937 0.8388229585781797 0.11788849543572166 0.6099059184884036 0.020737262541665736 0.6263006919663435 0.059368198101743444 0.8552177320561196
1 0.10899194317788656 0.5384185576726541 0.10000219820166892 0.41056946762455765 0.046505176826544904 0.4143311258340037 0.055494921802762553 0.5421802158821001
1 0.11513125000000005 0.2543859375 0.054276562500000035 0.2543859375 0.05427656250000005 0.40935625 0.11513125000000005 0.40935625
1 0.1472347887519478 0.13973120108474857 0.05984287041846793 0.1352650219209487 0.054023367528992026 0.24913808939230025 0.14141528586247187 0.2536042685561002
1 0.04372431624132166 0.7056767939061394 0.041566029849999 0.5098759035876466 -0.0005129738913226677 0.5103397346815072 0.0016453125000000005 0.706140625
1 0.05345468750000002 0.1388890625 1.7367118095939588e-17 0.1388890625 2.685631295423909e-17 0.293859375 0.05345468750000003 0.293859375
1 0.05674375000000005 0.34356718750000004 4.207484564639336e-17 0.34356718750000004 5.004222550568991e-17 0.47368437500000005 0.05674375000000006 0.47368437500000005
1 0.03618437500000009 0.71345 8.737242588516791e-17 0.71345 9.560836696049624e-17 0.8479531250000001 0.036184375000000095 0.8479531250000001
1 0.9991781250000003 0.3611109375000002 0.963592219477183 0.3606980688517462 0.961946906977183 0.5025105688517463 0.9975328125000003 0.5029234375000002
1 0.999178125 0.6374265625000002 0.9605265624999999 0.6374265625000002 0.9605265624999999 0.8084796875 0.999178125 0.8084796875