1 0.6350453125 0.412915625 0.536540625 0.412915625 0.536540625 0.592640625 0.6350453125 0.592640625
1 0.2124343750000001 0.4956203125 0.13299687500000007 0.4956203125 0.13299687500000007 0.645125 0.2124343750000001 0.645125
1 0.9094175018978004 0.6956069000336089 0.8065301499410393 0.4381102582026754 0.7062434269321357 0.4781815977488509 0.8091307788888967 0.7356782395797844
1 0.7062326623410744 0.7669800659201569 0.6369569454773731 0.6282793940072195 0.5657497374168947 0.6638446895189007 0.6350254542805961 0.8025453614318382
1 0.5524296875 0.5274296875 0.4618703125 0.5274296875 0.46187031250000005 0.7548703125 0.5524296875000001 0.7548703125
1 0.06785781250000003 0.13458125 1.7719299726225633e-17 0.13458125 2.62895311075087e-17 0.27454375 0.06785781250000003 0.27454375
1 0.1790703125 0.1361703125 0.06944687500000003 0.1361703125 0.06944687500000005 0.369971875 0.17907031250000002 0.369971875
1 0.6143906250000002 0.7453265625000001 0.5476625000000002 0.7453265625000001 0.5476625000000002 0.8836984375 0.6143906250000002 0.8836984375
1 0.8352281250000001 0.1711609375000001 0.74308125 0.1711609375000001 0.74308125 0.40496250000000017 0.8352281250000001 0.40496250000000017
1 0.3776656250000001 0.552878125 0.3109375000000001 0.552878125 0.3109375000000001 0.7437359375 0.3776656250000001 0.7437359375
1 0.08692343750000006 0.509934375 6.244895001189562e-17 0.509934375 7.111657908392336e-17 0.6514875 0.08692343750000008 0.6514875
1 0.3680729212530681 0.46597028156610365 0.3133313662080473 0.2604639962384969 0.23411248117687794 0.28156585669315803 0.2888540362218988 0.48707214202076476
1 0.5238312500000001 0.7437359375 0.4364500000000001 0.7437359375 0.4364500000000001 0.85825 0.5238312500000001 0.85825
1 0.07580156250000006 0.279315625 0.0043062500000000375 0.279315625 0.00430625000000005 0.48289687499999995 0.07580156250000006 0.48289687499999995
1 0.9224395380635089 0.7216016325722586 0.8412684051511787 0.7134924928697199 0.8264646966196694 0.8616751407072402 0.9076358295319995 0.8697842804097788
1 0.3125265625 0.12185625000000004 0.23944375 0.12185625000000004 0.23944375 0.2490953125 0.3125265625 0.2490953125
1 0.8288734375000001 0.7182875000000001 0.7351375000000001 0.7182875000000001 0.7351375000000002 0.8868796874999999 0.8288734375000001 0.8868796874999999
1 0.41261875000000003 0.34770625000000005 0.3522453125000001 0.34770625 0.35224531250000013 0.47335312500000004 0.41261875000000003 0.47335312500000004
1 0.42056250000000023 0.7437359375 0.3220593750000001 0.7437359375 0.3220593750000001 0.85825 0.42056250000000023 0.85825
1 0.6827078125 0.11708437500000009 0.6064468749999999 0.11708437500000009 0.6064468749999999 0.23955156250000006 0.6827078125 0.23955156250000006
1 0.701771875 0.4956203125 0.6318671874999999 0.4956203125 0.6318671874999999 0.6483078124999999 0.701771875 0.6483078124999999
1 0.71289375 0.23637187500000006 0.6334562499999999 0.23637187500000006 0.6334562499999999 0.43677343750000003 0.71289375 0.43677343750000003
1 1 0.13935156250000014 0.9241984375 0.13935156250000014 0.9241984375 0.3206671875000001 1 0.3206671875000001
1 0.6016812500000001 0.11708437500000009 0.5015890625 0.11708437500000006 0.5015890625 0.3413437500000001 0.6016812500000001 0.3413437500000001
1 0.9750390624999999 0.6101359375000002 0.8924234375 0.6101359375000002 0.8924234375 0.7262406250000002 0.9750390624999999 0.7262406250000002
1 0.0869234375000001 0.699203125 0.01225000000000009 0.699203125 0.0122500000000001 0.8630218749999999 0.08692343750000012 0.8630218749999999
1 0.7176609375000002 0.7866796875000001 0.6525203125000002 0.7866796875000001 0.6525203125000002 0.8852890625000001 0.7176609375000002 0.8852890625000001
1 0.25691875 0.16480000000000006 0.17430468750000003 0.16480000000000003 0.17430468750000006 0.38746718750000003 0.25691875000000003 0.38746718750000003
1 0.45869218749999996 0.6371734375 0.3824312500000001 0.6371734375 0.3824312500000001 0.7437359375 0.45869218750000007 0.7437359375
1 0.49205625 0.11549375000000003 0.42214999999999997 0.11549375000000003 0.42214999999999997 0.2172843750000001 0.49205625 0.2172843750000001
1 0.18065937500000012 0.7437359375 0.0901000000000001 0.7437359375 0.0901000000000001 0.8614312500000001 0.18065937500000012 0.8614312500000001
1 0.3204703125000001 0.7500984374999999 0.24420937500000012 0.7500984374999999 0.24420937500000012 0.8646140625 0.3204703125000001 0.8646140625
1 0.928965625 0.1393515625000001 0.8415828125000001 0.13935156250000008 0.8415828125000001 0.3461156250000001 0.928965625 0.3461156250000001
1 0.13776250000000007 0.44790625000000006 0.08374531250000006 0.44790625000000006 0.08374531250000007 0.58150625 0.13776250000000007 0.58150625
1 0.6000921875 0.586278125 0.5540171875000001 0.586278125 0.5540171875000001 0.6785265625 0.6000921875 0.6785265625
1 1 0.30953437500000014 0.9321421875 0.30953437500000014 0.9321421875 0.4733531250000002 1 0.4733531250000002
1 0.24420937500000012 0.7516875 0.19178125000000007 0.7516875 0.19178125000000007 0.8471171875 0.24420937500000012 0.8471171875
1 0.96550625 0.7628218750000002 0.9114890625 0.7628218750000002 0.9114890625 0.86779375 0.96550625 0.86779375
1 0.9507495908495704 0.5876480156767656 0.9018709374462294 0.3754635700516443 0.8037888157434644 0.39805769573154376 0.8526674691468056 0.610242141356665
1 0.7957305312515339 0.38732825236695545 0.7179195443467928 0.35603706436294014 0.6603263230704377 0.49925263629844074 0.7381373099751788 0.5305438243024561
1 0.6772669743666444 0.2747041287839003 0.606441549289457 0.23482775356770302 0.5307944319478457 0.36918648633956375 0.6016198570250331 0.4090628615557611
1 0.5654389870844679 0.3649650018127307 0.48674758192169715 0.3538851860635625 0.4626391473307335 0.5251088451194542 0.5413305524935044 0.5361886608686224
1 0.48357593600511584 0.4251481121869606 0.40246648487456377 0.4118315295272992 0.36723905072853313 0.6263969267727558 0.44834850185908515 0.6397135094324173
1 0.3078829770295974 0.5771189449258192 0.29479092472497914 0.4143422306453065 0.2160688634482141 0.4206738079124744 0.22916091575283234 0.583450522192987
1 0.19053948545731528 0.3275881961214703 0.12343028478218834 0.32543037628102034 0.11837906909651293 0.48252553350817307 0.18548826977163985 0.48468335334862295
1 0.2859888246771557 0.6214068262656992 0.1835985861894152 0.5925846351361971 0.13536618237059925 0.7639292531652727 0.23775642085833967 0.792751444294775
1 0.1504203125000001 0.5835828125 0.08739531250000007 0.5835828125 0.08739531250000009 0.7417906249999999 0.1504203125000001 0.7417906249999999
1 0.7648007354203489 0.5483806151300022 0.6861131568345842 0.5464537185765593 0.6811724174468542 0.7482158827929635 0.7598599960326189 0.7501427793464065
1 0.7663859375000001 0.1238812500000001 0.6857140625 0.1238812500000001 0.6857140625 0.3119406250000001 0.7663859375000001 0.3119406250000001
1 1 0.6820890625000002 0.9638656250000001 0.6820890625000002 0.9638656250000001 0.8477609375 1 0.8477609375
1 1 0.48208906250000017 0.9411765624999999 0.48208906250000017 0.9411765624999999 0.5955218750000002 1 0.5955218750000002
1 0.4177583173445937 0.11899943846477319 0.32779152465827394 0.11602150632394141 0.32011021006649376 0.3480829519027768 0.4100770027528135 0.3510608840436086
1 0.5390676926809167 0.32739011571569154 0.43809909229694455 0.2505372626397485 0.37613668032546094 0.33194293286247384 0.47710528070943303 0.4087957859384169