1 0.6800453125 0.479853125 0.594984375 0.479853125 0.594984375 0.61305625 0.6800453125 0.61305625
1 0.5372046874999999 0.3418343750000001 0.46016874999999996 0.3418343750000001 0.46016874999999996 0.5167640625 0.5372046874999999 0.5167640625
1 0.6656015625 0.18455937500000008 0.5644890625000001 0.18455937500000008 0.5644890625000001 0.31294687500000007 0.6656015625 0.31294687500000007
1 0.5718339053908659 0.6803076233782959 0.5021595795892406 0.6648246492291773 0.4653804631195436 0.8303329113321333 0.5350547889211688 0.8458158854812516
1 0.41843906249999996 0.455778125 0.35103281250000007 0.455778125 0.35103281250000007 0.572934375 0.41843906249999996 0.572934375
1 0.256340625 0.18135000000000004 0.17609218750000005 0.18135 0.17609218750000005 0.27443125 0.256340625 0.27443125
1 0.2852296875 0.2872703125 0.2226359375 0.2872703125 0.22263593750000005 0.3739328125 0.28522968750000005 0.3739328125
1 0.3253531250000001 0.6724359375 0.2178218750000001 0.6724359375 0.2178218750000001 0.83613125 0.3253531250000001 0.83613125
1 0.31893281250000005 0.5328125 0.2290562500000001 0.5328125 0.2290562500000001 0.66280625 0.31893281250000005 0.66280625
1 0.6030078125 0.38997968750000006 0.540415625 0.38997968750000006 0.540415625 0.523184375 0.6030078125 0.523184375
1 0.71375 0.593796875 0.6383171875 0.593796875 0.6383171875000001 0.730209375 0.7137500000000001 0.730209375
1 0.9248589816001894 0.4747736043856244 0.8499065691843499 0.41479707807273475 0.7731741170373588 0.5106893004564765 0.8481265294531983 0.5706658267693661
1 0.40720468750000005 0.709346875 0.3317718750000001 0.709346875 0.3317718750000001 0.839340625 0.40720468750000016 0.839340625
1 0.8325156249999999 0.1941875000000001 0.74424375 0.1941875000000001 0.74424375 0.34504375000000004 0.8325156249999999 0.34504375000000004
1 0.36066093750000006 0.3306015625 0.29646406250000007 0.3306015625 0.2964640625000001 0.479853125 0.3606609375000001 0.479853125
1 0.6367125 0.6339187500000001 0.5612796875 0.6339187500000001 0.5612796875000001 0.8056390625000001 0.6367125000000001 0.8056390625000001
1 0.2932531250000001 0.4124484375 0.2065859375000001 0.4124484375 0.2065859375000001 0.52639375 0.2932531250000001 0.52639375
1 0.09905468750000006 0.38195625 0.03325312500000005 0.38195625 0.03325312500000006 0.47824687499999996 0.09905468750000007 0.47824687499999996
1 0.42485937500000004 0.29689843750000006 0.355846875 0.2968984375 0.35584687500000006 0.43491562500000003 0.42485937500000004 0.43491562500000003
1 0.16646406250000007 0.25356718749999996 0.09424062500000002 0.25356718749999996 0.09424062500000004 0.38356093750000003 0.16646406250000007 0.38356093750000003
1 0.7426390625 0.1925828125000001 0.6656015625 0.1925828125000001 0.6656015625 0.34343906250000006 0.7426390625 0.34343906250000006
1 0.485846875 0.5199734375 0.42325468749999995 0.5199734375 0.42325468749999995 0.6002171875 0.485846875 0.6002171875
1 0.5660937500000001 0.2262843750000001 0.46337812500000003 0.2262843750000001 0.46337812500000003 0.34343906250000006 0.5660937500000001 0.34343906250000006
1 1 0.2343093750000001 0.9448609375 0.2343093750000001 0.9448609375 0.3498578125000001 1 0.3498578125000001
1 0.7538734375 0.35467343750000013 0.6591812499999999 0.35467343750000013 0.6591812499999999 0.5087390625 0.7538734375 0.5087390625000001
1 0.4746125000000001 0.61305625 0.40078593749999997 0.61305625 0.4007859375000001 0.79921875 0.4746125000000002 0.79921875
1 0.3365875 0.18135000000000004 0.26115468750000004 0.18135000000000004 0.26115468750000004 0.2936875 0.3365875 0.2936875
1 0.851775 0.5424406250000002 0.71375 0.5424406250000001 0.71375 0.6852734375000001 0.851775 0.6852734375000002
1 0.38955156250000006 0.5921921875 0.3205375000000001 0.5921921875 0.3205375000000001 0.6997171875 0.38955156250000006 0.6997171875
1 1 0.5536765625000001 0.9095531250000001 0.5536765625000001 0.9095531250000001 0.6628062500000003 1 0.6628062500000003
1 1 0.3530671875000001 0.9416515625 0.3530671875000001 0.9416515625 0.4718281250000002 1 0.4718281250000002
1 0.20177187500000007 0.41084375 0.14880937500000005 0.41084375 0.14880937500000005 0.49750625 0.20177187500000007 0.49750625
1 0.12955000000000005 0.48466718750000004 0.06053593750000007 0.48466718750000004 0.06053593750000007 0.585771875 0.12955000000000008 0.585771875
1 0.7988109375000001 0.6949031250000001 0.7378234375000001 0.6949031250000001 0.7378234375000001 0.8136625000000001 0.7988109375000001 0.8136625000000001
1 0.02041406250000006 0.450965625 5.522736091817356e-17 0.450965625 6.178371804357751e-17 0.5580390625 0.020414062500000066 0.5580390625
1 0.45695781249999995 0.2359140625000001 0.408809375 0.2359140625000001 0.408809375 0.31615625000000014 0.45695781249999995 0.31615625000000014
1 0.11350000000000009 0.60503125 0.055721875000000066 0.60503125 0.05572187500000007 0.6932984375 0.11350000000000009 0.6932984375
1 0.2242406250000001 0.5199734375 0.16646406250000007 0.5199734375 0.1664640625000001 0.6178703125 0.2242406250000001 0.6178703125
1 0.9272078125000001 0.18616250000000012 0.8774546875 0.1861625000000001 0.8774546875 0.28887343750000005 0.9272078125000001 0.28887343750000005
1 0.40239062499999995 0.18776875000000004 0.3349828125 0.18776875000000004 0.3349828125 0.3065265625 0.40239062499999995 0.30652656250000004
1 0.9031328125 0.7382328125000001 0.8533796875 0.7382328125000001 0.8533796875 0.8072421875 0.9031328125 0.8072421875
1 0.1086843750000001 0.7045312499999999 0.03967187500000009 0.7045312499999999 0.03967187500000009 0.79921875 0.1086843750000001 0.79921875
1 0.028437500000000077 0.614659375 7.527406361596627e-17 0.614659375 7.851698574542717e-17 0.6676203125 0.028437500000000077 0.6676203125
1 0.9785656250000001 0.6772500000000001 0.9175765625000001 0.6772500000000001 0.9175765625000001 0.7944031250000002 0.9785656250000001 0.7944031250000002
1 0.18081000266842742 0.8074910766681004 0.14547021809164623 0.6793870455857095 0.09018463631383916 0.6946385605749071 0.12552442089062033 0.8227425916572979
1 0.8790578124999999 0.2118406250000001 0.8341203125 0.2118406250000001 0.8341203125 0.28887343750000005 0.8790578124999999 0.28887343750000005
1 1 0.48948125000000015 0.9544921875 0.48948125000000015 0.9544921875 0.5504656250000002 1 0.5504656250000002
1 0.93523125 0.3193656250000001 0.885478125 0.3193656250000001 0.885478125 0.3883750000000001 0.93523125 0.3883750000000001
1 1 0.6590265625000002 0.9817750000000001 0.6590265625000002 0.9817750000000001 0.7885546875000002 1 0.7885546875000002
1 0.031648437500000084 0.6692265625 8.19566167670011e-17 0.6692265625 8.80492345927592e-17 0.7687265625 0.03164843750000009 0.7687265625
1 0.5287977896123154 0.5843885590567695 0.4780394196057144 0.5692409678610975 0.4505787594554246 0.661259449910718 0.5013371294620257 0.6764070411063899
1 0.5645832463074425 0.58360556906665 0.5624030235538247 0.510076251779352 0.5165580428896399 0.5114356043977463 0.5187382656432578 0.5849649216850441
1 0.578946875 0.5933734375 0.5348046875 0.5933734375 0.5348046875 0.6731921875 0.578946875 0.6731921875
1 0.8582793201273379 0.45345346023179334 0.8257893828831001 0.33820207445337386 0.7510811260219373 0.35926270258076315 0.7835710632661751 0.47451408835918263
1 0.9115903064335479 0.4010998520767915 0.8532547880732549 0.28035445611292126 0.7961309422388732 0.3079526028652763 0.8544664605991661 0.4286979988291465
1 0.97129039715772 0.5295745584548043 0.9317110406435924 0.3956947496164612 0.8740344474012958 0.4127458827654008 0.9136138039154232 0.546625691603744
1 0.9332710981414134 0.5311265366749008 0.891342048059288 0.5096399747907104 0.8630214039654465 0.5649051079920555 0.904950454047572 0.5863916698762459
1 0.9356963181132665 0.6292147969511903 0.8713354542314405 0.6140990500325041 0.8486588842722179 0.7106529047843322 0.9130197481540439 0.7257686517030184
1 0.978778125 0.18222968750000013 0.9295421875000001 0.18222968750000013 0.9295421875000001 0.25752968750000005 0.978778125 0.25752968750000005
1 0.8627087043378442 0.7767676612779584 0.8492515678304061 0.6634033567714152 0.7832957148814355 0.6712327782146313 0.7967528513888735 0.7845970827211745
1 0.4644072767853564 0.49558096111885097 0.4590806395000818 0.38926147700738534 0.416855251842441 0.391376981293002 0.4221818891277156 0.49769646540446766
1 0.6770287101705978 0.4365359283347642 0.6357206516487055 0.32048810140272943 0.5726324632165105 0.3429447957562011 0.6139405217384029 0.4589926226882358
1 0.2425014031918245 0.4462860593295187 0.22812895508563855 0.33791396442852645 0.16934000011625144 0.3457106320604141 0.18371244822243735 0.4540827269614064
1 0.050934375000000046 0.31927656249999997 3.951322897448935e-17 0.31927656249999997 4.714890176717309e-17 0.44397656249999995 0.050934375000000046 0.44397656249999995
1 0.23252845926399307 0.7941412863538504 0.2218548214760374 0.6236186200361397 0.14284049295108908 0.6285644160464045 0.15351413073904477 0.7990870823641152
1 0.1727857688014277 0.5530084911730372 0.12188592403690894 0.5309383509810475 0.08406956034497393 0.6181533403165798 0.13496940510949268 0.6402234805085694
1 0.06668770224903853 0.5250988340962481 0.020968559392434877 0.5208020410575892 0.012099000829056128 0.6151767552655355 0.05781814368565978 0.6194735483041944
1 0.10526250000000004 0.2560234375 0.05517812500000002 0.2560234375 0.055178125000000036 0.3478921875 0.10526250000000004 0.3478921875
1 0.1724869615371783 0.5318804383552874 0.1642390618453756 0.4806386527009667 0.12925024113270114 0.4862704682180802 0.13749814082450385 0.5375122538724009
1 0.6942455407220972 0.7860624534514005 0.6890295383507291 0.7305019420038994 0.640083574569927 0.7350969728360182 0.6452995769412951 0.7906574842835193