1 0.42874218750000004 0.661553125 0.3383062500000001 0.661553125 0.3383062500000001 0.805003125 0.42874218750000015 0.805003125
1 0.7939 0.6154437500000002 0.7137015625 0.6154437500000001 0.7137015625 0.7554796875000002 0.7939 0.7554796875000003
1 0.5584234375000001 0.6769234375 0.47481406249999997 0.6769234375 0.4748140625 0.8118328125 0.5584234375000002 0.8118328125
1 0.2819968750000001 0.659846875 0.2052125000000001 0.659846875 0.2052125000000001 0.805003125 0.2819968750000001 0.805003125
1 0.264934375 0.18851093750000006 0.18985468750000006 0.18851093750000006 0.18985468750000006 0.287559375 0.264934375 0.287559375
1 0.19838750000000008 0.5983671875 0.10453750000000009 0.5983671875 0.10453750000000009 0.7930484375 0.19838750000000008 0.7930484375
1 0.80243125 0.13044843750000007 0.7119953125 0.13044843750000007 0.7119953125 0.22949687500000007 0.80243125 0.22949687500000007
1 0.505528125 0.24657343750000008 0.42362343750000003 0.24657343750000008 0.42362343750000003 0.3524531250000001 0.505528125 0.3524531250000001
1 0.507234375 0.14581875000000005 0.43727499999999997 0.14581875000000005 0.43727499999999997 0.24145156250000008 0.507234375 0.24145156250000008
1 0.43386250000000004 0.17143437500000006 0.3724328125 0.17143437500000006 0.3724328125 0.2858531250000001 0.43386250000000004 0.2858531250000001
1 1 0.5334734375000002 0.9508828125000001 0.5334734375000002 0.9508828125000001 0.6632609375000003 1 0.6632609375000003
1 0.7034640624999999 0.2055875000000001 0.626678125 0.2055875000000001 0.626678125 0.3063453125000001 0.7034640624999999 0.3063453125000001
1 0.858740625 0.2038812500000001 0.7853687500000001 0.2038812500000001 0.7853687500000001 0.34391562500000006 0.858740625 0.34391562500000006
1 1 0.6786312500000002 0.93723125 0.6786312500000002 0.93723125 0.7981718750000002 1 0.7981718750000002
1 0.15402187500000003 0.20558749999999998 0.08406250000000001 0.20558749999999998 0.08406250000000003 0.343915625 0.15402187500000003 0.343915625
1 0.90651875 0.2175437500000001 0.860446875 0.2175437500000001 0.860446875 0.2995140625000001 0.90651875 0.2995140625000001
1 0.7717171875 0.24145156250000008 0.7171140625 0.24145156250000008 0.7171140625 0.3012218750000001 0.7717171875 0.3012218750000001
1 0.09088750000000002 0.10824843749999999 0.02775312500000001 0.10824843749999999 0.027753125000000017 0.1765578125 0.09088750000000002 0.1765578125
1 0.9287000000000001 0.7093703125000002 0.855328125 0.7093703125000002 0.855328125 0.805003125 0.9287000000000001 0.805003125
1 0.37072812499999996 0.21754375000000006 0.3331875 0.21754375 0.3331875 0.2926828125 0.37072812499999996 0.29268281250000006
1 0.9406437499999999 0.12703437500000014 0.9031062500000001 0.12703437500000012 0.9031062500000001 0.1936343750000001 0.9406437499999999 0.19363437500000014
1 0.978184375 0.17655781250000013 0.92016875 0.17655781250000013 0.92016875 0.27902031250000014 0.978184375 0.27902031250000014
1 0.7085828125 0.1065406250000001 0.6539796875 0.1065406250000001 0.6539796875 0.1953421875000001 0.7085828125 0.1953421875000001
1 0.10283281250000009 0.6871703124999999 0.029459375000000086 0.6871703124999999 0.029459375000000093 0.806709375 0.10283281250000009 0.806709375
1 0.21715625 0.10824843750000004 0.1762046875 0.10824843750000002 0.1762046875 0.1663109375 0.21715625 0.16631093750000003
1 0.3331875 0.214128125 0.270053125 0.214128125 0.270053125 0.3285453125 0.3331875 0.3285453125
1 0.626678125 0.2312046875000001 0.57036875 0.2312046875000001 0.57036875 0.3422062500000001 0.626678125 0.3422062500000001
1 0.026045312500000074 0.5808390625000001 7.113226987103746e-17 0.5808390625000001 7.617915414096111e-17 0.6632609375 0.026045312500000077 0.6632609375
1 0.08406250000000001 0.1987578125 0.04481562500000002 0.1987578125 0.044815625000000026 0.27560625 0.08406250000000003 0.27560625
1 0.8979859375 0.13215781250000008 0.8331453124999999 0.13215781250000008 0.8331453124999999 0.2175437500000001 0.8979859375 0.2175437500000001
1 0.04310937500000003 0.2329125 2.917864512265345e-17 0.2329125 3.41978791640651e-17 0.3148828125 0.04310937500000003 0.3148828125
1 1 0.2687750000000001 0.9730656249999999 0.2687750000000001 0.9730656249999999 0.36404062500000006 1 0.36404062500000006
1 0.379259375 0.13386406250000005 0.30076718750000003 0.13386406250000005 0.30076718750000003 0.2090046875 0.379259375 0.20900468750000006
1 0.02604531250000009 0.6957078125 8.51996345719932e-17 0.6957078125 9.139682575333472e-17 0.796915625 0.026045312500000094 0.796915625
1 0.2990609375 0.10824843750000004 0.2444578125 0.10824843750000004 0.2444578125 0.20558749999999998 0.2990609375 0.20558749999999998
1 0.5631765625 0.19711562500000007 0.490975 0.19711562500000004 0.490975 0.3125000000000001 0.5631765625 0.3125000000000001
1 0.19156735295818345 0.22524160824392303 0.186847414947273 0.13489573826705017 0.10985895126264889 0.13891784548943537 0.11457888927355933 0.22926371546630825
1 0.9648501736862185 0.7061209716518617 0.9612337966761553 0.6322592109008708 0.903336228207729 0.6350939583184643 0.9069526052177922 0.7089557190694553
1 0.8844765625000001 0.6442312500000001 0.8176890625000001 0.6442312500000001 0.8176890625000001 0.7435890625000001 0.8844765625000001 0.7435890625000001
1 0.6617706224521853 0.14830957611987278 0.6128632221883196 0.14371966409380926 0.6048046379125364 0.2295871936886716 0.6537120381764022 0.2341771057147351
1 1 0.15705156250000013 0.9657046875 0.15705156250000013 0.9657046875 0.2428421875000001 1 0.2428421875000001
1 0.19844012234552683 0.3061474182775382 0.1868254662880114 0.23138985170781692 0.15026855469031675 0.23706949022756768 0.16188321074783218 0.31182705679728895
1 0.6744562500000001 0.6547234375000001 0.5806078125 0.6547234375000001 0.5806078125000002 0.805003125 0.6744562500000002 0.805003125