1 0.38840312500000007 0.5418390625 0.31505937500000014 0.5418390625 0.31505937500000014 0.6982609375 0.38840312500000007 0.6982609375
1 0.48619375 0.6461203125 0.409590625 0.6461203125 0.40959062500000004 0.75691875 0.4861937500000001 0.75691875
1 0.8143620707093145 0.3715831333122562 0.684492689433286 0.2742122261618697 0.5984697689373891 0.38894612140128343 0.7283391502134176 0.48631702855166986
1 0.911584375 0.6868546875000001 0.8007546874999999 0.6868546875000001 0.8007546874999999 0.81231875 0.911584375 0.81231875
1 0.7225218750000001 0.6526375 0.6214703125 0.6526375 0.6214703125000001 0.8058015624999999 0.7225218750000002 0.8058015624999999
1 0.6361390625000001 0.5695375 0.5513874999999999 0.5695375 0.5513874999999999 0.7031484375 0.6361390625000001 0.7031484375
1 0.48456406249999995 0.517396875 0.3998109375 0.517396875 0.3998109375 0.6428609375 0.48456406249999995 0.6428609375
1 0.5301984375 0.3153531250000001 0.43566874999999994 0.3153531250000001 0.43566874999999994 0.429409375 0.5301984375 0.429409375
1 0.35411264231510386 0.5281371158168983 0.28021472060194846 0.49857227793932957 0.21131909801390186 0.6707783067859607 0.28521701972705726 0.7003431446635294
1 0.14066562500000004 0.3365359375 0.06895156250000004 0.3365359375 0.06895156250000005 0.4554796875 0.14066562500000004 0.4554796875
1 0.7453390625 0.15893125000000008 0.6768859375 0.15893125000000008 0.6768859375 0.2925406250000001 0.7453390625 0.2925406250000001
1 0.553985299528857 0.5889933263896626 0.539349977528323 0.44266817028077854 0.4697985399905143 0.44962464797083757 0.48443386199104815 0.5959498040797216
1 0.8903953124999999 0.3821578125000001 0.7991234375 0.3821578125000001 0.7991234375 0.5157671875000002 0.8903953124999999 0.5157671875000002
1 0.08036093750000002 0.171965625 2.1688877515024358e-17 0.171965625 2.747562066758915e-17 0.2664703125 0.08036093750000002 0.2664703125
1 0.1716328125 0.16707812500000002 0.08851093750000003 0.16707812500000002 0.08851093750000003 0.33001718750000003 0.17163281250000004 0.33001718750000003
1 0.40144062500000005 0.4408171875 0.32483906250000005 0.4408171875 0.32483906250000005 0.5369515625 0.40144062500000005 0.5369515625
1 0.720890625 0.52554375 0.6377703125 0.52554375 0.6377703125 0.6461203125 0.720890625 0.6461203125
1 0.82683125 0.4815500000000002 0.7306703125 0.4815500000000002 0.7306703125 0.6428609375000002 0.82683125 0.6428609375000002
1 0.1830406250000001 0.5304328125 0.11784687500000006 0.5304328125 0.11784687500000009 0.6167906249999999 0.18304062500000012 0.6167906249999999
1 1.0102975117151525 0.1874122701842992 0.9463371166284587 0.15897558483412091 0.8824174156138629 0.3027451304183518 0.9463778107005567 0.3311818157685301
1 1 0.4831796875000002 0.9392906249999999 0.4831796875000002 0.9392906249999999 0.6591562500000002 1 0.6591562500000002
1 0.2074890625000001 0.396821875 0.13740625000000004 0.396821875 0.13740625000000004 0.535321875 0.2074890625000001 0.535321875
1 0.6002828124999999 0.2632125 0.53671875 0.2632125 0.53671875 0.36260625000000013 0.6002828124999999 0.36260625000000013
1 0.2775718750000001 0.7064078125 0.21074843750000008 0.7064078125 0.21074843750000008 0.8188359374999999 0.2775718750000001 0.8188359374999999
1 0.8072734374999999 0.6542671875000001 0.722521875 0.6542671875000001 0.7225218750000001 0.809059375 0.8072734374999999 0.809059375
1 0.5562765625000001 0.712925 0.5073812500000001 0.712925 0.5073812500000001 0.8172062499999999 0.5562765625000001 0.8172062499999999
1 0.8496499999999999 0.2615828125000001 0.766528125 0.2615828125000001 0.766528125 0.3984531250000001 0.8496499999999999 0.3984531250000001
1 0.07710156250000008 0.7259609375 0.010278125000000091 0.7259609375 0.010278125000000096 0.8139484375 0.07710156250000008 0.8139484375
1 0.541609375 0.6053859375 0.49434374999999997 0.6053859375 0.49434374999999997 0.677078125 0.541609375 0.677078125
1 0.3280984375 0.26321249999999996 0.26290468749999996 0.26321249999999996 0.26290468749999996 0.354459375 0.3280984375 0.354459375
1 0.8903953124999999 0.5450984375000002 0.8219421875 0.5450984375000002 0.8219421875 0.6689312500000002 0.8903953124999999 0.6689312500000002
1 0.4193703125 0.33653593750000005 0.359065625 0.3365359375 0.35906562500000005 0.4375578125 0.4193703125 0.4375578125
1 0.2547546875 0.17359531250000004 0.18141250000000003 0.17359531250000004 0.18141250000000003 0.325128125 0.2547546875 0.325128125
1 0.6116921875 0.16055937500000012 0.569315625 0.16055937500000012 0.569315625 0.2452890625000001 0.6116921875 0.2452890625000001
1 0.35580468750000005 0.347940625 0.28083281250000003 0.347940625 0.2808328125000001 0.44407500000000005 0.3558046875000001 0.44407500000000005
1 0.14392500000000008 0.6249374999999999 0.05917343750000008 0.6249374999999999 0.05917343750000009 0.7178140625 0.14392500000000008 0.7178140625
1 0.25801406250000003 0.354459375 0.20422968750000003 0.354459375 0.2042296875000001 0.4831796875 0.2580140625000001 0.4831796875
1 0.1390359375000001 0.732478125 0.08036093750000009 0.732478125 0.08036093750000009 0.804171875 0.1390359375000001 0.804171875
1 0.09308569146107845 0.33165362620298566 0.06286677795126674 0.26020938120376186 -0.02034395521254706 0.29540518946785127 0.009874958297264657 0.3668494344670751
1 0.6100625 0.711296875 0.5579062500000002 0.711296875 0.5579062500000003 0.7895078125 0.6100625000000001 0.7895078125
1 1 0.4127125000000002 0.976778125 0.4127125000000002 0.976778125 0.47992187500000016 1 0.47992187500000016
1 0.02657656250000006 0.4843125 5.931117529120525e-17 0.4843125 6.472928062212045e-17 0.572796875 0.026576562500000067 0.572796875
1 0.9539609375 0.4163750000000002 0.9083234375 0.4163750000000002 0.9083234375 0.48481093750000015 0.9539609375 0.48481093750000015
1 0.4731546875 0.429409375 0.41773906250000004 0.429409375 0.41773906250000004 0.49784531249999997 0.4731546875 0.49784531249999997
1 0.07547187500000005 0.40008125000000005 0.018426562500000052 0.40008125000000005 0.01842656250000006 0.535321875 0.07547187500000005 0.535321875
1 0.9409218750000001 0.32838906250000005 0.8871359375000001 0.32838906250000005 0.8871359375000001 0.4000812500000002 0.9409218750000001 0.4000812500000002
1 0.018426562500000073 0.5760562499999999 7.054654426913274e-17 0.5760562499999999 7.763036059795071e-17 0.69174375 0.01842656250000008 0.69174375
1 0.7107345163942635 0.4819910741397937 0.6348995973467788 0.40218075007786397 0.5333385447930183 0.4986829794487836 0.6091734638405031 0.5784933035107133
1 0.5800220062170969 0.46708826543718535 0.5663880059490006 0.3945445114053526 0.519204614674188 0.4034122406520111 0.5328386149422842 0.4759559946838438
1 0.35580673771723736 0.8036405968515211 0.3433051747137368 0.6557973393865606 0.2705503947959267 0.6619494526485664 0.28305195779942727 0.8097927101135269
1 0.9202032815501223 0.18882546161534347 0.8469804043799364 0.17702582841836859 0.8196128908448358 0.34685552130643443 0.8928357680150217 0.35865515450340935
1 0.22239210899137557 0.3754093342185202 0.17880099825927348 0.2769962152294514 0.12181700303771929 0.3022367082772965 0.1654081137698214 0.40064982726636533
1 0.4183719124101789 0.7782974756724976 0.4073614309116076 0.6838967341474358 0.350992975150177 0.6904712994446746 0.36200345664874833 0.7848720409697363
1 0.26976411457406957 0.5172084353495328 0.20467065293670167 0.49777743447845985 0.1762931653566528 0.5928414464361107 0.24138662699402066 0.6122724473071836
1 0.05568186298480202 0.38593889095986694 0.020933545395314314 0.37050320471761006 -0.021200036434193215 0.46535296128925774 0.013548281155294495 0.4807886475315146
1 0.13216286991092538 0.5189299975748376 0.07968670560192674 0.5082291682263551 0.06246831463784304 0.5926670266336551 0.11494447894684168 0.6033678559821375
1 0.23423316073301576 0.6841150649166687 0.18658103112243846 0.6631262153647386 0.15235897868223072 0.7408224070681465 0.200011108292808 0.7618112566200766
1 0.5051718750000003 0.741590625 0.4500000000000002 0.741590625 0.4500000000000002 0.8211015625 0.5051718750000003 0.8211015625
1 0.5456890624999999 0.17431250000000006 0.4767234375 0.17431250000000004 0.4767234375 0.3012234375000001 0.5456890624999999 0.3012234375000001
1 0.46917171022560555 0.17882754382132868 0.3928764175479904 0.17036565512399265 0.37459489617680547 0.33519812615918126 0.4508901888544206 0.3436600148565173
1 0.37672343750000004 0.15749218750000002 0.3034484375 0.15749218750000002 0.3034484375 0.2645265625 0.37672343750000004 0.26452656250000006
1 1 0.6529046875000002 0.8974140625 0.6529046875000002 0.8974140625 0.7752296875000002 1 0.7752296875000002
1 0.67116519072916 0.2028226893653821 0.6083031507217538 0.2007368606755476 0.6040834186856553 0.32790979935768716 0.6669454586930615 0.32999562804752164