1 0.5883765624999999 0.6939203125 0.5054546875000001 0.6939203125 0.5054546875000001 0.8648843749999999 0.5883765625 0.8648843749999999
1 0.5236984375 0.6092671875 0.42916718749999994 0.6092671875 0.42916718750000005 0.7437171874999999 0.5236984375000001 0.7437171874999999
1 0.23844531250000006 0.6540843749999999 0.1389390625000001 0.6540843749999999 0.1389390625000001 0.8466265625 0.23844531250000006 0.8466265625
1 0.5319906249999999 0.2739781250000001 0.45901875 0.2739781250000001 0.45901875 0.46818125000000005 0.5319906249999999 0.46818125000000005
1 0.452384375 0.19264531250000005 0.3877046875 0.19264531250000005 0.3877046875 0.2955562500000001 0.452384375 0.2955562500000001
1 0.1405968750000001 0.7221375 0.06596718750000008 0.7221375 0.0659671875000001 0.8615656250000001 0.1405968750000001 0.8615656250000001
1 0.2881984375 0.18932500000000005 0.220203125 0.18932500000000005 0.220203125 0.2557203125 0.2881984375 0.2557203125
1 0.3097593750000001 0.7486953125 0.2367875000000001 0.7486953125 0.2367875000000001 0.8715249999999999 0.3097593750000001 0.8715249999999999
1 0.40760625 0.6242078125 0.3097593750000001 0.6242078125 0.3097593750000001 0.732096875 0.40760625000000006 0.732096875
1 0.4822375000000002 0.7486953125 0.4308250000000002 0.7486953125 0.4308250000000002 0.8665453125000001 0.4822375000000002 0.8665453125000001
1 0.820559375 0.25074062500000005 0.749246875 0.25074062500000005 0.749246875 0.38850781250000005 0.820559375 0.38850781250000005
1 0.7658312500000001 0.7536750000000001 0.6795906250000001 0.753675 0.6795906250000001 0.8682046874999999 0.7658312500000001 0.8682046874999999
1 0.9565515625 0.6773218750000002 0.8653375000000001 0.6773218750000002 0.8653375000000001 0.8167500000000001 0.9565515625 0.8167500000000001
1 0.6596906250000002 0.7387374999999999 0.5850609375000001 0.7387374999999999 0.5850609375000001 0.8466265625 0.6596906250000002 0.8466265625
1 0.31307500000000005 0.30053593749999996 0.2616640625 0.30053593749999996 0.26166406250000007 0.3934875 0.3130750000000001 0.3934875
1 0.9349921875 0.18932500000000013 0.8553875 0.1893250000000001 0.8553875 0.2889156250000001 0.9349921875 0.2889156250000001
1 0.41403781975682163 0.8549882712515309 0.33632296630698183 0.7546224302144207 0.28062150151170184 0.7977529527983543 0.35833635496154165 0.8981187938354648
1 0.21688593750000001 0.2839359375 0.14391406250000002 0.2839359375 0.14391406250000002 0.40510624999999995 0.21688593750000007 0.40510624999999995
1 0.43579999999999997 0.30219531250000004 0.386046875 0.30219531250000004 0.386046875 0.43664375 0.43579999999999997 0.43664375
1 0.37112031250000005 0.30883437500000005 0.314734375 0.308834375 0.31473437500000007 0.408425 0.3711203125000001 0.408425
1 0.5319906249999999 0.19430468750000007 0.4921875 0.19430468750000007 0.4921875 0.2673375000000001 0.5319906249999999 0.2673375000000001
1 0.3744375 0.19098437500000004 0.293175 0.19098437500000004 0.293175 0.308834375 0.3744375 0.30883437500000005
1 1 0.6773218750000002 0.9565515625 0.6773218750000002 0.9565515625 0.7686140625000002 1 0.7686140625000002
1 0.13728125000000005 0.26899843749999997 0.05933437500000003 0.26899843749999997 0.059334375000000036 0.363609375 0.13728125000000005 0.363609375
1 0.02948125000000009 0.7154984375 8.762328712793075e-17 0.7154984375 9.502005811924958e-17 0.836296875 0.029481250000000098 0.836296875
1 0.71441875 0.19430468750000013 0.636471875 0.19430468750000013 0.636471875 0.2756375000000001 0.71441875 0.2756375000000001
1 0.14723125 0.1926453125 0.10577031250000005 0.1926453125 0.10577031250000005 0.24077968749999998 0.14723125 0.24077968749999998
1 0.04938281250000003 0.28559687500000003 3.4975529881523675e-17 0.28559687500000003 4.1886843227618e-17 0.3984671875 0.04938281250000004 0.3984671875
1 0.26498125 0.2756375 0.220203125 0.2756375 0.220203125 0.3569703125 0.26498125 0.3569703125
1 0.8587031250000001 0.7503546875000001 0.7940234375000002 0.7503546875000001 0.7940234375000002 0.854925 0.8587031250000001 0.854925
1 0.036115625000000026 0.20924375 2.5624968867908898e-17 0.20924375 2.969041353895338e-17 0.2756375 0.036115625000000026 0.2756375
1 0.09913750000000002 0.18932500000000002 0.03943281250000002 0.18932500000000002 0.039432812500000025 0.2756375 0.09913750000000003 0.2756375
1 0.6903260417656484 0.2982381748477498 0.6317621500173595 0.294748144956952 0.6258262086079233 0.39435526610024507 0.6843901003562122 0.39784529599104285
1 0.7596244193356655 0.23573095467076183 0.7021723382815191 0.22577619962565318 0.6819324462998486 0.34258710149003135 0.7393845273539948 0.35254185653514
1 0.919647947900349 0.8704141745689193 0.916218359681455 0.7969569401576089 0.8462630862382007 0.8002230280191135 0.8496926744570945 0.873680262430424
1 0.8386967382593224 0.19088183396120595 0.787517877729728 0.18367612615905968 0.7768612502531311 0.2593652973433456 0.8280401107827255 0.26657100514549187
1 0.20845171856856518 0.29914082966747657 0.19921704798443998 0.21170064218347714 0.1289476893914108 0.21912187945933653 0.13818235997553602 0.306562066943336
1 0.42322098886844606 0.8077520601422445 0.4098452949233148 0.7285701759741837 0.34084964566978987 0.7402251738017427 0.354225339614921 0.8194070579698034
1 0.631398725594028 0.24076954892772093 0.564695500501209 0.23906022365745652 0.5609955417415352 0.3834442015193671 0.6276987668343542 0.3851535267896315
1 0.5681948849292031 0.23229458293175748 0.5286468691416947 0.22836358437189092 0.5200387787024656 0.314965726653644 0.5595867944899741 0.31889672521351053