1 0.643609375 0.20045156250000007 0.602590625 0.20045156250000007 0.602590625 0.2774921875000001 0.643609375 0.2774921875000001
1 0.6124359375 0.24143125000000007 0.533678125 0.24143125000000007 0.533678125 0.40370937500000004 0.6124359375 0.40370937500000004
1 0.9077718750000001 0.15455312500000012 0.8536265625 0.15455312500000012 0.8536265625 0.2315953125000001 0.9077718750000001 0.2315953125000001
1 0.2875640625 0.1856984375 0.21865312499999998 0.1856984375 0.21865312499999998 0.2692953125 0.2875640625 0.2692953125
1 0.3203796875000001 0.615165625 0.21865312500000006 0.615165625 0.21865312500000006 0.8053109375 0.3203796875000001 0.8053109375
1 0.1103625000000001 0.6774546875 0.003714062500000086 0.6774546875 0.003714062500000093 0.8102281250000001 0.1103625000000001 0.8102281250000001
1 0.2202937500000001 0.67909375 0.14481875000000008 0.67909375 0.14481875000000008 0.8233421875 0.2202937500000001 0.8233421875
1 0.344990625 0.24143125 0.29905 0.24143125 0.29905 0.32666875 0.344990625 0.32666875
1 0.3925734375 0.2660187500000001 0.341709375 0.26601875 0.341709375 0.35945312500000004 0.3925734375 0.3594531250000001
1 1 0.6381140625 0.9340234374999999 0.6381140625 0.9340234374999999 0.7758046875000002 1 0.7758046875000002
1 0.609153125 0.57090625 0.5074265625 0.57090625 0.5074265625 0.70368125 0.609153125 0.70368125
1 0.12020781250000004 0.1742234375 0.03488750000000003 0.1742234375 0.03488750000000003 0.2447078125 0.12020781250000005 0.2447078125
1 0.054576562500000037 0.2135640625 2.615405455535303e-17 0.2135640625 3.2377078130114066e-17 0.31519375 0.05457656250000005 0.31519375
1 0.6616578125000001 0.6528671875 0.5845421875000001 0.6528671875 0.5845421875000002 0.8184234375000001 0.6616578125000002 0.8184234375000001
1 0.2170125 0.22995625 0.13989687500000006 0.22995625 0.13989687500000006 0.3233890625 0.2170125 0.3233890625
1 0.9291015625 0.7085984375000002 0.866753125 0.7085984375000002 0.866753125 0.81186875 0.9291015625 0.81186875
1 0.22685624999999998 0.15947031250000004 0.18419687499999998 0.15947031250000004 0.184196875 0.20864687499999998 0.22685624999999998 0.20864687499999998
1 0.6140765625 0.1578312500000001 0.571415625 0.1578312500000001 0.571415625 0.2332343750000001 0.6140765625 0.2332343750000001
1 0.5599312500000001 0.7118765625 0.5074265625000001 0.7118765625 0.5074265625000002 0.8249812500000001 0.5599312500000002 0.8249812500000001
1 0.8962859375000001 0.2168421875000001 0.822453125 0.2168421875000001 0.822453125 0.3496171875000001 0.8962859375000001 0.3496171875000001
1 0.715803125 0.2070078125000001 0.643609375 0.2070078125000001 0.643609375 0.3447000000000001 0.715803125 0.3447000000000001
1 0.8405015625000001 0.7118765625000002 0.7519000000000001 0.7118765625000002 0.7519000000000002 0.8249812500000001 0.8405015625000001 0.8249812500000001
1 0.48445625000000003 0.5889390624999999 0.38929218750000005 0.5889390624999999 0.38929218750000005 0.6922078125 0.48445625000000003 0.6922078125
1 0.7666671875 0.2594609375000001 0.7059578125 0.2594609375000001 0.7059578125 0.3610906250000001 0.7666671875 0.3610906250000001
1 0.825734375 0.2037281250000001 0.7666671875 0.2037281250000001 0.7666671875 0.30699843750000005 0.825734375 0.30699843750000005
1 0.7405807385344931 0.6998466932330607 0.6679000668017909 0.6919481955073732 0.6562377036519786 0.7992633353171145 0.7289183753846809 0.8071618330428019
1 0.49645181280941086 0.6951847866988634 0.43531708391487783 0.6879404032749 0.42584175708737104 0.7679018717513724 0.4869764859819041 0.7751462551753356
1 0.47273089262264945 0.7266742823662601 0.3900973444767077 0.7250690428916156 0.3880055143540584 0.8327510105253555 0.4706390625000001 0.8343562500000001
1 0.39131668024255234 0.8296366755861492 0.38426476994658476 0.7074822728937373 0.31379852669095754 0.711550252560289 0.3208504369869251 0.833704655252701
1 0.4513705241997338 0.15766737707231349 0.37500394116223834 0.15289149421213838 0.36757967846682216 0.2716057906513293 0.4439462615043176 0.27638167351150444
1 0.4499140625 0.2745406250000001 0.395509375 0.2745406250000001 0.39550937500000005 0.37116562500000005 0.4499140625 0.37116562500000005
1 0.51554375 0.26840468750000007 0.467184375 0.26840468750000007 0.467184375 0.4049078125 0.51554375 0.4049078125
1 0.532352384992812 0.2586214203697002 0.5266540089408192 0.15747266932744788 0.4633837231670169 0.16103710168613888 0.4690820992190098 0.2621858527283912
1 0.3670125 0.15490781250000007 0.298790625 0.15490781250000007 0.298790625 0.22392656249999998 0.3670125 0.22392656250000004
1 0.3345036475589009 0.3266486882346837 0.28300376854637294 0.24535651740345044 0.20296263305038406 0.2960638456974198 0.2544625120629121 0.377356016528653
1 0.15076813782232937 0.33659573503980755 0.1137251031214491 0.23648595258820318 0.03846352867439782 0.2643345508531405 0.07550656337527809 0.3644443333047449
1 0.8017516859827272 0.19376333064407075 0.7485055055594151 0.13859682462987788 0.6888546168364599 0.19617128806492365 0.742100797259772 0.2513377940791165
1 1 0.1564421875000001 0.9222796875 0.1564421875000001 0.9222796875 0.2530671875000001 1 0.2530671875000001
1 0.9954761282792646 0.8183355203709439 0.9663213834564853 0.7432501167587814 0.9058226362960813 0.7667410411023473 0.9349773811188605 0.8418264447145098