1 0.2670156250000001 0.40577500000000005 0.21727812500000007 0.40577500000000005 0.21727812500000007 0.4837734375 0.2670156250000001 0.4837734375
1 0.9086390625 0.31449843750000006 0.8589 0.31449843750000006 0.8589 0.39249843750000013 0.9086390625 0.39249843750000013
1 0.9235609374999999 0.40245468750000024 0.8754796875 0.40245468750000024 0.8754796875 0.47547500000000015 0.9235609374999999 0.47547500000000015
1 0.5074171875 0.5966234375 0.457678125 0.5966234375 0.457678125 0.6729609375 0.5074171875 0.6729609375
1 0.8141359375 0.24811718750000006 0.7295812500000001 0.24811718750000006 0.7295812500000001 0.38420000000000004 0.8141359375 0.38420000000000004
1 1 0.3875187500000001 0.94345625 0.3875187500000001 0.94345625 0.46717656250000017 1 0.46717656250000017
1 0.537259375 0.3908390625000001 0.487521875 0.3908390625000001 0.487521875 0.4621984375 0.537259375 0.4621984375
1 0.11778926663313372 0.7647366795655204 0.06819913291337931 0.7189177543619341 0.021941313376027338 0.768982906397888 0.07153144709578174 0.8148018316014743
1 0.17151680529186947 0.3791954182163155 0.16727174965560318 0.27295699945120727 0.10059675735138347 0.2756211868061117 0.10484181298764979 0.3818596055712199
1 0.1874343750000001 0.6663234375 0.13272187500000007 0.6663234375 0.13272187500000007 0.7493015625 0.1874343750000001 0.7493015625
1 0.51570625 0.4356453125 0.436125 0.4356453125 0.436125 0.5833468749999999 0.51570625 0.5833468749999999
1 0.855584375 0.3725843750000001 0.7610812499999999 0.3725843750000001 0.7610812499999999 0.5036875000000002 0.855584375 0.5036875000000002
1 0.22390937500000002 0.34603125 0.16588125000000004 0.34603125 0.16588125000000004 0.473815625 0.22390937500000008 0.473815625
1 0.04153593750000009 0.7194281250000001 8.82115959691774e-17 0.7194281250000001 9.369906606020055e-17 0.8090453125 0.0415359375000001 0.8090453125
1 0.44773125 0.5053484375 0.3548859375000001 0.5053484375 0.3548859375000001 0.6314734375 0.44773125 0.6314734375
1 0.5061732779649437 0.30927637531371077 0.41371192891934394 0.290749247314564 0.3900526327566736 0.4088231571386133 0.48251398180227334 0.4273502851377601
1 0.2935421875 0.2497765625 0.2255671875 0.2497765625 0.2255671875 0.3377328125 0.2935421875 0.3377328125
1 0.09127343750000007 0.5053484375 0.03656250000000007 0.5053484375 0.03656250000000007 0.59164375 0.09127343750000007 0.59164375
1 0.6483421875000001 0.4223703125 0.5289703125 0.4223703125 0.5289703125 0.5501546875 0.6483421875000001 0.5501546875
1 0.426178125 0.16513906250000004 0.34328125 0.16513906250000004 0.34328125 0.32445625 0.426178125 0.32445625000000006
1 0.437784375 0.4190515625 0.37975625000000013 0.4190515625 0.37975625000000013 0.4904109375 0.437784375 0.4904109375
1 0.4676265625000002 0.7360249999999999 0.4129140625000002 0.7360249999999999 0.4129140625000002 0.8156828125000001 0.4676265625000002 0.8156828125000001
1 0.800871875 0.1817343750000001 0.7494765625 0.1817343750000001 0.7494765625 0.2381593750000001 0.800871875 0.2381593750000001
1 0.99319375 0.4738156250000002 0.90200625 0.4738156250000002 0.90200625 0.6513875000000002 0.99319375 0.6513875000000002
1 0.3780984375000001 0.677940625 0.32007031250000006 0.677940625 0.32007031250000006 0.772534375 0.3780984375000001 0.772534375
1 0.7746510519218928 0.3521908086533612 0.6299281539129363 0.2558299710082358 0.5521570061183848 0.37263329241315024 0.6968799041273412 0.4689941300582756
1 0.3681500000000001 0.4306671875 0.28359531250000014 0.4306671875 0.28359531250000014 0.530240625 0.3681500000000001 0.530240625
1 0.17417031250000004 0.38917812500000004 0.10287968750000005 0.38917812500000004 0.10287968750000005 0.523603125 0.17417031250000004 0.523603125
1 0.5637875 0.2530968750000001 0.5007859375 0.2530968750000001 0.5007859375 0.351009375 0.5637875 0.351009375
1 0.6057520760335466 0.6925922965033924 0.5875343381491114 0.5558498271955565 0.5040189617594042 0.5669762990523908 0.5222366996438395 0.7037187683602266
1 0.11116875000000008 0.611559375 0.02329843750000007 0.611559375 0.02329843750000008 0.712790625 0.11116875000000008 0.712790625
1 0.6848171875000001 0.6447499999999999 0.5836828125 0.6447499999999999 0.5836828125000001 0.800746875 0.6848171875000002 0.800746875
1 0.8589 0.5368781250000001 0.7859515625 0.5368781250000001 0.7859515625 0.6630046875000002 0.8589 0.6630046875000002
1 0.8754796875 0.6762812500000001 0.7677140625 0.6762812500000001 0.7677140625000001 0.8123640625 0.8754796875 0.8123640625
1 0.4527046875 0.6397703124999999 0.36980781250000005 0.6397703124999999 0.36980781250000005 0.7493015625 0.4527046875000001 0.7493015625
1 0.2947200072517423 0.5024388707485403 0.2214638128138402 0.48977114581826153 0.18982468886288353 0.672737055541813 0.2630808833007856 0.6854047804720917
1 0.31401069870305953 0.800488400054507 0.31054647947498515 0.6526858444380915 0.2373246685503548 0.6544020286019016 0.2407888877784293 0.802204584218317
1 0.2472081743889282 0.8100100815178829 0.23175759679716088 0.6908330889891452 0.16640415221849342 0.6993057685301102 0.18185472981026077 0.818482761058848
1 0.1494045484806686 0.602608816698661 0.1398263368600678 0.5173996055313278 0.0743349341943668 0.5247613743526609 0.0839131458149676 0.6099705855199942
1 0.2237481424670053 0.4978089746376682 0.1584121411595112 0.49054129499357113 0.1471834300486266 0.5914867300910177 0.21251943135612072 0.5987544097351147
1 0.04101250000000005 0.369565625 4.54441551525475e-17 0.369565625 5.504729956848643e-17 0.526396875 0.04101250000000006 0.526396875
1 0.13384811006369002 0.1541042548060778 0.05624855228129043 0.15192181604574567 0.05150129606813945 0.3207169224725594 0.12910085385053902 0.32289936123289154
1 0.23736209807348313 0.30440920687299644 0.2028340801389167 0.15081053085074053 0.12641596920582304 0.16798884236457953 0.1609439871403895 0.32158751838683547
1 0.3167546875000001 0.33540312499999997 0.24258281250000002 0.33540312499999997 0.24258281250000008 0.43944062500000003 0.31675468750000013 0.43944062500000003
1 0.39481291450587036 0.42341380109067844 0.37332901388890527 0.31635595392598115 0.309159868965052 0.32923313732477355 0.330643769582017 0.4362909844894708
1 0.33528428999379745 0.2439667439520124 0.3292297234225583 0.1470358786539875 0.2631697541877362 0.15116216474662172 0.2692243207589754 0.24809303004464658
1 0.5187309206487055 0.17036794320889073 0.45181377384671223 0.1571416057279834 0.4275931498170363 0.2796830920744008 0.4945102966190295 0.29290942955530813
1 0.6398894999967354 0.19078105166890916 0.5768548556697157 0.1831922477267142 0.5610795721080681 0.314225991125639 0.6241142164350879 0.32181479506783395
1 0.5220077481853307 0.810493281760637 0.5140126695146998 0.7061324459071019 0.466969707065857 0.7097364050226257 0.4749647857364878 0.8140972408761608
1 0.575420614772747 0.7835858734984169 0.5731854899247069 0.7041129907083712 0.5211324089782138 0.7055769508738519 0.5233675338262538 0.7850498336638976
1 0.8031023221040912 0.6635681795074067 0.7292278829241883 0.630704966590223 0.6616159656411233 0.7826923113380252 0.7354904048210262 0.8155555242552086
1 0.8874386404931259 0.1743874584212814 0.8115592365825057 0.16276069159602502 0.784809532225805 0.3373364487155902 0.8606889361364252 0.3489632155408465
1 0.9817387488817427 0.17638724728043184 0.9252954337058276 0.14580043101012272 0.8488733915884756 0.28682568095756233 0.9053167067643908 0.31741249722787146
1 0.9831495457107449 0.7533729411660499 0.8982856196137601 0.6362072230635778 0.8276078178352458 0.6873996353490842 0.9124717439322307 0.8045653534515564
1 1 0.18927812500000013 0.96596875 0.18927812500000013 0.96596875 0.3691421875000001 1 0.3691421875000001
1 0.9830333904830869 0.32132009476238926 0.9257555163836196 0.3077665759891439 0.9039290424911725 0.4000063879938864 0.9612069165906398 0.4135599067671317
1 0.8065349097959965 0.48002503061060386 0.7135219995254625 0.4626009526646584 0.6837088477816902 0.6217490015099406 0.7767217580522241 0.6391730794558861
1 0.6845711145295834 0.6378947190076631 0.6803633083922491 0.5107271396085138 0.5997111237829196 0.5133958131728927 0.603918929920254 0.6405633925720421
1 0.1241703491006378 0.4322427003514596 0.08691160058009181 0.31859875281794736 0.019674903636190122 0.34064264725452753 0.056933652156736105 0.45428659478803973
1 0.05410156250000003 0.26708125 3.27080197924774e-17 0.26708125 3.717281413068134e-17 0.33999687500000003 0.05410156250000005 0.33999687500000003
1 0.35306099480953973 0.529989571714239 0.27783102999884624 0.5290278421117238 0.27576489693153816 0.6906482368061433 0.35099486174223166 0.6916099664086583
1 0.7240886157750689 0.2746649196628894 0.6893414388634883 0.13038048230819863 0.6285450939185475 0.14502171037208347 0.6632922708301281 0.2893061477267742
1 0.9229164245159337 0.586128583689766 0.8771990232430719 0.45768007510244085 0.8137681420287703 0.48025639834245704 0.8594855433016322 0.6087049069297821