1 1 0.6861875000000002 0.967459375 0.6861875000000002 0.967459375 0.8528296875000001 1 0.8528296875000001
1 0.48117031250000003 0.2266593750000001 0.3665453125 0.2266593750000001 0.3665453125 0.35720625000000006 0.48117031250000003 0.35720625000000006
1 1 0.2771375000000001 0.9327234375 0.2771375000000001 0.9327234375 0.44946093750000016 1 0.44946093750000016
1 0.9634029524555616 0.5783160508226862 0.902580388711541 0.34985419357712755 0.8025475614788103 0.3764855669022503 0.863370125222831 0.604947424147809
1 0.9190726252198921 0.6939702206863055 0.8043506500306659 0.41555870770534914 0.6973386057991215 0.45965398577712674 0.8120605809883479 0.7380654987580832
1 0.6976110562860576 0.7731735455421953 0.6230210117359964 0.6243249564178521 0.5448718916001577 0.6634865392502618 0.6194619361502187 0.812335128374605
1 0.7612008161854487 0.5337278770291549 0.681231048425993 0.5304438321391828 0.6721739487704692 0.7509932400471426 0.7521437165299248 0.7542772849371145
1 0.6928703125 0.47719843749999996 0.6188296875 0.47719843749999996 0.6188296875 0.6449515625 0.6928703125 0.6449515625
1 0.8414648723204449 0.9010657692031512 0.8152119649320178 0.7139520985090584 0.7242241337960312 0.7267181091133403 0.7504770411844583 0.9138317798074331
1 0.92413125 0.7166125000000002 0.831809375 0.7166125000000002 0.831809375 0.8827359375 0.92413125 0.8827359375
1 1.000325327926713 0.7808633468085503 0.9384618726514955 0.7654321043670184 0.9115371574958111 0.8733725970488433 0.973400612771029 0.8888038394903752
1 1.0112500719663962 0.6257473660761811 0.9287526623919179 0.5942492708699056 0.8838617792209625 0.7118240496259401 0.9663591887954407 0.7433221448322156
1 1 0.46811250000000015 0.954296875 0.46811250000000015 0.954296875 0.5895765625000002 1 0.5895765625000002
1 1 0.09171875000000014 0.933271875 0.09171875000000013 0.933271875 0.28990156250000004 1 0.28990156250000004
1 0.9664485413756708 0.10693917263291108 0.875619740746999 0.08531263900646649 0.8237989544816431 0.3029536139966324 0.9146277551103148 0.32458014762307696
1 0.88286640516106 0.13606922633909396 0.7885535790568787 0.10834283244351106 0.7139361684016705 0.36215798424332984 0.808248994505852 0.38988437813891275
1 0.767535986922719 0.5057332469550138 0.7587574793054869 0.3336820006552301 0.6715652696983857 0.3381307767766513 0.6803437773156178 0.5101820230764349
1 0.7788205469325942 0.2721864701692477 0.7512433743209102 0.06581493810184738 0.6614391638509437 0.07781536368660012 0.6890163364626275 0.28418689575400047
1 0.7083324147281518 0.4105296020644741 0.6932472806887893 0.19214327697155015 0.6091314202142337 0.1979536180245216 0.6242165542535962 0.41633994311744554
1 0.6273894339590278 0.20413613200237238 0.5422521259325066 0.19642943110868946 0.5267544763731526 0.3676347474202789 0.6118917843996738 0.3753414483139618
1 0.5938266684482518 0.07451199585105285 0.4882246105463318 0.06376406223767127 0.4631232340105288 0.31039351806641646 0.5687252919124488 0.3211414516797981
1 0.5494328744769988 0.3424189939514372 0.465713299503966 0.32486692619691004 0.427194669235819 0.5085924792025323 0.5109142442088518 0.5261445469570595
1 0.6298393822528805 0.3937164462583108 0.5234687208643768 0.3833340591869376 0.5042162254035426 0.5805816344766951 0.6105868867920463 0.5909640215480685
1 0.5362124034681814 0.5152509322381454 0.43589049816608905 0.5112291186625603 0.42606708229385915 0.7562687701420702 0.5263889875959514 0.7602905837176552
1 0.5009140625 0.7475562499999999 0.4058500000000002 0.7475562499999999 0.4058500000000002 0.8729640625 0.5009140625 0.8729640625
1 0.6014625000000002 0.7491859375 0.5292500000000002 0.7491859375 0.5292500000000002 0.9039093749999999 0.6014625000000002 0.9039093749999999
1 0.7111515625000002 0.7947875 0.6389390625000002 0.7947875 0.6389390625000002 0.9055375 0.7111515625000002 0.9055375
1 0.6844546392131493 0.19469163789541186 0.6561780030983566 0.05865926692470993 0.5820886796124594 0.07405998974717025 0.610365315727252 0.21009236071787218
1 0.4743966960369283 0.17095334021208766 0.45459704629501063 0.05806487568355195 0.38138064262325205 0.07090639278734105 0.4011802923651698 0.18379485731587675
1 0.38701970218584 0.07340311605150814 0.2930213266631648 0.06503163679555712 0.2704568413067911 0.3183948600868954 0.36445521682946624 0.3267663393428464
1 0.44268704823488986 0.3970591246508539 0.3527947573033182 0.3934555482652603 0.3432931193135541 0.6304767502902713 0.4331854102451259 0.6340803266758649
1 0.4305296875 0.631921875 0.34826250000000014 0.631921875 0.34826250000000014 0.7491859375 0.4305296875000001 0.7491859375
1 0.5839690883885147 0.576833752626065 0.5342006175734039 0.575619330526005 0.5316858572228582 0.6786772188063266 0.581454328037969 0.6798916409063865
1 0.39171038438641725 0.8711774538515329 0.38622386969192796 0.7440919540777257 0.2810199417946734 0.7486338010811494 0.2865064564891627 0.8757193008549568
1 0.3544372022987955 0.5433022500739497 0.2840866226360243 0.5372281464501995 0.2659770239956145 0.7469744466007947 0.33632760365838565 0.753048550224545
1 0.2848107059889327 0.8785154759356526 0.27843343037577667 0.7535263245807136 0.19397628804317754 0.7578355503680383 0.20035356365633356 0.8828247017229774
1 0.23498275837488478 0.6071372457940278 0.12340901110128295 0.5862651116507489 0.08799776421599237 0.775558908034996 0.19957151148959418 0.796431042178275
1 0.2029250000000001 0.7589578125 0.1435093750000001 0.7589578125 0.1435093750000001 0.8615640625 0.2029250000000001 0.8615640625
1 0.27530567364429126 0.5665962103557114 0.2464264624721936 0.3884200608902875 0.1592397544158711 0.40255148847424244 0.18811896558796876 0.5807276379396662
1 0.3825672637322619 0.4578247427662516 0.3761269350725201 0.31438155939512835 0.31270757967234847 0.3172289689587417 0.3191479083320903 0.460672152329865
1 0.3300820718825226 0.4472879255503182 0.2712174953226009 0.22353545248408563 0.1879169138451643 0.24545008604620538 0.24678149040508596 0.46920255911243797
1 0.2793466524285769 0.20582099283032718 0.26317950898656195 0.06898754160421333 0.18422752457140562 0.07831587503170467 0.2003946680134206 0.21514932625781852
1 0.2128174440851498 0.11963510421421293 0.12170881767770289 0.11841763090688143 0.11840328215328688 0.36578469789471124 0.20951190856073382 0.36700217120204276
1 0.1668788775208227 0.4786259338630486 0.07803865506944303 0.47663155456476175 0.07431858558618876 0.6423431625376231 0.1631588080375684 0.64433754183591
1 0.14352186770495007 0.29953744501898005 0.0716710264527692 0.29308526263621454 0.056354414771861296 0.463649479380273 0.12820525602404217 0.4701016617630385
1 0.1410742518968522 0.0980668724412602 0.03307573630010979 0.07988321101541637 -0.00986274628841446 0.334908437945036 0.09813576930832793 0.3530920993708798
1 0.08824112345564304 0.4327589550271676 0.02877539009122545 0.4285872972722588 0.018783597810599968 0.5710173072348846 0.07824933117501756 0.5751889649897934
1 0.09506406250000007 0.576546875 0.027421875000000078 0.576546875 0.02742187500000009 0.7491859375 0.09506406250000009 0.7491859375
1 0.1307478878907467 0.8769154776586353 0.12427604015214458 0.7500672619820337 0.027138145510956484 0.7550232770147474 0.03360999324955862 0.881871492691349
1 0.014625000000000037 0.285015625 3.4904347286323235e-17 0.285015625 4.551170207756299e-17 0.45824687500000005 0.01462500000000005 0.45824687500000005
1 0.026507812500000096 0.734528125 8.995375171649568e-17 0.734528125 9.855373818797679e-17 0.8749765625 0.026507812500000106 0.8749765625
1 0.03016406250000007 0.54706875 6.699659936010436e-17 0.54706875 7.286007428867823e-17 0.6428265625 0.030164062500000078 0.6428265625