1 0.6315196137742143 0.5823170784001003 0.53289964085871 0.4246700934872941 0.4389227749295498 0.48345964774197175 0.537542747845054 0.6411066326547779
1 0.44744375 0.25628593750000006 0.393965625 0.25628593750000006 0.393965625 0.34901718750000005 0.44744375 0.34901718750000005
1 0.2901546875000001 0.6507875000000001 0.19106093750000008 0.6507875000000001 0.19106093750000008 0.814246875 0.2901546875000001 0.814246875
1 0.6755156250000001 0.685365625 0.6031609375000001 0.685365625 0.6031609375000002 0.817390625 0.6755156250000002 0.817390625
1 0.642484375 0.5863484375 0.5764218750000001 0.5863484375 0.5764218750000001 0.6822234375 0.642484375 0.6822234375
1 0.5119328125 0.3144406250000001 0.4537359375 0.3144406250000001 0.4537359375 0.44175000000000003 0.5119328125 0.44175000000000003
1 0.12028125000000009 0.592634375 0.051073437500000075 0.592634375 0.05107343750000008 0.76238125 0.12028125000000009 0.76238125
1 0.239821875 0.18084375000000003 0.18005156250000004 0.18084375000000003 0.18005156250000004 0.28614843749999996 0.239821875 0.28614843749999996
1 0.16117656250000006 0.29715156249999997 0.09826093750000005 0.29715156249999997 0.09826093750000005 0.42760468749999997 0.16117656250000006 0.42760468749999997
1 0.2791437500000001 0.5187640625000001 0.2052187500000001 0.5187640625000001 0.2052187500000001 0.6445015625 0.2791437500000001 0.6445015625
1 0.6361921875000001 0.48732968750000005 0.5827140625 0.48732968750000005 0.5827140625 0.5753453125 0.6361921875000001 0.5753453125
1 0.06365781250000005 0.3333015625 0.0007406250000000433 0.3333015625 0.0007406250000000535 0.49833125 0.06365781250000005 0.49833125
1 0.3341953125 0.17927343750000005 0.2618421875 0.17927343750000005 0.2618421875 0.273575 0.3341953125 0.273575
1 0.32004062499999997 0.3395890625 0.26341562500000004 0.3395890625 0.2634156250000001 0.43860625000000003 0.320040625 0.43860625000000003
1 0.19735312500000007 0.5706296875 0.1360093750000001 0.5706296875 0.1360093750000001 0.6712203125 0.19735312500000007 0.6712203125
1 0.3404875000000001 0.51090625 0.2791437500000001 0.51090625 0.2791437500000001 0.6004921875 0.3404875000000001 0.6004921875
1 0.7415765624999999 0.43231875000000014 0.6739421875 0.43231875000000003 0.6739421875 0.520334375 0.7415765624999999 0.5203343750000001
1 0.7714625 0.6932234375000002 0.6802343750000002 0.6932234375 0.6802343750000002 0.814246875 0.7714625000000002 0.814246875
1 0.11084375000000006 0.50461875 0.057365625000000066 0.50461875 0.057365625000000066 0.5784890625 0.11084375000000009 0.5784890625
1 0.4018296875 0.5376234375 0.3483515625000001 0.5376234375 0.3483515625000001 0.61778125 0.4018296875 0.61778125
1 0.39553906250000004 0.24371250000000005 0.3279046875 0.2437125 0.32790468750000007 0.38516875000000006 0.3955390625000001 0.3851687500000001
1 0.21937500000000004 0.3301578125 0.16275000000000003 0.3301578125 0.16275000000000003 0.4716125 0.2193750000000001 0.4716125
1 0.5245171875000001 0.6602187500000001 0.4726109375 0.6602187500000001 0.4726109375000001 0.7639515625 0.5245171875000001 0.7639515625
1 0.07309375000000003 0.218565625 0.0007406250000000275 0.218565625 0.0007406250000000349 0.33644375000000004 0.07309375000000004 0.33644375000000004
1 0.7415765624999999 0.6193546875000001 0.68180625 0.6193546875 0.68180625 0.694796875 0.7415765624999999 0.694796875
1 0.44744375 0.5973499999999999 0.3986843750000001 0.5973499999999999 0.3986843750000001 0.688509375 0.44744375 0.688509375
1 0.8642625 0.6947968750000001 0.7824718749999999 0.6947968750000001 0.782471875 0.8032453125 0.8642625 0.8032453125
1 0.3625078125000001 0.40402812499999996 0.3106015625000001 0.40402812499999996 0.3106015625000001 0.49204375 0.3625078125000001 0.49204375
1 0.17847812500000004 0.18713125 0.11399062500000004 0.18713125 0.11399062500000004 0.29872343749999997 0.17847812500000004 0.29872343749999997
1 0.16904218750000005 0.4448921875 0.10297968750000004 0.4448921875 0.10297968750000006 0.5549125 0.16904218750000005 0.5549125
1 0.05422031250000009 0.6445015625 0.0007406250000000789 0.6445015625 0.0007406250000000882 0.7969578125 0.05422031250000009 0.7969578125
1 0.8925750000000001 0.5643437500000001 0.820221875 0.5643437500000001 0.820221875 0.6507875000000002 0.8925750000000001 0.6507875000000002
1 0.9130218749999999 0.7608078125000002 0.8642625 0.7608078125000002 0.8642625 0.814246875 0.9130218749999999 0.814246875
1 0.1863421875000001 0.6790796875 0.12028125000000009 0.6790796875 0.12028125000000009 0.7828125 0.1863421875000001 0.7828125
1 0.4663187500000001 0.7010828124999999 0.3971109375000001 0.7010828124999999 0.3971109375000001 0.7890984375000001 0.4663187500000002 0.7890984375000001
1 0.829659375 0.5942062500000002 0.749440625 0.5942062500000002 0.749440625 0.6885093750000001 0.829659375 0.6885093750000001
1 0.9334703125000001 0.6287843750000002 0.8611171875 0.6287843750000002 0.8611171875 0.7435187500000001 0.9334703125000001 0.7435187500000001
1 0.10769843750000005 0.394596875 0.062084375000000046 0.394596875 0.06208437500000006 0.48732968750000005 0.10769843750000005 0.48732968750000005
1 0.41049498879306556 0.6906367926155415 0.3629318861636322 0.6694824564261802 0.31085295054061834 0.7865759798388788 0.3584160531700517 0.8077303160282401
1 0.021189062500000064 0.499903125 0.0007406250000000612 0.499903125 0.0007406250000000647 0.5564859375 0.021189062500000067 0.5564859375
1 0.019615625000000074 0.5753453125 0.0007406250000000704 0.5753453125 0.0007406250000000738 0.6303546875 0.019615625000000074 0.6303546875
1 0.12395574683365415 0.23654042106068712 0.0777380684643313 0.22220189983556268 0.05398810917252944 0.29875567847137047 0.10020578754185232 0.313094199696495
1 0.31201776994880726 0.49551695018293573 0.2581365944273267 0.3958372154581974 0.19479973646732196 0.43007350601561145 0.24868091198880254 0.5297532407403498
1 0.287021875 0.2905609375 0.23128125000000002 0.2905609375 0.23128125000000005 0.37020624999999996 0.28702187500000004 0.37020624999999996
1 0.36847516821352816 0.7790659296861036 0.3570478051898016 0.6068722002919591 0.28381600566307263 0.6117321122121963 0.2952433686867991 0.7839258416063408
1 0.4632835587004732 0.5554136597744816 0.41244125462721054 0.4722091494390404 0.3611536740459694 0.5035485414573444 0.41199597811923205 0.5867530517927857
1 0.46256250000000004 0.3834812500000001 0.4018296875 0.3834812500000001 0.4018296875 0.4808265625 0.46256250000000004 0.4808265625
1 0.48585625 0.5206484375 0.43510781249999997 0.5206484375 0.43510781249999997 0.61061875 0.48585625 0.61061875
1 0.5956734375 0.37020625 0.5507484375 0.37020625 0.5507484375 0.4749265625 0.5956734375 0.4749265625
1 0.6772046875 0.42772812499999996 0.6214640625000001 0.42772812499999996 0.6214640625000001 0.5339234375 0.6772046875 0.5339234375
1 0.7772488355830551 0.49572574249440604 0.7198115384672459 0.49480084867318175 0.7182127003330991 0.5940911010715604 0.7756499974489085 0.5950159948927847
1 1 0.6939937500000001 0.9715953125000001 0.6939937500000001 0.9715953125000001 0.7942046875000001 1 0.7942046875000001
1 0.7175272461500237 0.5533569622592339 0.6586708320258431 0.5487191947355923 0.6521588870701437 0.6313601911013536 0.7110153011943242 0.6359979586249952