1 0.6281952247191012 0.5804248595505619 0.5302317415730337 0.423683286516854 0.43683286516853925 0.48205758426966294 0.5347963483146068 0.6387991573033709
1 0.4453125 0.2562500000000001 0.3921875 0.2562500000000001 0.3921875 0.34843750000000007 0.4453125 0.34843750000000007
1 0.2890625000000001 0.6484375 0.1906250000000001 0.6484375 0.1906250000000001 0.8109375 0.2890625000000001 0.8109375
1 0.6718750000000001 0.6828125 0.6000000000000001 0.6828125 0.6000000000000002 0.8140625 0.6718750000000002 0.8140625
1 0.6390625 0.584375 0.5734375 0.584375 0.5734375 0.6796875 0.6390625 0.6796875
1 0.509375 0.3140625000000001 0.4515625 0.3140625000000001 0.4515625 0.440625 0.509375 0.440625
1 0.12031250000000009 0.590625 0.05156250000000008 0.590625 0.05156250000000009 0.759375 0.12031250000000009 0.759375
1 0.2390625 0.18125000000000005 0.17968750000000003 0.18125000000000002 0.17968750000000006 0.2859375 0.2390625 0.2859375
1 0.16093750000000004 0.296875 0.09843750000000004 0.296875 0.09843750000000004 0.4265625 0.16093750000000004 0.4265625
1 0.27812500000000007 0.5171875 0.20468750000000008 0.5171875 0.20468750000000008 0.6421875 0.27812500000000007 0.6421875
1 0.6328125 0.4859375 0.5796875 0.4859375 0.5796875 0.5734375 0.6328125 0.5734375
1 0.06406250000000005 0.3328125 0.0015625000000000435 0.3328125 0.0015625000000000534 0.496875 0.06406250000000005 0.496875
1 0.3328125 0.17968750000000006 0.2609375 0.17968750000000006 0.2609375 0.2734375 0.3328125 0.2734375
1 0.31875000000000003 0.3390625 0.26250000000000007 0.3390625 0.26250000000000007 0.4375 0.3187500000000001 0.4375
1 0.19687500000000008 0.56875 0.1359375000000001 0.56875 0.1359375000000001 0.66875 0.19687500000000008 0.66875
1 0.3390625000000001 0.509375 0.27812500000000007 0.509375 0.27812500000000007 0.5984375 0.3390625000000001 0.5984375
1 0.7375 0.4312500000000001 0.6703125 0.43125 0.6703125 0.51875 0.7375 0.51875
1 0.7671875000000001 0.690625 0.6765625 0.690625 0.6765625000000001 0.8109375 0.7671875000000001 0.8109375
1 0.11093750000000006 0.503125 0.057812500000000065 0.503125 0.057812500000000065 0.5765625 0.11093750000000009 0.5765625
1 0.4 0.5359375 0.3468750000000001 0.5359375 0.3468750000000001 0.615625 0.4 0.615625
1 0.39375 0.24375000000000005 0.3265625 0.24375 0.32656250000000003 0.384375 0.39375000000000004 0.3843750000000001
1 0.21875000000000006 0.3296875 0.16250000000000003 0.3296875 0.16250000000000003 0.4703125 0.21875000000000008 0.4703125
1 0.521875 0.6578125 0.4703125 0.6578125 0.4703125000000001 0.7609375 0.5218750000000001 0.7609375
1 0.07343750000000002 0.21875 0.0015625000000000278 0.21875 0.0015625000000000348 0.3359375 0.07343750000000003 0.3359375
1 0.7375 0.6171875000000001 0.678125 0.6171875 0.678125 0.6921875 0.7375 0.6921875000000001
1 0.4453125 0.5953125 0.3968750000000001 0.5953125 0.3968750000000001 0.6859375 0.4453125 0.6859375
1 0.859375 0.6921875000000002 0.7781250000000001 0.6921875000000002 0.7781250000000002 0.8 0.859375 0.8
1 0.3609375000000001 0.403125 0.30937500000000007 0.403125 0.30937500000000007 0.490625 0.3609375000000001 0.490625
1 0.17812500000000003 0.1875 0.11406250000000004 0.1875 0.11406250000000004 0.2984375 0.17812500000000003 0.2984375
1 0.16875000000000004 0.44375 0.10312500000000005 0.44375 0.10312500000000006 0.553125 0.16875000000000007 0.553125
1 0.05468750000000009 0.6421875 0.0015625000000000784 0.6421875 0.0015625000000000877 0.79375 0.05468750000000009 0.79375
1 0.8875 0.5625000000000002 0.815625 0.5625000000000002 0.815625 0.6484375000000002 0.8875 0.6484375000000002
1 0.9078125 0.7578125000000002 0.859375 0.7578125000000002 0.859375 0.8109375 0.9078125 0.8109375
1 0.1859375000000001 0.6765625 0.12031250000000009 0.6765625 0.12031250000000009 0.7796875 0.1859375000000001 0.7796875
1 0.4640625000000001 0.6984375 0.39531250000000007 0.6984375 0.39531250000000007 0.7859375 0.46406250000000016 0.7859375
1 0.825 0.5921875000000002 0.7453125 0.5921875000000002 0.7453125 0.6859375000000002 0.825 0.6859375000000002
1 0.928125 0.6265625000000001 0.85625 0.6265625000000001 0.85625 0.7406250000000002 0.928125 0.7406250000000002
1 0.10781250000000005 0.39375 0.06250000000000004 0.39375 0.06250000000000006 0.4859375 0.10781250000000005 0.4859375
1 0.4086179123711342 0.6880315721649486 0.3613563144329898 0.6670264175257733 0.30961662371134036 0.7834407216494845 0.3568782216494847 0.8044458762886599
1 0.021875000000000065 0.4984375 0.001562500000000061 0.4984375 0.0015625000000000645 0.5546875 0.021875000000000068 0.5546875
1 0.020312500000000074 0.5734375 0.0015625000000000701 0.5734375 0.0015625000000000736 0.628125 0.020312500000000074 0.628125
1 0.12396540937619319 0.23660893884541195 0.07804804373825924 0.22237475122384867 0.05445528623493513 0.2984814670750667 0.10037265187286906 0.31271565469663
1 0.31079488101138725 0.49409864408091925 0.2572618138365506 0.39499690654091674 0.19432430462618247 0.4289946748143089 0.24785737180101913 0.5280964123543115
1 0.28595000000000004 0.290321875 0.230578125 0.290321875 0.23057812500000002 0.3695015625 0.2859500000000001 0.3695015625
1 0.36686690893302476 0.7759663558209341 0.3555139195524667 0.604780874168714 0.28276541025478164 0.6096055418072113 0.2941183996353397 0.7807910234594314
1 0.4610612324956646 0.5536440581473501 0.4105483261031841 0.47091778722156175 0.3595785668666193 0.5020400733871438 0.4100914732590998 0.5847663443129323
1 0.46033125 0.3826984375000001 0.4 0.3826984375000001 0.4 0.47947187500000005 0.46033125 0.47947187500000005
1 0.4834703125 0.5190609375 0.4330578125 0.5190609375 0.4330578125 0.6085046875 0.4834703125 0.6085046875
1 0.5925625 0.3695015625000001 0.547934375 0.3695015625000001 0.547934375 0.47360781249999995 0.5925625 0.47360781249999995
1 0.673553125 0.4266859375 0.61818125 0.4266859375 0.61818125 0.5322578124999999 0.673553125 0.5322578124999999
1 0.7729363055266638 0.4942838831235525 0.715878903963272 0.4933666565129429 0.714292144186759 0.5920733323833341 0.7713495457501508 0.5929905589939437
1 0.9991734375 0.6901375000000001 0.9660257822423457 0.6900246294120831 0.9656710947423457 0.7941886919120832 0.9988187500000001 0.7943015625000002
1 0.7136155165815464 0.5515794441965022 0.6551521476816858 0.5469666298618272 0.6486700153009585 0.6291219626233175 0.7071333842008191 0.6337347769579924