1 0.3921875 0.29375000000000007 0.321875 0.29375 0.321875 0.44375 0.3921875000000001 0.44375
1 0.4859375 0.2375000000000001 0.4125 0.2375000000000001 0.4125 0.3437500000000001 0.4859375 0.3437500000000001
1 0.8005625000000002 0.607 0.7180625 0.49700000000000005 0.5935625000000001 0.5903750000000001 0.6760625000000001 0.7003750000000001
1 0.89375 0.1843750000000001 0.7875 0.1843750000000001 0.7875 0.3046875000000001 0.89375 0.3046875000000001
1 0.7125 0.1906250000000001 0.615625 0.1906250000000001 0.615625 0.3375000000000001 0.7125 0.3375000000000001
1 0.6296875 0.2890625000000001 0.5484375 0.2890625000000001 0.5484375 0.4171875 0.6296875 0.4171875
1 0.484375 0.3468750000000001 0.403125 0.3468750000000001 0.403125 0.4671875 0.484375 0.4671875
1 0.528125 0.5515625 0.4375 0.5515625 0.4375 0.6609375 0.528125 0.6609375
1 0.35932112068965516 0.4568965517241379 0.29326508620689656 0.29175646551724144 0.22241379310344828 0.32009698275862075 0.2884698275862069 0.48523706896551716
1 0.15468750000000006 0.5265625 0.08593750000000007 0.5265625 0.08593750000000008 0.640625 0.1546875000000001 0.640625
1 0.7343750000000001 0.6828125 0.6687500000000001 0.6828125 0.6687500000000002 0.8109375 0.7343750000000002 0.8109375
1 0.5509282178217824 0.3985303217821783 0.48425123762376243 0.3918626237623763 0.4702196782178218 0.5321782178217822 0.5368966584158417 0.5388459158415843
1 0.8734375 0.46875000000000017 0.7859375 0.46875000000000017 0.7859375 0.5968750000000002 0.8734375 0.5968750000000002
1 0.09687500000000009 0.7078125 0.01562500000000009 0.7078125 0.015625000000000094 0.7984375 0.09687500000000009 0.7984375
1 0.1843750000000001 0.646875 0.10468750000000009 0.646875 0.10468750000000009 0.803125 0.1843750000000001 0.803125
1 0.4046875 0.4484375 0.3312500000000001 0.4484375 0.3312500000000001 0.540625 0.4046875 0.540625
1 0.7109375 0.3437500000000001 0.63125 0.3437500000000001 0.63125 0.459375 0.7109375 0.459375
1 0.8125 0.3468750000000001 0.7203125 0.3468750000000001 0.7203125 0.5015625000000001 0.8125 0.5015625000000001
1 0.19531250000000006 0.371875 0.13281250000000006 0.371875 0.13281250000000006 0.4546875 0.19531250000000006 0.4546875
1 0.9883859536082472 0.7836340206185567 0.9271101804123709 0.6457635309278351 0.8657860824742265 0.6730186855670104 0.9270618556701027 0.810889175257732
1 0.9984375 0.3312500000000001 0.9203125 0.3312500000000001 0.9203125 0.5000000000000002 0.9984375 0.5000000000000002
1 0.21875000000000008 0.45 0.15156250000000004 0.45 0.15156250000000007 0.5828125 0.21875000000000008 0.5828125
1 0.5953125 0.615625 0.534375 0.615625 0.534375 0.7109375 0.5953125 0.7109375
1 0.2859375 0.17812500000000003 0.221875 0.17812500000000003 0.221875 0.2859375 0.2859375 0.2859375
1 0.79375 0.18750000000000008 0.7125 0.18750000000000008 0.7125 0.3359375000000001 0.79375 0.3359375000000001
1 0.553125 0.17968750000000006 0.50625 0.17968750000000006 0.50625 0.2796875000000001 0.553125 0.2796875000000001
1 0.834375 0.5812500000000002 0.7546875 0.5812500000000002 0.7546875 0.7125000000000001 0.834375 0.7125000000000001
1 0.09375000000000003 0.1828125 0.029687500000000023 0.1828125 0.029687500000000026 0.2671875 0.09375000000000003 0.2671875
1 0.5390625 0.3140625000000001 0.49375 0.3140625000000001 0.49375 0.3828125000000001 0.5390625 0.3828125000000001
1 0.3343750000000001 0.6234375 0.2718750000000001 0.6234375 0.2718750000000001 0.7109375 0.3343750000000001 0.7109375
1 0.8734375 0.3218750000000001 0.8078125 0.3218750000000001 0.8078125 0.44062500000000016 0.8734375 0.44062500000000016
1 0.421875 0.54375 0.36406250000000007 0.54375 0.36406250000000007 0.640625 0.421875 0.640625
1 0.2640625000000001 0.6515625 0.1937500000000001 0.6515625 0.1937500000000001 0.796875 0.2640625000000001 0.796875
1 0.6062500000000002 0.728125 0.5656250000000002 0.728125 0.5656250000000002 0.809375 0.6062500000000002 0.809375
1 0.3609375000000001 0.5375 0.2890625000000001 0.5375 0.2890625000000001 0.6296875 0.3609375000000001 0.6296875
1 0.15781250000000005 0.275 0.07656250000000005 0.275 0.07656250000000005 0.3640625 0.15781250000000005 0.3640625
1 0.2671875000000001 0.5 0.2156250000000001 0.5 0.2156250000000001 0.6234375 0.2671875000000001 0.6234375
1 0.15312500000000004 0.1921875 0.09687500000000002 0.1921875 0.09687500000000002 0.2609375 0.15312500000000004 0.2609375
1 0.10907700752823093 0.6453066185696359 0.029305207026348912 0.6115570106649935 0.0003215181932246569 0.6800639115432873 0.08009331869510668 0.7138135194479296
1 0.6046875 0.2062500000000001 0.5546875 0.2062500000000001 0.5546875 0.2812500000000001 0.6046875 0.2812500000000001
1 0.9984375 0.5031250000000002 0.95625 0.5031250000000002 0.95625 0.5734375000000002 0.9984375 0.5734375000000002
1 0.045312500000000054 0.4140625 5.13777602454788e-17 0.4140625 5.663991446056509e-17 0.5 0.04531250000000006 0.5
1 0.934375 0.4984375000000002 0.890625 0.4984375000000002 0.890625 0.5640625000000001 0.934375 0.5640625000000001
1 0.4734375 0.4859375 0.4203125 0.4859375 0.4203125 0.5515625 0.4734375 0.5515625
1 0.09218750000000006 0.45 0.037500000000000054 0.45 0.03750000000000006 0.5796875 0.09218750000000006 0.5796875
1 0.921875 0.5796875000000001 0.8703125 0.5796875000000001 0.8703125 0.6484375000000002 0.921875 0.6484375000000002
1 0.03750000000000004 0.3 0.0015625000000000367 0.3 0.0015625000000000437 0.4109375 0.03750000000000005 0.4109375
1 0.02500000000000003 0.190625 0.0015625000000000235 0.190625 0.0015625000000000296 0.2890625 0.025000000000000033 0.2890625
1 0.9984375 0.6046875000000002 0.978125 0.6046875000000002 0.978125 0.7421875000000002 0.9984375 0.7421875000000002
1 0.7012096182014739 0.5011504902718127 0.6038451964338816 0.4086082699469301 0.5311226306812294 0.48512027213474546 0.6284870524488217 0.5776624924596279
1 0.5758903243878988 0.5154298946445516 0.5306550917644967 0.5069299610479687 0.5175833943434414 0.5764953602249554 0.5628186269668436 0.5849952938215381
1 0.36094069333958523 0.19269579507099446 0.2911909798667685 0.18679784135821934 0.27920278537805476 0.32857127183343837 0.34895249885087154 0.3344692255462135
1 0.9020193258453892 0.7822692822833859 0.8757676145468404 0.6194135167756593 0.805569731328845 0.6307291405011247 0.831821442627394 0.7935849060088513
1 0.23304268029212177 0.6033424890559607 0.17840917069452572 0.5791466391858424 0.13661393457044216 0.6735190396667582 0.1912474441680382 0.6977148895368763
1 0.4209178857079362 0.21699733362566262 0.3668798558600726 0.21069680196154597 0.3563252461912032 0.3012209581319244 0.4103632760390668 0.30752148979604105
1 0.27845154001073774 0.4673805059698105 0.25125063264133807 0.3762174649479552 0.18884422054273758 0.39483807057632225 0.21604512791213723 0.48600111159817755
1 0.07321662813427743 0.5932520098940008 0.032008186859876456 0.5004551069427468 -0.007675440733457295 0.5180774670132559 0.03353300054094368 0.61087436996451
1 0.1465365322570676 0.4657174149082767 0.13002951649165745 0.3847500620002271 0.07972013031239203 0.3950067617808455 0.09622714607780218 0.47597411468889506
1 0.2443896337346115 0.3073158623374458 0.2115808830691043 0.2328114172009379 0.16589354241853696 0.2529302780988102 0.19870229308404413 0.327434723235318
1 0.5041328125 0.17595312500000002 0.4512390625 0.17595312500000002 0.4512390625 0.2522000000000001 0.5041328125 0.2522000000000001
1 0.5429750000000001 0.6744875 0.476859375 0.6744875 0.4768593750000001 0.7961875 0.5429750000000002 0.7961875
1 0.4696236308537044 0.7918568245233217 0.4520858744089039 0.6337928918371191 0.37894514022624864 0.6419081168634116 0.3964828966710492 0.7999720495496143
1 0.3809921875000001 0.709678125 0.31074375000000004 0.709678125 0.31074375000000004 0.8123171875 0.3809921875000001 0.8123171875
1 0.9850559209590285 0.22240712441728 0.9002034050764911 0.20115883278910482 0.8679782853818306 0.3298460010827696 0.952830801264368 0.3510942927109449
1 0.6632642373304307 0.7688484877265844 0.6592203489072646 0.646897349702442 0.5989569258287077 0.6488956792209374 0.6030008142518739 0.7708468172450798