1 0.7347812499999999 0.43881250000000005 0.6086296875 0.43881249999999994 0.6086296875 0.7224328125 0.7347812499999999 0.7224328125000001
1 0.30881718750000003 0.5420953125 0.2056031250000001 0.5420953125 0.2056031250000001 0.6912828125 0.30881718750000003 0.6912828125
1 0.2252625000000001 0.6486578125 0.11549531250000009 0.6486578125 0.11549531250000009 0.8453890625 0.2252625000000001 0.8453890625
1 0.892059375 0.5109484375000001 0.78556875 0.5109484375000001 0.78556875 0.6650515625000002 0.892059375 0.6650515625000002
1 0.32683906250000005 0.7060390625 0.22853906250000006 0.7060390625 0.22853906250000006 0.84375 0.32683906250000005 0.84375
1 0.546375 0.2502781250000001 0.46118125 0.2502781250000001 0.46118125 0.44865000000000005 0.546375 0.44865000000000005
1 0.4628203125 0.3437265625000001 0.3759890625000001 0.3437265625000001 0.3759890625000001 0.5257015625 0.4628203125 0.5257015625
1 0.47254607936301696 0.26305852265215046 0.42330990131556856 0.1029352869635071 0.3446713343537757 0.12711580309956488 0.3939075124012242 0.2872390387882083
1 1 0.2765093750000001 0.913359375 0.2765093750000001 0.913359375 0.5191453125000002 1 0.5191453125000002
1 0.16628281250000004 0.245359375 0.08764375000000003 0.245359375 0.08764375000000005 0.3847125 0.16628281250000004 0.3847125
1 0.330115625 0.12404375000000005 0.231815625 0.12404375000000005 0.231815625 0.28142812500000003 0.330115625 0.28142812500000003
1 0.8936984375 0.6502984375000002 0.7888453125000001 0.6502984375000002 0.7888453125000001 0.8257171874999999 0.8936984375 0.8257171874999999
1 0.31336367280309396 0.49533829121784007 0.22571684467373715 0.37748409204899713 0.1719172491105821 0.4174942396636555 0.2595640772399389 0.5353484388324985
1 0.37271093750000006 0.34536406249999996 0.30390156250000006 0.34536406249999996 0.3039015625000001 0.5240625 0.37271093750000006 0.5240625
1 0.9051656250000001 0.2633937500000001 0.8117828125000001 0.2633937500000001 0.8117828125000001 0.3715953125000001 0.9051656250000001 0.3715953125000001
1 0.731521863325674 0.18636563467781309 0.6455296796705852 0.10029142350254446 0.5807617339005281 0.16499764632555253 0.666753917555617 0.25107185750082117
1 0.19905000000000006 0.46340312499999997 0.11713281250000004 0.46340312499999997 0.11713281250000007 0.62570625 0.1990500000000001 0.62570625
1 0.9756140625 0.1289609375000001 0.88550625 0.1289609375000001 0.88550625 0.2699515625000001 0.9756140625 0.2699515625000001
1 0.692053657759909 0.25903530656744495 0.6286293963096239 0.2568486943394452 0.6229489795708629 0.42161327023103945 0.686373241021148 0.42379988245903927
1 0.7331437500000002 0.7535812500000001 0.6577796875 0.75358125 0.6577796875 0.8552265625000001 0.7331437500000002 0.8552265625000001
1 0.82325 0.15519218750000008 0.73641875 0.15519218750000008 0.73641875 0.31749531250000007 0.82325 0.31749531250000007
1 0.17283593749999998 0.10437031249999999 0.09747343750000004 0.10437031249999999 0.09747343750000004 0.2371625 0.1728359375 0.2371625
1 0.10402656250000009 0.740465625 0.027025000000000094 0.740465625 0.027025000000000098 0.8535859374999999 0.10402656250000009 0.8535859374999999
1 0.09911250000000002 0.106009375 1.3935619494516228e-17 0.106009375 1.965759031246987e-17 0.19945625 0.09911250000000002 0.19945625
1 0.44971250000000007 0.6929234375 0.3841796875000001 0.6929234375 0.3841796875000001 0.8601453125 0.4497125000000001 0.8601453125
1 0.06470781250000004 0.42405625 5.2182582813793456e-17 0.42405625 6.212078293993659e-17 0.586359375 0.06470781250000006 0.586359375
1 0.83308125 0.4011062500000002 0.76099375 0.4011062500000002 0.76099375 0.5158640625000002 0.83308125 0.5158640625000002
1 0.6217359375 0.2732312500000001 0.5627578125 0.2732312500000001 0.5627578125 0.35028281250000015 0.6217359375 0.35028281250000015
1 0.6106284352548424 0.4843189719116531 0.49478066274564503 0.47949293984929814 0.4838155050282607 0.7427089898792598 0.5996632775374582 0.7475350219416147
1 0.5742250000000002 0.7585 0.5070546875000002 0.7585 0.5070546875000002 0.8486671875 0.5742250000000002 0.8486671875
1 0.4513515625 0.5388171875000001 0.3956484375000001 0.5388171875000001 0.3956484375000001 0.6699703125 0.4513515625 0.6699703125
1 1 0.56176875 0.9494015625 0.56176875 0.9494015625 0.7896500000000002 1 0.7896500000000002
1 0.6528640625000002 0.77489375 0.6069921875000002 0.77489375 0.6069921875000002 0.8552265625000001 0.6528640625000002 0.8552265625000001
1 0.14007031250000004 0.3814328125 0.06306875000000003 0.3814328125 0.06306875000000005 0.4863546875 0.14007031250000004 0.4863546875
1 0.020471875000000025 0.19945625 2.442634581324343e-17 0.19945625 2.869232639764829e-17 0.269125 0.02047187500000003 0.269125
1 0.09747343750000004 0.20929375 0.022110937500000028 0.20929375 0.02211093750000003 0.2961828125 0.09747343750000005 0.2961828125
1 0.4069647318834727 0.8333002363328044 0.37721175955660513 0.5603366131488607 0.30063559668572076 0.5686833973401733 0.3303885690125884 0.8416470205241169
1 0.1425186691996824 0.7140111914258032 0.11236224847116452 0.6247924058209391 0.008926416003147164 0.6597542634741547 0.03908283673166504 0.7489730490790187
1 0.11907677528860217 0.49527687617049054 0.055755091195563045 0.48814366890732847 0.04255068897030034 0.6053595236412147 0.10587237306333948 0.6124927309043768
1 0.3191471322672127 0.28407879255416635 0.22848163387886244 0.28203453695369773 0.22484651026491603 0.44325718156142707 0.31551200865326623 0.44530143716189574
1 0.42722533281488834 0.3432944022780791 0.4191451563191001 0.2428290929555224 0.34264180723502 0.2489820682191886 0.35072198373080826 0.3494473775417453
1 0.5980893524650899 0.2799059676409613 0.592269720639776 0.12490120221614494 0.49881473755935196 0.12840995623592247 0.5046343693846658 0.2834147216607389
1 0.7633065615859481 0.35171478031475967 0.7331764582298967 0.20907215613219804 0.6783231716327905 0.2206587012063735 0.7084532749888418 0.3633013253889351
1 0.759965625 0.36769218750000005 0.689775 0.36769218750000005 0.689775 0.5061531250000001 0.759965625 0.5061531250000002
1 0.975642226200535 0.583158955891895 0.9407435572102754 0.3848922298650123 0.8539617197747649 0.40016746378710655 0.8888603887650245 0.5984341898139893
1 0.9579561949003359 0.633232861779121 0.8914011821362647 0.6290717651679821 0.8793470897168921 0.8218719690092154 0.9459021024809633 0.8260330656203543
1 0.9014683148567292 0.21548895149637876 0.8625992778349143 0.11510488440758046 0.7896440559609024 0.1433533834193536 0.8285130929827172 0.2437374505081519
1 0.5163619308409734 0.7715886865640162 0.4879080751998538 0.6149898701677132 0.42250399044652365 0.626873730012485 0.45095784608764333 0.7834725464087879
1 0.7933570317866354 0.8064514173891247 0.7762345467231585 0.6362145211756143 0.7099640290717224 0.642880032435949 0.7270865141351994 0.8131169286494595
1 0.23384194601297228 0.361226741148889 0.1799735271684751 0.32709107869533416 0.11807528350841714 0.4247707566495996 0.17194370235291434 0.4589064191031545
1 0.6305128468341464 0.3519386246981865 0.5532930740014108 0.34743860011341143 0.5445601439417719 0.4972944203796006 0.6217799167745075 0.5017944449643756
1 0.6293377906179549 0.807791368070618 0.6053523149551537 0.6970758655520983 0.5509787628654725 0.708855385860277 0.5749642385282737 0.8195708883787965
1 0.26123920366482584 0.12859024302122096 0.19591948397251396 0.09968219775422192 0.1462571025113515 0.21189776979772573 0.21157682220366336 0.24080581506472482