1 0.38847491816658 0.8083640889939019 0.3840988790814831 0.6683807076620858 0.30888018340401757 0.6707321293028758 0.3132562224891144 0.8107155106346919
1 0.31143222488558314 0.6285191803347764 0.24614948059958563 0.623454865732896 0.23706667118297076 0.7405389671675017 0.30234941546896826 0.7456032817693821
1 0.2846671119816021 0.6290680038915365 0.2560451144623993 0.5525999367817239 0.1940390657126965 0.5758088008287376 0.22266106323189933 0.6522768679385502
1 0.18301641659905427 0.500235330004872 0.11916720331008668 0.48503938521109025 0.09637576060971187 0.5808028080115601 0.16022497389867946 0.5959987528053419
1 0.22413901815461684 0.6749927202545515 0.20196971721742552 0.5849013510008354 0.14202056193825233 0.5996533841347926 0.16418986287544365 0.6897447533885088
1 0.26218354113977366 0.7878573146101854 0.2332111823200253 0.6891421211648103 0.16098568597751978 0.7103399015969322 0.18995804479726813 0.8090550950423072
1 0.1737144246463576 0.7894812588832494 0.16119661496919155 0.668666046917637 0.09041120380344017 0.6760002086550266 0.10292901348060621 0.796815420620639
1 0.16596772021062134 0.6389467573040186 0.13120206712049787 0.602005412588376 0.07774406319322127 0.652314962328161 0.11250971628334475 0.6892563070438035
1 0.12016711757749228 0.6249287211336612 0.10850382121564492 0.5489067792995042 0.06402137972485653 0.555731281350996 0.07568467608670389 0.631753223185153
1 0.14424233064770625 0.43452595515113784 0.0782383740149819 0.43315168918158503 0.07646506620925042 0.5183210334709286 0.14246902284197477 0.5196952994404814
1 0.08505591378429367 0.43295498376972874 0.03137688078678122 0.428982952725279 0.02402924066350347 0.5282808213012058 0.07770827366101593 0.5322528523456556
1 0.30194165327406136 0.7626038133341514 0.25355486702773206 0.7576532414416733 0.24833129605246423 0.8087083150195049 0.2967180822987935 0.813658886911983
1 0.09703906250000008 0.6754390625 0.03536250000000009 0.6754390625 0.0353625000000001 0.7894734375 0.09703906250000008 0.7894734375
1 0.0729443401860341 0.5811383763296497 0.016539490712384586 0.5621026627084226 -0.014370964819734922 0.6536936388148777 0.0420338846539146 0.6727293524361049
1 0.030428125000000084 0.66081875 8.09269567004055e-17 0.66081875 8.88047842625144e-17 0.7894734375 0.030428125000000094 0.7894734375
1 0.048520312500000065 0.48391875000000006 5.997908617439648e-17 0.48391875000000006 6.49921969818124e-17 0.5657890625 0.048520312500000065 0.5657890625
1 0.5090453125000001 0.69590625 0.4358546875000001 0.69590625 0.43585468750000017 0.8172515625000001 0.5090453125000002 0.8172515625000001
1 0.6276083438409825 0.6391438008663177 0.5359220898405572 0.6331926932465263 0.5294839360852769 0.7323826656370969 0.6211701900857023 0.7383337732568883
1 0.610476285160486 0.8146931975618694 0.6025718842764441 0.7350684980928577 0.5257838735162059 0.7426912988592613 0.5336882744002478 0.8223159983282731
1 0.7431986166977886 0.6430389487812048 0.6573844200630712 0.6246480086810065 0.6268676234460806 0.7670428167378212 0.7126818200807981 0.7854337568380195
1 0.8379981328907963 0.7743862104953962 0.7964979045946541 0.6856915571589113 0.7191878542151169 0.7218649297314974 0.760688082511259 0.8105595830679823
1 0.7509033318864158 0.7464217298290066 0.6892887825342895 0.7388863228360788 0.6799221594204397 0.8154741252802887 0.7415367087725661 0.8230095322732165
1 0.564902269807527 0.1775406799532368 0.5276109623951869 0.1763749114368731 0.5242402290826613 0.2841999645224452 0.5615315364950015 0.28536573303880886
1 0.624687577125661 0.18150831600672163 0.589479525052793 0.1780134072104017 0.5817828884672777 0.25555007482648084 0.6169909405401456 0.25904498362280076
1 0.7641157993387415 0.17965927648256158 0.684850692507269 0.17402029039194383 0.6779875839602837 0.27049242623883313 0.7572526907917561 0.2761314123294508
1 0.9167573684420592 0.8093111094983703 0.9112732507603125 0.7020006888911903 0.8219437972743006 0.7065658861254523 0.8274279149560473 0.8138763067326324
1 0.9986872965165953 0.7785809235840428 0.9911453144519976 0.6779614195188101 0.9135658035173609 0.6837764281047196 0.9211077855819585 0.7843959321699524
1 0.9958875 0.6783625000000002 0.916940625 0.6783625000000002 0.916940625 0.7821640625 0.9958875 0.7821640625
1 0.862291838969956 0.2366968180848433 0.7982658307499774 0.22911540686230542 0.783196815030405 0.35637521325035176 0.8472228232503834 0.3639566244728897
1 0.8218555098426122 0.17717339053979844 0.7673199539720393 0.17599426762020293 0.765887388547521 0.24225178025838537 0.8204229444180939 0.24343090317798083
1 0.922561386742324 0.31424779235870026 0.9091142903678733 0.21066512408609137 0.8397499300889741 0.2196700015735845 0.8531970264634248 0.3232526698461934
1 0.9682780692246178 0.19497630083317305 0.9072364777351183 0.17208298574925046 0.8809441816006769 0.2421874504838753 0.9419857730901764 0.2650807655677979
1 0.9774707362931977 0.3566440220218214 0.964198973098046 0.2745264647815687 0.9054355893509449 0.28402374818657306 0.9187073525460965 0.3661413054268257
1 0.999178125 0.2266078125000001 0.9646375 0.2266078125000001 0.9646375 0.3581875000000001 0.999178125 0.3581875000000001