1 0.936610576923077 0.3589903846153847 0.9017067307692308 0.29790865384615395 0.8517307692307693 0.3264663461538463 0.8866346153846155 0.38754807692307697
1 0.8546875 0.4781250000000002 0.7984375 0.4781250000000002 0.7984375 0.5484375000000001 0.8546875 0.5484375000000001
1 0.7953125 0.2093750000000001 0.7359375 0.2093750000000001 0.7359375 0.30156250000000007 0.7953125 0.30156250000000007
1 0.75625 0.5328125000000001 0.671875 0.5328125 0.671875 0.6296875000000001 0.75625 0.6296875000000002
1 0.4671875 0.45625 0.4046875 0.45625 0.4046875 0.5859375 0.4671875 0.5859375
1 0.534375 0.5296875 0.459375 0.5296875 0.459375 0.64375 0.534375 0.64375
1 0.9546875 0.5062500000000002 0.909375 0.5062500000000002 0.909375 0.5734375000000002 0.9546875 0.5734375000000002
1 0.5987546874999999 0.6018859375 0.5315671875 0.6018859375 0.5315671875 0.7081359375 0.5987546874999999 0.7081359375
1 0.9296875 0.1796875000000001 0.8828125 0.17968750000000008 0.8828125 0.2687500000000001 0.9296875 0.2687500000000001
1 0.14531250000000004 0.3703125 0.07812500000000004 0.3703125 0.07812500000000006 0.525 0.14531250000000004 0.525
1 0.9984375 0.28593750000000007 0.921875 0.28593750000000007 0.921875 0.4109375000000002 0.9984375 0.4109375000000002
1 0.984375 0.2062500000000001 0.9296875 0.2062500000000001 0.9296875 0.2750000000000001 0.984375 0.2750000000000001
1 0.9984375 0.7109375000000002 0.953125 0.7109375000000002 0.953125 0.7859375000000002 0.9984375 0.7859375000000002
1 0.9984375 0.4281250000000002 0.953125 0.4281250000000002 0.953125 0.5281250000000002 0.9984375 0.5281250000000002
1 0.8234375 0.5359375000000002 0.759375 0.5359375000000002 0.759375 0.6406250000000002 0.8234375 0.6406250000000002
1 0.90625 0.4296875 0.8435096153846153 0.3355769230769231 0.7609375 0.39062500000000006 0.8236778846153847 0.484735576923077
1 0.4109375 0.41875 0.3500000000000001 0.41875 0.3500000000000001 0.503125 0.4109375 0.503125
1 0.9125 0.5437500000000002 0.825 0.5437500000000002 0.825 0.6531250000000002 0.9125 0.6531250000000002
1 0.3421875000000001 0.38125 0.28593750000000007 0.38125 0.28593750000000007 0.471875 0.3421875000000001 0.471875
1 0.8578125 0.6390625000000002 0.7671875 0.6390625000000002 0.7671875000000001 0.7781250000000002 0.8578125 0.7781250000000002
1 0.3609375000000001 0.6359375 0.2656250000000001 0.6359375 0.2656250000000001 0.7921875 0.3609375000000001 0.7921875
1 0.9484375 0.6625000000000002 0.8625 0.6625000000000002 0.8625 0.7750000000000001 0.9484375 0.7750000000000001
1 0.4640625 0.17656250000000004 0.3875 0.17656250000000004 0.3875 0.2593750000000001 0.4640625 0.2593750000000001
1 0.1984375 0.3625 0.18014705882352938 0.2893382352941177 0.10625 0.3078125 0.1245404411764706 0.38097426470588236
1 0.56875 0.37187500000000007 0.5109375 0.37187500000000007 0.5109375 0.459375 0.56875 0.459375
1 0.5390625 0.18593750000000003 0.4859375 0.18593750000000003 0.4859375 0.2562500000000001 0.5390625 0.2562500000000001
1 0.796875 0.4468750000000002 0.7125 0.4468750000000001 0.7125 0.5375000000000001 0.796875 0.5375000000000002
1 0.02031250000000008 0.63125 0.001562500000000077 0.63125 0.0015625000000000842 0.7484375 0.020312500000000087 0.7484375
1 0.11821120689655178 0.6216594827586206 0.04843750000000009 0.5937499999999999 0.0033943965517241994 0.7063577586206896 0.07316810344827589 0.7342672413793103
1 0.2656250000000001 0.68125 0.18125000000000008 0.68125 0.18125000000000008 0.79375 0.2656250000000001 0.79375
1 0.057812500000000024 0.1984375 0.0015625000000000244 0.1984375 0.0015625000000000322 0.3265625 0.05781250000000003 0.3265625
1 0.05468750000000007 0.48125 5.893612720896637e-17 0.48125 6.773827607783798e-17 0.625 0.05468750000000007 0.625
1 0.3531250000000001 0.4828125 0.2875000000000001 0.4828125 0.2875000000000001 0.6125 0.3531250000000001 0.6125
1 0.4421875 0.2640625000000001 0.3921875 0.2640625000000001 0.3921875 0.34843750000000007 0.4421875 0.34843750000000007
1 0.615625 0.23437500000000008 0.553125 0.23437500000000008 0.553125 0.3156250000000001 0.615625 0.3156250000000001
1 0.4578125 0.6265625 0.3687500000000001 0.6265625 0.3687500000000001 0.7109375 0.4578125 0.7109375
1 0.3828125 0.17812500000000003 0.3171875 0.17812500000000003 0.3171875 0.2953125 0.3828125 0.29531250000000003
1 0.018750000000000048 0.3765625 0.0015625000000000458 0.3765625 0.001562500000000051 0.4578125 0.01875000000000005 0.4578125
1 0.39843750000000006 0.2890625000000001 0.3375 0.28906250000000006 0.3375 0.4109375 0.3984375000000001 0.4109375
1 0.26875 0.18281250000000004 0.18750000000000006 0.18281250000000004 0.18750000000000006 0.31875 0.26875 0.31875
1 0.65 0.37968750000000007 0.571875 0.37968750000000007 0.571875 0.478125 0.65 0.478125
1 0.7656250000000001 0.7125000000000001 0.690625 0.7125000000000001 0.6906250000000002 0.8078125 0.7656250000000002 0.8078125
1 0.4468750000000001 0.71875 0.3734375000000001 0.71875 0.3734375000000001 0.8125 0.4468750000000002 0.8125
1 0.5390625 0.2656250000000001 0.4515625 0.2656250000000001 0.4515625 0.36406250000000007 0.5390625 0.36406250000000007
1 0.15937500000000004 0.1953125 0.10156250000000004 0.1953125 0.10156250000000004 0.2765625 0.15937500000000004 0.2765625
1 0.02187500000000004 0.3296875 4.0375074159389303e-17 0.3296875 4.295831350134075e-17 0.371875 0.021875000000000044 0.371875
1 0.515625 0.3828125000000001 0.45625 0.3828125000000001 0.45625 0.475 0.515625 0.475
1 0.13569062500000012 0.65935625 0.0855265625000001 0.65935625 0.0855265625000001 0.8026312499999999 0.13569062500000012 0.8026312499999999
1 0.14597536589419452 0.5403967534898759 0.10073555441571247 0.5356252844948507 0.089935133225548 0.6380275046582151 0.13517494470403008 0.6427989736532405
1 0.30630961704683823 0.5689914309511295 0.22660985848308482 0.541211424203403 0.18717695862422173 0.6543428797411973 0.2668767171879751 0.6821228864889239
1 0.2039468750000001 0.37573124999999996 0.14473750000000005 0.37573124999999996 0.14473750000000005 0.51754375 0.2039468750000001 0.51754375
1 0.11115429189813772 0.3129155899692499 0.03943999329469302 0.2931134022743498 -0.002409836412296573 0.4446739889303032 0.06930446219114812 0.46447617662520335
1 0.054255957192379856 0.7226415010347151 0.007130362893210268 0.7202307329237053 0.003660367611107712 0.7880620557031917 0.05078596191027731 0.7904728238142015
1 0.604440625 0.44736875 0.5271375 0.44736875 0.5271375 0.58771875 0.604440625 0.58771875
1 0.7390453288532396 0.46542208749828706 0.6901386516030572 0.29155420416188776 0.6101205252047361 0.31406221775721804 0.6590272024549186 0.48793010109361734
1 0.7550214930843171 0.20147340294963553 0.6913386616859651 0.18157299078661887 0.649992082050601 0.3138851880541097 0.713674913448953 0.33378560021712633
1 0.675052854831192 0.17536928628471954 0.614718945957945 0.16931033310919713 0.6035466231046395 0.28056220936680065 0.6638805319778865 0.28662116254232306
1 0.6027953125000001 0.7207609374999999 0.5567437500000001 0.7207609374999999 0.5567437500000001 0.8070171875 0.6027953125000002 0.8070171875
1 0.952475955216698 0.40561296971055266 0.8921942192247008 0.3846221998160417 0.8474978388318485 0.5129822083426642 0.9077795748238457 0.5339729782371752
1 1.0093637949783099 0.6846987565819423 0.9729924020701057 0.5913017493335999 0.909713861441358 0.6159441734505332 0.9460852543495621 0.7093411806988756
1 0.4246734125629784 0.6049166180067267 0.40504709459645005 0.5031363666867208 0.35128961689194566 0.5135024380691735 0.37091593485847396 0.6152826893891794
1 0.3040100036229453 0.428608395023698 0.2573794446914579 0.4078873937742472 0.21655567008336965 0.49975725106305297 0.263186229014857 0.5204782523125038
1 0.8662981651000852 0.2354131693929376 0.7965442074497389 0.23334934996870094 0.793433955174363 0.33847114645470344 0.8631879128247093 0.3405349658789401
1 0.891160493658195 0.24544028741157947 0.8819706612211172 0.1730899933636903 0.823020981601276 0.1805776986322712 0.8322108140383537 0.2529279926801603
1 0.79442128190641 0.4389652797235083 0.7676891038364264 0.2868869700914763 0.7016774636453269 0.29849043231136724 0.7284096417153105 0.45056874194339935
1 0.6622359722027187 0.5019659335282112 0.6013055634266068 0.49933094257069754 0.5958382497916709 0.6257547747792829 0.6567686585677828 0.6283897657367965
1 0.6845037445548245 0.7906840217396787 0.6392397996952511 0.6431371801032055 0.5677011734358691 0.665083569456035 0.6129651182954425 0.8126304110925082
1 0.2703104824106716 0.326933125123679 0.19501908046922145 0.31736971730481617 0.1777882841455439 0.45302542041290905 0.2530796860869941 0.46258882823177194
1 0.32651990076912313 0.2856302935603726 0.3177024652284065 0.17583142893738285 0.2582892610342135 0.18060262670931357 0.26710669657493014 0.29040149133230336
1 0.1964217670472863 0.5632466837565077 0.13212866045746638 0.5622140362232625 0.1285798053744885 0.7831673729389288 0.19287291196430842 0.784200020472174
1 0.7404546234470752 0.6450431184176084 0.6777332282165346 0.6148012486830601 0.6390628352193174 0.6950033335471429 0.7017842304498579 0.7252452032816914
1 0.564559059584043 0.808348925711339 0.5258101106340384 0.6404521499949339 0.44769189207184823 0.658481077889562 0.48644084102185287 0.8263778536059672