1 0.17515948327233893 0.7930661651984378 0.10048137417214283 0.7184498757249805 -0.003248148410658125 0.8222653382602119 0.07142996068953797 0.8968816277336691
1 0.9419703125 0.1526562500000001 0.8428812499999999 0.15265625000000008 0.8428812499999999 0.3616906250000001 0.9419703125 0.3616906250000001
1 0.11779843750000003 0.1495125 0.034437500000000024 0.1495125 0.034437500000000024 0.3145390625 0.11779843750000005 0.3145390625
1 0.9174432626554232 0.59161941580408 0.8815631297868279 0.4282895659402148 0.7939155151278456 0.44754390347986794 0.8297956479964409 0.6108737533437332
1 0.05016562500000007 0.48428281249999994 5.930753962102027e-17 0.48428281249999994 7.047115195056024e-17 0.6665984375 0.05016562500000008 0.6665984375
1 0.25620937499999996 0.17308750000000006 0.1697015625 0.17308750000000003 0.16970156250000004 0.3302578125 0.25620937499999996 0.3302578125
1 0.26250000000000007 0.71689375 0.16498281250000008 0.71689375 0.16498281250000008 0.8646328125 0.26250000000000007 0.8646328125
1 0.762665625 0.14951250000000008 0.6855953125 0.14951250000000008 0.6855953125 0.3239703125000001 0.762665625 0.3239703125000001
1 0.24519843750000003 0.33497187500000003 0.13510000000000005 0.33497187500000003 0.13510000000000005 0.525146875 0.2451984375000001 0.525146875
1 0.44023124999999996 0.17308750000000006 0.364734375 0.17308750000000006 0.364734375 0.3444031250000001 0.44023124999999996 0.3444031250000001
1 0.37812381513854376 0.2577141105563451 0.2468765457256271 0.2564637763972673 0.24390212071925754 0.5686884383607752 0.3751493901321742 0.569938772519853
1 0.28230908765220314 0.5027265028672211 0.20105484808922575 0.4935783505945654 0.1842722763492588 0.6426417968511577 0.26552651591223614 0.6517899491238135
1 0.22517741332863622 0.7288935151294487 0.18301696222817804 0.5474153454343079 0.09992337134082674 0.5667193933054798 0.14208382244128492 0.7481975630006206
1 0.12996718750000008 0.4705875 0.03973437500000006 0.4705875 0.03973437500000007 0.6588234374999999 0.12996718750000008 0.6588234374999999
1 0.11309753685832229 0.6880909870091212 0.05842184995749204 0.649619038380802 0.004833889548398096 0.725777347212213 0.059509576449228344 0.7642492958405321
1 0.3037053521534469 0.6797092115062628 0.25050410705948123 0.6317933262553465 0.19836763249298647 0.689680712603788 0.2515688775869522 0.7375965978547044
1 0.3926295786212798 0.7867825910463585 0.3027497411607173 0.7442045580662157 0.2548804122160694 0.8452540242756508 0.3447602496766319 0.8878320572557936
1 0.36713780018064746 0.7322146744847948 0.3311499739742039 0.5659968361926714 0.26728187912557616 0.5798249181913648 0.3032697053320197 0.7460427564834883
1 0.1741008155141434 0.23209717381317924 0.10125221509982014 0.22623685129060025 0.08927420790249378 0.3751332740925862 0.16212280831681702 0.38099359661516513
1 0.13228360230576622 0.4567879287223654 0.12952279633567862 0.3241648638606141 0.06917891085336304 0.32542103871580635 0.07193971682345063 0.4580441035775576
1 0.05711875000000003 0.167646875 2.0633767757133968e-17 0.167646875 3.729259989572294e-17 0.43970624999999997 0.05711875000000004 0.43970624999999997
1 0.233973330070748 0.1631200892405812 0.1905229133265147 0.12929465291222506 0.1307970785685725 0.2060153900946838 0.17424749531280578 0.23984082642303992
1 0.3038078125 0.13382343750000006 0.243378125 0.13382343750000006 0.243378125 0.225 0.3038078125 0.225
1 0.375 0.13088281250000006 0.307946875 0.13088281250000006 0.307946875 0.23529375 0.375 0.23529375000000002
1 0.5519398622206099 0.46250896930648144 0.5233926424196811 0.3052945049554625 0.41238780242298717 0.3254509172768967 0.44093502222391595 0.48266538162791556
1 0.5459627843271694 0.32126340786788027 0.5338506059426844 0.13832301691279464 0.4348497336233052 0.14487769966760705 0.44696191200779023 0.32781809062269274
1 0.4276346352892449 0.4862201897075054 0.3558769794721055 0.4798437824212156 0.34301536494217966 0.6245834872822182 0.4147730207593191 0.6309598945685081
1 0.40976875 0.6367640625 0.3534765625000001 0.6367640625 0.3534765625000001 0.7764703125 0.4097687500000001 0.7764703125
1 0.5049671874999999 0.457353125 0.432946875 0.457353125 0.432946875 0.58970625 0.5049671874999999 0.58970625
1 0.5886798284746693 0.6916050694375098 0.5302221392825557 0.592887415808282 0.45246429142151456 0.6389333248772002 0.5109219806136281 0.737650978506428
1 0.502806684216454 0.6830776806343776 0.4286000160062973 0.6637966836388657 0.38498554186752554 0.8316554729084075 0.4591922100776823 0.8509364699039195
1 0.6459724539562949 0.40087031632453296 0.5596402242886563 0.38383201344759366 0.5194140180252581 0.5876561914113398 0.6057462476928965 0.6046944942882793
1 0.6194474056919119 0.344960747066112 0.6084546050882192 0.1398949542093923 0.5356584600892648 0.14379727987542937 0.5466512606929574 0.34886307273214906
1 0.711331735614683 0.410210990968087 0.6915112049037331 0.17540817781332171 0.611493775908887 0.18216273022900437 0.6313143066198369 0.4169655433837696
1 0.726909811633527 0.47028220202058435 0.6283446638907901 0.44253839073369267 0.5567834171104926 0.6967732825665627 0.6553485648532295 0.7245170938534544
1 0.6297069384253084 0.8589513587913931 0.6259133768531794 0.7107447815979819 0.5413822831728965 0.7129084771282895 0.5451758447450257 0.8611150543217005
1 0.5479117126562498 0.8605153840076257 0.5390425796820356 0.7502010076058866 0.46772114481171345 0.7559351585879219 0.4765902777859276 0.866249534989661
1 0.722000868126575 0.7212564064068039 0.646298848711286 0.707054457309886 0.6150726992607114 0.8735022142931254 0.6907747186760005 0.8877041633900431
1 0.7727276270661444 0.7374103950085169 0.742466449239738 0.5438827945716863 0.6754424916013 0.5543630769507796 0.7057036694277063 0.7478906773876102
1 0.7855973733387599 0.5201753459494926 0.7464905269072516 0.37130359065845286 0.6716855726897636 0.3909539659172135 0.7107924191212719 0.5398257212082532
1 0.8201993620360446 0.4473323809850215 0.8145839779866509 0.2578661446392184 0.7437155500190983 0.25996653702410893 0.7493309340684918 0.44943277336991205
1 0.8421222685223524 0.14259314205761903 0.7765391933451864 0.13252414775701976 0.7578117493369659 0.2545029007089596 0.8233948245141318 0.26457189500955886
1 0.8899463727047443 0.40398778352583153 0.8666188085689764 0.2588678661259799 0.799414061450759 0.26967081500245077 0.8227416255865269 0.41479073240230235
1 0.8182141183519587 0.5005047829276229 0.7555521506571294 0.4992880011119031 0.7526665639718902 0.647890270898553 0.8153285316667194 0.6491070527142728
1 0.8791541600919611 0.6666457803998173 0.8055795520694048 0.6274062637511696 0.7350412678693949 0.7596664711606879 0.8086158758919512 0.7989059878093355
1 0.8227369377543765 0.7959804343076391 0.7567719742668646 0.7774136608625538 0.7312154555709954 0.868212141687836 0.7971804190585073 0.8867789151329213
1 0.89155625 0.7470593750000002 0.8178812499999999 0.7470593750000002 0.8178812499999999 0.8779406249999999 0.89155625 0.8779406249999999
1 0.9851000000000001 0.5397062500000002 0.8882453124999999 0.5397062500000002 0.8882453124999999 0.7544125000000002 0.9851000000000001 0.7544125000000002
1 0.9682676056225159 0.5392114650667362 0.9635866029218348 0.38127325633500997 0.8946778107230751 0.38331558823793127 0.899358813423756 0.5412537969696576
1 1 0.29558750000000006 0.933775 0.29558750000000006 0.933775 0.40588281250000013 1 0.40588281250000013
1 1 0.15185000000000012 0.9437093750000001 0.15185000000000012 0.9437093750000001 0.24705937500000008 1 0.24705937500000008
1 1 0.43970625000000013 0.9644046875000001 0.43970625000000013 0.9644046875000001 0.6325156250000001 1 0.6325156250000001
1 1 0.7455875000000002 0.9188734375 0.7455875000000002 0.9188734375 0.8514703125 1 0.8514703125
1 0.8819044606416384 0.6788808804764402 0.8680422967295881 0.5909426613643782 0.8257802215939047 0.5976046545080838 0.839642385505955 0.6855428736201457
1 0.3190454337020494 0.7176780619667731 0.28110674739983954 0.6947965122347759 0.23678527414834788 0.7682836007333641 0.2747239604505577 0.7911651504653614