1 0.775 0.5531250000000001 0.6734375 0.553125 0.6734375 0.6953125000000001 0.775 0.6953125000000002
1 0.2234375000000001 0.528125 0.12031250000000007 0.528125 0.12031250000000009 0.671875 0.2234375000000001 0.671875
1 0.8609375 0.6578125000000001 0.7562500000000001 0.6578125000000001 0.7562500000000002 0.846875 0.8609375 0.846875
1 0.4921875 0.15625000000000006 0.4015625 0.15625000000000006 0.4015625 0.3031250000000001 0.4921875 0.3031250000000001
1 0.6109375 0.36406250000000007 0.528125 0.36406250000000007 0.528125 0.5375 0.6109375 0.5375
1 0.5296875 0.2765625000000001 0.4484375 0.2765625000000001 0.4484375 0.46875 0.5296875 0.46875
1 0.753125 0.7125000000000001 0.6609375000000001 0.7125 0.6609375000000002 0.8421875 0.7531250000000002 0.8421875
1 0.10871109958506231 0.3096978734439834 0.02159491701244819 0.2917621887966805 -0.026620850622406635 0.525953060165975 0.06049533195020749 0.543888744813278
1 0.4171875 0.19687500000000008 0.3546875 0.13437500000000008 0.2734375 0.21562500000000004 0.3359375 0.27812500000000007
1 0.6350158005617978 0.1571190308988765 0.5573033707865169 0.13918539325842705 0.5210147471910113 0.29643609550561806 0.5987271769662922 0.31436973314606753
1 0.2156250000000001 0.6609375 0.11562500000000009 0.6609375 0.11562500000000009 0.83125 0.2156250000000001 0.83125
1 0.4421875 0.37187500000000007 0.37187500000000007 0.37187500000000007 0.37187500000000007 0.5109375 0.4421875 0.5109375
1 0.3437500000000001 0.7578125 0.2734375000000001 0.7578125 0.2734375000000001 0.8546875 0.3437500000000001 0.8546875
1 0.809375 0.44843750000000016 0.759375 0.3984375000000001 0.6625000000000001 0.4953125000000001 0.7125000000000001 0.5453125000000001
1 0.12500000000000003 0.1609375 0.03750000000000002 0.1609375 0.037500000000000026 0.296875 0.12500000000000006 0.296875
1 0.5984375 0.546875 0.540625 0.546875 0.540625 0.665625 0.5984375 0.665625
1 0.746875 0.15625000000000008 0.6546875 0.15625000000000008 0.6546875 0.3062500000000001 0.746875 0.3062500000000001
1 0.284637995049505 0.19794245049504955 0.212710396039604 0.17054146039603962 0.15550742574257426 0.3206992574257426 0.2274350247524753 0.34810024752475255
1 0.421139705882353 0.4654411764705883 0.30533088235294126 0.4364889705882353 0.23612132352941187 0.7133272058823529 0.3519301470588236 0.7422794117647059
1 0.19218750000000004 0.290625 0.10468750000000004 0.290625 0.10468750000000004 0.3953125 0.19218750000000004 0.3953125
1 0.9734375 0.13906250000000014 0.878125 0.13906250000000012 0.878125 0.22812500000000008 0.9734375 0.22812500000000008
1 0.37343750000000003 0.28437500000000004 0.3140625 0.284375 0.3140625 0.440625 0.3734375000000001 0.440625
1 0.6734375 0.5734375 0.6015625 0.5734375 0.6015625000000001 0.8375 0.6734375000000001 0.8375
1 0.921875 0.5078125000000002 0.8625 0.5078125000000002 0.8625 0.6171875000000002 0.921875 0.6171875000000002
1 0.890625 0.2718750000000001 0.8109375 0.2718750000000001 0.8109375 0.40937500000000016 0.890625 0.40937500000000016
1 0.9484375 0.7468750000000002 0.871875 0.7468750000000002 0.871875 0.853125 0.9484375 0.853125
1 0.8765625 0.1375000000000001 0.803125 0.1375000000000001 0.803125 0.2640625000000001 0.8765625 0.2640625000000001
1 0.859375 0.47968750000000016 0.78125 0.47968750000000016 0.78125 0.6359375000000002 0.859375 0.6359375000000002
1 0.06250000000000008 0.5796875 7.099124413807313e-17 0.5796875 8.429014297256392e-17 0.796875 0.06250000000000008 0.796875
1 0.24218750000000008 0.421875 0.17656250000000004 0.421875 0.17656250000000004 0.5296875 0.24218750000000008 0.5296875
1 0.12031250000000009 0.6421875 0.06093750000000009 0.6421875 0.0609375000000001 0.8328125 0.12031250000000009 0.8328125
1 0.434375 0.2953125000000001 0.378125 0.2953125000000001 0.37812500000000004 0.37187500000000007 0.434375 0.37187500000000007
1 0.3984375000000001 0.775 0.3500000000000001 0.775 0.3500000000000001 0.8546875 0.3984375000000001 0.8546875
1 0.9109375 0.40156250000000016 0.8390625 0.40156250000000016 0.8390625 0.5031250000000002 0.9109375 0.5031250000000002
1 0.9984375 0.4421875000000002 0.909375 0.4421875000000002 0.909375 0.6000000000000002 0.9984375 0.6000000000000002
1 0.953125 0.23593750000000008 0.8796875 0.23593750000000008 0.8796875 0.3187500000000001 0.953125 0.3187500000000001
1 0.9984375 0.6687500000000002 0.9546875 0.6687500000000002 0.9546875 0.8234375 0.9984375 0.8234375
1 0.9984375 0.22656250000000008 0.9578125 0.22656250000000008 0.9578125 0.3281250000000001 0.9984375 0.3281250000000001
1 0.4937500000000002 0.796875 0.4343750000000002 0.796875 0.4343750000000002 0.8515625 0.4937500000000002 0.8515625
1 0.9515625 0.6484375000000002 0.853125 0.6484375000000002 0.853125 0.7359375000000001 0.9515625 0.7359375000000001
1 0.29753808215476296 0.6567378166190576 0.23162953979755438 0.648483966325044 0.21173198875218024 0.80736964260511 0.27764053110938886 0.8156234928991235
1 0.1511692164391801 0.4198362006881496 0.06628294193556047 0.40787758443774624 0.039691061382549984 0.596635683612823 0.12457733588616962 0.6085942998632264
1 0.325498746160927 0.2526630940196448 0.27118501764712255 0.2383763030387705 0.23619314628201987 0.37140400702480936 0.2905068747958243 0.3856907980056837
1 0.32643361924020575 0.4037935582290217 0.2626449251253576 0.38515065338944127 0.22560706378193868 0.5118796598523998 0.28939575789678684 0.5305225646919802
1 0.21738116108536695 0.1762594534839514 0.14836076845186155 0.14730752749166584 0.108951251818551 0.24125845539375215 0.1779716444520564 0.27021038138603765
1 0.7535360345233468 0.46241542148158743 0.7506167599923768 0.3070592464421367 0.6668178653383254 0.3086338988743615 0.6697371398692955 0.4639900739138122
1 0.6074375000000001 0.6950140625000001 0.5438015625000001 0.6950140625000001 0.5438015625000002 0.860703125 0.6074375000000002 0.860703125
1 0.8192698133791598 0.2509639664900883 0.7876379637194898 0.1340452343306649 0.7255071224635747 0.1508544606499868 0.7571389721232448 0.26777319280941014
1 0.8531755122598513 0.4540094481621052 0.8072658929596936 0.350837213208513 0.7501182141583971 0.3762668084754503 0.7960278334585547 0.4794390434290426
1 0.6452436891263809 0.27925438497695515 0.5707285607349093 0.26805580904457454 0.5510090897359541 0.39926882417896237 0.6255242181274256 0.410467400111343
1 0.046281250000000024 0.14076249999999998 1.7328178154747946e-17 0.14076249999999998 2.6306561352059347e-17 0.287390625 0.04628125000000003 0.287390625
1 0.5894754123384153 0.7554859842009742 0.49997623687869586 0.48422829182926286 0.3282621724699566 0.5408838913259946 0.41776134792967595 0.812141583697706
1 0.6929590118069583 0.5318939125526623 0.6670125293423071 0.3631273308000734 0.5997075177895607 0.37347492618241396 0.6256540002542118 0.5422415079350028