1 0.7820953125 0.49166718750000016 0.733953125 0.49166718750000016 0.733953125 0.5670890625000002 0.7820953125 0.5670890625000002
1 0.16106406250000008 0.5799265625000001 0.11292187500000009 0.5799265625000001 0.11292187500000009 0.65535 0.16106406250000008 0.65535
1 0.1450171875000001 0.49969062500000005 0.09847968750000007 0.49969062500000005 0.09847968750000007 0.5702984375 0.1450171875000001 0.5702984375
1 0.549409375 0.30872812500000013 0.5012671875 0.30872812500000013 0.5012671875 0.3825453125000001 0.549409375 0.3825453125000001
1 0.2862328125000001 0.58795 0.2043921875000001 0.58795 0.2043921875000001 0.7195390625 0.2862328125000001 0.7195390625
1 0.07922343750000008 0.5077140625000001 0.013429687500000065 0.5077140625000001 0.01342968750000007 0.5847421875000001 0.07922343750000008 0.5847421875000001
1 0.021453125000000038 0.29107500000000003 3.564640670618159e-17 0.29107500000000003 4.3605558469796366e-17 0.42105781249999996 0.02145312500000005 0.42105781249999996
1 0.5205234375 0.512528125 0.47238125000000003 0.512528125 0.47238125000000003 0.58153125 0.5205234375 0.58153125
1 0.97065078125 0.21806015625000033 0.92411328125 0.17152265625000007 0.8775749999999999 0.21806093749999994 0.9241124999999999 0.2645984375000002
1 0.8928203124999999 0.5927640625000002 0.8270265625000001 0.5927640625000002 0.8270265625000001 0.6938640625000001 0.8928203124999999 0.6938640625000001
1 0.8639359375 0.23490937500000011 0.8109796875 0.23490937500000011 0.8109796875 0.31514687500000005 0.8639359375 0.31514687500000005
1 0.5702703125 0.3953828125 0.49324375 0.3953828125 0.49324375 0.5382046875000001 0.5702703125 0.5382046875000001
1 0.25574375000000005 0.47240937499999996 0.16427343750000006 0.47240937499999996 0.16427343750000006 0.5991828124999999 0.25574375000000005 0.5991828124999999
1 0.8318406250000001 0.5012953125000001 0.775675 0.5012953125000001 0.775675 0.6248593750000001 0.8318406250000001 0.6248593750000001
1 1 0.17713906250000014 0.9521953125 0.17713906250000014 0.9521953125 0.2637953125000001 1 0.2637953125000001
1 0.6489015625000001 0.34884531250000006 0.5590375 0.34884531250000006 0.5590375 0.4708046875 0.6489015625000001 0.4708046875
1 0.614332073286889 0.5636372960317387 0.5247368460016166 0.5465723297071884 0.5029808880936144 0.6607964047217435 0.5925761153788868 0.6778613710462938
1 0.7740703124999999 0.6328828125000002 0.7082765625 0.6328828125000001 0.7082765625 0.7179343750000001 0.7740703124999999 0.7179343750000002
1 0.9570093749999999 0.38735937500000006 0.9040546875000001 0.38735937500000006 0.9040546875000001 0.47080468750000015 0.9570093749999999 0.47080468750000015
1 0.4804046875 0.42747812500000004 0.3648656250000001 0.42747812500000004 0.3648656250000001 0.5510421875 0.4804046875 0.5510421875
1 0.660134375 0.6457203125000001 0.5798984375 0.6457203125000001 0.5798984375 0.799775 0.6601343750000002 0.799775
1 0.62483125 0.4852484375 0.5686656250000001 0.4852484375 0.5686656250000001 0.55425 0.62483125 0.55425
1 0.5927359375 0.17072031250000008 0.5397796875 0.17072031250000005 0.5397796875 0.24774843750000008 0.5927359375 0.24774843750000008
1 0.2669765625000001 0.7291671875 0.21722968750000007 0.7291671875 0.21722968750000007 0.783728125 0.2669765625000001 0.783728125
1 0.11934062500000005 0.32958906250000003 0.031081250000000043 0.32958906250000003 0.031081250000000053 0.5012953125 0.11934062500000005 0.5012953125
1 0.6826015625 0.2124437500000001 0.6264359374999999 0.2124437500000001 0.6264359374999999 0.3039125000000001 0.6826015625 0.3039125000000001
1 0.4566621132923351 0.5944558666427688 0.31064323028838536 0.5105713912812706 0.243689450028206 0.6271187758163902 0.3897083330321557 0.7110032511778884
1 0.7179046875 0.446734375 0.6360640625 0.446734375 0.6360640625 0.54301875 0.7179046875 0.54301875
1 0.8928203124999999 0.45315312500000016 0.8238171875000001 0.45315312500000016 0.8238171875000001 0.5831359375000001 0.8928203124999999 0.5831359375000001
1 0.5076859375 0.6200453125000001 0.44670624999999997 0.6200453125000001 0.44670624999999997 0.7147234375 0.5076859375 0.7147234375
1 0.49645312500000005 0.2862609375000001 0.41140156250000004 0.2862609375000001 0.41140156250000004 0.41463906250000004 0.49645312500000005 0.41463906250000004
1 0.9698484374999999 0.27021406250000013 0.8847968749999999 0.27021406250000013 0.8847968749999999 0.36810156250000015 0.9698484374999999 0.36810156250000015
1 0.42745 0.18516406250000003 0.32956093750000004 0.18516406250000003 0.32956093750000004 0.33600781250000006 0.42745 0.3360078125000001
1 0.23167187500000005 0.31835625 0.16106406250000002 0.31835625 0.16106406250000002 0.44031562500000004 0.2316718750000001 0.44031562500000004
1 0.24932500000000002 0.17393125000000004 0.14501718750000003 0.17393125 0.14501718750000006 0.30551875 0.24932500000000002 0.30551875
1 0.6344593749999999 0.23490937500000011 0.5542234374999999 0.23490937500000011 0.5542234374999999 0.3408234375000001 0.6344593749999999 0.3408234375000001
1 0.8164105224305036 0.31657777482530536 0.749803515007074 0.2925427545537996 0.6889391499772951 0.4612130185088894 0.7555461574007246 0.48524803878039524
1 0.7706186467171355 0.32228851426900895 0.7506514195427302 0.1803165797277955 0.6812892862665196 0.19007181393590183 0.701256513440925 0.3320437484771153
1 0.8354957288491407 0.2793413907441295 0.8086496200944044 0.16598425530380084 0.7469863423781998 0.18058782704467422 0.7738324511329362 0.2939449624850029
1 0.9203720495805289 0.4520713486185374 0.9112143557217418 0.3696616332274984 0.8478286541633249 0.3767053033474845 0.8569863480221118 0.4591150187385235
1 0.8493130250806302 0.38743493652712657 0.7858484850681833 0.38136331652195377 0.7765361243544486 0.47870219619881793 0.8400006643668956 0.48477381620399074
1 1 0.4504500000000002 0.952703125 0.4504500000000002 0.952703125 0.6021015625000002 1 0.6021015625000002
1 0.940034375 0.6486484375000001 0.8640203124999999 0.6486484375000001 0.8640203124999999 0.8108109375 0.940034375 0.8108109375
1 0.8679042883962376 0.798134215768412 0.8380209348357406 0.648724358210709 0.764389786539199 0.6634512689619702 0.7942731400996961 0.8128611265196733
1 0.7576015625 0.5345343750000001 0.6858109375 0.534534375 0.6858109375 0.635134375 0.7576015625 0.635134375
1 0.6923813999510654 0.6416379730205076 0.6729372659456223 0.5379559045784137 0.6106564879315267 0.5496358007443132 0.6301006219369698 0.653317869186407
1 0.7339531250000001 0.722221875 0.6689187500000001 0.722221875 0.6689187500000002 0.815315625 0.7339531250000002 0.815315625
1 0.5740823800867952 0.6855753866944758 0.5097595291810448 0.6769628820786513 0.4936279006564665 0.7974426243532594 0.557950751562217 0.8060551289690838
1 0.44348840828541614 0.6528231128061014 0.38240217706573365 0.650182708991275 0.37688166757756625 0.7779007183166082 0.43796789879724873 0.7805411221314347
1 0.5463680647750505 0.26998456794656367 0.5286670770513402 0.17042802408948418 0.48285614697013857 0.17857313117700224 0.5005571346938489 0.2781296750340817
1 0.4864859375 0.2012015625000001 0.4358109375 0.2012015625000001 0.4358109375 0.2777781250000001 0.4864859375 0.2777781250000001
1 0.35106342587975864 0.20174829636050423 0.2796418245284521 0.17075802312149108 0.21551495978447838 0.31854772908276385 0.2869365611357849 0.349538002321777
1 0.2170609375000001 0.627628125 0.1418921875000001 0.627628125 0.1418921875000001 0.797296875 0.2170609375000001 0.797296875
1 0.17291057883087163 0.6868464244939828 0.11876053731928082 0.6531798566213339 0.0377107211707572 0.7835421473529329 0.091860762682348 0.8172087152255818
1 0.1589911135024354 0.3320201552694515 0.14374656025222254 0.20736787412398167 0.05032982888757934 0.21879242506410615 0.06557438213779222 0.34344470620957596
1 0.057432812500000076 0.597596875 7.357390942683747e-17 0.597596875 8.469877316624816e-17 0.7792796875 0.05743281250000008 0.7792796875
1 0.11689123746568517 0.5720689791650168 0.06142214829072619 0.559589877105052 0.04128002965630147 0.6491207559564958 0.09674911883126044 0.6615998580164605
1 0.3316549900998525 0.35962384293623517 0.242081858479736 0.341149326282407 0.21053556806715293 0.4941005550587877 0.30010869968726944 0.5125750717126158
1 0.42021687959002946 0.4579308660438291 0.3996117851811081 0.3323454293755013 0.32504319508549084 0.3445800712226944 0.3456482894944122 0.4701655078910222
1 0.9720986524052615 0.6313960150615123 0.9384638922295017 0.5203395220006748 0.8730029923933195 0.540165122523404 0.9066377525690793 0.6512216155842415
1 1 0.6276281250000002 0.940034375 0.6276281250000002 0.940034375 0.7012015625000002 1 0.7012015625000002
1 0.7246625 0.2912906250000001 0.6511828125 0.2912906250000001 0.6511828125 0.44744687499999997 0.7246625 0.44744687499999997
1 0.3840245123364932 0.8192228331214183 0.35039186661690847 0.6796986890608478 0.29155289845959675 0.6938819702690213 0.32518554417918144 0.8334061143295919
1 0.20205366133760885 0.4972897221168033 0.16116342827531124 0.37130100919763864 0.10000514627168977 0.39115021907425923 0.14089537933398738 0.517138931993424