1 0.44218750000000007 0.6859375 0.3593750000000001 0.6859375 0.3593750000000001 0.8171875 0.4421875000000002 0.8171875
1 0.7765625 0.6437500000000002 0.703125 0.64375 0.7031250000000001 0.7718750000000001 0.7765625 0.7718750000000002
1 0.5609375000000001 0.7 0.484375 0.7 0.4843750000000001 0.8234375 0.5609375000000002 0.8234375
1 0.3078125000000001 0.684375 0.2375000000000001 0.684375 0.2375000000000001 0.8171875 0.3078125000000001 0.8171875
1 0.2921875 0.253125 0.2234375 0.253125 0.2234375 0.34375 0.2921875 0.34375
1 0.2312500000000001 0.628125 0.1453125000000001 0.628125 0.1453125000000001 0.80625 0.2312500000000001 0.80625
1 0.784375 0.2000000000000001 0.7015625 0.2000000000000001 0.7015625 0.2906250000000001 0.784375 0.2906250000000001
1 0.5125 0.3062500000000001 0.4375 0.3062500000000001 0.4375 0.403125 0.5125 0.403125
1 0.5140625 0.2140625000000001 0.45 0.2140625000000001 0.45 0.30156250000000007 0.5140625 0.30156250000000007
1 0.446875 0.2375000000000001 0.390625 0.2375000000000001 0.390625 0.3421875000000001 0.446875 0.3421875000000001
1 0.9984375 0.5687500000000002 0.9203125 0.5687500000000002 0.9203125 0.6875000000000002 0.9984375 0.6875000000000002
1 0.69375 0.2687500000000001 0.6234375 0.2687500000000001 0.6234375 0.3609375000000001 0.69375 0.3609375000000001
1 0.06718750000000002 0.184375 0.0015625000000000229 0.184375 0.0015625000000000296 0.2921875 0.06718750000000004 0.2921875
1 0.04218750000000004 0.296875 0.0015625000000000365 0.296875 0.0015625000000000417 0.378125 0.042187500000000044 0.378125
1 0.8359375 0.2671875000000001 0.76875 0.2671875000000001 0.76875 0.39531250000000007 0.8359375 0.39531250000000007
1 0.96875 0.7015625000000002 0.9078125 0.7015625000000002 0.9078125 0.8109375 0.96875 0.8109375
1 0.19062500000000004 0.26875 0.12656250000000005 0.26875 0.12656250000000005 0.3953125 0.19062500000000004 0.3953125
1 0.8796875 0.2796875000000001 0.8375 0.2796875000000001 0.8375 0.3546875000000001 0.8796875 0.3546875000000001
1 0.75625 0.30156250000000007 0.70625 0.30156250000000007 0.70625 0.35625000000000007 0.75625 0.35625000000000007
1 0.13281250000000003 0.1796875 0.07500000000000002 0.1796875 0.07500000000000002 0.2421875 0.13281250000000006 0.2421875
1 0.9 0.7296875000000002 0.8328125 0.7296875000000002 0.8328125 0.8171875 0.9 0.8171875
1 0.3890625 0.27968750000000003 0.3546875 0.2796875 0.3546875 0.34843750000000007 0.3890625 0.34843750000000007
1 0.9109375 0.1968750000000001 0.8765625 0.19687500000000008 0.8765625 0.2578125000000001 0.9109375 0.2578125000000001
1 0.9453125 0.24218750000000008 0.8921875 0.24218750000000008 0.8921875 0.3359375000000001 0.9453125 0.3359375000000001
1 0.6984375 0.1781250000000001 0.6484375 0.1781250000000001 0.6484375 0.2593750000000001 0.6984375 0.2593750000000001
1 0.1437500000000001 0.709375 0.07656250000000009 0.709375 0.0765625000000001 0.81875 0.1437500000000001 0.81875
1 0.2484375 0.17968750000000006 0.2109375 0.17968750000000006 0.2109375 0.2328125 0.2484375 0.2328125
1 0.3546875 0.2765625 0.296875 0.2765625 0.29687500000000006 0.38125 0.35468750000000004 0.38125
1 0.6234375 0.2921875000000001 0.571875 0.2921875000000001 0.571875 0.3937500000000001 0.6234375 0.3937500000000001
1 0.07343750000000007 0.5953125 0.001562500000000073 0.5953125 0.0015625000000000788 0.6890625 0.07343750000000009 0.6890625
1 0.12656250000000005 0.2625 0.09062500000000004 0.2625 0.09062500000000004 0.3328125 0.12656250000000005 0.3328125
1 0.871875 0.2015625000000001 0.8125 0.2015625000000001 0.8125 0.2796875000000001 0.871875 0.2796875000000001
1 0.08906250000000004 0.29375 0.04375000000000003 0.29375 0.04375000000000004 0.36875 0.08906250000000004 0.36875
1 0.9984375 0.3265625000000001 0.940625 0.3265625000000001 0.940625 0.4203125000000002 0.9984375 0.4203125000000002
1 0.396875 0.20312500000000006 0.325 0.203125 0.325 0.27187500000000003 0.396875 0.2718750000000001
1 0.07343750000000009 0.7171875 0.0015625000000000912 0.7171875 0.0015625000000000972 0.8171875 0.0734375000000001 0.8171875
1 0.3234375 0.17968750000000006 0.2734375 0.17968750000000006 0.2734375 0.26875 0.3234375 0.26875
1 0.5652890625 0.26099687500000013 0.4991734375 0.26099687500000013 0.4991734375 0.36656875000000005 0.5652890625 0.36656875000000005
1 0.22500358730613482 0.2867330907393708 0.22069206562060498 0.20406954490507517 0.15019123569708573 0.2077466900601163 0.15450275738261557 0.29041023589441195
1 0.9331021035993651 0.7267113844174793 0.9297895581096263 0.659132951666513 0.876773232718517 0.6617316948218037 0.8800857782082557 0.72931012757277
1 0.8595046875 0.6700875000000002 0.798346875 0.6700875000000002 0.7983468750000001 0.7609968750000002 0.8595046875 0.7609968750000002
1 0.6555717943891122 0.2163471245361141 0.6107895118041006 0.21213971356240466 0.6034083804555495 0.2907020199102631 0.648190663040561 0.29490943088397253
1 1.009535587163286 0.30101112936037006 0.9835743595294348 0.21545548994033048 0.930602359079485 0.23152945269981534 0.9565635867133363 0.3170850921198549
1 0.23129722600429883 0.36075132741514704 0.22066354629253254 0.2923549767472181 0.18718990573922678 0.29755917213124977 0.19782358545099304 0.3659555227991787
1 0.6671875 0.6796875 0.58125 0.6796875 0.5812500000000002 0.8171875 0.6671875000000002 0.8171875