1 0.11645826553083205 0.26786590063782856 0.10829671893258239 0.1759748459046548 0.03310232588097188 0.1826534344201511 0.04126387247922154 0.27454448915332486
1 0.18659339052537133 0.23939499479365053 0.17412384166065858 0.17278415684112475 0.12566130987070076 0.18185634279220475 0.1381308587354135 0.2484671807447306
1 0.20888125 0.23391875 0.14391406250000005 0.23391875 0.14391406250000005 0.36695937500000003 0.20888125000000005 0.36695937500000003
1 0.2615125 0.2178359375 0.20723750000000002 0.2178359375 0.20723750000000002 0.3216375 0.2615125 0.3216375
1 0.3323575553999992 0.20008021084844999 0.2642650330915902 0.1617766509179269 0.22548530396841793 0.2307156627284046 0.2935778262768269 0.2690192226589277
1 0.3249640724516053 0.37294525722868416 0.31719580862628727 0.27627735608639586 0.2621001488208223 0.28070486114175897 0.2698684126461403 0.3773727622840473
1 0.38498668543517595 0.3590015262897381 0.37818604167797476 0.2260563679402765 0.3145065292925156 0.2293138139709731 0.3213071730497168 0.3622589723204347
1 0.4922568172056966 0.42238654752114424 0.4735883013627717 0.25646940367703425 0.3980634803190211 0.2649672375085644 0.41673199616194595 0.43088438135267443
1 0.4497645564223049 0.18339878193311543 0.40917523971976244 0.18205652237159536 0.4069590984754255 0.24907162243323744 0.44754841517796795 0.2504138819947575
1 0.4202296875 0.21637500000000007 0.3782890625 0.21637500000000007 0.3782890625 0.2967843750000001 0.4202296875 0.2967843750000001
1 0.551920519354073 0.28055357645035517 0.5435006951539213 0.1795516682032356 0.482550736053229 0.18463264092484657 0.49097056025338076 0.2856345491719662
1 0.6411256702607883 0.2900821437896661 0.6350437902406821 0.17648626877534743 0.5642883511376671 0.1802744881216945 0.5703702311577732 0.29387036313601317
1 0.5503851340838364 0.28615179796721624 0.5057341242457971 0.28210171154082575 0.4938200699778051 0.4134506503843724 0.5384710798158443 0.4175007368107629
1 0.61854789611409 0.2940609742034211 0.5663052104309355 0.29161355234117137 0.5622840038448201 0.37745025870790666 0.6145266895279746 0.3798976805701564
1 0.6715237521537123 0.2829815650583787 0.6213901952525405 0.27828135805523474 0.6130229233980723 0.36752872510586965 0.663156480299244 0.37222893210901364
1 0.7198804722241137 0.32505580449142757 0.7036914830435356 0.2544911882795309 0.6548641358194219 0.2656931962881033 0.671053125 0.3362578125
1 0.708059375 0.17690000000000008 0.6439140625 0.17690000000000008 0.6439140625 0.2426906250000001 0.708059375 0.2426906250000001
1 0.8066067716136789 0.24549396886208638 0.7481233438823269 0.1935068002765732 0.704565955730373 0.24250707152545017 0.7630493834617249 0.29449424011096337
1 0.7815088812718256 0.3812091035334265 0.751413248553283 0.26418204631429204 0.6968664889928285 0.2782097359847598 0.7269621217113712 0.3952367932038942
1 0.869671549497129 0.26681731065062564 0.7994035746644579 0.24549072954120107 0.7741937547192985 0.3285534100690142 0.8444617295519696 0.34987999117843877
1 0.883633276918723 0.18273675030975262 0.8227497384492031 0.17417970522358878 0.8118799372310873 0.2515185475406951 0.8727634757006072 0.260075592626859
1 0.9597046875 0.19736875000000015 0.8774671875 0.19736875000000012 0.8774671875 0.2675437500000001 0.9597046875 0.2675437500000001
1 0.955219464147507 0.2839999869551599 0.8852598374330961 0.25500558209343327 0.8459985463568108 0.34973783409590437 0.9159581730712217 0.378732238957631
1 0.9984375 0.2295328125000001 0.9440796875 0.2295328125000001 0.9440796875 0.33040937500000006 0.9984375 0.33040937500000006
1 1.0043172752611929 0.7849634330419962 0.9752430740528129 0.6643579752111616 0.8837546551953451 0.6864129696197023 0.9128288564037252 0.8070184274505371
1 0.8596455279472126 0.6817688136762744 0.7855818893055433 0.6754210830867126 0.7742461114292624 0.8076839358504522 0.8483097500709317 0.814031666440014
1 0.7924140252459752 0.6241400021681338 0.6989824202280525 0.6139186666827091 0.678676728244331 0.7995297735428648 0.7721083332622537 0.8097511090282895
1 0.6264391097540154 0.6836085835101686 0.6190500530057425 0.5852422591177714 0.5241336723573103 0.5923721638619416 0.5315227291055832 0.6907384882543388
1 0.6899671875000001 0.7076015625000001 0.6225328125 0.7076015625000001 0.6225328125000001 0.8172515625000001 0.6899671875000002 0.8172515625000001
1 0.5891867332978784 0.7525111502381908 0.5720019205608821 0.6812251949327278 0.5144883951059969 0.6950899058782644 0.5316732078429933 0.7663758611837274
1 0.6450409801004744 0.7475793976757388 0.5899091533500046 0.7125805259782634 0.5268320241567882 0.8119425108061415 0.5819638509072579 0.8469413825036168
1 0.5113423070890244 0.6989438541551303 0.5062910525493189 0.5732669142826279 0.41756004745649095 0.576833224002951 0.42261130199619645 0.7025101638754535
1 0.5098687500000001 0.704678125 0.45888125000000013 0.704678125 0.45888125000000024 0.8187140625 0.5098687500000001 0.8187140625
1 0.4365472998637867 0.8066669943673779 0.43033269993592127 0.6520456235125376 0.35409367090750515 0.655109851061945 0.36030827083537054 0.8097312219167853
1 0.37101165419516297 0.7915912113595073 0.35142716179987843 0.687150732656709 0.28072272277800003 0.7004091030274275 0.3003072151732845 0.8048495817302257
1 0.287762439559832 0.8110772927614434 0.27674341544747083 0.7025890815515055 0.1947128264594688 0.7109208350934716 0.20573185057182997 0.8194090463034097
1 0.16828494417646897 0.8006041902775811 0.16666950093313546 0.7029005859046354 0.10774215049746647 0.7038748978629281 0.10935759374079998 0.8015785022358737
1 0.10912319148924032 0.638616982319394 0.027393043255071282 0.6318069454261934 0.01635199472902573 0.7643152631998219 0.09808214296319478 0.7711253000930225