1 0.600575 0.1794656250000001 0.5124921875 0.17946562500000007 0.5124921875 0.3413546875000001 0.600575 0.3413546875000001
1 0.9261640625 0.5362468750000001 0.836509375 0.5362468750000001 0.836509375 0.6556968750000003 0.9261640625 0.6556968750000003
1 0.18218281250000007 0.47495000000000004 0.11612187500000004 0.47495000000000004 0.11612187500000007 0.6242625 0.18218281250000007 0.6242625
1 0.0862359375000001 0.6745578125 0.007592187500000085 0.6745578125 0.007592187500000092 0.8018671875000001 0.0862359375000001 0.8018671875000001
1 0.08623593750000005 0.368071875 4.650270922956051e-17 0.368071875 5.5260560327494195e-17 0.5110984375000001 0.08623593750000007 0.5110984375000001
1 0.8028146875000008 0.5532253125000013 0.7210478125000008 0.5123418750000001 0.6411971874999991 0.6720431249999989 0.722964062499999 0.7129265625000001
1 0.48889843749999995 0.17946562500000005 0.42440937500000003 0.17946562500000005 0.42440937500000003 0.2721968750000001 0.48889843749999995 0.2721968750000001
1 0.8286453125 0.5551078125000002 0.761009375 0.5551078125000002 0.761009375 0.7075640625000001 0.8286453125 0.7075640625000001
1 0.24038125000000007 0.4780921875 0.18218281250000004 0.4780921875 0.18218281250000007 0.6179765625 0.24038125000000007 0.6179765625
1 0.649334375 0.41208125000000007 0.5722625 0.41208125000000007 0.5722625 0.5472484375 0.649334375 0.5472484375
1 0.3945250000000001 0.38221875000000005 0.3316093750000001 0.38221875 0.3316093750000001 0.5142421875000001 0.3945250000000001 0.5142421875000001
1 0.33003593750000004 0.3209203125 0.2529640625 0.3209203125 0.25296406250000003 0.4529453125 0.3300359375000001 0.4529453125
1 0.5848453124999999 0.6384078125 0.4983359375 0.6384078125 0.4983359375000001 0.731140625 0.5848453124999999 0.731140625
1 0.40868125 0.19361250000000005 0.31430625 0.19361250000000005 0.31430625 0.3570703125 0.40868125 0.35707031250000004
1 0.5062000000000001 0.7421421875 0.4275562500000002 0.7421421875 0.4275562500000002 0.8254421875 0.5062000000000001 0.8254421875
1 0.30644218749999996 0.19832812500000005 0.21993281250000002 0.19832812500000005 0.21993281250000002 0.311490625 0.30644218749999996 0.311490625
1 0.22465156250000007 0.6258343749999999 0.15544375000000007 0.6258343749999999 0.15544375000000007 0.7044203125 0.22465156250000007 0.7044203125
1 0.9324562500000001 0.7515718750000001 0.874259375 0.7515718750000001 0.874259375 0.8238703125000001 0.9324562500000001 0.8238703125000001
1 0.90414375 0.20461406250000008 0.8144890625000001 0.20461406250000008 0.8144890625000001 0.3586421875000001 0.90414375 0.3586421875000001
1 0.57698125 0.3523546875000001 0.504628125 0.3523546875000001 0.504628125 0.470234375 0.57698125 0.470234375
1 0.9104359375 0.6604109375000002 0.8428015625 0.6604109375000002 0.8428015625 0.7625734375000002 0.9104359375 0.7625734375000002
1 0.438565625 0.5818265625000001 0.3819421875000001 0.5818265625000001 0.3819421875000001 0.7059921874999999 0.438565625 0.7059921874999999
1 0.3064421875000001 0.682415625 0.2293703125000001 0.682415625 0.2293703125000001 0.8144406249999999 0.3064421875000001 0.8144406249999999
1 0.6163031250000001 0.5409609375 0.559678125 0.5409609375 0.559678125 0.62740625 0.6163031250000001 0.62740625
1 0.4826825351351869 0.3981619855499971 0.4320548556402211 0.3756427758160568 0.38885566245040826 0.4727631869270496 0.43948334194537403 0.49528239666098994
1 0.4244093750000001 0.7075640625 0.36149375000000006 0.7075640625 0.36149375000000006 0.81915625 0.4244093750000002 0.81915625
1 0.13499687500000004 0.2643390625 0.06893437500000003 0.2643390625 0.06893437500000005 0.3916484375 0.13499687500000004 0.3916484375
1 0.7059593750000001 0.3712156250000001 0.6446156249999999 0.3712156250000001 0.6446156249999999 0.49538125 0.7059593750000001 0.49538125
1 0.12713281250000005 0.5393890625 0.05163281250000007 0.5393890625 0.05163281250000008 0.6981328125 0.12713281250000008 0.6981328125
1 0.5612515625000001 0.5205296875000001 0.5030546874999999 0.5205296875000001 0.5030546874999999 0.6132609375 0.5612515625000001 0.6132609375
1 0.7138234375 0.1904687500000001 0.6336062499999999 0.1904687500000001 0.6336062499999999 0.34292500000000015 0.7138234375 0.34292500000000015
1 0.05477812500000003 0.23447656249999999 2.9179601877965277e-17 0.23447656249999999 3.659005447024333e-17 0.3554984375 0.054778125000000046 0.3554984375
1 0.17589218750000005 0.3507828125 0.13342343750000007 0.3507828125 0.13342343750000007 0.45766093750000003 0.17589218750000005 0.45766093750000003
1 0.967059375 0.3444968750000001 0.874259375 0.3444968750000001 0.874259375 0.4513734375000002 0.967059375 0.4513734375000002
1 0.841228125 0.46237656250000014 0.7594375 0.46237656250000014 0.7594375 0.5519625000000001 0.841228125 0.5519625000000001
1 0.45272187500000005 0.4906671875 0.3960968750000001 0.4906671875 0.3960968750000001 0.5818265625000001 0.45272187500000005 0.5818265625000001
1 0.35127246352660796 0.5541204138503382 0.2859017337665004 0.4724841089177378 0.24468574958047568 0.5054880397821484 0.3100564793405832 0.5871243447147487
1 0.8050515624999999 0.3680718750000001 0.7232609375 0.3680718750000001 0.7232609375 0.46709218750000014 0.8050515624999999 0.4670921875000002
1 0.9764968749999999 0.7248531250000002 0.9293109375 0.7248531250000002 0.9293109375 0.8207265625 0.9764968749999999 0.8207265625
1 0.7201140625000001 0.718565625 0.6556265625000001 0.718565625 0.6556265625000002 0.8270140625 0.7201140625000002 0.8270140625
1 0.869540625 0.35707031250000004 0.8081968749999999 0.35707031250000004 0.8081968749999999 0.46237656250000014 0.869540625 0.46237656250000014
1 0.8994249999999999 0.45294531250000014 0.8459468749999999 0.45294531250000014 0.8459468749999999 0.5173859375000003 0.8994249999999999 0.5173859375000003
1 0.47788906249999996 0.6509828125 0.43542031249999996 0.6509828125 0.4354203125000001 0.7358546875 0.4778890625000001 0.7358546875
1 0.35992031250000006 0.7138515625 0.30486875000000013 0.7138515625 0.30486875000000013 0.8223 0.35992031250000006 0.8223
1 1 0.2171875000000001 0.9120078125 0.2171875000000001 0.9120078125 0.3350656250000001 1 0.3350656250000001
1 0.8113421875 0.1888968750000001 0.738990625 0.1888968750000001 0.738990625 0.2831984375000001 0.8113421875 0.2831984375000001
1 0.5030546874999999 0.2847718750000001 0.414971875 0.2847718750000001 0.414971875 0.3649296875000001 0.5030546874999999 0.3649296875000001
1 0.3835140625000001 0.526815625 0.3300359375000001 0.526815625 0.3300359375000001 0.6164046875 0.3835140625000001 0.6164046875
1 0.5848453125 0.745284375 0.5329406250000002 0.745284375 0.5329406250000002 0.8144406249999999 0.5848453125 0.8144406249999999
1 0.04848593750000007 0.5063828125 6.267101291977225e-17 0.5063828125 6.979281243447002e-17 0.6226906249999999 0.048485937500000076 0.6226906249999999
1 0.6619171875000001 0.6839875 0.5974281250000001 0.6839875 0.5974281250000002 0.7657171875000001 0.6619171875000002 0.7657171875000001
1 1 0.5881140625000001 0.974925 0.5881140625000001 0.974925 0.6934187500000002 1 0.6934187500000002
1 1 0.7311406250000002 0.9827890625 0.7311406250000002 0.9827890625 0.7955796875000002 1 0.7955796875000002
1 0.23798881202669833 0.20798685315404009 0.17333301557846056 0.20570722582114684 0.1653448416352387 0.43227134049622684 0.23000063808347643 0.43455096782912006
1 0.17637343750000006 0.190265625 0.12312812500000006 0.190265625 0.12312812500000006 0.3333328125 0.17637343750000006 0.3333328125
1 0.30624837894662427 0.6784366599812961 0.2974315629863751 0.537814514562729 0.2210074834448527 0.5426061997005386 0.2298242994051019 0.6832283451191057
1 0.21233035375773665 0.7971118238044255 0.17539884910498998 0.666169700265674 0.11644592291758109 0.6827970483561377 0.15337742757032774 0.8137391718948891
1 0.709560104040485 0.5234227616244211 0.6321830867558869 0.5066370375586076 0.6103061923068538 0.607482782030466 0.6876832095914518 0.6242685060962796
1 0.7954692496397631 0.8034135900440791 0.7632293931999274 0.6687024528072085 0.7018756297322648 0.6833859939517166 0.7341154861721003 0.8180971311885873
1 0.8525106547597092 0.7793962576981468 0.8287300289950206 0.6950948572458575 0.7720875450453228 0.711073164912911 0.7958681708100114 0.7953745653652001
1 1.0055575339591634 0.5874565417404108 0.9509440542828227 0.46214904727144857 0.8893584744075211 0.4889902416399828 0.9439719540838617 0.6142977361089451
1 0.7792150713119687 0.36775349378540045 0.77187849412587 0.27663237770053545 0.6992555383555153 0.2824795835226811 0.7065921155416139 0.3736006996075461
1 0.6490899326701285 0.3951352569131605 0.6354037081374767 0.28996471999099177 0.5724093616705886 0.29816240344174305 0.5860955862032403 0.4033329403639117
1 0.6497310696580008 0.18759979926010809 0.6033726776918794 0.18432970522100395 0.5971488222759976 0.27256200846967615 0.643507214242119 0.2758321025087803
1 0.7532076147943887 0.44464439896928826 0.7116609126007337 0.4290203743095981 0.6844995432507733 0.5012466635106194 0.7260462454444283 0.5168706881703096
1 0.98646972108506 0.6424930476303298 0.9400697633543681 0.6097779644386777 0.9008089248830771 0.665461797943471 0.9472088826137691 0.6981768811351231
1 1 0.42330312500000017 0.9567390625 0.42330312500000017 0.9567390625 0.49410000000000015 1 0.49410000000000015
1 0.5134173019452561 0.5408039082597437 0.5098402154974708 0.4076422469368334 0.45239695311258676 0.40918533008368047 0.4559740395603722 0.5423469914065908