1 0.3822125345303868 0.5401631560773481 0.36787379143646415 0.26772703729281766 0.24904178176795583 0.27398135359116027 0.26338052486187846 0.5464174723756907
1 0.7609375 0.30156250000000007 0.6625 0.30156250000000007 0.6625 0.44375 0.7609375 0.4437500000000001
1 0.846875 0.1546875000000001 0.7421875 0.1546875000000001 0.7421875 0.3421875000000001 0.846875 0.3421875000000001
1 0.20781250000000004 0.3265625 0.10625000000000004 0.3265625 0.10625000000000004 0.4734375 0.2078125000000001 0.4734375
1 0.7390625 0.15625000000000008 0.6453125 0.15625000000000008 0.6453125 0.2875000000000001 0.7390625 0.2875000000000001
1 0.5171875 0.5328125 0.4359375 0.5328125 0.4359375 0.721875 0.5171875 0.721875
1 0.5984375 0.459375 0.515625 0.459375 0.515625 0.6328125 0.5984375 0.6328125
1 0.6293749999999999 0.838125 0.57875 0.68625 0.5042187499999999 0.71109375 0.55484375 0.8629687500000001
1 0.09881570015515903 0.6907171256788208 0.04563493987587278 0.45805129945694345 -0.03387194530643909 0.476224301784329 0.019308814972847154 0.7088901280062064
1 0.8734375 0.5937500000000002 0.7984375 0.5937500000000002 0.7984375000000001 0.7265625000000002 0.8734375 0.7265625000000002
1 0.7359375000000001 0.6921875000000001 0.6421875 0.6921875 0.6421875000000001 0.8421875 0.7359375000000001 0.8421875
1 0.2046875 0.17343750000000002 0.10468750000000002 0.1734375 0.10468750000000004 0.340625 0.2046875 0.340625
1 0.7937118902439024 0.5597179878048781 0.7063643292682927 0.4505335365853659 0.6554878048780489 0.49123475609756095 0.7428353658536586 0.6004192073170733
1 0.6671875 0.4609375 0.6015625 0.4609375 0.6015625 0.63125 0.6671875 0.63125
1 0.1828125000000001 0.60625 0.09375000000000008 0.60625 0.09375000000000008 0.709375 0.1828125000000001 0.709375
1 0.4005122950819672 0.8099897540983607 0.3272540983606557 0.7220799180327868 0.2594774590163934 0.7785604508196722 0.3327356557377049 0.8664702868852459
1 0.8453125 0.36406250000000007 0.7671875 0.36406250000000007 0.7671875 0.5187500000000002 0.8453125 0.5187500000000002
1 0.11250000000000009 0.703125 0.02656250000000009 0.703125 0.026562500000000093 0.8375 0.11250000000000009 0.8375
1 0.3593750000000001 0.5578125 0.2984375000000001 0.5578125 0.2984375000000001 0.7140625 0.3593750000000001 0.7140625
1 0.3296875 0.14531250000000004 0.2578125 0.14531250000000004 0.2578125 0.2421875 0.3296875 0.2421875
1 0.25468750000000007 0.6578125 0.17187500000000008 0.6578125 0.17187500000000008 0.8125 0.25468750000000007 0.8125
1 0.8640625 0.7343750000000002 0.7921875000000002 0.7343750000000002 0.7921875000000002 0.8609375 0.8640625 0.8609375
1 0.93125 0.14687500000000012 0.8578125 0.1468750000000001 0.8578125 0.25468750000000007 0.93125 0.25468750000000007
1 0.959375 0.7703125000000002 0.8625 0.7703125000000002 0.8625 0.859375 0.959375 0.859375
1 0.590625 0.14062500000000008 0.528125 0.14062500000000006 0.528125 0.3000000000000001 0.590625 0.3000000000000001
1 0.9796875 0.40156250000000016 0.8953125 0.40156250000000016 0.8953125 0.5562500000000001 0.9796875 0.5562500000000001
1 0.2312500000000001 0.46875 0.16250000000000003 0.46875 0.16250000000000006 0.578125 0.2312500000000001 0.578125
1 0.4203125 0.6265625 0.36406250000000007 0.6265625 0.36406250000000007 0.7 0.4203125 0.7
1 0.4953372835004558 0.252513673655424 0.3849190975387421 0.24803726071103016 0.37474931631722885 0.4988918641750228 0.48516750227894256 0.5033682771194166
1 0.4734375 0.15156250000000004 0.409375 0.15156250000000004 0.409375 0.2375000000000001 0.4734375 0.2375000000000001
1 0.5796875 0.3218750000000001 0.5265625 0.3218750000000001 0.5265625 0.446875 0.5796875 0.446875
1 0.05156250000000003 0.2078125 0.001562500000000027 0.2078125 0.0015625000000000402 0.425 0.051562500000000046 0.425
1 0.9984375 0.15781250000000013 0.9421875 0.15781250000000013 0.9421875 0.33281250000000007 0.9984375 0.33281250000000007
1 0.378125 0.14531250000000004 0.334375 0.14531250000000004 0.334375 0.22187500000000004 0.378125 0.2218750000000001
1 0.896875 0.4968750000000002 0.8234375 0.4968750000000002 0.8234375 0.5968750000000002 0.896875 0.5968750000000002
1 0.9984375 0.6656250000000001 0.9375 0.6656250000000001 0.9375 0.7703125000000002 0.9984375 0.7703125000000002
1 0.9359375 0.6781250000000002 0.8640625 0.6781250000000002 0.8640625 0.7609375000000002 0.9359375 0.7609375000000002
1 0.9984375 0.7812500000000002 0.978125 0.7812500000000002 0.978125 0.8484375 0.9984375 0.8484375
1 0.6709837839244687 0.41804438795846954 0.6405862186927376 0.1581864807110675 0.5673636411957121 0.16675188516413353 0.5977612064274431 0.4266097924115356
1 0.9491075263436868 0.3286303922483619 0.9171844559142178 0.24541013271663084 0.8199151786461879 0.28272236901970194 0.8518382490756569 0.365942628551433
1 0.9351059884982764 0.3994646211599592 0.8808638750764258 0.3737171868737334 0.8317995092811309 0.47708107411990086 0.8860416227029815 0.5028285084061267
1 0.7524528484650718 0.6774743563061995 0.7146922768729324 0.5291296178609686 0.6303920899821855 0.5505878999387926 0.668152661574325 0.6989326383840234
1 0.6271407429243698 0.7250260872847181 0.6246915360230594 0.6294421998035261 0.5512226406990213 0.6313247401584025 0.5536718476003317 0.7269086276395943
1 0.4850701146016534 0.8326883892996164 0.46725086699112506 0.6872846761888279 0.37747415717113364 0.6982868259119377 0.395293404781662 0.8436905390227262
1 0.3107746036379355 0.7494003696034853 0.279798710737799 0.614121851875417 0.22740560567604357 0.6261187545496529 0.25838149857618004 0.7613972722777211
1 0.30062985253899377 0.47904986151565704 0.23403433872692997 0.477485656435887 0.23094101349280946 0.609182954966819 0.2975365273048733 0.610747160046589
1 0.1493494291992023 0.5738699870250252 0.1018970141791582 0.3886189174951856 0.019618350279148856 0.40969475428569374 0.06707076529919295 0.5949458238155333
1 0.11521693768651387 0.17660580320618943 0.05293542236692449 0.17393445181243447 0.04505360114423703 0.3576960379424631 0.1073351164638264 0.36036738933621804
1 0.20416160055508872 0.8227100549372214 0.16314497763052288 0.7287117425456546 0.09551123396060412 0.7582240570809387 0.13652785688517 0.8522223694725053
1 0.5524080567361824 0.3646876167825682 0.5301945127872459 0.2143791269703108 0.4672825933258006 0.22367665028129818 0.4894961372747371 0.37398514009355555
1 0.27261066001321155 0.350879892907488 0.26774549047194884 0.18689884768874593 0.20468553636572184 0.1887697795856721 0.20955070590698455 0.3527508248044141
1 0.8438263850375023 0.554750220148333 0.7921895795153845 0.5227330896143987 0.7340265170307179 0.6165377090792289 0.7856633225528356 0.6485548396131632
1 0.9991734375 0.5234609375000001 0.9471078125 0.5234609375000001 0.9471078125 0.6319640625000001 0.9991734375 0.6319640625000001
1 0.9991734375 0.34750781250000007 0.9561984375 0.34750781250000007 0.9561984375 0.4750734375000002 0.9991734375 0.4750734375000002
1 0.4350055840009201 0.485250312492101 0.36133895772829283 0.48280753399913917 0.35658652942026403 0.6261260383431531 0.43025315569289135 0.6285688168361149
1 0.43327111952212016 0.2825472201764003 0.40598983407960276 0.17882675710237064 0.3539429615763526 0.1925164914428164 0.38122424701887 0.29623695451684606
1 0.8032816094846342 0.7457050539220081 0.7378461002002721 0.7309534061403706 0.711676274027008 0.8470377872806505 0.7771117833113701 0.861789435062288