1 0.7315657764085768 0.33681763576805773 0.7288547337891071 0.18700957658167133 0.6484057274719552 0.18846544408308813 0.651116770091425 0.3382735032694745
1 0.807466540809964 0.26066724203286606 0.7375174657603021 0.2573971227742941 0.7316615884887467 0.3826565296524739 0.8016106635384087 0.3859266489110458
1 0.8509048760605008 0.4422827963987309 0.8267664495166651 0.35629349064460764 0.7609027481457641 0.3747823725294389 0.7850411746895999 0.4607716782835622
1 0.9666417557136271 0.4480885454375003 0.905252785435701 0.41234879640791816 0.8525249796176586 0.5029175830411103 0.9139139498955847 0.5386573320706926
1 0.9106440487184198 0.4124761897440261 0.8874425228749964 0.316032792532644 0.8233580814991269 0.33144967814363857 0.8465596073425505 0.42789307535502064
1 0.8939616876503036 0.28576609862582175 0.8496604464537274 0.18420550318267068 0.7759738260327195 0.21634797664875927 0.8202750672292958 0.3179085720919103
1 0.9585527445329143 0.20839349742770233 0.882368913276301 0.20522481437210338 0.8769978240533088 0.3343605303300693 0.9531816553099223 0.3375292133856683
1 0.9789688763721536 0.35431718706984866 0.940948901342716 0.31589926963510323 0.8851162346485246 0.3711536075920126 0.9231362096779622 0.40957152502675803
1 0.989100858957505 0.4620988381963288 0.9829981734670781 0.3787486206904974 0.9366785483006245 0.3821400228113803 0.9427812337910513 0.4654902403172117
1 0.979825 0.4984375000000002 0.908771875 0.4984375000000002 0.908771875 0.5890625000000002 0.979825 0.5890625000000002
1 1 0.4861609375000001 0.97280625 0.4861609375000001 0.97280625 0.5921875000000002 1 0.5921875000000002
1 0.797738114951294 0.18955600975905523 0.7465322301856122 0.18304085169993167 0.7396150674301954 0.23740629237613034 0.7908209521958772 0.2439214504352539
1 1 0.2093750000000001 0.958771875 0.2093750000000001 0.958771875 0.3312500000000001 1 0.3312500000000001
1 0.59736875 0.17968750000000008 0.5192984375 0.17968750000000006 0.5192984375 0.30937500000000007 0.59736875 0.30937500000000007
1 0.49683660435599286 0.2697331460528077 0.3987207376234668 0.2645929602432663 0.3931768549931981 0.3704145918898365 0.49129272172572414 0.37555477769937784
1 0.5013478060946654 0.2594972351635384 0.4930350920006217 0.17437148976593936 0.4111680139713063 0.1823659879074107 0.41948072806535014 0.26749173330500975
1 0.39165695639199044 0.23239216436643373 0.2993857633840908 0.2147820378301592 0.27029460170054065 0.36721002799806746 0.3625657947084403 0.384820154534342
1 0.29089595718270084 0.2870297892985231 0.2529338374380322 0.18707531928235852 0.17104061754095617 0.21817788247444508 0.20900273728562482 0.3181323524906096
1 0.3370202406580397 0.18155569779670147 0.27127592133942446 0.17357120431617984 0.26133497124433847 0.2554249873991182 0.3270792905629537 0.2634094808796398
1 0.5004690320985616 0.8634732573893281 0.496857151782628 0.7476872454805031 0.4577629458311289 0.7489067675161568 0.4613748261470625 0.8646927794249818
1 0.4451443971417712 0.782513329006001 0.40692749016644936 0.7750056176306991 0.39093753889000105 0.8564001265461908 0.4291544458653229 0.8639078379214926
1 0.3385160243260847 0.7638084368926774 0.2538555371979102 0.7585265631679585 0.2474314983804041 0.8614942378920109 0.3320919855085786 0.8667761116167298
1 0.18996284279948178 0.2911621297258955 0.1743379932747386 0.17946528875668116 0.07777810055071631 0.19297268772022058 0.09340295007545951 0.3046695286894349
1 0.08333281250000003 0.21875 2.93723880732998e-17 0.21875 3.59739997249535e-17 0.3265625 0.08333281250000005 0.3265625
1 0.08606179111546489 0.32596786017890167 0.08070807540959288 0.2146970468145785 -0.0027083258438821813 0.2187105673777457 0.0026453898619898273 0.3299813807420689
1 0.22489025901213228 0.6707951135130495 0.15682003170225384 0.6647583591437262 0.14469372397599267 0.8014941732677393 0.21276395128587108 0.8075309276370628
1 0.2517810496623446 0.853509929383477 0.2375696464694932 0.7896817805099838 0.17593885630180137 0.8034039395201571 0.19015025949465275 0.8672320883936504
1 0.1680095842479998 0.8160803407539807 0.145706380400797 0.7062468767118041 0.07499391207867281 0.720606021343003 0.09729711592587562 0.8304394853851796
1 0.12305985310976957 0.7990771085288191 0.059213158654320086 0.7688910634607504 0.02530135135555196 0.8406181411270751 0.08914804581100144 0.8708041861951437
1 0.0944974977951601 0.7512439709631359 0.08313439759245732 0.6621851165066125 0.020988288944560275 0.67011439500546 0.03235138914726306 0.7591732494619834
1 0.03333281250000008 0.6703125 8.232448918440123e-17 0.6703125 9.082813039598067e-17 0.8091875 0.03333281250000009 0.8091875