1 0.6015625000000001 0.65625 0.5140625 0.65625 0.5140625000000001 0.8171875 0.6015625000000002 0.8171875
1 0.925 0.3437500000000001 0.8359375 0.3437500000000001 0.8359375 0.4625000000000002 0.925 0.4625000000000002
1 0.18593750000000003 0.375 0.12031250000000004 0.375 0.12031250000000004 0.5234375 0.18593750000000003 0.5234375
1 0.09062500000000002 0.1984375 0.012500000000000025 0.1984375 0.012500000000000034 0.325 0.09062500000000004 0.325
1 0.09062500000000007 0.4875 6.257179739393508e-17 0.4875 7.127827073162329e-17 0.6296875 0.09062500000000007 0.6296875
1 0.8025 0.44562500000000005 0.723125 0.286875 0.641875 0.3275 0.7212500000000001 0.48625000000000007
1 0.4906250000000001 0.725 0.42656250000000007 0.725 0.4265625000000002 0.8171875 0.4906250000000002 0.8171875
1 0.828125 0.2921875000000001 0.7609375 0.2921875000000001 0.7609375 0.4437500000000002 0.828125 0.4437500000000002
1 0.24375000000000008 0.38125 0.18593750000000003 0.38125 0.18593750000000003 0.5203125 0.24375000000000008 0.5203125
1 0.65 0.4515625 0.5734375 0.4515625 0.5734375 0.5859375 0.65 0.5859375
1 0.3968750000000001 0.484375 0.3343750000000001 0.484375 0.3343750000000001 0.615625 0.3968750000000001 0.615625
1 0.33281250000000007 0.5453125 0.2562500000000001 0.5453125 0.2562500000000001 0.6765625 0.33281250000000007 0.6765625
1 0.5859375 0.2687500000000001 0.5 0.2687500000000001 0.5 0.3609375000000001 0.5859375 0.3609375000000001
1 0.41093750000000007 0.640625 0.31718750000000007 0.640625 0.31718750000000007 0.803125 0.4109375000000002 0.803125
1 0.5078125 0.17500000000000004 0.4296875 0.17500000000000004 0.4296875 0.2578125000000001 0.5078125 0.2578125000000001
1 0.30937500000000007 0.6859375 0.2234375000000001 0.6859375 0.2234375000000001 0.7984375 0.30937500000000007 0.7984375
1 0.228125 0.2953125 0.15937500000000004 0.2953125 0.15937500000000004 0.3734375 0.22812500000000005 0.3734375
1 0.93125 0.17656250000000012 0.8734375 0.1765625000000001 0.8734375 0.2484375000000001 0.93125 0.2484375000000001
1 0.903125 0.6390625000000002 0.8140625 0.6390625000000002 0.8140625 0.7921875000000002 0.903125 0.7921875000000002
1 0.578125 0.528125 0.50625 0.528125 0.50625 0.6453125 0.578125 0.6453125
1 0.909375 0.2375000000000001 0.8421875 0.2375000000000001 0.8421875 0.3390625000000001 0.909375 0.3390625000000001
1 0.440625 0.29375000000000007 0.384375 0.29375000000000007 0.384375 0.4171875 0.440625 0.4171875
1 0.309375 0.18593750000000003 0.2328125 0.18593750000000003 0.2328125 0.3171875 0.309375 0.3171875
1 0.6171875 0.37187500000000007 0.5609375 0.37187500000000007 0.5609375 0.4578125 0.6171875 0.4578125
1 0.4844555412371133 0.5997905927835052 0.44154317010309274 0.5032377577319588 0.3912371134020618 0.5255960051546392 0.4341494845360824 0.6221488402061855
1 0.4265625 0.18125000000000005 0.3640625 0.18125000000000005 0.3640625 0.2921875000000001 0.4265625 0.2921875000000001
1 0.1390625000000001 0.60625 0.07343750000000007 0.60625 0.07343750000000007 0.7328125 0.1390625000000001 0.7328125
1 0.70625 0.503125 0.6453125 0.503125 0.6453125 0.6265625 0.70625 0.6265625
1 0.13125000000000003 0.3015625 0.05625000000000004 0.3015625 0.05625000000000006 0.459375 0.13125000000000003 0.459375
1 0.5625 0.3859375000000001 0.5046875 0.3859375000000001 0.5046875 0.478125 0.5625 0.478125
1 0.7140625 0.6546875 0.634375 0.6546875 0.6343750000000001 0.80625 0.7140625000000002 0.80625
1 0.05937500000000009 0.6421875 8.132420150587893e-17 0.6421875 8.869121740699973e-17 0.7625 0.05937500000000009 0.7625
1 0.17968750000000006 0.540625 0.13750000000000007 0.540625 0.1375000000000001 0.646875 0.17968750000000008 0.646875
1 0.965625 0.5468750000000002 0.8734375 0.5468750000000002 0.8734375 0.6531250000000002 0.965625 0.6531250000000002
1 0.840625 0.4468750000000002 0.759375 0.4468750000000002 0.759375 0.5359375000000002 0.840625 0.5359375000000002
1 0.4546875 0.4171875 0.3984375000000001 0.4171875 0.3984375000000001 0.5078125 0.4546875 0.5078125
1 0.3539253048780488 0.444702743902439 0.31295731707317065 0.4119283536585366 0.24801829268292677 0.4931021341463414 0.28898628048780484 0.5258765243902439
1 0.8046875 0.5312500000000002 0.7234375 0.5312500000000001 0.7234375 0.6296875000000001 0.8046875 0.6296875000000002
1 0.975 0.17968750000000014 0.928125 0.17968750000000014 0.928125 0.2750000000000001 0.975 0.2750000000000001
1 0.7203125 0.17343750000000008 0.65625 0.17343750000000008 0.65625 0.2812500000000001 0.7203125 0.2812500000000001
1 0.86875 0.5359375000000002 0.8078125 0.5359375000000002 0.8078125 0.6406250000000002 0.86875 0.6406250000000002
1 0.8984375 0.4812500000000002 0.8453125 0.4812500000000002 0.8453125 0.5453125000000002 0.8984375 0.5453125000000002
1 0.4796875 0.2640625000000001 0.4375 0.2640625000000001 0.4375 0.34843750000000007 0.4796875 0.34843750000000007
1 0.3625 0.17812500000000003 0.3078125 0.17812500000000003 0.3078125 0.2859375 0.3625 0.2859375
1 0.9984375 0.6625000000000002 0.9109375 0.6625000000000002 0.9109375 0.7796875000000002 0.9984375 0.7796875000000002
1 0.8109375 0.7140625000000002 0.7390625000000001 0.7140625000000002 0.7390625000000002 0.8078125 0.8109375 0.8078125
1 0.5046875 0.6328125 0.4171875 0.6328125 0.4171875 0.7125 0.5046875 0.7125
1 0.3859375000000001 0.38281250000000006 0.33281250000000007 0.3828125 0.33281250000000007 0.471875 0.3859375000000001 0.471875
1 0.5859375 0.18593750000000006 0.534375 0.18593750000000003 0.534375 0.25468750000000007 0.5859375 0.25468750000000007
1 0.05312500000000005 0.3765625 4.621128156157591e-17 0.3765625 5.3291270869146544e-17 0.4921875 0.053125000000000054 0.4921875
1 0.6625 0.23437500000000008 0.5984375 0.23437500000000008 0.5984375 0.3156250000000001 0.6625 0.3156250000000001
1 0.9984375 0.3062500000000001 0.9734375 0.3062500000000001 0.9734375 0.4109375000000002 0.9984375 0.4109375000000002
1 0.9984375 0.20468750000000008 0.98125 0.20468750000000008 0.98125 0.2687500000000001 0.9984375 0.2687500000000001
1 0.2413742176579116 0.7888350809471505 0.23343884699785217 0.5635995602273152 0.16921108827712195 0.5658623963487448 0.17714645893718134 0.7910979170685801
1 0.18016562500000008 0.6642234375 0.1272734375000001 0.6642234375 0.1272734375000001 0.8064515625 0.18016562500000008 0.8064515625
1 0.30917955552016396 0.3211355869155772 0.2332601457201385 0.3163833201143442 0.22450914623410415 0.45618412337894343 0.3004285560341296 0.4609363901801763
1 0.21589148473984032 0.20315252791021754 0.15732235983906778 0.18664363377274104 0.12063045082461454 0.31681667771012173 0.1791995757253871 0.33332557184759826
1 0.7098278952110475 0.4752591208602747 0.6880980790902259 0.3750011681908717 0.6112259287533425 0.39166236709985763 0.632955744874164 0.49192031976926065
1 0.795170102337288 0.19688802589552507 0.7342165671972978 0.1823129507304635 0.7021923229121035 0.3162395944879111 0.7631458580520938 0.3308146696529726
1 0.8518334864817987 0.22076486661753275 0.7955579607634111 0.20490697516480222 0.7719403166696636 0.288719841557992 0.8282158423880512 0.30457773301072255
1 1.0038797737292429 0.41157087613821053 0.9426855093369644 0.38491750605269964 0.8884236761176248 0.5094988613477686 0.9496179405099033 0.5361522314332794
1 0.7790249227325362 0.6300029620157589 0.7068844268865014 0.6241930629059846 0.6995889449352154 0.7147797797245535 0.7717294407812502 0.7205896788343278
1 0.6497598345861679 0.6027783096557993 0.5871825834119215 0.5946381377202641 0.5735818233290985 0.6991934452252687 0.6361590745033447 0.7073336171608039
1 0.6503942915701729 0.8091043155676954 0.6442134499260737 0.7213885528024743 0.5981608619200985 0.724633622386236 0.6043417035641978 0.812349385151457
1 0.753196081590402 0.5535815004626483 0.7262055297503085 0.4817682647066337 0.6849255414901168 0.4972830880030041 0.7119160933302101 0.5690963237590186
1 0.9849213700707624 0.35689681768236137 0.9459149501031086 0.30153365972222146 0.8997977087569552 0.33402581786451624 0.9388041287246089 0.38938897582465615
1 0.9991734375 0.5043984375000001 0.955371875 0.5043984375000001 0.955371875 0.5747796875000002 0.9991734375 0.5747796875000002
1 0.5149814767630642 0.45796903954381357 0.45791888862778823 0.45643725515168104 0.45436531766820193 0.5888161703030843 0.5114279058034779 0.5903479546952168