1 0.9453125 0.6015625000000002 0.8984375 0.6015625000000002 0.8984375 0.6515625000000002 0.9453125 0.6515625000000002
1 0.9984375 0.3656250000000001 0.965625 0.3656250000000001 0.965625 0.4515625000000002 0.9984375 0.4515625000000002
1 0.3109375000000001 0.571875 0.2375000000000001 0.571875 0.2375000000000001 0.7046875 0.3109375000000001 0.7046875
1 0.83125 0.5250000000000001 0.7640625 0.5250000000000001 0.7640625 0.6140625000000002 0.83125 0.6140625000000002
1 0.7546875 0.33281250000000007 0.69375 0.33281250000000007 0.69375 0.434375 0.7546875 0.43437500000000007
1 0.9125 0.5031250000000002 0.8625 0.5031250000000002 0.8625 0.6000000000000002 0.9125 0.6000000000000002
1 0.08593750000000007 0.503125 0.042187500000000065 0.503125 0.042187500000000065 0.5609375 0.08593750000000007 0.5609375
1 0.12031250000000004 0.2046875 0.07968750000000002 0.2046875 0.07968750000000004 0.28125 0.12031250000000004 0.28125
1 0.28593750000000007 0.34375 0.18906250000000005 0.34375 0.18906250000000005 0.4921875 0.28593750000000007 0.4921875
1 0.7125000000000001 0.65 0.6125 0.65 0.6125 0.8125 0.7125000000000001 0.8125
1 0.10000000000000009 0.596875 0.031250000000000076 0.596875 0.03125000000000008 0.6953125 0.10000000000000009 0.6953125
1 0.182915785933897 0.4900449173712529 0.09992673904688702 0.40373630860876253 0.03360275749423525 0.4675093677940046 0.11659180438124524 0.553817976556495
1 0.425 0.496875 0.3812500000000001 0.496875 0.3812500000000001 0.565625 0.425 0.565625
1 0.209375 0.18906250000000002 0.11875000000000005 0.1890625 0.11875000000000005 0.3359375 0.209375 0.3359375
1 0.10468750000000009 0.7125 0.05625000000000009 0.7125 0.05625000000000009 0.7859375 0.10468750000000009 0.7859375
1 0.4109375 0.5796875 0.3687500000000001 0.5796875 0.3687500000000001 0.6484375 0.4109375 0.6484375
1 0.35625000000000007 0.31875 0.28750000000000003 0.31875 0.2875000000000001 0.4375 0.35625000000000007 0.4375
1 0.07500000000000004 0.30625 0.02812500000000004 0.30625 0.028125000000000046 0.3765625 0.07500000000000004 0.3765625
1 0.1625000000000001 0.6515625 0.0984375000000001 0.6515625 0.0984375000000001 0.753125 0.1625000000000001 0.753125
1 0.8734375 0.5875000000000001 0.815625 0.5875000000000001 0.815625 0.6750000000000002 0.8734375 0.6750000000000002
1 0.025000000000000043 0.34375 4.209723372069027e-17 0.34375 4.8220467716427034e-17 0.44375 0.02500000000000005 0.44375
1 0.23593750000000008 0.5234375 0.10625000000000007 0.5234375 0.1062500000000001 0.6625 0.23593750000000008 0.6625
1 0.7859375 0.6093750000000002 0.709375 0.6093750000000001 0.7093750000000001 0.7656250000000001 0.7859375000000001 0.7656250000000002
1 0.7953125 0.47656250000000017 0.7671875 0.47656250000000017 0.7671875 0.5187500000000002 0.7953125 0.5187500000000002
1 0.38750000000000007 0.6109375 0.3109375000000001 0.6109375 0.3109375000000001 0.7796875 0.38750000000000007 0.7796875
1 0.034375000000000024 0.175 2.143131898507868e-17 0.175 2.602374448188126e-17 0.25 0.03437500000000003 0.25
1 0.3531250000000001 0.4640625 0.2656250000000001 0.4640625 0.2656250000000001 0.5921875 0.3531250000000001 0.5921875
1 0.878125 0.2468750000000001 0.828125 0.2468750000000001 0.828125 0.3375000000000001 0.878125 0.3375000000000001
1 0.6171875 0.5734375 0.546875 0.5734375 0.546875 0.68125 0.6171875 0.68125
1 0.07968750000000002 0.1796875 0.03281250000000002 0.1796875 0.03281250000000003 0.2796875 0.07968750000000004 0.2796875
1 0.023437500000000035 0.253125 3.099887210341738e-17 0.253125 3.6165350787320275e-17 0.3375 0.023437500000000038 0.3375
1 0.5296875 0.2312500000000001 0.48125 0.2312500000000001 0.48125 0.3062500000000001 0.5296875 0.3062500000000001
1 0.765625 0.5062500000000002 0.709375 0.5062500000000001 0.709375 0.596875 0.765625 0.5968750000000002
1 0.3078125000000001 0.709375 0.26250000000000007 0.709375 0.26250000000000007 0.7609375 0.3078125000000001 0.7609375
1 0.7578125 0.1765625000000001 0.6796875 0.1765625000000001 0.6796875 0.2687500000000001 0.7578125 0.2687500000000001
1 0.38125 0.17968750000000006 0.284375 0.17968750000000006 0.284375 0.3078125 0.38125 0.30781250000000004
1 0.2859375 0.18750000000000006 0.2125 0.18750000000000006 0.2125 0.334375 0.2859375 0.334375
1 0.4828125 0.3281250000000001 0.4046875 0.3281250000000001 0.4046875 0.5 0.4828125 0.5
1 0.5859375 0.44375 0.51875 0.44375 0.51875 0.55625 0.5859375 0.55625
1 0.11718750000000004 0.3046875 0.07187500000000005 0.3046875 0.07187500000000005 0.40625 0.11718750000000004 0.40625
1 0.7095308603491273 0.5203202930174564 0.6165601620947632 0.5156717581047382 0.6100841645885288 0.6451917082294265 0.7030548628428928 0.6498402431421447
1 0.2156250000000001 0.6671875 0.1593750000000001 0.6671875 0.1593750000000001 0.78125 0.2156250000000001 0.78125
1 0.5346153846153846 0.5659855769230768 0.48461538461538456 0.4909855769230768 0.43882211538461535 0.5215144230769231 0.48882211538461534 0.596514423076923
1 0.834375 0.2406250000000001 0.7625 0.2406250000000001 0.7625 0.3750000000000001 0.834375 0.3750000000000001
1 0.5859375 0.2890625000000001 0.5109375 0.2890625000000001 0.5109375 0.4234375 0.5859375 0.4234375
1 0.675 0.1765625000000001 0.59375 0.1765625000000001 0.59375 0.2843750000000001 0.675 0.2843750000000001
1 0.20133028495492766 0.3481013412511115 0.1317853763906668 0.3243934127753071 0.09415093752734187 0.4347903887189591 0.16369584609160276 0.4584983171947634
1 0.08529872000538238 0.399058736932271 0.031086971396331653 0.38203823664819464 -0.002045321641516118 0.4875674226903707 0.05216642696753462 0.504587922974447
1 0.05098750000000006 0.5350875 6.561887171106359e-17 0.5350875 7.206443657135718e-17 0.6403515625 0.050987500000000074 0.6403515625
1 0.47707188021396335 0.7898178868484416 0.43480617588518256 0.6395457753210361 0.3738393200529225 0.6566933822606761 0.41610502438170327 0.8069654937880817
1 0.6107016277783986 0.6927470925155546 0.5417677770592881 0.6845832989218409 0.5269697148859767 0.809535920160657 0.5959035656050872 0.8176997137543708
1 0.8362765712162383 0.6748306516375868 0.7867040665680722 0.6617607691455984 0.7545180914717324 0.7838383318969926 0.8040905961198985 0.7969082143889811
1 0.9004849091058729 0.46658286905780894 0.8923711283249934 0.3707778421451146 0.8245563989004479 0.37652110913220954 0.8326701796813273 0.47232613604490387
1 0.8692437500000001 0.47076093750000014 0.8009875 0.47076093750000014 0.8009875 0.5701750000000001 0.8692437500000001 0.5701750000000001
1 1 0.43379375000000014 0.9046046875 0.43379375000000014 0.9046046875 0.6106937500000003 1 0.6106937500000003
1 0.8015545390253301 0.4138598370213404 0.754082041333032 0.3938320302332463 0.7203057114598657 0.47389305533317827 0.7677782091521639 0.4939208621212724
1 0.7388740777777616 0.4977669791211313 0.6777530614116747 0.3891014146178319 0.6177802891084457 0.4228342426229168 0.6789013054745326 0.5314998071262163
1 0.7241070467611146 0.2897050690093261 0.665775482752738 0.2737453075618422 0.6439618630315628 0.35347222323079264 0.7022934270399392 0.3694319846782766
1 0.640625 0.32310000000000005 0.578125 0.32310000000000005 0.578125 0.46637500000000004 0.640625 0.46637500000000004
1 0.40492505342374185 0.37789201426016 0.34634939900318057 0.3757655520073554 0.3415995799478478 0.5066043473720121 0.40017523436840896 0.5087308096248168
1 0.04111875000000008 0.653509375 8.012127305231019e-17 0.653509375 8.683530345310438e-17 0.7631578125 0.04111875000000008 0.7631578125
1 0.4810523212842205 0.6470321946904878 0.47615038201520843 0.551118204278566 0.4270858406266519 0.5536257780028548 0.43198777989566395 0.6495397684147768
1 0.6019734375 0.18128593750000008 0.5386515625 0.18128593750000005 0.5386515625 0.3099421875000001 0.6019734375 0.3099421875000001
1 0.47779531249999996 0.21637500000000007 0.3782890625 0.21637500000000007 0.3782890625 0.33333281250000013 0.47779531249999996 0.33333281250000013
1 0.9568773363165588 0.6521064757849369 0.9027073697528939 0.6433979300152363 0.8866099135012234 0.7435293055598151 0.9407798800648883 0.7522378513295158
1 0.8997289764344449 0.691995734085677 0.8347607283310715 0.6773772996353419 0.8123917103356202 0.7767912222338718 0.8773599584389936 0.7914096566842069
1 0.999178125 0.6564328125000003 0.9416125 0.6564328125000003 0.9416125 0.7953218750000002 0.999178125 0.7953218750000002
1 0.5434243203602231 0.5925092629727622 0.47249805666668127 0.5881376365650874 0.4611652734808816 0.7720032951690899 0.5320915371744235 0.7763749215767646
1 0.9491678710102045 0.31208096096928967 0.8779013490474507 0.3104116436130194 0.8750668794666113 0.4314208620680192 0.9463334014293652 0.4330901794242895