1 0.721875 0.490625 0.659375 0.490625 0.659375 0.5875 0.721875 0.5875
1 0.9609375 0.6656250000000001 0.865625 0.6656250000000001 0.865625 0.803125 0.9609375 0.803125
1 0.6828125 0.4296875 0.6125 0.4296875 0.6125 0.5203125 0.6828125 0.5203125
1 0.3578125 0.6078124999999999 0.32984374999999994 0.5239062499999999 0.27921874999999996 0.54078125 0.30718749999999995 0.6246875
1 0.3937500000000001 0.5890625 0.3437500000000001 0.5890625 0.3437500000000001 0.68125 0.3937500000000001 0.68125
1 0.8484375 0.7562500000000002 0.8015625 0.7562500000000002 0.8015625 0.8109375 0.8484375 0.8109375
1 0.5734375 0.4828125 0.521875 0.4828125 0.521875 0.575 0.5734375 0.575
1 0.828125 0.5609375000000002 0.7578125 0.5609375000000002 0.7578125 0.6468750000000002 0.828125 0.6468750000000002
1 0.45625 0.3125000000000001 0.38906250000000003 0.3125000000000001 0.3890625000000001 0.440625 0.45625 0.440625
1 0.428125 0.51875 0.3765625000000001 0.51875 0.3765625000000001 0.6078125 0.428125 0.6078125
1 0.65625 0.546875 0.590625 0.546875 0.590625 0.63125 0.65625 0.63125
1 0.3109375000000001 0.4015625 0.2578125000000001 0.4015625 0.2578125000000001 0.490625 0.3109375000000001 0.490625
1 0.39375 0.25625000000000003 0.3375 0.25625 0.3375 0.35000000000000003 0.39375 0.3500000000000001
1 0.7093750000000001 0.6859375 0.6218750000000001 0.6859375 0.6218750000000002 0.809375 0.7093750000000002 0.809375
1 0.4640625 0.6046875 0.41875 0.6046875 0.41875 0.6625 0.4640625 0.6625
1 0.12343750000000005 0.4390625 0.060937500000000054 0.4390625 0.06093750000000007 0.55 0.12343750000000006 0.55
1 0.284375 0.17812500000000003 0.2109375 0.17812500000000003 0.2109375 0.2734375 0.284375 0.2734375
1 0.06875000000000006 0.4984375 0.012500000000000061 0.4984375 0.012500000000000067 0.5734375 0.06875000000000006 0.5734375
1 0.8703125 0.6265625000000001 0.796875 0.6265625000000001 0.7968750000000001 0.7406250000000002 0.8703125 0.7406250000000002
1 0.565991155645962 0.5880729491280523 0.47597044997042415 0.4280417281646221 0.3847638123426119 0.4793472536247131 0.4747845180181499 0.6393784745881433
1 0.586416435740131 0.5823558023585788 0.5240065448342393 0.5756666461548123 0.5134084530974559 0.6745469427056463 0.5758183440033476 0.6812360989094127
1 0.6240426229990428 0.6860141710953696 0.5590707142514312 0.6763952002424215 0.53926758159151 0.8101566335357665 0.6042394903391217 0.8197756043887144
1 0.315986780467864 0.7672841041095098 0.29908510423292795 0.6020089955014667 0.2297597598391497 0.6090984751919496 0.2466614360740857 0.7743735837999927
1 0.41724989969967663 0.6992906957344157 0.35161118911028844 0.6884341264529243 0.3368649667658402 0.7775896410227211 0.40250367735522835 0.7884462103042125
1 0.2497660408596539 0.7988875774096054 0.22584291807468385 0.6374703958407243 0.1330902945948461 0.6512169646915091 0.15701341737981617 0.8126341462603902
1 0.23421048921820278 0.6368538671204169 0.2239750098327427 0.5094671265312077 0.15568981916253366 0.5149538173610722 0.1659252985479938 0.6423405579502812
1 0.2878296875000001 0.5043859375 0.22779531250000007 0.5043859375 0.22779531250000007 0.599415625 0.2878296875000001 0.599415625
1 0.26246741398632667 0.48928233118178416 0.20549721259380088 0.3954999982490634 0.14367460571932952 0.4330555404723123 0.20064480711185534 0.526837873405033
1 0.1725889233962442 0.3279744233254178 0.11763097909462869 0.32703819640237963 0.115236707885839 0.4675855578354586 0.1701946521874545 0.4685217847584967
1 0.26891406250000005 0.33625781250000003 0.21463750000000004 0.33625781250000003 0.2146375000000001 0.438596875 0.26891406250000005 0.438596875
1 0.39512251559374295 0.5682629588468242 0.3727838322621165 0.4677209747016483 0.30825087551496344 0.48205907731106823 0.33058955884658997 0.5826010614562442
1 0.4120822532507461 0.4721064465341561 0.3965779315997889 0.37837336398754917 0.3387099274181023 0.3879452688663382 0.3542142490690595 0.4816783514129451
1 0.34427833890798476 0.3816788822627924 0.3318972877617125 0.24228424214065564 0.2719055054093655 0.24761272051693783 0.2842865565556377 0.3870073606390746
1 0.24666397266038995 0.3056374256360125 0.19981092556514063 0.27928246627187425 0.16218653151157444 0.3461699724207418 0.20903957860682382 0.3725249317848801
1 0.18996718750000002 0.179825 0.13240156250000001 0.17982499999999998 0.13240156250000004 0.28654999999999997 0.18996718750000002 0.28654999999999997
1 0.13322343750000004 0.18713437500000002 0.06907968750000001 0.18713437500000002 0.06907968750000003 0.2997078125 0.13322343750000004 0.2997078125
1 0.15296093750000012 0.5657890625 0.09128281250000007 0.5657890625 0.09128281250000009 0.6637421875 0.15296093750000012 0.6637421875
1 0.13733593750000012 0.6725140625 0.07319062500000009 0.6725140625 0.07319062500000009 0.7719296875 0.13733593750000012 0.7719296875
1 0.07486535035368463 0.5853546844953083 0.009503392253411524 0.5839221955389279 0.0057606917176659415 0.7546950552595486 0.07112264981793906 0.7561275442159289
1 0.5402953125000001 0.6652046875 0.4679281250000001 0.6652046875 0.46792812500000014 0.814328125 0.5402953125000002 0.814328125
1 0.47256005406597773 0.7586933334621582 0.46713638028926746 0.6526664344179209 0.4144179804160889 0.6553631784094903 0.41984165419279923 0.7613900774537276
1 0.792714486425196 0.6446111022628165 0.7212205387325469 0.5786583022773654 0.6568186948961975 0.6484709873424698 0.7283126425888466 0.7144237873279209
1 0.801809375 0.6900578125000002 0.7203953125000001 0.6900578125000001 0.7203953125000002 0.80409375 0.801809375 0.80409375
1 0.68174375 0.614034375 0.6233546875 0.614034375 0.6233546875 0.6915203125 0.68174375 0.6915203125
1 0.5415456242022154 0.46761798565659074 0.5279221210143742 0.3641492628884312 0.48242978172304085 0.370139140918979 0.496053284910882 0.4736078636871385
1 0.11513125000000005 0.293859375 0.05592031250000005 0.293859375 0.05592031250000005 0.4254390625 0.11513125000000005 0.4254390625
1 0.06578906250000004 0.3918125 0.018914062500000054 0.3918125 0.018914062500000058 0.48099375 0.06578906250000005 0.48099375
1 0.08302614759033025 0.2405288811490438 0.03662216895612062 0.22273373869879115 0.008388527143636715 0.296357949075024 0.054792505777846355 0.3141530915252766
1 0.34833703786392106 0.6768096427302926 0.3064479218780474 0.664118580294385 0.2698806488275566 0.7848153895516768 0.3117697648134302 0.7975064519875844