1 0.6926984375 0.5556015624999999 0.6193562499999999 0.5556015624999999 0.6193562499999999 0.7120234375 0.6926984375 0.7120234375
1 0.59816875 0.6598828125 0.521565625 0.6598828125 0.5215656250000001 0.7706796875 0.5981687500000001 0.7706796875
1 0.40631863914517946 0.4090859059680124 0.33541081295761555 0.28749667519349476 0.19505658839687298 0.36934778072684116 0.265964414584437 0.4909370115013588
1 0.2070046875000001 0.700615625 0.0961734375000001 0.700615625 0.0961734375000001 0.8260796875 0.2070046875000001 0.8260796875
1 0.38628750000000006 0.6663984375 0.2852375000000001 0.6663984375 0.2852375000000001 0.8195625 0.38628750000000006 0.8195625
1 0.456371875 0.5833 0.3716187500000001 0.5833 0.3716187500000001 0.716909375 0.456371875 0.716909375
1 0.607946875 0.531159375 0.5231953125000001 0.531159375 0.5231953125000001 0.656621875 0.607946875 0.656621875
1 0.572090625 0.3291140625000001 0.47755937499999995 0.3291140625000001 0.47755937499999995 0.443171875 0.572090625 0.443171875
1 0.7941941628713521 0.686589438758378 0.7288209969472053 0.5123167029605888 0.6552382701792212 0.5399190458292754 0.7206114361033679 0.7141917816270645
1 0.9388062500000001 0.35029687500000006 0.8670937500000001 0.35029687500000006 0.8670937500000001 0.4692421875000002 0.9388062500000001 0.4692421875000002
1 0.33087187500000004 0.17269218750000004 0.26241875000000003 0.17269218750000004 0.26241875000000003 0.306303125 0.33087187500000004 0.306303125
1 0.53134375 0.4610953125 0.45963125 0.4610953125 0.45963125 0.60448125 0.53134375 0.60448125
1 0.2086343750000001 0.39591875 0.11736250000000004 0.39591875 0.11736250000000004 0.5295296875 0.2086343750000001 0.5295296875
1 1 0.18572812500000013 0.927396875 0.18572812500000013 0.927396875 0.2802328125000001 1 0.2802328125000001
1 0.9192484375 0.1808390625000001 0.8361265625 0.1808390625000001 0.8361265625 0.3437781250000001 0.9192484375 0.3437781250000001
1 0.6829203125000001 0.454578125 0.6063171875 0.454578125 0.6063171875 0.5507125 0.6829203125000001 0.5507125
1 0.3699890625000001 0.53930625 0.28686718750000006 0.53930625 0.28686718750000006 0.6598828125 0.3699890625000001 0.6598828125
1 0.2770875000000001 0.4953125 0.18092656250000008 0.4953125 0.1809265625000001 0.656621875 0.2770875000000001 0.656621875
1 0.8899109375 0.5441937500000001 0.8247171874999999 0.5441937500000001 0.8247171874999999 0.6305515625000002 0.8899109375 0.6305515625000002
1 0.127441052361205 0.3134983693382668 0.05742482009334854 0.17333151664081062 -0.005815049342165646 0.204921135026144 0.06420118292569085 0.3450879877236002
1 0.06846718750000007 0.4969421875 6.34527776850717e-17 0.4969421875 7.422813870906949e-17 0.6729171875 0.06846718750000008 0.6729171875
1 0.870353125 0.41058437500000017 0.8002687500000001 0.41058437500000017 0.8002687500000001 0.5490828125000002 0.870353125 0.5490828125000002
1 0.47103906249999994 0.27697343750000014 0.40747656250000003 0.27697343750000014 0.40747656250000003 0.3763671875000001 0.47103906249999994 0.3763671875000001
1 0.7970093750000001 0.7201703125000002 0.7301859375000002 0.7201703125000002 0.7301859375000002 0.8325984375000001 0.7970093750000002 0.8325984375000001
1 0.2852375000000001 0.6680296875 0.2004843750000001 0.6680296875 0.2004843750000001 0.822821875 0.2852375000000001 0.822821875
1 0.5003765625000002 0.7266859375 0.45148125000000017 0.7266859375 0.45148125000000017 0.8309671875 0.5003765625000002 0.8309671875
1 0.24123125000000006 0.27534375 0.15810937500000005 0.27534375 0.15810937500000005 0.41221406250000003 0.2412312500000001 0.41221406250000003
1 0.9974812500000001 0.7397218750000002 0.93065625 0.7397218750000002 0.93065625 0.8277093750000001 0.9974812500000001 0.8277093750000001
1 0.513415625 0.619146875 0.46615 0.619146875 0.46615 0.6908390625 0.513415625 0.6908390625
1 0.7448546875 0.27697343750000014 0.6796609375 0.27697343750000014 0.6796609375 0.3682203125000001 0.7448546875 0.3682203125000001
1 0.1858156250000001 0.558859375 0.11736250000000008 0.558859375 0.11736250000000008 0.6826921875 0.1858156250000001 0.6826921875
1 0.64869375 0.35029687500000006 0.5883890625 0.35029687500000006 0.5883890625 0.45132031250000004 0.64869375 0.45132031250000004
1 0.8263468749999999 0.18735625000000009 0.753003125 0.18735625000000009 0.753003125 0.33889062500000006 0.8263468749999999 0.33889062500000006
1 0.43844374999999997 0.17432187500000004 0.396065625 0.17432187500000004 0.396065625 0.2590500000000001 0.43844374999999997 0.2590500000000001
1 0.7269265625 0.3617015625000001 0.651953125 0.3617015625000001 0.651953125 0.45783593749999996 0.7269265625 0.45783593750000007
1 0.9485859375000001 0.6386984375000002 0.863834375 0.6386984375000002 0.863834375 0.7315750000000003 0.9485859375000001 0.7315750000000003
1 0.8035296875 0.3682203125000001 0.74974375 0.3682203125000001 0.74974375 0.4969421875000002 0.8035296875 0.4969421875000002
1 0.927396875 0.7462406250000002 0.8687234374999999 0.7462406250000002 0.8687234374999999 0.8179328124999999 0.927396875 0.8179328124999999
1 1 0.29000937500000007 0.920878125 0.29000937500000007 0.920878125 0.37147812500000005 1 0.37147812500000005
1 0.4498515625 0.7250578125 0.3976968750000001 0.7250578125 0.3976968750000001 0.80326875 0.44985156250000014 0.80326875
1 0.030979687500000058 0.42036093750000003 5.147936765959556e-17 0.42036093750000003 5.596903763590718e-17 0.4936828125 0.030979687500000058 0.4936828125
1 1 0.4985718750000002 0.9811828125 0.4985718750000002 0.9811828125 0.5865578125 1 0.5865578125
1 0.09943437500000005 0.43013593749999995 0.05379843750000004 0.43013593749999995 0.05379843750000005 0.498571875 0.09943437500000005 0.498571875
1 0.59001875 0.443171875 0.5346046875 0.443171875 0.5346046875 0.5116078125 0.59001875 0.5116078125
1 0.98933125 0.4138421875000001 0.9322874999999999 0.4138421875000001 0.9322874999999999 0.5490828125000002 0.98933125 0.5490828125000002
1 0.12062187500000003 0.34215 0.06683750000000005 0.34215 0.06683750000000005 0.41384218749999996 0.12062187500000003 0.41384218749999996
1 1 0.5954453125000001 0.98933125 0.5954453125000001 0.98933125 0.6998765625000002 1 0.6998765625000002
1 0.008162500000000038 0.260665625 3.192233233039944e-17 0.260665625 3.880829166073016e-17 0.373121875 0.008162500000000043 0.373121875
1 0.46362836798349305 0.5428024167923067 0.40819887289160767 0.42473702580460637 0.3013073449680682 0.47492060096440236 0.35673684005995354 0.5929859919521026
1 0.4879890070291305 0.41680337128502193 0.44080121760243357 0.4084887007633552 0.4280003718827653 0.4811366319987898 0.47518816130946223 0.48945130252045654
1 0.7377641365073279 0.6760881332310735 0.665128824656339 0.6692633665049816 0.6512544907528421 0.8169265189981525 0.723889802603831 0.8237512857242445
1 0.18244088765108846 0.36340385047740925 0.1643232301558894 0.1921066503552306 0.09095263272232591 0.1998668668302886 0.10907029021752494 0.37116406695246723
1 0.8863172236972469 0.316783166387773 0.8292581501167506 0.2904626842600423 0.7842190268195737 0.3881011179993351 0.8412781004000699 0.41442160012706586
1 0.6589657087306613 0.7061113029208862 0.6026229331992907 0.6955234417304222 0.5849872834798633 0.7893706725938658 0.641330059011234 0.7999585337843298
1 0.8301574422139646 0.6077353823701352 0.8060177351981898 0.5114062479397179 0.7398658484418024 0.5279836538749224 0.7640055554575772 0.6243127883053396
1 1.024698152660042 0.4781567109042074 0.9830456914571577 0.3858116757135811 0.951613906850373 0.3999890614947327 0.9932663680532572 0.4923340966853589
1 0.9453241642175867 0.6063927243772562 0.9280099165981632 0.5219475221228497 0.8755138273906378 0.5327110736725531 0.8928280750100612 0.6171562759269598
1 0.8536341160635059 0.7573783960806102 0.8239444824453628 0.6783854062275347 0.7740916043208069 0.6971226851820467 0.80378123793895 0.7761156750351221
1 0.559363187306652 0.83329020389236 0.5488295844526256 0.7532370036364706 0.4951885212041981 0.7602952306045433 0.5057221240582244 0.8403484308604326
1 0.5310343750000001 0.18807343750000002 0.46206875 0.18807343750000002 0.46206875 0.31498437500000004 0.5310343750000001 0.31498437500000004
1 0.629560324438988 0.35095169959285355 0.6188394106860253 0.18613465511150912 0.5421420870008431 0.19112361359513835 0.5528630007538058 0.35594065807648284
1 0.7043109375000001 0.1712531250000001 0.631034375 0.1712531250000001 0.631034375 0.27828750000000013 0.7043109375000001 0.27828750000000013
1 0.11861442954913944 0.6720048336767995 0.028749417161772796 0.6538175585377972 0.0017786486852002126 0.787082625719101 0.09164366107256686 0.8052699008581033
1 0.40392595378004204 0.3415514727309215 0.3991518683691677 0.21436671820056472 0.33631072389160793 0.2167255621686235 0.3410848093024823 0.34391031669898026