1 0.4417625000000001 0.6883375 0.3571312500000001 0.6883375 0.3571312500000001 0.8223390625 0.44176250000000017 0.8223390625
1 0.78348125 0.6452656250000002 0.7084296875 0.6452656250000002 0.7084296875 0.7760765625000001 0.7834812500000001 0.7760765625000002
1 0.5631203124999999 0.7026953125000001 0.4848765625000001 0.7026953125000001 0.4848765625000002 0.82871875 0.5631203125 0.82871875
1 0.3044359375000001 0.6867421874999999 0.23257968750000008 0.6867421874999999 0.23257968750000008 0.8223390625 0.3044359375000001 0.8223390625
1 0.28846875 0.246453125 0.21820937499999998 0.246453125 0.21820937499999998 0.338978125 0.28846875 0.338978125
1 0.2261937500000001 0.6293124999999999 0.13836875000000007 0.6293124999999999 0.13836875000000007 0.8111703125 0.2261937500000001 0.8111703125
1 0.7914640625 0.19221562500000008 0.706834375 0.19221562500000008 0.706834375 0.2847390625000001 0.7914640625 0.2847390625000001
1 0.51361875 0.30069218750000015 0.43697187499999995 0.30069218750000015 0.43697187499999995 0.399596875 0.51361875 0.399596875
1 0.515215625 0.20657343750000007 0.44974687500000005 0.20657343750000007 0.44974687500000005 0.29590781250000003 0.515215625 0.29590781250000003
1 0.446553125 0.23050156250000006 0.38906718749999997 0.23050156250000006 0.38906718749999997 0.33738281250000013 0.446553125 0.33738281250000013
1 1 0.5686937500000002 0.9303874999999999 0.5686937500000002 0.9303874999999999 0.6899328125000002 1 0.6899328125000002
1 0.69885 0.26240625000000006 0.6269921875 0.26240625000000006 0.6269921875 0.3565250000000001 0.69885 0.3565250000000001
1 0.05852812500000002 0.17626406249999998 2.15861219945334e-17 0.17626406249999998 2.832608046427828e-17 0.28633593749999997 0.05852812500000003 0.28633593749999997
1 0.03297812500000004 0.29112187500000003 3.565214723805259e-17 0.29112187500000003 4.073146551304742e-17 0.3740734375 0.032978125000000046 0.3740734375
1 0.8441593749999999 0.2608109375000001 0.775496875 0.2608109375000001 0.775496875 0.3916218750000001 0.8441593749999999 0.3916218750000001
1 0.9798890625000001 0.7042906250000002 0.9176125 0.7042906250000002 0.9176125 0.8159562499999999 0.9798890625000001 0.8159562499999999
1 0.184675 0.26240625 0.11920625000000004 0.26240625 0.11920625000000004 0.391621875 0.184675 0.391621875
1 0.8888703124999999 0.27357343750000007 0.84575625 0.27357343750000007 0.84575625 0.3501453125000001 0.8888703124999999 0.3501453125000001
1 0.762721875 0.29590781250000003 0.7116234375 0.29590781250000003 0.7116234375 0.3517390625000001 0.762721875 0.3517390625000001
1 0.12559375 0.17147812499999998 0.06651250000000002 0.17147812499999998 0.06651250000000002 0.2352875 0.12559375000000003 0.2352875
1 0.909628125 0.7330046875000003 0.8409656249999999 0.7330046875000003 0.8409656249999999 0.8223390625 0.909628125 0.8223390625
1 0.387471875 0.2735734375 0.35234062499999996 0.27357343749999996 0.35234062499999996 0.3437640625 0.387471875 0.3437640625000001
1 0.92080625 0.1890250000000001 0.8856765624999999 0.18902500000000008 0.8856765624999999 0.2512390625000001 0.92080625 0.2512390625000001
1 0.9559359374999999 0.2352875000000001 0.9016437500000001 0.2352875000000001 0.9016437500000001 0.3310015625000001 0.9559359374999999 0.3310015625000001
1 0.7036390625 0.1698812500000001 0.652540625 0.1698812500000001 0.652540625 0.2528359375000001 0.7036390625 0.2528359375000001
1 0.1367718750000001 0.7122671875 0.0681093750000001 0.7122671875 0.06810937500000011 0.8239328125000001 0.1367718750000001 0.8239328125000001
1 0.2437578125 0.171478125 0.205434375 0.171478125 0.205434375 0.225715625 0.2437578125 0.225715625
1 0.35234062499999996 0.27038281249999996 0.293259375 0.27038281249999996 0.293259375 0.3772640625 0.352340625 0.3772640625
1 0.6269921875 0.2863359375000001 0.5742984375 0.2863359375000001 0.5742984375 0.3900250000000001 0.6269921875 0.3900250000000001
1 0.06491406250000008 0.5958125 7.296598710169824e-17 0.5958125 7.882687879093016e-17 0.6915281249999999 0.06491406250000009 0.6915281249999999
1 0.11920625000000004 0.256025 0.08247968750000002 0.256025 0.08247968750000004 0.3278109375 0.11920625000000004 0.3278109375
1 0.8808859375000001 0.19381093750000009 0.82020625 0.19381093750000009 0.82020625 0.27357343750000007 0.8808859375000001 0.27357343750000007
1 0.08088281250000004 0.28792968750000003 0.03457656250000004 0.28792968750000003 0.034576562500000046 0.3645015625 0.08088281250000004 0.3645015625
1 1 0.3214312500000001 0.9511453124999999 0.3214312500000001 0.9511453124999999 0.4171453125000002 1 0.4171453125000002
1 0.3954546875 0.19540625000000006 0.3220015625 0.19540625000000006 0.3220015625 0.26559687500000007 0.3954546875 0.26559687500000007
1 0.06491406250000009 0.7202421875 9.100312094251509e-17 0.7202421875 9.725475150109996e-17 0.8223390625 0.0649140625000001 0.8223390625
1 0.3204046875 0.171478125 0.26930624999999997 0.171478125 0.26930624999999997 0.26240625 0.3204046875 0.26240625
1 0.5675671875 0.254490625 0.5 0.254490625 0.5 0.36227500000000007 0.5675671875 0.36227500000000007
1 0.2198074739895727 0.28076596827282563 0.21540812274242088 0.19637006303258023 0.1433597469472211 0.2001257678977343 0.14775909819437286 0.2845216731379797
1 0.9434576273289453 0.7299621003775599 0.9400731566711805 0.660970245230008 0.8858926279402214 0.6636281301255502 0.8892770985979862 0.7326199852731021
1 0.8682437500000001 0.6721562500000002 0.8057437500000001 0.6721562500000002 0.8057437500000001 0.7649703125000002 0.8682437500000001 0.7649703125000002
1 0.6598320116761767 0.2089096836345959 0.6140649811614973 0.20460646018618595 0.6065234855377674 0.28481420781432776 0.6522905160524467 0.28911743126273776
1 1 0.2170656250000001 0.9442562499999999 0.2170656250000001 0.9442562499999999 0.3023953125 1 0.3023953125
1 0.2262415798889792 0.3563251409746325 0.21537332214784927 0.2865044377752583 0.18116583434528405 0.2918291591985477 0.192034092086414 0.3616498623979219
1 0.6717031250000001 0.68195625 0.5838796875000001 0.68195625 0.5838796875000002 0.8223390625 0.6717031250000002 0.8223390625