1 0.3511468750000001 0.3964625 0.2841265625000001 0.3964625 0.2841265625000001 0.50065 0.3511468750000001 0.50065
1 0.12998281250000002 0.1645625 0.02777812500000002 0.1645625 0.027778125000000025 0.31244062499999997 0.12998281250000004 0.31244062499999997
1 0.4014109375 0.4687203125 0.3260140625000001 0.4687203125 0.3260140625000001 0.5661859375 0.4014109375 0.5661859375
1 0.7588179855492602 0.4467510960572363 0.7288048309555365 0.3565158335042498 0.6744906626279212 0.37458127138879105 0.7045038172216449 0.4648165339417775
1 0.68959375 0.2956375000000001 0.6359781250000001 0.2956375000000001 0.6359781250000001 0.39478125000000003 0.68959375 0.39478125000000003
1 0.19867656250000004 0.15616250000000004 0.1484125 0.1561625 0.14841250000000003 0.21497656250000002 0.19867656250000004 0.21497656250000002
1 0.49858906249999996 0.40990624999999997 0.44329843750000003 0.40990624999999997 0.44329843750000003 0.50905 0.49858906249999996 0.50905
1 0.24559062500000003 0.3326046875 0.17019375000000006 0.3326046875 0.17019375000000006 0.42502968750000003 0.2455906250000001 0.42502968750000003
1 0.6410046875 0.554421875 0.568959375 0.554421875 0.568959375 0.6922171875 0.6410046875 0.6922171875
1 0.654409375 0.3746156250000001 0.5991187499999999 0.3746156250000001 0.5991187499999999 0.47040156250000004 0.654409375 0.47040156250000004
1 0.4248671875 0.3494109375000001 0.35449687500000004 0.3494109375 0.35449687500000004 0.440153125 0.4248671875 0.440153125
1 0.7817453125 0.5006500000000003 0.7247796875 0.5006500000000002 0.7247796875 0.5964328125 0.7817453125 0.5964328125000001
1 0.696296875 0.6518875000000001 0.6359781250000001 0.6518875000000001 0.6359781250000002 0.7527125 0.696296875 0.7527125
1 0.3913578125 0.15784218750000006 0.29753124999999997 0.15784218750000006 0.29753124999999997 0.2905953125 0.3913578125 0.29059531250000004
1 0.6091703125000001 0.3158015625000001 0.56058125 0.3158015625000001 0.56058125 0.3779781250000001 0.6091703125000001 0.3779781250000001
1 0.9928578124999999 0.4367921875000002 0.9258374999999999 0.4367921875000002 0.9258374999999999 0.5561015625000001 0.9928578124999999 0.5561015625000001
1 0.8320109375 0.7342281250000002 0.7532625000000002 0.7342281250000002 0.7532625000000002 0.8367328125 0.8320109375 0.8367328125
1 0.203703125 0.2317796875 0.12495625000000003 0.2317796875 0.12495625000000003 0.3544515625 0.203703125 0.3544515625
1 0.6405269514286662 0.5224813411155255 0.5596737908146173 0.3395120822555879 0.45946978651357967 0.3837917088136457 0.5403229471276285 0.5667609676735833
1 0.5092532484019642 0.30454137833345174 0.44304876335409354 0.2934031299794774 0.4250995536164723 0.4000911970732076 0.4913040386643429 0.411229445427182
1 0.47574223454408415 0.15557910411055775 0.4066328050336792 0.14889621304115558 0.3926797759872874 0.29318793758433426 0.46178920549769237 0.29987082865373643
1 0.8080999495263006 0.3751649363426134 0.7973557668877378 0.19635330608617477 0.7232972949241319 0.2008032277583207 0.7340414775626947 0.37961485801475936
1 0.6989430334841082 0.19432766901630338 0.6285451794466801 0.17926415485236571 0.6083287496600284 0.27374365397786005 0.6787266036974565 0.2888071681417977
1 0.9197182606760252 0.32274507927240403 0.8787389600326634 0.15051376216518872 0.7824074945272054 0.17343407742879668 0.8233867951705675 0.345665394536012
1 0.8917628502725166 0.47412710242773526 0.8789439420407377 0.3370136074702726 0.8058015291071493 0.3438517810544076 0.8186204373389284 0.4809652760118704
1 0.8139328125 0.3836484375000001 0.749559375 0.3836484375000001 0.749559375 0.4858484375000002 0.8139328125 0.4858484375000002
1 0.8983098765036684 0.5724346085111851 0.8487806892584165 0.46374987160937875 0.7783160921174256 0.4958615951636304 0.8278452793626775 0.6045463320654368
1 0.9329812499999999 0.5251578125000002 0.8738984375 0.5251578125000002 0.8738984375 0.6761000000000001 0.9329812499999999 0.6761000000000001
1 0.8309760645348959 0.6641498889462654 0.8225771117524513 0.5543235353149832 0.7650726048315103 0.5587211832604685 0.7734715576139549 0.6685475368917506
1 0.7252610232650433 0.5118921195217855 0.7078903263563924 0.40348973721876363 0.6381274191860234 0.4146687379951059 0.6554981160946743 0.5230711202981277
1 0.697498692488343 0.6072520555368903 0.6735124029592049 0.5088929689205949 0.611231312881292 0.5240811158441924 0.6352176024104301 0.6224402024604878
1 0.7710170178985756 0.7597906107098846 0.7480811669022444 0.6098337680173912 0.6831432827057695 0.6197659965786552 0.7060791337021007 0.7697228392711486
1 0.8833302977407346 0.6528300063448328 0.8310945906174213 0.6271988208619645 0.7943119887697436 0.7021608322224206 0.8465476958930569 0.727792017705289
1 0.9162250000000001 0.7201265625000002 0.854496875 0.7201265625000002 0.854496875 0.8349062500000001 0.9162250000000001 0.8349062500000001
1 0.9880529980415895 0.7097120111769456 0.9187291154675105 0.704852364239017 0.9104259319304143 0.8232990184648955 0.9797498145044934 0.8281586654028242
1 0.9611816114335108 0.41903193758223134 0.9589085304848026 0.31358355116024206 0.8930050248064096 0.3150041893349329 0.8952781057551178 0.4204525757569222
1 0.9797171875 0.19811250000000014 0.9109343750000001 0.19811250000000014 0.9109343750000001 0.30503125000000003 0.9797171875 0.30503125000000003
1 1 0.21540937500000007 0.9788359375000001 0.21540937500000007 0.9788359375000001 0.3977984375000001 1 0.3977984375000001
1 0.5564375 0.15251562500000004 0.4788359375 0.15251562500000002 0.4788359375 0.3128937500000001 0.5564375 0.3128937500000001
1 0.6152610955121498 0.3222428335722094 0.6061803551685029 0.2088971720589497 0.5492276760711813 0.21345996241063267 0.5583084164148283 0.3268056239238924
1 0.34753178874532115 0.3588572988965403 0.28453285584772336 0.25723085626498676 0.20808811037406674 0.3046194813684847 0.2710870432716645 0.4062459240000383
1 0.2857140625 0.16352187500000004 0.19841250000000002 0.16352187500000004 0.19841250000000005 0.28616406250000004 0.2857140625 0.28616406250000004
1 0.3897703125 0.28459062500000004 0.3271609375 0.284590625 0.3271609375000001 0.367925 0.38977031250000005 0.36792500000000006
1 0.5393757431890698 0.6309133106221614 0.5268356905211322 0.5191120377516047 0.47824054696475765 0.5245626524356475 0.4907805996326952 0.6363639253062041
1 1.000099766900092 0.7113434935864258 0.996330679295507 0.5701229984444132 0.932883686551523 0.5718163594091872 0.936652774156108 0.7130368545511998
1 1 0.7018187500000002 0.9814812500000001 0.7018187500000002 0.9814812500000001 0.7767296875000003 1 0.7767296875000003
1 0.7692549683204997 0.1848115235456267 0.7265051174502732 0.17029092252782813 0.6830001491297736 0.2983731489822016 0.72575 0.3128937500000001