1 0.7198739377037854 0.5387831883093023 0.6691357191915857 0.5218648762386767 0.6417766873579496 0.6039149371231447 0.6925149058701493 0.6208332491937704
1 0.12678906250000008 0.6662078124999999 0.030365625000000084 0.6662078124999999 0.030365625000000097 0.8037546875 0.12678906250000008 0.8037546875
1 0.33544062500000005 0.48755468750000003 0.2753750000000001 0.48755468750000003 0.2753750000000001 0.5871578125 0.33544062500000005 0.5871578125
1 0.19159687500000008 0.7563234375000001 0.14417656250000008 0.7563234375000001 0.14417656250000008 0.8100765624999999 0.19159687500000008 0.8100765624999999
1 0.6547421875 0.5871578125 0.6041593749999999 0.5871578125 0.6041593749999999 0.6804359375 0.6547421875 0.6804359375
1 0.47296250000000006 0.47965156249999996 0.4223796875 0.47965156249999996 0.4223796875 0.5729296875000001 0.47296250000000006 0.5729296875000001
1 0.6199671875 0.5160140625 0.569384375 0.5160140625 0.569384375 0.6061296875 0.6199671875 0.6061296875
1 0.2358562500000001 0.5587 0.1647250000000001 0.5587 0.1647250000000001 0.6440734375 0.2358562500000001 0.6440734375
1 0.6104828125 0.3073218750000001 0.5425125000000001 0.3073218750000001 0.5425125000000001 0.4369640625 0.6104828125 0.4369640625
1 0.9408484375 0.43538281250000016 0.8776203125 0.43538281250000016 0.8776203125 0.5476328125000002 0.9408484375 0.5476328125000002
1 0.40964218553450815 0.6231514938871493 0.3879770290718114 0.536476591162251 0.3288384444319311 0.5512588020321271 0.35050360089462784 0.6379337047570254
1 0.7859406250000001 0.3294578125000001 0.729034375 0.3294578125000001 0.729034375 0.43538281250000016 0.7859406250000001 0.43538281250000016
1 0.661065625 0.24724375000000007 0.6025796875 0.24724375000000007 0.6025796875 0.34526562500000013 0.661065625 0.34526562500000013
1 0.37337812500000006 0.6867609375 0.28485781250000003 0.6867609375 0.28485781250000003 0.8100765624999999 0.37337812500000006 0.8100765624999999
1 0.47928437500000004 0.580834375 0.4144765625 0.580834375 0.4144765625 0.6772750000000001 0.47928437500000004 0.6772750000000001
1 0.9803656249999999 0.2219500000000001 0.9329453125 0.2219500000000001 0.9329453125 0.3009984375000001 0.9803656249999999 0.3009984375000001
1 0.57886875 0.6045484375 0.533028125 0.6045484375 0.533028125 0.658303125 0.57886875 0.658303125
1 0.8618140625 0.6393312500000002 0.7606484375 0.6393312500000002 0.7606484375000001 0.806915625 0.8618140625 0.806915625
1 0.19475937500000012 0.6219390625 0.12046562500000009 0.6219390625 0.12046562500000009 0.7405140625 0.19475937500000012 0.7405140625
1 0.7891015625 0.17135781250000007 0.713228125 0.17135781250000007 0.713228125 0.26779687500000005 0.7891015625 0.26779687500000005
1 0.8871046874999999 0.3199703125000001 0.8238765625 0.3199703125000001 0.8238765625 0.4670031250000002 0.8871046874999999 0.4670031250000002
1 0.30698906250000013 0.5887390625 0.22637343750000008 0.5887390625 0.22637343750000008 0.6851796875 0.30698906250000013 0.6851796875
1 0.45241250000000005 0.6820171875 0.3781203125000001 0.6820171875 0.3781203125000001 0.8132390624999999 0.45241250000000016 0.8132390624999999
1 0.7274546875000001 0.23934062500000008 0.6563234375 0.23934062500000008 0.6563234375 0.38004843750000006 0.7274546875000001 0.38004843750000006
1 0.534609375 0.6646265625 0.45399375 0.6646265625 0.4539937500000001 0.8116578125 0.5346093750000002 0.8116578125
1 0.9930109375 0.5824140625000002 0.9250421875000001 0.5824140625000002 0.9250421875000001 0.7531625000000002 0.9930109375 0.7531625000000002
1 0.5077375 0.3626562500000001 0.461896875 0.3626562500000001 0.461896875 0.4701640625 0.5077375 0.4701640625
1 0.7717140625 0.5033656250000001 0.7100671875 0.503365625 0.7100671875 0.59664375 0.7717140625 0.5966437500000001
1 0.6594843750000001 0.693084375 0.588353125 0.693084375 0.5883531250000001 0.7847828125 0.6594843750000001 0.7847828125
1 0.945590625 0.29309375000000015 0.8855234375000001 0.29309375000000015 0.8855234375000001 0.4195718750000002 0.945590625 0.4195718750000002
1 0.2753750000000001 0.6899234375 0.19001718750000013 0.6899234375 0.19001718750000013 0.7990109375000001 0.2753750000000001 0.7990109375000001
1 0.8412640625 0.5096890625000002 0.7701328125 0.5096890625000002 0.7701328125 0.6377500000000003 0.8412640625 0.6377500000000003
1 0.765390625 0.6029671875000002 0.6895171875 0.6029671875000001 0.6895171875000001 0.7341906250000001 0.7653906250000001 0.7341906250000002
1 0.9123953124999999 0.5602812500000002 0.84600625 0.5602812500000002 0.84600625 0.6646265625000002 0.9123953124999999 0.6646265625000002
1 0.929784375 0.6741125000000002 0.8602328124999999 0.6741125000000002 0.8602328124999999 0.7737140625000002 0.929784375 0.7737140625000002
1 0.6106325783744266 0.4707114470696879 0.5179030402416082 0.4229087892932711 0.4317719295560146 0.5899894179499071 0.5245014676888331 0.637792075726324
1 0.5837373223892134 0.6536712115431651 0.531395334276141 0.6493629792732506 0.5224737878705469 0.7577534853220598 0.5748157759836191 0.7620617175919743
1 0.7299556286620275 0.7843951655546862 0.6895126427066126 0.6651750076777145 0.6498270446734125 0.6786375303959382 0.6902700306288274 0.79785768827291
1 0.7110264484011579 0.49837219514565384 0.6618904178865239 0.45281170894521106 0.5876384827152699 0.5328908664918199 0.6367745132299037 0.5784513526922628
1 0.6641746219109801 0.3871356199492488 0.6050555665161418 0.3710470344629094 0.5795717864932918 0.4646896361770222 0.6386908418881301 0.48077822166336165
1 0.7420096360164578 0.4864433954966424 0.7396209303415507 0.3971722559693842 0.6869690170462898 0.39858110909648803 0.6893577227211967 0.4878522486237462
1 0.8550499516411086 0.42604442262747433 0.7914202098725942 0.3912328317466073 0.7377573868237094 0.48931945998647625 0.8013871285922238 0.5241310508673434
1 0.8358501595453642 0.3441744812800177 0.8007828841920507 0.2751328884422992 0.7535948178653854 0.299100425216213 0.788662093218699 0.3681420180539315
1 0.8677203125 0.1730765625000001 0.8111484375 0.1730765625000001 0.8111484375 0.2810656250000001 0.8677203125 0.2810656250000001
1 0.9326125 0.1819531250000001 0.8710484375 0.1819531250000001 0.8710484375 0.29290000000000005 0.9326125 0.29290000000000005
1 0.9816968749999999 0.38757343750000006 0.936771875 0.38757343750000006 0.936771875 0.47929062500000014 0.9816968749999999 0.47929062500000014
1 0.9893607739733025 0.4962733261291059 0.9365802178477158 0.4937971324476572 0.9329681660476856 0.5707887281327275 0.9857487221732721 0.5732649218141763
1 0.43344375 0.421596875 0.38020000000000004 0.421596875 0.38020000000000004 0.5295859375 0.43344375 0.5295859375
1 0.3850649588386886 0.4310805861344499 0.3179392244354619 0.42282280913019765 0.3067556857994119 0.5137314451693099 0.37388142020263854 0.521989222173562
1 0.3932152401463811 0.653803010450678 0.33128069507752916 0.6050326640590434 0.2950420424235673 0.6510529331793022 0.35697658749241923 0.6998232795709368