1 0.3570597627737227 0.6049612226277372 0.3278170620437956 0.524543795620438 0.2783873175182482 0.5425182481751826 0.3076300182481752 0.6229356751824818
1 0.9609375 0.6671875000000002 0.865625 0.6671875000000002 0.865625 0.803125 0.9609375 0.803125
1 0.71875 0.490625 0.659375 0.490625 0.659375 0.5890625 0.71875 0.5890625
1 0.8484375 0.7562500000000002 0.8015625 0.7562500000000002 0.8015625 0.809375 0.8484375 0.809375
1 0.3937500000000001 0.5890625 0.3437500000000001 0.5890625 0.3437500000000001 0.68125 0.3937500000000001 0.68125
1 0.5734375 0.4828125 0.5234375 0.4828125 0.5234375 0.575 0.5734375 0.575
1 0.428125 0.51875 0.3781250000000001 0.51875 0.3781250000000001 0.6078125 0.428125 0.6078125
1 0.828125 0.5609375000000002 0.7578125 0.5609375000000002 0.7578125 0.6453125000000002 0.828125 0.6453125000000002
1 0.4546875 0.3125000000000001 0.38750000000000007 0.3125000000000001 0.38750000000000007 0.440625 0.4546875 0.440625
1 0.12343750000000005 0.4390625 0.060937500000000054 0.4390625 0.06093750000000007 0.55 0.12343750000000006 0.55
1 0.6607932692307693 0.5495913461538462 0.5986778846153846 0.5418269230769232 0.5878846153846154 0.628173076923077 0.6500000000000001 0.6359375
1 0.27031250000000007 0.334375 0.21406250000000004 0.334375 0.2140625000000001 0.4390625 0.27031250000000007 0.4390625
1 0.3953125 0.25312500000000004 0.3375 0.253125 0.3375 0.35000000000000003 0.3953125 0.3500000000000001
1 0.7093750000000001 0.6875 0.6218750000000001 0.6875 0.6218750000000002 0.809375 0.7093750000000002 0.809375
1 0.58125 0.5828125 0.5171875 0.5828125 0.5171875 0.678125 0.58125 0.678125
1 0.06875000000000003 0.228125 0.021875000000000026 0.228125 0.021875000000000033 0.30625 0.06875000000000005 0.30625
1 0.4640625 0.60625 0.41875 0.60625 0.41875 0.659375 0.4640625 0.659375
1 0.2390625000000001 0.640625 0.1390625000000001 0.640625 0.1390625000000001 0.80625 0.2390625000000001 0.80625
1 0.871875 0.6234375000000002 0.7984375 0.6234375000000002 0.7984375000000001 0.7406250000000002 0.871875 0.7406250000000002
1 0.2859375 0.17812500000000003 0.2109375 0.17812500000000003 0.2109375 0.2734375 0.2859375 0.2734375
1 0.17656250000000004 0.325 0.11406250000000004 0.325 0.11406250000000004 0.4703125 0.17656250000000004 0.4703125
1 0.7671875 0.5906250000000001 0.6875 0.590625 0.6875 0.6859375000000001 0.7671875 0.6859375000000002
1 0.6171875000000001 0.6828125 0.5437500000000001 0.6828125 0.5437500000000002 0.8125 0.6171875000000002 0.8125
1 0.34218750000000003 0.2453125 0.271875 0.2453125 0.27187500000000003 0.384375 0.3421875000000001 0.384375
1 0.5421875 0.665625 0.4625 0.665625 0.4625000000000001 0.8109375 0.5421875000000002 0.8109375
1 0.07656250000000007 0.584375 0.009375000000000074 0.584375 0.009375000000000085 0.753125 0.07656250000000009 0.753125
1 0.534375 0.3671875000000001 0.4890625 0.3671875000000001 0.4890625 0.4734375 0.534375 0.4734375
1 0.2890625000000001 0.50625 0.22812500000000008 0.50625 0.22812500000000008 0.5984375 0.2890625000000001 0.5984375
1 0.4093750000000001 0.69375 0.3390625000000001 0.69375 0.3390625000000001 0.784375 0.40937500000000016 0.784375
1 0.11562500000000005 0.2984375 0.05625000000000004 0.2984375 0.05625000000000004 0.4234375 0.11562500000000005 0.4234375
1 0.803125 0.6906250000000002 0.7187500000000001 0.690625 0.7187500000000002 0.7984375000000001 0.803125 0.7984375000000001
1 0.2296875000000001 0.5125 0.15937500000000004 0.5125 0.15937500000000007 0.6390625 0.2296875000000001 0.6390625
1 0.30937500000000007 0.6046875 0.23437500000000008 0.6046875 0.23437500000000008 0.734375 0.30937500000000007 0.734375
1 0.1546875000000001 0.5625 0.08906250000000007 0.5625 0.08906250000000007 0.665625 0.1546875000000001 0.665625
1 0.14062500000000008 0.675 0.07187500000000009 0.675 0.07187500000000009 0.7734375 0.14062500000000008 0.7734375
1 0.5536034330612425 0.6035331038382845 0.48618561913249836 0.43041292468919384 0.3891256590078588 0.4682107733500306 0.45654347293660297 0.6413309524991212
1 0.4753322854801837 0.7568511840562633 0.4640921017029581 0.650282994545842 0.4120398395562808 0.6557731599998752 0.42328002333350645 0.7623413495102964
1 0.3475932184670616 0.678477703867837 0.30787792189780305 0.6657102320109665 0.2697498120371228 0.7843139154745268 0.3094651086063813 0.7970813873313973
1 0.4099926605569668 0.533456960929992 0.33456832201444486 0.4568401224973699 0.2867469171942458 0.5039172128671277 0.3621712557367677 0.5805340512997498
1 0.4109084353641056 0.47294885675069886 0.3965197470286766 0.3770128753788483 0.3370563912424952 0.3859313195491307 0.35144507957792426 0.4818673009209812
1 0.3108546875000001 0.402046875 0.25822343750000004 0.402046875 0.25822343750000004 0.489765625 0.3108546875000001 0.489765625
1 0.26215922395753727 0.49085810750708647 0.2059803659344987 0.3959787327924541 0.14435442348257496 0.4324679601082476 0.2005332815056135 0.52734733482288
1 0.2463743449731337 0.30524155204009756 0.20034427177124986 0.28034580626607636 0.16403937607106414 0.34747040746641983 0.21006944927294802 0.37236615324044103
1 0.1896273103270108 0.28640576374894433 0.18785137646815384 0.179199342777757 0.1324048511439261 0.18011784524045676 0.13418078500278305 0.2873242662116441
1 0.12993437500000002 0.188596875 0.06907968750000001 0.188596875 0.06907968750000003 0.2982453125 0.12993437500000002 0.2982453125
1 0.06496718750000004 0.3918125 0.020559375000000046 0.3918125 0.020559375000000053 0.48245625 0.06496718750000005 0.48245625
1 0.06908461494160398 0.5726832447068884 0.06258206831908117 0.495616330524563 0.011589094900260838 0.499918879687132 0.018091641522783652 0.5769857938694574
1 0.61513125 0.4254390625 0.5625 0.4254390625 0.5625 0.5321640624999999 0.61513125 0.5321640624999999
1 0.6878159356414827 0.5164191919293837 0.6765880514112144 0.42658545026373923 0.6101916549757311 0.43488401424050505 0.6214195392059995 0.5247177559061494
1 0.6991833362509068 0.6526651568737976 0.6636791904289489 0.6067611783551143 0.6021900156579274 0.654319596993134 0.6376941614798854 0.7002235755118172