1 0.978125 0.7046875000000001 0.8890625 0.7046875000000001 0.8890625 0.8109375 0.978125 0.8109375
1 0.4453125000000001 0.671875 0.37187500000000007 0.671875 0.37187500000000007 0.8140625 0.44531250000000017 0.8140625
1 0.5703125000000001 0.7 0.49687500000000007 0.7 0.4968750000000002 0.821875 0.5703125000000002 0.821875
1 0.9171875 0.23593750000000008 0.8484375 0.23593750000000008 0.8484375 0.3609375000000001 0.9171875 0.3609375000000001
1 0.796875 0.6359375000000002 0.70625 0.6359375 0.70625 0.7765625 0.7968750000000001 0.7765625000000002
1 0.828125 0.1781250000000001 0.746875 0.1781250000000001 0.746875 0.2750000000000001 0.828125 0.2750000000000001
1 0.3281250000000001 0.5640625 0.2656250000000001 0.5640625 0.2656250000000001 0.6484375 0.3281250000000001 0.6484375
1 0.8859375 0.1781250000000001 0.8328125 0.1781250000000001 0.8328125 0.24218750000000008 0.8859375 0.24218750000000008
1 0.20312500000000008 0.615625 0.1468750000000001 0.615625 0.1468750000000001 0.68125 0.20312500000000008 0.68125
1 0.09218750000000006 0.4859375 0.04375000000000006 0.4859375 0.04375000000000007 0.5671875 0.09218750000000006 0.5671875
1 0.6875 0.640625 0.59375 0.640625 0.5937500000000001 0.7328125 0.6875000000000001 0.7328125
1 0.6687500000000002 0.7390625 0.5906250000000002 0.7390625 0.5906250000000002 0.821875 0.6687500000000002 0.821875
1 0.13187500000000005 0.5925 0.07500000000000004 0.5640625000000001 0.030937500000000107 0.6521874999999999 0.08781250000000011 0.6806249999999999
1 0.2218750000000001 0.6765625 0.1515625000000001 0.6765625 0.1515625000000001 0.7984375 0.2218750000000001 0.7984375
1 0.6921875 0.1828125000000001 0.6515625 0.1828125000000001 0.6515625 0.2562500000000001 0.6921875 0.2562500000000001
1 0.8796875 0.7031250000000002 0.7968750000000001 0.7031250000000002 0.7968750000000002 0.8015625 0.8796875 0.8015625
1 0.19687500000000005 0.4328125 0.13125000000000003 0.4328125 0.13125000000000003 0.5203125 0.19687500000000005 0.5203125
1 0.30937500000000007 0.7 0.2296875000000001 0.7 0.2296875000000001 0.7984375 0.30937500000000007 0.7984375
1 0.3546875000000001 0.7640625 0.3062500000000001 0.7640625 0.3062500000000001 0.815625 0.3546875000000001 0.815625
1 0.04687500000000007 0.4484375 0.0015625000000000547 0.4484375 0.0015625000000000656 0.6234375 0.046875000000000076 0.6234375
1 0.1468750000000001 0.6796875 0.08437500000000009 0.6796875 0.08437500000000009 0.796875 0.1468750000000001 0.796875
1 0.6328125 0.17968750000000008 0.59375 0.17968750000000008 0.59375 0.2843750000000001 0.6328125 0.2843750000000001
1 0.08125000000000009 0.6640625 0.017187500000000085 0.6640625 0.017187500000000088 0.790625 0.08125000000000009 0.790625
1 0.27031250000000007 0.5921875 0.2062500000000001 0.5921875 0.2062500000000001 0.6859375 0.27031250000000007 0.6859375
1 0.3625000000000001 0.6296875 0.3062500000000001 0.6296875 0.3062500000000001 0.746875 0.3625000000000001 0.746875
1 0.9984375 0.18593750000000014 0.9546875 0.18593750000000014 0.9546875 0.2609375000000001 0.9984375 0.2609375000000001
1 0.9984375 0.2796875000000001 0.975 0.2796875000000001 0.975 0.37187500000000007 0.9984375 0.37187500000000007
1 0.9984375 0.6906250000000002 0.98125 0.6906250000000002 0.98125 0.7687500000000002 0.9984375 0.7687500000000002
1 0.021875000000000044 0.340625 4.171453159595672e-17 0.340625 4.6115606030392513e-17 0.4125 0.021875000000000047 0.4125
1 0.2366800448002194 0.5000653533061813 0.17160906362157952 0.48723006066320795 0.1522755540323899 0.5852450006874952 0.2173465352110298 0.5980802933304685
1 0.1330578125 0.4340171875 0.07933906250000006 0.4340171875 0.07933906250000007 0.5322578124999999 0.1330578125 0.5322578124999999
1 0.17146866591529247 0.6295900830095504 0.16281176088503974 0.5528070992629612 0.11760110644797721 0.557904378929885 0.1262580114782299 0.6346873626764741
1 0.08759439759094988 0.45703781284351325 0.05764202238965897 0.3659266034589276 0.0018915175182347087 0.3842543158320749 0.03184389271952561 0.4753655252166607
1 0.9991326347818411 0.28392113305238703 0.9355674551092529 0.20873561730527213 0.8791791333686365 0.2564088129635135 0.9427443130412246 0.3315943287106283
1 0.815951135357432 0.8158451511235902 0.8076043911889734 0.7421358391222712 0.7395460640650413 0.7498426733011951 0.7478928082335001 0.8235519853025142