1 0.48768477616677436 0.30259701854224363 0.3865358545953106 0.26678685890809656 0.29565824111007605 0.5234786104370259 0.39680716268153987 0.5592887700711731
1 0.13188125000000006 0.46341875000000005 0.06197500000000007 0.46341875000000005 0.06197500000000007 0.6240578125 0.1318812500000001 0.6240578125
1 0.613275 0.53021875 0.5020609375 0.53021875 0.5020609375 0.6940390625 0.613275 0.6940390625
1 0.6005640625 0.68290625 0.498884375 0.68290625 0.4988843750000001 0.8658125 0.6005640625000002 0.8658125
1 0.7744738129376556 0.4225687153701094 0.7402580840487523 0.2512881585839789 0.6739532165762896 0.2645334995147959 0.708168945465193 0.4358140563009264
1 0.6434609375 0.1516828125000001 0.5592578125000001 0.1516828125000001 0.5592578125000001 0.3234562500000001 0.6434609375 0.3234562500000001
1 0.10963750000000003 0.14373125 0.02702187500000002 0.14373125 0.02702187500000003 0.253475 0.10963750000000005 0.253475
1 0.7960246603953092 0.16913247697932263 0.7292201748757892 0.10240673937986493 0.6394654835011752 0.19226735682612475 0.7062699690206952 0.25899309442558244
1 0.14141250000000002 0.24393125000000002 0.04608750000000004 0.24393125000000002 0.046087500000000045 0.46341875000000005 0.14141250000000002 0.46341875000000005
1 0.21926250000000008 0.4013890625 0.12552500000000005 0.4013890625 0.12552500000000005 0.571571875 0.21926250000000008 0.571571875
1 0.878596875 0.1310078125000001 0.7816828124999999 0.1310078125000001 0.7816828124999999 0.28210312500000007 0.878596875 0.28210312500000007
1 0.49570625 0.13418750000000004 0.40991406250000006 0.13418750000000004 0.40991406250000006 0.28369375 0.49570625 0.28369375
1 1 0.34095000000000003 0.9135500000000001 0.34095000000000003 0.9135500000000001 0.5286281250000002 1 0.5286281250000002
1 0.1874859375000001 0.641553125 0.08739531250000009 0.641553125 0.0873953125000001 0.857859375 0.1874859375000001 0.857859375
1 0.562434375 0.2773312500000001 0.471875 0.2773312500000001 0.471875 0.3902562500000001 0.562434375 0.3902562500000001
1 0.2954430290250739 0.2388380041704498 0.2240960383282641 0.19583041521535557 0.14667447997357722 0.32426810116496685 0.218021470670387 0.36727569012006106
1 0.411503125 0.11033125000000003 0.3320640625 0.11033125000000003 0.3320640625 0.2757421875 0.411503125 0.27574218750000007
1 0.28757968750000007 0.5493046875 0.21449531250000006 0.5493046875 0.21449531250000006 0.748115625 0.28757968750000007 0.748115625
1 0.4226719809570298 0.8267303842343431 0.4054872195626881 0.5858690727611011 0.32374129827661 0.5917014089867467 0.3409260596709518 0.8325627204599886
1 0.2669250000000001 0.74970625 0.19860781250000006 0.74970625 0.19860781250000006 0.8721734375000001 0.2669250000000001 0.8721734375000001
1 0.28916718750000003 0.11351250000000004 0.2256171875 0.11351250000000004 0.2256171875 0.21212187500000002 0.28916718750000003 0.21212187500000002
1 0.278046875 0.35049375 0.21767343750000007 0.35049375 0.2176734375000001 0.501590625 0.2780468750000001 0.501590625
1 0.6768250000000001 0.6574578125 0.6005640625 0.6574578125 0.6005640625000002 0.8324125 0.6768250000000002 0.8324125
1 1 0.11669218750000014 0.9119609375 0.11669218750000014 0.9119609375 0.2693796875 1 0.2693796875
1 0.21131875 0.11669218750000003 0.13823593750000002 0.11669218750000002 0.13823593750000002 0.25029375 0.21131875 0.25029375
1 0.5640234375000001 0.13100781250000007 0.4941171875 0.13100781250000004 0.4941171875 0.2439312500000001 0.5640234375000001 0.2439312500000001
1 0.9183171874999999 0.255065625 0.8388796875000001 0.255065625 0.8388796875000001 0.44751406250000014 0.9183171874999999 0.44751406250000014
1 0.9739234375000001 0.5477156250000002 0.916728125 0.5477156250000002 0.916728125 0.6781343750000002 0.9739234375000001 0.6781343750000002
1 0.014312500000000023 0.158046875 1.9355159958399184e-17 0.158046875 2.4322729212971817e-17 0.2391734375 0.014312500000000028 0.2391734375
1 0.7348661287299626 0.7705912214568433 0.6691349124577262 0.7696187804645518 0.667540289466338 0.8774057922734981 0.7332715057385745 0.8783782332657895
1 0.6129037993929456 0.5323336575019322 0.6055119697315746 0.4097612657147707 0.5318603734499995 0.4142028862629511 0.5392522031113705 0.5367752780501125
1 0.5219512359785234 0.4131739843134635 0.4397195666901929 0.39344079437064483 0.38887870008293185 0.6053036174263701 0.4711103693712624 0.6250368073691888
1 0.8034645320929303 0.8684124295032051 0.7948542555984488 0.7762869790104212 0.7323786921372615 0.782126102430409 0.740988968631743 0.874251552923193
1 0.9118440405858346 0.8126496171944719 0.8722175308382164 0.7700552674038976 0.8055452667818359 0.8320820182409436 0.8451717765294541 0.8746763680315179
1 0.9529406249999999 0.6238812500000002 0.8764703125000001 0.6238812500000002 0.8764703125000001 0.7761187500000002 0.9529406249999999 0.7761187500000002
1 0.8537812499999999 0.3462687500000001 0.7705875 0.3462687500000001 0.7705875 0.5014921875000002 0.8537812499999999 0.5014921875000002
1 0.8403989581781868 0.3220681842309172 0.7929814763919024 0.26052346014171734 0.7375575766650264 0.30322511807774155 0.7849750584513109 0.3647698421669414
1 0.6903051120859821 0.2214142682023438 0.63305605823424 0.22012693760821525 0.629862925095805 0.3621291954833947 0.687111978947547 0.3634165260775232
1 0.7083361022804959 0.38052667161425824 0.6337317921015515 0.3656219337033224 0.6046027305792409 0.5114248021615154 0.6792070407581853 0.5263295400724513
1 0.363256219699905 0.4483092922284097 0.3279349886439499 0.24965883594252986 0.26083844477259266 0.261588999977621 0.2961596758285478 0.4602394562635007
1 0.35440364525958634 0.6208656557954974 0.33257779394926523 0.46575732748166576 0.2565630432246116 0.47645363673045465 0.2783888945349327 0.6315619650442862
1 0.350234104718603 0.6817301913893119 0.28068364167202264 0.6799529561451523 0.2759221100226975 0.8662911081201374 0.34547257306927787 0.8680683433642971
1 0.2284300778165107 0.741687273394801 0.2108467595203658 0.5894408705719228 0.14142220165347935 0.5974588866032293 0.15900551994962425 0.7497052894261075
1 0.06386562500000006 0.35522343749999996 4.366851296931503e-17 0.35522343749999996 5.646339310553174e-17 0.5641796875 0.06386562500000008 0.5641796875
1 0.05462187500000003 0.25373125 3.116448644789582e-17 0.25373125 3.719635031135245e-17 0.3522390625 0.05462187500000004 0.3522390625
1 1 0.6865671875000002 0.9285718749999999 0.6865671875000002 0.9285718749999999 0.8641796875000001 1 0.8641796875000001
1 0.9189712055733532 0.47893436377959037 0.8082828694765153 0.4714534804639712 0.7949374312455488 0.668914701277912 0.9056257673423866 0.6763955845935311
1 1 0.2417906250000001 0.9487390625 0.2417906250000001 0.9487390625 0.33283593750000007 1 0.33283593750000007
1 0.807835836334106 0.43230571988582983 0.6730623404944298 0.4260861875390779 0.6585796205835648 0.7399179489694213 0.7933531164232408 0.7461374813161734
1 0.1201002879823104 0.6691777665662773 0.07152473030714779 0.5843942973912025 -0.022700139526863162 0.6383791796281548 0.025875418148299457 0.7231626488032296
1 0.09302422067632732 0.7681053641597793 0.024284665118579275 0.7548647185365178 0.004562781055125642 0.8572519875456341 0.07330233661287369 0.8704926331688956
1 0.517361755007362 0.8588678155144785 0.48586073733334584 0.6536717878015906 0.4121207435352333 0.6649921085397991 0.4436217612092494 0.8701881362526869
1 0.8871641971585185 0.6743648726410064 0.8097772382383551 0.6598410083883672 0.779124358332295 0.8231675939865445 0.8565113172524583 0.8376914582391837