1 0.503125 0.6546875 0.425 0.6546875 0.4250000000000001 0.815625 0.5031250000000002 0.815625
1 0.575 0.575 0.4859375 0.575 0.4859375 0.7015625 0.575 0.7015625
1 0.8484375 0.6171875000000002 0.7546875 0.6171875000000002 0.7546875000000001 0.7984375000000001 0.8484375 0.7984375000000001
1 0.546875 0.2593750000000001 0.478125 0.2593750000000001 0.478125 0.4421875 0.546875 0.4421875
1 0.6140625 0.1828125000000001 0.553125 0.1828125000000001 0.553125 0.2796875000000001 0.6140625 0.2796875000000001
1 0.9171875 0.6812500000000001 0.846875 0.6812500000000001 0.846875 0.8125 0.9171875 0.8125
1 0.771875 0.17968750000000008 0.7078125 0.17968750000000008 0.7078125 0.24218750000000008 0.771875 0.24218750000000008
1 0.7562500000000001 0.70625 0.6875000000000001 0.70625 0.6875000000000002 0.821875 0.7562500000000002 0.821875
1 0.6875 0.5890625 0.5953125 0.5890625 0.5953125 0.690625 0.6875 0.690625
1 0.5734375 0.70625 0.5250000000000001 0.70625 0.5250000000000001 0.8171875 0.5734375000000002 0.8171875
1 0.2734375 0.2375 0.20625 0.2375 0.20625000000000004 0.3671875 0.27343750000000006 0.3671875
1 0.04843750000000009 0.7265625 8.945662165646681e-17 0.7265625 9.471877587155309e-17 0.8125 0.0484375000000001 0.8125
1 0.3390625000000001 0.7109375 0.2578125000000001 0.7109375 0.2578125000000001 0.81875 0.3390625000000001 0.81875
1 0.16406250000000008 0.6390625 0.07812500000000008 0.6390625 0.07812500000000008 0.7703125 0.16406250000000008 0.7703125
1 0.4281250000000001 0.696875 0.3578125000000001 0.696875 0.3578125000000001 0.7984375 0.4281250000000002 0.7984375
1 0.7328125 0.2843750000000001 0.684375 0.2843750000000001 0.684375 0.37187500000000007 0.7328125 0.37187500000000007
1 0.17343750000000002 0.1796875 0.09843750000000002 0.1796875 0.09843750000000004 0.2734375 0.17343750000000005 0.2734375
1 0.7144375000000001 0.7510625000000001 0.6611875 0.711125 0.5893750000000001 0.8068750000000001 0.642625 0.8468125000000001
1 0.84375 0.2687500000000001 0.775 0.2687500000000001 0.775 0.3828125000000001 0.84375 0.3828125000000001
1 0.615625 0.28593750000000007 0.56875 0.28593750000000007 0.56875 0.4125 0.615625 0.4125
1 0.6828125 0.2921875000000001 0.6296875 0.2921875000000001 0.6296875 0.3859375000000001 0.6828125 0.3859375000000001
1 0.515625 0.18437500000000004 0.478125 0.18437500000000004 0.478125 0.2531250000000001 0.515625 0.2531250000000001
1 0.703125 0.18125000000000008 0.6265625 0.18125000000000008 0.6265625 0.2921875000000001 0.703125 0.2921875000000001
1 0.07812500000000008 0.6390625 7.85496111015607e-17 0.6390625 8.381176531664698e-17 0.725 0.07812500000000008 0.725
1 0.9234375 0.25468750000000007 0.85 0.25468750000000007 0.85 0.3437500000000001 0.9234375 0.3437500000000001
1 0.9984375 0.6750000000000002 0.9515625 0.6750000000000002 0.9515625 0.803125 0.9984375 0.803125
1 0.3796875 0.18437500000000004 0.30625 0.18437500000000004 0.30625 0.2609375 0.3796875 0.26093750000000004
1 0.8796875 0.1828125000000001 0.840625 0.1828125000000001 0.840625 0.22812500000000008 0.8796875 0.22812500000000008
1 0.9984375 0.27031250000000007 0.9328125 0.27031250000000007 0.9328125 0.3765625000000001 0.9984375 0.3765625000000001
1 0.771875 0.2609375000000001 0.7296875 0.2609375000000001 0.7296875 0.3375000000000001 0.771875 0.3375000000000001
1 0.2312500000000001 0.7078125 0.1703125000000001 0.7078125 0.1703125000000001 0.80625 0.2312500000000001 0.80625
1 0.9984375 0.19843750000000013 0.9453125 0.19843750000000013 0.9453125 0.2609375000000001 0.9984375 0.2609375000000001
1 0.9421875 0.1796875000000001 0.8859375 0.17968750000000008 0.8859375 0.2609375000000001 0.9421875 0.2609375000000001
1 0.026562500000000024 0.1828125 2.2388074296912548e-17 0.1828125 2.6023744481881253e-17 0.2421875 0.026562500000000027 0.2421875
1 0.387603125 0.2800593750000001 0.33223125 0.28005937500000005 0.33223125000000003 0.3739 0.38760312500000005 0.37390000000000007
1 0.33799858726974363 0.3224980681066356 0.315207188419396 0.2133156758451006 0.2607403291597382 0.2246854204330285 0.28353172801008586 0.3338678126945635
1 0.18016562500000008 0.753665625 0.11322343750000008 0.753665625 0.11322343750000008 0.82258125 0.18016562500000008 0.82258125
1 0.2488927529590629 0.2441200327172616 0.23565815047911953 0.17365437856754845 0.18669853045669257 0.18284979605688617 0.19993313293663592 0.25331545020659935
1 0.852065625 0.2038125000000001 0.7851234375 0.2038125000000001 0.7851234375 0.2873906250000001 0.852065625 0.2873906250000001
1 0.6584144353196899 0.6993497969884079 0.5934892504037388 0.6871500197677214 0.5795664019256133 0.7612451032800904 0.6444915868415644 0.773444880500777
1 0.4487609375 0.22727343750000012 0.38595 0.22727343750000012 0.38595000000000007 0.3636359375000001 0.4487609375 0.3636359375000001
1 0.4884512737923442 0.29829023560380447 0.48216961861624635 0.2168229272698694 0.44430869755424424 0.2197422485979547 0.45059035273034204 0.3012095569318897