1 0.03697968750000003 0.20578593750000002 2.5201508966891227e-17 0.20578593750000002 3.245151369337473e-17 0.32418749999999996 0.03697968750000004 0.32418749999999996
1 0.6121609375 0.20230156250000011 0.5304890624999999 0.20230156250000011 0.5304890624999999 0.3607531250000001 0.6121609375 0.3607531250000001
1 0.47314375000000003 0.19359687500000006 0.391471875 0.19359687500000006 0.391471875 0.3294125000000001 0.47314375000000003 0.3294125000000001
1 0.08216093750000009 0.70725625 0.0057015625000000885 0.70725625 0.005701562500000097 0.8465546875 0.0821609375000001 0.8465546875
1 0.24029062500000004 0.2440921875 0.13950468750000006 0.2440921875 0.13950468750000006 0.4008015625 0.2402906250000001 0.4008015625
1 0.19511093750000008 0.8030234374999999 0.10475156250000009 0.8030234374999999 0.1047515625000001 0.910978125 0.1951109375000001 0.910978125
1 0.730325 0.3868718750000001 0.6608171875 0.3868718750000001 0.6608171875 0.480896875 0.730325 0.4808968750000001
1 0.09953750000000011 0.8395875 0.0404562500000001 0.8395875 0.04045625000000011 0.910978125 0.09953750000000011 0.910978125
1 0.862390625 0.3503078125000001 0.799834375 0.3503078125000001 0.799834375 0.4234375000000002 0.862390625 0.4234375000000002
1 0.9770796875000001 0.4774156250000002 0.9232109375 0.4774156250000002 0.9232109375 0.5679593750000003 0.9770796875000001 0.5679593750000003
1 0.36540625000000004 0.29284687500000006 0.26114375 0.292846875 0.26114375000000006 0.395578125 0.3654062500000001 0.39557812500000006
1 0.3688828125 0.19359687500000006 0.28199687500000004 0.19359687500000006 0.28199687500000004 0.28588125 0.3688828125 0.28588125000000003
1 0.9913673363499136 0.3826171398898522 0.9280632772867827 0.35102800459041755 0.8790459313131235 0.44925788442793185 0.9423499903762543 0.4808470197273665
1 0.8571781250000001 0.21971562500000008 0.77898125 0.21971562500000008 0.77898125 0.3555296875000001 0.8571781250000001 0.3555296875000001
1 0.3011109375000001 0.82391875 0.25593125000000005 0.82391875 0.25593125000000005 0.9057546875 0.3011109375000001 0.9057546875
1 0.13950468750000006 0.21623125 0.047406250000000025 0.21623125 0.04740625000000003 0.3259296875 0.13950468750000006 0.3259296875
1 0.8797671875 0.5296515625000001 0.806784375 0.5296515625000001 0.806784375 0.6271593750000001 0.8797671875 0.6271593750000001
1 0.7702921875000001 0.21971562500000008 0.6816687499999999 0.21971562500000008 0.6816687499999999 0.3294125000000001 0.7702921875000001 0.3294125000000001
1 0.68514375 0.20056250000000012 0.631275 0.20056250000000012 0.631275 0.258021875 0.68514375 0.258021875
1 1 0.4161421875000002 0.973603125 0.4161421875000002 0.973603125 0.5996312500000002 1 0.5996312500000002
1 0.9318984374999999 0.22145625000000008 0.862390625 0.22145625000000008 0.862390625 0.3520468750000001 0.9318984374999999 0.3520468750000001
1 0.3654062500000001 0.792575 0.3219640625000001 0.792575 0.3219640625000001 0.9092375 0.3654062500000001 0.9092375
1 1 0.22842187500000008 0.9353734375 0.22842187500000008 0.9353734375 0.3694593750000001 1 0.3694593750000001
1 0.7963578124999999 0.3450828125000001 0.7251125 0.3450828125000001 0.7251125 0.4495562500000001 0.7963578124999999 0.4495562500000002
1 0.68514375 0.27717500000000006 0.6225875000000001 0.27717500000000006 0.6225875000000001 0.407765625 0.68514375 0.407765625
1 0.8595980497667025 0.46284131615782387 0.790451801540681 0.43950714355542086 0.7545159471106443 0.5459960066050409 0.8236621953366658 0.5693301792074438
1 0.9375 0.5163406250000001 0.8777578125 0.5163406250000001 0.8777578125 0.6258171875000003 0.9375 0.6258171875000003
1 0.8910684433476147 0.4902563341887648 0.8868397423421193 0.40383921839846704 0.8372864167151404 0.4062640412589399 0.8415151177206358 0.49268115704923765
1 1 0.5817000000000002 0.9420953125 0.5817000000000002 0.9420953125 0.6944437500000002 1 0.6944437500000002
1 0.20390423944044608 0.2730856632750434 0.1933901419125745 0.19083903705055716 0.1177946540768487 0.20050287821046625 0.12830875160472027 0.2827495044349525