1 0.9541890625 0.36542031250000007 0.90445 0.36542031250000007 0.90445 0.4185265625000002 0.9541890625 0.4185265625000002
1 1 0.5867531250000002 0.9757421875000001 0.5867531250000002 0.9757421875000001 0.6691187500000002 1 0.6691187500000002
1 0.28106406250000004 0.308996875 0.203140625 0.308996875 0.20314062500000002 0.4500578125 0.2810640625000001 0.4500578125
1 0.8331593749999999 0.4052500000000002 0.7618671875 0.4052500000000002 0.7618671875 0.4998453125000002 0.8331593749999999 0.4998453125000002
1 0.7519203125 0.5960984375000001 0.687259375 0.5960984375 0.687259375 0.7039687500000001 0.7519203125 0.7039687500000003
1 0.9193718750000001 0.42018593750000016 0.8663171875 0.42018593750000016 0.8663171875 0.5230781250000002 0.9193718750000001 0.5230781250000002
1 0.04232187500000005 0.46167499999999995 5.71004964676819e-17 0.46167499999999995 6.086035349212665e-17 0.523078125 0.04232187500000006 0.523078125
1 0.0787953125000001 0.758734375 0.03568906250000009 0.758734375 0.0356890625000001 0.8400531250000001 0.07879531250000012 0.8400531250000001
1 0.2545375000000001 0.5346953125 0.15174531250000006 0.5346953125 0.1517453125000001 0.692353125 0.2545375000000001 0.692353125
1 0.7071546875 0.19448750000000006 0.601046875 0.19448750000000006 0.601046875 0.3670812500000001 0.7071546875 0.3670812500000001
1 0.05724218750000004 0.318953125 3.9520404639328104e-17 0.318953125 4.592234145740208e-17 0.42350468750000003 0.05724218750000004 0.42350468750000003
1 0.1452507476304257 0.5369424700633665 0.07481105563101116 0.46927557248719254 -0.013262606068623884 0.5609582389844868 0.05717708593079065 0.6286251365606608
1 0.40209374999999997 0.45669531250000006 0.3556718750000001 0.45669531250000006 0.3556718750000001 0.5297156249999999 0.40209374999999997 0.5297156249999999
1 0.1732984375000001 0.70065 0.07713750000000008 0.70065 0.0771375000000001 0.856646875 0.1732984375000001 0.856646875
1 0.06221562500000003 0.22269999999999998 0.01082031250000003 0.22269999999999998 0.010820312500000033 0.3006984375 0.06221562500000004 0.3006984375
1 0.3871734375000001 0.36874062500000004 0.3424078125 0.368740625 0.3424078125 0.44176093749999995 0.3871734375000001 0.44176093749999995
1 0.3291453125000001 0.5927796875 0.2561953125000001 0.5927796875 0.2561953125000001 0.7189046875 0.3291453125000001 0.7189046875
1 0.030715625000000087 0.6575015625 8.052071839500085e-17 0.6575015625 8.509353040791083e-17 0.73218125 0.03071562500000009 0.73218125
1 0.12356093750000004 0.25755 0.05558437500000002 0.25755 0.05558437500000003 0.3654203125 0.12356093750000004 0.3654203125
1 0.8779234375 0.34052812500000007 0.8165796875 0.34052812500000007 0.8165796875 0.4334625000000002 0.8779234375 0.4334625000000002
1 0.20148281250000005 0.3538046875 0.06387500000000004 0.3538046875 0.06387500000000006 0.5015046875 0.2014828125000001 0.5015046875
1 0.785078125 0.2442734375000001 0.7038390625 0.2442734375000001 0.7038390625 0.41022812500000005 0.785078125 0.41022812500000017
1 0.7950265625 0.5064828125000002 0.7651828125 0.5064828125000002 0.7651828125 0.5512906250000003 0.7950265625 0.5512906250000003
1 0.362303125 0.22933906249999997 0.2810640625 0.22933906249999997 0.28106406250000004 0.40857031250000003 0.36230312500000006 0.40857031250000003
1 0.3258296875000001 0.42848437500000003 0.2329843750000001 0.42848437500000003 0.2329843750000001 0.5645671875 0.3258296875000001 0.5645671875
1 0.8828968749999999 0.6989906250000002 0.8298421875 0.6989906250000002 0.8298421875 0.7952437500000002 0.8828968749999999 0.7952437500000002
1 0.6060203125 0.33388906250000006 0.5314140625 0.33388906250000006 0.5314140625 0.4483984375 0.6060203125 0.4483984375
1 0.0356890625000001 0.76039375 9.352790253491348e-17 0.76039375 1.0003154244263538e-16 0.86660625 0.035689062500000104 0.86660625
1 0.5131765625000002 0.73218125 0.46177968750000015 0.73218125 0.46177968750000015 0.811840625 0.5131765625000002 0.811840625
1 0.763525 0.4235046875000002 0.7038390625 0.4235046875000001 0.7038390625 0.5197593750000001 0.763525 0.5197593750000002
1 0.2777484375 0.249253125 0.22966875 0.249253125 0.22966875 0.3040171875 0.2777484375 0.3040171875
1 0.7552359375000002 0.7720109375 0.6723390625000002 0.7720109374999999 0.6723390625000002 0.8699234375 0.7552359375000002 0.8699234375
1 0.3556718750000001 0.730521875 0.2528796875000001 0.730521875 0.2528796875000001 0.86660625 0.3556718750000001 0.86660625
1 0.2545375000000001 0.702309375 0.17661406250000009 0.702309375 0.17661406250000009 0.8583078125 0.2545375000000001 0.8583078125
1 0.46343750000000006 0.526396875 0.3805406250000001 0.526396875 0.3805406250000001 0.708946875 0.46343750000000006 0.708946875
1 0.5728625 0.466653125 0.5015703125 0.466653125 0.5015703125 0.586140625 0.5728625 0.586140625
1 0.07547968750000009 0.6259703125 0.02740000000000008 0.6259703125 0.027400000000000084 0.7338421875 0.07547968750000009 0.7338421875
1 0.7040045750572325 0.5048216515700125 0.6971336276991412 0.36725375832974205 0.5984834653601021 0.37218092597281144 0.6053544127181933 0.5097488192130819
1 0.17992968750000005 0.227678125 0.12024375000000005 0.227678125 0.12024375000000005 0.3488265625 0.17992968750000005 0.3488265625
1 0.5184185864838297 0.4562955041031584 0.46980040596101375 0.42391288446047426 0.4167418503906045 0.5035732226747978 0.46536003091342043 0.535955842317482
1 0.8364750000000001 0.6591609375000003 0.7602093750000001 0.6591609375000003 0.7602093750000002 0.8018812499999999 0.8364750000000001 0.8018812499999999
1 0.5728625 0.607715625 0.49328125 0.607715625 0.49328125000000006 0.7504359375 0.5728625000000002 0.7504359375
1 0.6673640625000001 0.755415625 0.5811515625000002 0.755415625 0.5811515625000002 0.8699234375 0.6673640625000001 0.8699234375
1 0.16476761698790998 0.6877473322415621 0.12483297699831426 0.5704891606542409 0.05102580170918247 0.5956256857588091 0.09096044169877818 0.7128838573461304
1 0.03577656250000007 0.5289859375 6.478209351533368e-17 0.5289859375 7.175473487691655e-17 0.6428578125 0.035776562500000074 0.6428578125
1 0.4573499183319335 0.21856555894833224 0.39264923452144346 0.20038578438444218 0.34780521020810173 0.3599828700188537 0.4125058940185918 0.37816264458274373
1 0.5991573752984862 0.32167309488221385 0.5834105250637096 0.18896548480502248 0.51025999204717 0.19764539763997988 0.5260068422819467 0.3303530077171713
1 0.8384976082217397 0.34071980814247943 0.8043447101312104 0.21106762810464624 0.7517390095986622 0.22492498961406904 0.7858919076891915 0.3545771696519022
1 0.9066305687870028 0.5618904915905767 0.8346730302037002 0.5557917711478921 0.8260489743255844 0.6575452191745933 0.8980065129088869 0.663643939617278
1 0.8734734375000001 0.45186406250000016 0.8010468749999999 0.45186406250000016 0.8010468749999999 0.5574531250000001 0.8734734375000001 0.5574531250000001
1 1 0.40882812500000015 0.9109953125000001 0.40882812500000015 0.9109953125000001 0.5967156250000002 1 0.5967156250000002
1 0.8016627270321074 0.617915169044391 0.765814640349362 0.5328682310772688 0.7154291420554294 0.5541061939430509 0.7512772287381749 0.6391531319101731
1 0.735148411006189 0.5287573358334858 0.6714838871589752 0.4929813921204918 0.6066332048833899 0.6083854144815438 0.6702977287306037 0.6441613581945378
1 0.7194939028801475 0.7497498100653257 0.6963088932964465 0.6650802076620748 0.6344075284866267 0.6820306089350672 0.6575925380703277 0.7667002113383181
1 0.6308906249999999 0.5621125 0.5645718750000001 0.5621125 0.5645718750000001 0.7142859374999999 0.6308906249999999 0.7142859374999999
1 0.3807930835495232 0.6560928336818803 0.37575443802438996 0.5171263585764357 0.3135999521007816 0.5193799555114398 0.31863859762591484 0.6583464306168845
1 0.46157359382033264 0.37023325499753623 0.4095122254391635 0.3675711341664832 0.4043031931665443 0.46944079571259606 0.45636456154771343 0.4721029165436491
1 0.5898781250000003 0.7282609375 0.5226875000000002 0.7282609375 0.5226875000000002 0.86490625 0.5898781250000003 0.86490625
1 0.45811562500000014 0.703415625 0.3525312500000001 0.703415625 0.3525312500000001 0.8276390625 0.4581156250000002 0.8276390625
1 0.9664584663486165 0.3648514387570755 0.9493816796713421 0.2584999020332942 0.8919010921850911 0.26772951695777353 0.9089778788623655 0.37408105368155475
1 0.905824559816384 0.32249196948532877 0.88209001161828 0.21690828998991368 0.8131472782820592 0.2324061835573435 0.8368818264801632 0.3379898630527586
1 1 0.21315625000000007 0.9502625 0.21315625000000007 0.9502625 0.36024843750000013 1 0.36024843750000013
1 0.5277538843191834 0.4281469997637621 0.515726348438198 0.23285836547057226 0.4404659811858414 0.2374935393034993 0.4524935170668267 0.4327821735966892
1 0.9582788983975805 0.7259894507046518 0.955272022616662 0.597464371402348 0.8796520643307624 0.5992335188898131 0.8826589401116808 0.7277585981921171