1 0.4936643683274021 0.30610097864768687 0.3942115213523131 0.2708518683274022 0.30483696619217077 0.5230157918149467 0.4042898131672598 0.5582649021352314
1 0.14375000000000007 0.4640625 0.07500000000000007 0.4640625 0.07500000000000007 0.621875 0.1437500000000001 0.621875
1 0.6171875 0.5296875 0.5078125 0.5296875 0.5078125 0.690625 0.6171875 0.690625
1 0.6046875 0.6796875 0.5046875 0.6796875 0.5046875000000001 0.859375 0.6046875000000002 0.859375
1 0.775721153846154 0.42391826923076914 0.7420673076923079 0.2556490384615385 0.6768629807692308 0.2686899038461539 0.710516826923077 0.4369591346153846
1 0.646875 0.15781250000000008 0.5640625 0.15781250000000008 0.5640625 0.3265625000000001 0.646875 0.3265625000000001
1 0.12187500000000002 0.15 0.04062500000000002 0.15 0.04062500000000003 0.2578125 0.12187500000000004 0.2578125
1 0.796875 0.1750000000000001 0.73125 0.109375 0.64296875 0.19765625 0.70859375 0.2632812500000001
1 0.15312500000000004 0.2484375 0.05937500000000003 0.2484375 0.05937500000000005 0.4640625 0.15312500000000004 0.4640625
1 0.2296875000000001 0.403125 0.13750000000000004 0.403125 0.13750000000000007 0.5703125 0.2296875000000001 0.5703125
1 0.878125 0.1375000000000001 0.7828125 0.1375000000000001 0.7828125 0.28593750000000007 0.878125 0.28593750000000007
1 0.5015625 0.14062500000000006 0.4171875 0.14062500000000006 0.4171875 0.2875000000000001 0.5015625 0.2875000000000001
1 0.9984375 0.3437500000000001 0.9125 0.3437500000000001 0.9125 0.5281250000000002 0.9984375 0.5281250000000002
1 0.1984375000000001 0.6390625 0.10000000000000009 0.6390625 0.10000000000000009 0.8515625 0.1984375000000001 0.8515625
1 0.5671875 0.2812500000000001 0.478125 0.2812500000000001 0.478125 0.3921875000000001 0.5671875 0.3921875000000001
1 0.3045972706471999 0.24345309435606893 0.23447101765090433 0.20113552789278716 0.15833276585312706 0.3273074880148181 0.22845901884942257 0.3696250544780999
1 0.41875 0.11718750000000004 0.340625 0.11718750000000004 0.340625 0.27968750000000003 0.41875 0.2796875000000001
1 0.2968750000000001 0.5484375 0.2250000000000001 0.5484375 0.2250000000000001 0.74375 0.2968750000000001 0.74375
1 0.4297350888324873 0.8209787436548224 0.41283312182741116 0.5843512055837563 0.33243972081218276 0.5900935913705585 0.34934168781725894 0.8267211294416243
1 0.2765625000000001 0.7453125 0.2093750000000001 0.7453125 0.2093750000000001 0.865625 0.2765625000000001 0.865625
1 0.2984375 0.12031250000000004 0.2359375 0.12031250000000004 0.2359375 0.2171875 0.2984375 0.2171875
1 0.28750000000000003 0.353125 0.22812500000000005 0.353125 0.22812500000000008 0.5015625 0.2875000000000001 0.5015625
1 0.6796875000000001 0.6546875 0.6046875 0.6546875 0.6046875000000002 0.8265625 0.6796875000000002 0.8265625
1 0.9984375 0.12343750000000013 0.9109375 0.12343750000000013 0.9109375 0.2734375000000001 0.9984375 0.2734375000000001
1 0.221875 0.12343750000000002 0.15 0.1234375 0.15000000000000002 0.2546875 0.221875 0.2546875
1 0.56875 0.13750000000000007 0.5 0.13750000000000004 0.5 0.2484375000000001 0.56875 0.2484375000000001
1 0.9171875 0.2593750000000001 0.8390625 0.2593750000000001 0.8390625 0.44843750000000016 0.9171875 0.44843750000000016
1 0.971875 0.5468750000000002 0.915625 0.5468750000000002 0.915625 0.6750000000000002 0.971875 0.6750000000000002
1 0.02812500000000002 0.1640625 0.00156250000000002 0.1640625 0.0015625000000000252 0.2484375 0.02812500000000003 0.2484375
1 0.7367708885321844 0.7658304600752533 0.6721268446656218 0.7648714948703904 0.6705559868386798 0.8707633476279492 0.7352000307052425 0.8717223128328122
1 0.6168243139756138 0.5317604298350471 0.609551647268421 0.41134669927538486 0.5371172576757727 0.4157215423368684 0.5443899243829653 0.5361352728965306
1 0.5273709153936951 0.41471873963794853 0.4465066615893344 0.3952919565780889 0.3965056682174987 0.6034217846629397 0.4773699220218594 0.6228485677227993
1 0.8042292934246701 0.861927881322692 0.7957722838990443 0.7714225685186381 0.7343288161077977 0.7771639772414947 0.7427858256334235 0.8676692900455485
1 0.9107805313310113 0.8071856354079685 0.8718545248372035 0.7652992612433948 0.8062923015229003 0.8262277990168917 0.8452183080167084 0.8681141731814653
1 0.9512390625 0.6217015625000002 0.8760328124999999 0.6217015625000002 0.8760328124999999 0.7712609375000002 0.9512390625 0.7712609375000002
1 0.85371875 0.3489734375000001 0.7719015625 0.3489734375000001 0.7719015625 0.5014656250000001 0.85371875 0.5014656250000001
1 0.8405339363830251 0.32516862261557156 0.7939196115628231 0.26473134719787195 0.7394560889660665 0.30673820994327816 0.7860704137862686 0.36717548536097777
1 0.6929477506255831 0.22631809725675342 0.6366456762886206 0.225048540678567 0.6334999644923549 0.3645540203390434 0.6898020388293176 0.36582357691722983
1 0.7106735085472198 0.38264596355755137 0.6373092772578166 0.36797362167718467 0.6086635767526944 0.5112070478364333 0.6820278080420976 0.5258793897168
1 0.3712952132806814 0.44920782963112166 0.33656582941383073 0.2540534286396475 0.27058208982076065 0.26579579575848156 0.30531147368761136 0.46095019674995574
1 0.3625919753495941 0.6187272422993555 0.34113083807290606 0.46634775498990955 0.2663753461100482 0.4768763235231742 0.28783648338673623 0.6292558108326202
1 0.35849922502035336 0.6785365212992623 0.2900991206819336 0.676783861808101 0.28540850044614285 0.8598421884014777 0.3538086047845626 0.8615948478926392
1 0.23870368469410855 0.7374271700111857 0.22141085781091832 0.587860462062601 0.15313522747335498 0.5957544557993224 0.17042805435654515 0.7453211637479071
1 0.07685937500000005 0.35777187499999996 4.56100565236195e-17 0.35777187499999996 5.817971645943051e-17 0.5630499999999999 0.07685937500000006 0.5630499999999999
1 0.06994674805640164 0.2593534028307316 0.007422484856822969 0.25627004149758714 0.0026877036341508287 0.3522817233515818 0.06521196683372948 0.3553650846847263
1 0.9991734375 0.6832843750000002 0.9272734375 0.6832843750000002 0.9272734375 0.8577718750000001 0.9991734375 0.8577718750000001
1 0.9178301184727762 0.47931061279374676 0.8089731786687651 0.4719467609834755 0.7958502992361944 0.6659371525953898 0.9047072390402056 0.673301004405661
1 0.9991734375 0.24633437500000008 0.9471078125 0.24633437500000008 0.9471078125 0.3357765625000001 0.9991734375 0.3357765625000001
1 0.8085332407876598 0.4335025420514966 0.675988756477093 0.4273782292675987 0.6617429045822778 0.7356918571945555 0.7942873888928446 0.7418161699784533
1 0.13212050481091636 0.6662233099903675 0.0844232072992948 0.5828889906192366 -0.008219439041418752 0.635914009580485 0.03947785847020282 0.719248328951616
1 0.10551653416969271 0.7633826176370224 0.03792058951018844 0.7503798443544951 0.018570235409869684 0.850974189613488 0.08616618006937396 0.8639769628960154
1 0.5228641280616346 0.8525358234358895 0.49187448555603036 0.6509566932623831 0.4193572577625207 0.6621050842832394 0.45034690026812496 0.8636842144567458
1 0.8865478163662303 0.6713038857245781 0.8104467491631111 0.657006675411101 0.7803013713054272 0.8174642315294811 0.8564024385085464 0.8317614418429582