1 0.3984375000000001 0.4671875 0.3156250000000001 0.4671875 0.3156250000000001 0.596875 0.3984375000000001 0.596875
1 0.5296875 0.33281250000000007 0.4546875 0.33281250000000007 0.4546875 0.503125 0.5296875 0.503125
1 0.428125 0.17968750000000006 0.3296875 0.17968750000000006 0.3296875 0.30468750000000006 0.428125 0.3046875000000001
1 0.5141553217821782 0.8134282178217822 0.4979424504950495 0.6512995049504952 0.4270884900990099 0.658384900990099 0.44330136138613857 0.8205136138613861
1 0.6359375 0.44375 0.5703125 0.44375 0.5703125 0.5578125 0.6359375 0.5578125
1 0.80625 0.1765625000000001 0.728125 0.1765625000000001 0.728125 0.2671875000000001 0.80625 0.2671875000000001
1 0.7609375 0.2796875000000001 0.7 0.2796875000000001 0.7 0.36406250000000007 0.7609375 0.36406250000000007
1 0.7656250000000001 0.6546875000000001 0.6609375 0.6546875 0.6609375000000001 0.8140625 0.7656250000000002 0.8140625
1 0.7546875 0.51875 0.6671875 0.51875 0.6671875 0.6453125000000001 0.7546875 0.6453125000000002
1 0.4515625 0.37968750000000007 0.3906250000000001 0.37968750000000007 0.3906250000000001 0.509375 0.4515625 0.509375
1 0.35625000000000007 0.578125 0.2828125000000001 0.578125 0.2828125000000001 0.7109375 0.35625000000000007 0.7109375
1 0.22476840260390585 0.49541812719078615 0.14723569729594393 0.40451771407110665 0.07642009889834751 0.46491925388082134 0.15395280420630944 0.5558196670005008
1 0.6546875000000001 0.690625 0.58125 0.690625 0.5812500000000002 0.8171875 0.6546875000000002 0.8171875
1 0.253125 0.18906250000000005 0.16718750000000004 0.18906250000000002 0.16718750000000004 0.3359375 0.253125 0.3359375
1 0.6890625 0.3218750000000001 0.6265625 0.3218750000000001 0.6265625 0.4671875 0.6890625 0.4671875
1 0.4312500000000001 0.6171875 0.3578125000000001 0.6171875 0.3578125000000001 0.784375 0.4312500000000002 0.784375
1 0.7765625 0.4015625000000001 0.6921875 0.4015625 0.6921875 0.5125000000000001 0.7765625 0.5125000000000002
1 0.9453125 0.37187500000000007 0.88125 0.37187500000000007 0.88125 0.4656250000000002 0.9453125 0.4656250000000002
1 0.63125 0.2890625000000001 0.5640625 0.2890625000000001 0.5640625 0.4234375 0.63125 0.4234375
1 0.8859375 0.2468750000000001 0.815625 0.2468750000000001 0.815625 0.3734375000000001 0.8859375 0.3734375000000001
1 0.3296875 0.18750000000000006 0.2546875 0.18750000000000006 0.2546875 0.334375 0.3296875 0.334375
1 0.565625 0.50625 0.5046875 0.50625 0.5046875 0.584375 0.565625 0.584375
1 0.5265625 0.22031250000000008 0.4265625 0.22031250000000008 0.4265625 0.3343750000000001 0.5265625 0.3343750000000001
1 0.05781250000000003 0.228125 2.7937255105548996e-17 0.228125 3.482589335075286e-17 0.340625 0.057812500000000044 0.340625
1 0.33593750000000006 0.3453125 0.24375000000000005 0.3453125 0.24375000000000008 0.4953125 0.3359375000000001 0.4953125
1 0.5875 0.596875 0.515625 0.596875 0.5156250000000001 0.778125 0.5875000000000001 0.778125
1 0.7234375 0.1765625000000001 0.65 0.1765625000000001 0.65 0.28593750000000007 0.7234375 0.28593750000000007
1 0.2828125000000001 0.528125 0.14843750000000006 0.528125 0.14843750000000008 0.6671875 0.2828125000000001 0.6671875
1 0.665625 0.5765625 0.5984375 0.5765625 0.5984375 0.68125 0.665625 0.68125
1 0.09218750000000006 0.5390625 0.0015625000000000673 0.5390625 0.0015625000000000738 0.6453125 0.09218750000000007 0.6453125
1 0.06093750000000005 0.34375 0.0015625000000000424 0.34375 0.0015625000000000493 0.459375 0.060937500000000054 0.459375
1 0.8328125 0.4000000000000002 0.78125 0.4000000000000002 0.78125 0.48437500000000017 0.8328125 0.48437500000000017
1 0.91875 0.47187500000000016 0.8515625 0.47187500000000016 0.8515625 0.5703125000000002 0.91875 0.5703125000000002
1 0.2593750000000001 0.6765625 0.2000000000000001 0.6765625 0.2000000000000001 0.7921875 0.2593750000000001 0.7921875
1 0.9984375 0.4390625000000002 0.9578125 0.4390625000000002 0.9578125 0.5734375000000002 0.9984375 0.5734375000000002
1 0.5796875 0.2296875000000001 0.5328125 0.2296875000000001 0.5328125 0.3078125000000001 0.5796875 0.3078125000000001
1 0.9234375 0.5890625000000002 0.8671875 0.5890625000000002 0.8671875 0.6750000000000002 0.9234375 0.6750000000000002
1 0.815625 0.5062500000000002 0.759375 0.5062500000000002 0.759375 0.6015625000000002 0.815625 0.6015625000000002
1 0.12343750000000002 0.18125 0.07500000000000002 0.18125 0.07500000000000004 0.28125 0.12343750000000005 0.28125
1 0.6515625 0.1828125000000001 0.5859375 0.1828125000000001 0.5859375 0.2984375000000001 0.6515625 0.2984375000000001
1 0.1468750000000001 0.71875 0.0984375000000001 0.71875 0.0984375000000001 0.7859375 0.1468750000000001 0.7859375
1 0.9390625 0.6859375000000002 0.871875 0.6859375000000002 0.871875 0.7781250000000002 0.9390625 0.7781250000000002
1 0.9953125 0.5984375000000002 0.95 0.5984375000000002 0.95 0.6500000000000001 0.9953125 0.6500000000000001
1 0.08437500000000009 0.659375 0.025000000000000078 0.659375 0.025000000000000088 0.7734375 0.08437500000000009 0.7734375
1 0.8859375000000002 0.6734375000000001 0.8294471153846155 0.6621394230769232 0.8042067307692309 0.7883413461538462 0.8606971153846155 0.7996394230769232
1 0.16562500000000005 0.20625 0.12187500000000004 0.20625 0.12187500000000004 0.28125 0.16562500000000005 0.28125
1 0.048437500000000064 0.4765625 0.003125000000000059 0.4765625 0.0031250000000000626 0.5359375 0.048437500000000064 0.5359375
1 0.11562500000000005 0.3109375 0.06718750000000004 0.3109375 0.06718750000000004 0.378125 0.11562500000000005 0.378125
1 0.021875000000000082 0.6390625 7.826258450801054e-17 0.6390625 8.620365359623165e-17 0.76875 0.021875000000000092 0.76875
1 0.9984375 0.6515625000000002 0.946875 0.6515625000000002 0.946875 0.7484375000000002 0.9984375 0.7484375000000002
1 0.5399757088710603 0.6421792861075756 0.509720069780695 0.5539946191950357 0.46133729252455585 0.5705944647022269 0.4915929316149213 0.6587791316147668
1 0.473553125 0.4970671875 0.428925 0.4970671875 0.428925 0.568915625 0.473553125 0.568915625
1 0.45702499999999996 0.5777125 0.41405000000000003 0.5777125 0.41405000000000003 0.6554249999999999 0.45702499999999996 0.6554249999999999
1 0.2477104153606175 0.3532371082418376 0.1772217958443858 0.3267492783324544 0.13652813503254563 0.4350420295129599 0.20701675454877733 0.46152985942234304
1 0.2004618561689721 0.29773283288086166 0.14537988442776165 0.2728948785519047 0.09155342044026371 0.39226331481769244 0.14663539218147417 0.4171012691466494
1 0.1262776983129312 0.4015028226487778 0.07025358057303092 0.3853297264632788 0.03254559792874736 0.5159513733741286 0.08856971566864764 0.5321244695596274
1 0.13469357577163873 0.5545506669454363 0.11389821911774756 0.4959480888842969 0.07181436047230569 0.5108817126062921 0.09260971712619688 0.5694842906674314
1 0.1526120934367497 0.690308489385144 0.1276412201760654 0.5972661374569336 0.06486816420739282 0.6141132827869336 0.0898390374680771 0.707155634715144
1 0.07360674272766 0.17863718235572967 0.026360040520943706 0.1751654778662999 0.020957447012980183 0.24868980212600014 0.06820414921969647 0.2521615066154299
1 0.21111495522103513 0.7566610277350904 0.2041786911666561 0.6459168194112999 0.1390533133772014 0.6499958301679445 0.14598957743158042 0.7607400384917351
1 0.5746813893097542 0.382967487755982 0.5320810063981273 0.3781646740110346 0.5205744139553977 0.4802267713771866 0.5631747968670247 0.48502958512213395
1 0.40359781898085273 0.322322942368088 0.33801495835326756 0.3182152779977361 0.3305115118118219 0.4380151068995327 0.39609437243940704 0.44212277126988464
1 0.8132641259012885 0.3369755455906692 0.7559297039482443 0.3288940350089586 0.7410877743628547 0.4341903709899948 0.7984221963158988 0.44227188157170544
1 0.9991734375 0.31085 0.9280984374999999 0.31085 0.9280984374999999 0.4325515625000002 0.9991734375 0.4325515625000002
1 0.8425235642077441 0.7715028966789622 0.8293624788072662 0.6080715734355998 0.7515905119997286 0.6143345313350042 0.7647515974002064 0.7777658545783666
1 0.8953392552231788 0.602364110900791 0.8592758453632579 0.5170558326878794 0.8096698390286263 0.5380263853169547 0.8457332488885472 0.6233346635298662
1 0.9619828125 0.5102640625000002 0.9165296875 0.5102640625000002 0.9165296875 0.6011734375000002 0.9619828125 0.6011734375000002
1 0.9239671875000001 0.2492671875000001 0.87520625 0.2492671875000001 0.87520625 0.3387093750000001 0.9239671875000001 0.3387093750000001
1 0.851378456786844 0.4732646230588169 0.8173296572365792 0.4682136373711866 0.8099324616931687 0.5180782863462385 0.8439812612434334 0.5231292720338689
1 0.35446847708764573 0.7156786209389012 0.3067644869654746 0.7115496718722538 0.3020883117075702 0.7655760632643231 0.34979230182974136 0.7697050123309706