2 0.59375 0.5328125 0.4859375 0.5328125 0.4859375 0.6484375 0.59375 0.6484375
2 0.8171875 0.3203125000000001 0.6640625 0.3203125000000001 0.6640625 0.48906250000000007 0.8171875 0.4890625000000002
2 0.7515625 0.05468750000000009 0.6875 0.05468750000000009 0.6875 0.16406250000000008 0.7515625 0.16406250000000008
2 1 0.8875 0.95 0.8875 0.95 0.9453125 1 0.9453125
2 0.996875 0.24218750000000008 0.9421875 0.24218750000000008 0.9421875 0.29375000000000007 0.996875 0.29375000000000007
2 0.3671875 0.22031250000000005 0.3125 0.2203125 0.3125 0.30468750000000006 0.3671875 0.3046875000000001
2 0.3234375 0.13593750000000002 0.16875 0.1359375 0.16875 0.2875 0.3234375 0.2875
2 0.2359375 0.05468750000000002 0.1765625 0.05468750000000002 0.1765625 0.09687500000000002 0.2359375 0.09687500000000002
2 1 0.2921875000000001 0.934375 0.2921875000000001 0.934375 0.3500000000000001 1 0.3500000000000001
2 0.8859375 0.3906250000000001 0.8 0.3906250000000001 0.8 0.5156250000000002 0.8859375 0.5156250000000002
2 0.8890625 0.3671875000000001 0.815625 0.3671875000000001 0.815625 0.4187500000000002 0.8890625 0.4187500000000002
2 0.22031250000000005 0.234375 0.03593750000000003 0.234375 0.035937500000000046 0.4171875 0.22031250000000008 0.4171875
2 0.8828125 0.4937500000000002 0.8171875 0.4937500000000002 0.8171875 0.5578125000000002 0.8828125 0.5578125000000002
2 0.30625 0.2234375 0.18437500000000004 0.2234375 0.18437500000000004 0.3546875 0.30625 0.3546875
2 0.16562500000000002 0.1375 0.059375000000000025 0.1375 0.059375000000000025 0.225 0.16562500000000005 0.225
2 0.04687500000000004 0.271875 3.329508485181867e-17 0.271875 4.085345181530624e-17 0.3953125 0.04687500000000004 0.3953125
2 0.6359375 0.3343750000000001 0.575 0.3343750000000001 0.575 0.4359375 0.6359375 0.4359375
2 1 0.3609375000000001 0.9828125 0.3609375000000001 0.9828125 0.4203125000000002 1 0.4203125000000002
2 0.659375 0.553125 0.575 0.553125 0.575 0.621875 0.659375 0.621875
2 0.6062500000000002 0.8671875 0.5515625000000002 0.8671875 0.5515625000000002 0.9546875 0.6062500000000002 0.9546875
2 0.6859375000000002 0.85 0.6000000000000002 0.85 0.6000000000000002 0.95625 0.6859375000000002 0.95625
2 0.9734375 0.4890625000000002 0.8734375 0.4890625000000002 0.8734375 0.6281250000000002 0.9734375 0.6281250000000002
2 0.19218750000000004 0.4171875 0.10625000000000004 0.4171875 0.10625000000000004 0.521875 0.19218750000000004 0.521875
2 0.3062500000000001 0.6953125 0.11562500000000009 0.6953125 0.11562500000000009 0.83125 0.3062500000000001 0.83125
2 0.771875 0.15000000000000008 0.6984375 0.15000000000000008 0.6984375 0.2312500000000001 0.771875 0.2312500000000001
2 0.6390625 0.10781250000000009 0.5875 0.10781250000000009 0.5875 0.15625000000000008 0.6390625 0.15625000000000008
2 0.890625 0.0390625000000001 0.7609375 0.03906250000000009 0.7609375 0.0984375000000001 0.890625 0.09843750000000011
2 0.93125 0.6453125000000002 0.828125 0.6453125000000002 0.828125 0.7828125000000001 0.93125 0.7828125000000001
2 0.115625 0.09062500000000001 0.04843750000000001 0.090625 0.04843750000000001 0.125 0.115625 0.125
2 0.725 0.18750000000000008 0.634375 0.18750000000000008 0.634375 0.28593750000000007 0.725 0.28593750000000007
2 0.59375 0.07656250000000006 0.5265625 0.07656250000000006 0.5265625 0.16093750000000007 0.59375 0.1609375000000001
2 0.0640625000000001 0.7109375 8.706473337688214e-17 0.7109375 9.749336627587133e-17 0.88125 0.0640625000000001 0.88125
2 0.029687500000000026 0.1671875 2.0474563673244812e-17 0.1671875 2.4684287045313837e-17 0.2359375 0.029687500000000033 0.2359375
2 0.8375 0.5375000000000001 0.684375 0.5375 0.684375 0.6125 0.8375 0.6125000000000002
2 0.4578125 0.24375000000000005 0.3578125 0.24375 0.3578125 0.31093750000000003 0.4578125 0.3109375000000001
2 0.4546875 0.490625 0.39531250000000007 0.490625 0.39531250000000007 0.565625 0.4546875 0.565625
2 0.9921875 0.20468750000000008 0.921875 0.20468750000000008 0.921875 0.2531250000000001 0.9921875 0.2531250000000001
2 0.934375 0.3218750000000001 0.875 0.3218750000000001 0.875 0.3921875000000001 0.934375 0.3921875000000001
2 0.7125 0.546875 0.6265625 0.546875 0.6265625 0.6234375 0.7125 0.6234375
2 0.2484375000000001 0.453125 0.16406250000000006 0.453125 0.16406250000000006 0.5375 0.2484375000000001 0.5375
2 0.85 0.11093750000000009 0.8171875 0.11093750000000009 0.8171875 0.16562500000000008 0.85 0.16562500000000008
2 1 0.884375 0.7250000000000002 0.884375 0.7250000000000002 1 1 1
2 0.3609375000000001 0.765625 0.2734375000000001 0.765625 0.2734375000000001 0.85 0.3609375000000001 0.85
2 1 0.3968750000000001 0.9578125 0.3968750000000001 0.9578125 0.4703125000000002 1 0.4703125000000002
2 0.215625 2.286645195282949e-17 0.1578125 1.932645729904417e-17 0.1578125 0.029687500000000023 0.215625 0.029687500000000023
2 0.934375 0.02968750000000011 0.8859375 0.02968750000000011 0.8859375 0.07500000000000011 0.934375 0.07500000000000011
2 0.5109375000000002 0.95 0.3781250000000001 0.95 0.3781250000000001 1 0.5109375000000002 1
2 0.44062500000000016 0.7296875 0.3593750000000001 0.7296875 0.3593750000000001 0.83125 0.44062500000000016 0.83125
2 1 0.7125000000000001 0.875 0.7125000000000001 0.875 0.8515625 1 0.8515625
2 0.54375 0.434375 0.4484375 0.434375 0.4484375 0.54375 0.54375 0.54375
2 0.7703125 0.01250000000000009 0.6625 0.012500000000000084 0.6625 0.10000000000000009 0.7703125 0.10000000000000009
2 0.37968750000000007 0.584375 0.3187500000000001 0.584375 0.3187500000000001 0.6703125 0.37968750000000007 0.6703125
2 0.8453125 0.5859375000000001 0.7 0.5859375 0.7 0.7156250000000001 0.8453125 0.7156250000000002
2 1 0.5984375000000002 0.9 0.5984375000000002 0.9 0.7062500000000002 1 0.7062500000000002
2 1 0.18906250000000013 0.9515625 0.18906250000000013 0.9515625 0.2312500000000001 1 0.2312500000000001
2 0.12343750000000005 0.35625 0.029687500000000044 0.35625 0.02968750000000005 0.4546875 0.12343750000000005 0.4546875
2 0.825 0.4812500000000002 0.7671875 0.4812500000000002 0.7671875 0.5546875000000002 0.825 0.5546875000000002
2 1 0.5625000000000002 0.9328125 0.5625000000000002 0.9328125 0.6453125000000002 1 0.6453125000000002
2 0.6328125 0.14062500000000008 0.571875 0.14062500000000008 0.571875 0.2218750000000001 0.6328125 0.2218750000000001
2 0.98125 0.09687500000000011 0.9296875 0.09687500000000011 0.9296875 0.13906250000000014 0.98125 0.13906250000000014
2 0.09375000000000012 0.9296875 0.009375000000000114 0.9296875 0.009375000000000118 1 0.09375000000000014 1
2 0.59375 0.4234375 0.528125 0.4234375 0.528125 0.54375 0.59375 0.54375
2 0.69375 0.03906250000000008 0.596875 0.039062500000000076 0.596875 0.12500000000000008 0.69375 0.12500000000000008
2 0.42187500000000017 0.8109375 0.3546875000000001 0.8109375 0.3546875000000001 0.9296875 0.42187500000000017 0.9296875
2 0.571875 0.4109375 0.4390625 0.4109375 0.4390625 0.471875 0.571875 0.471875
2 0.6140625 0.3500000000000001 0.5390625 0.3500000000000001 0.5390625 0.4328125 0.6140625 0.4328125
2 0.7015625 0.1218750000000001 0.64375 0.1218750000000001 0.64375 0.20312500000000008 0.7015625 0.20312500000000008
2 0.8828125 0.1859375000000001 0.8484375 0.1859375000000001 0.8484375 0.2250000000000001 0.8828125 0.2250000000000001
2 0.6671875 0.4265625 0.559375 0.4265625 0.559375 0.54375 0.6671875 0.54375
2 0.7390625000000002 0.8328125 0.6718750000000002 0.8328125 0.6718750000000002 0.9078125 0.7390625000000002 0.9078125
2 0.865625 0.7484375000000002 0.7843750000000002 0.7484375000000002 0.7843750000000002 0.840625 0.865625 0.840625
2 0.96875 0.3859375000000001 0.8796875 0.3859375000000001 0.8796875 0.48437500000000017 0.96875 0.48437500000000017
2 0.43125 0.03437500000000005 0.375 0.034375000000000044 0.375 0.08281250000000004 0.43125 0.08281250000000004
2 0.17343750000000008 0.55625 0.10468750000000009 0.55625 0.10468750000000009 0.6125 0.17343750000000008 0.6125
2 0.13125000000000012 0.8296875 1.0160741411675695e-16 0.8296875 1.0763497258131032e-16 0.928125 0.13125000000000014 0.928125
2 0.896875 0.5750000000000002 0.8171875 0.5750000000000002 0.8171875 0.6750000000000002 0.896875 0.6750000000000002
2 0.6703125 0.012500000000000077 0.5953125 0.012500000000000072 0.5953125 0.053125000000000075 0.6703125 0.05312500000000009
2 0.5296875 0.07187500000000005 0.371875 0.07187500000000005 0.371875 0.2000000000000001 0.5296875 0.2000000000000001
2 0.8359375 0.1281250000000001 0.75 0.1281250000000001 0.75 0.2328125000000001 0.8359375 0.2328125000000001
2 0.6187500000000001 0.6640625 0.521875 0.6640625 0.5218750000000001 0.7359375 0.6187500000000001 0.7359375
2 0.9359375 0.1906250000000001 0.89375 0.1906250000000001 0.89375 0.2390625000000001 0.9359375 0.2390625000000001
2 0.29531250000000003 0.3515625 0.2015625 0.3515625 0.20156250000000003 0.4953125 0.2953125000000001 0.4953125
2 0.1453125000000001 0.6265625 0.05156250000000007 0.6265625 0.05156250000000008 0.7046875 0.1453125000000001 0.7046875
2 0.496875 0.025000000000000057 0.428125 0.025000000000000057 0.428125 0.060937500000000054 0.496875 0.06093750000000007
2 0.815625 0.2250000000000001 0.703125 0.2250000000000001 0.703125 0.3625000000000001 0.815625 0.3625000000000001
2 0.3468750000000001 0.8703125 0.17968750000000008 0.8703125 0.1796875000000001 0.9984375 0.3468750000000001 0.9984375
2 0.10781250000000005 0.3859375 4.7263712404593165e-17 0.3859375 5.482207936808073e-17 0.509375 0.10781250000000005 0.509375
2 0.896875 0.2640625000000001 0.8234375 0.2640625000000001 0.8234375 0.3468750000000001 0.896875 0.3468750000000001
2 0.3703125 0.06562500000000003 0.2625 0.06562500000000002 0.2625 0.17500000000000004 0.3703125 0.17500000000000004
2 0.5531250000000002 0.8796875 0.46093750000000017 0.8796875 0.46093750000000017 0.9765625 0.5531250000000002 0.9765625
2 0.5484375 0.29375000000000007 0.4671875 0.29375000000000007 0.4671875 0.3937500000000001 0.5484375 0.3937500000000001
2 0.39375000000000004 0.29375000000000007 0.2765625 0.29375 0.27656250000000004 0.5015625 0.3937500000000001 0.5015625
2 0.153125 0.171875 0.006250000000000022 0.171875 0.006250000000000029 0.2921875 0.15312500000000004 0.2921875
2 0.39531250000000007 0.9046875 0.3000000000000001 0.9046875 0.3000000000000001 0.9984375 0.39531250000000007 0.9984375
2 0.428125 0.15781250000000005 0.3359375 0.15781250000000005 0.3359375 0.25781250000000006 0.428125 0.2578125000000001
2 0.6640625 0.6140625 0.6125 0.6140625 0.6125 0.6796875 0.6640625 0.6796875
2 0.590625 0.009375000000000069 0.5375 0.009375000000000067 0.5375 0.07968750000000006 0.590625 0.07968750000000006
2 0.034375000000000114 0.9015625 1.1040956298562856e-16 0.9015625 1.1605441932544842e-16 0.99375 0.03437500000000012 0.99375
2 0.2578125000000001 0.603125 0.1375000000000001 0.603125 0.1375000000000001 0.66875 0.2578125000000001 0.66875
2 0.98125 0.8234375 0.8609375 0.8234375 0.8609375 0.91875 0.98125 0.91875
2 0.734375 0.38750000000000007 0.6515625 0.38750000000000007 0.6515625 0.5250000000000001 0.734375 0.5250000000000001
2 0.7796875000000002 0.7812500000000001 0.6859375000000002 0.78125 0.6859375000000002 0.8765625 0.7796875000000002 0.8765625