2 0.4703125 0.4890625 0.3578125000000001 0.4890625 0.3578125000000001 0.5953125 0.4703125 0.5953125
2 0.6781250000000001 0.6640625 0.5140625 0.6640625 0.5140625000000001 0.8125 0.6781250000000002 0.8125
2 0.9359375 0.6875000000000002 0.8296875 0.6875000000000002 0.8296875 0.7484375000000002 0.9359375 0.7484375000000002
2 0.12656250000000013 0.9421875 0.0640625000000001 0.9421875 0.06406250000000012 1 0.12656250000000013 1
2 0.7546875000000002 0.9359375 0.7046875000000001 0.9359375 0.7046875000000001 0.9890625 0.7546875000000002 0.9890625
2 0.775 0.3218750000000001 0.69375 0.3218750000000001 0.69375 0.3750000000000001 0.775 0.3750000000000001
2 0.8578125 0.18125000000000008 0.709375 0.18125000000000008 0.709375 0.33281250000000007 0.8578125 0.33281250000000007
2 0.9375 0.1890625000000001 0.896875 0.18906250000000008 0.896875 0.2468750000000001 0.9375 0.2468750000000001
2 0.7062500000000002 0.928125 0.6500000000000001 0.928125 0.6500000000000001 1 0.7062500000000002 1
2 0.6109375000000001 0.796875 0.4890625000000002 0.796875 0.4890625000000002 0.88125 0.6109375000000001 0.88125
2 0.6328125000000002 0.8109375 0.5828125000000002 0.8109375 0.5828125000000002 0.8828125 0.6328125000000002 0.8828125
2 0.7609375 0.05156250000000008 0.5828125 0.05156250000000007 0.5828125 0.2312500000000001 0.7609375 0.2312500000000001
2 0.5093750000000001 0.8125 0.4468750000000002 0.8125 0.4468750000000002 0.8765625 0.5093750000000001 0.8765625
2 0.771875 0.19687500000000008 0.64375 0.19687500000000008 0.64375 0.3156250000000001 0.771875 0.3156250000000001
2 0.85625 0.0750000000000001 0.771875 0.0750000000000001 0.771875 0.17968750000000008 0.85625 0.17968750000000008
2 0.725 8.141987703706231e-17 0.6046875 7.405286113594152e-17 0.6046875 0.06250000000000008 0.725 0.06250000000000008
2 0.6640625 0.578125 0.565625 0.578125 0.565625 0.6375 0.6640625 0.6375
2 0.6437500000000002 0.975 0.5796875000000001 0.975 0.5796875000000001 1 0.6437500000000002 1
2 0.4515625 0.578125 0.3843750000000001 0.578125 0.3843750000000001 0.659375 0.4515625 0.659375
2 0.1468750000000001 0.5546875 0.06093750000000007 0.5546875 0.06093750000000007 0.6078125 0.1468750000000001 0.6078125
2 0.1625000000000001 0.6015625 0.05937500000000007 0.6015625 0.05937500000000008 0.6859375 0.1625000000000001 0.6859375
2 0.5140625000000002 0.86875 0.3781250000000001 0.86875 0.3781250000000001 0.9671875 0.5140625000000002 0.9671875
2 0.584375 0.12187500000000007 0.4828125 0.12187500000000004 0.4828125 0.20468750000000008 0.584375 0.20468750000000008
2 0.3125 0.1296875 0.18125 0.1296875 0.18125000000000002 0.315625 0.3125 0.315625
2 0.84375 0.6984375000000002 0.765625 0.6984375000000002 0.7656250000000001 0.7687500000000002 0.84375 0.7687500000000002
2 0.8859375 0.5906250000000002 0.8390625 0.5906250000000002 0.8390625 0.6406250000000002 0.8859375 0.6406250000000002
2 0.9515625 0.7578125000000002 0.89375 0.7578125000000002 0.89375 0.884375 0.9515625 0.884375
2 0.3609375000000001 0.825 0.22656250000000008 0.825 0.22656250000000008 0.9265625 0.3609375000000001 0.9265625
2 0.903125 0.0640625000000001 0.86875 0.0640625000000001 0.86875 0.1296875000000001 0.903125 0.1296875000000001
2 0.8078125 0.6359375 0.7109375 0.6359375 0.7109375 0.7234375000000001 0.8078125 0.7234375000000002
2 0.915625 0.5312500000000002 0.8328125 0.5312500000000002 0.8328125 0.5968750000000002 0.915625 0.5968750000000002
2 0.303125 2.535401576359755e-17 0.1109375 1.358592542804095e-17 0.1109375 0.07968750000000004 0.303125 0.07968750000000005
2 0.834375 9.6919313088771e-17 0.7484375 9.165715887368473e-17 0.7484375 0.0468750000000001 0.834375 0.0468750000000001
2 0.4671875000000001 0.684375 0.3937500000000001 0.684375 0.3937500000000001 0.8328125 0.4671875000000002 0.8328125
2 0.753125 0.3656250000000001 0.6875 0.3656250000000001 0.6875 0.4640625000000001 0.753125 0.46406250000000016
2 0.5109375 0.403125 0.4390625 0.403125 0.4390625 0.4609375 0.5109375 0.4609375
2 0.7906250000000001 0.915625 0.7437500000000001 0.915625 0.7437500000000001 0.984375 0.7906250000000001 0.984375
2 0.6765625000000002 0.86875 0.6093750000000002 0.86875 0.6093750000000002 0.9265625 0.6765625000000002 0.9265625
2 0.4578125 0.628125 0.3828125000000001 0.628125 0.3828125000000001 0.7109375 0.4578125 0.7109375
2 0.55 0.17656250000000007 0.4671875 0.17656250000000004 0.4671875 0.2593750000000001 0.55 0.2593750000000001
2 0.8828125 0.8140625 0.8296875 0.8140625 0.8296875 0.846875 0.8828125 0.846875
2 0.1281250000000001 0.709375 8.687338231451536e-17 0.709375 1.0466903111462535e-16 1 0.12812500000000013 1
2 0.24531250000000004 0.2828125 0.16250000000000003 0.2828125 0.16250000000000003 0.36875 0.2453125000000001 0.36875
2 0.6031250000000001 0.9515625 0.5312500000000002 0.9515625 0.5312500000000002 0.9984375 0.6031250000000001 0.9984375
2 1 0.17187500000000014 0.9609375 0.17187500000000014 0.9609375 0.22812500000000008 1 0.22812500000000008
2 0.9625 0.8796875 0.91875 0.8796875 0.91875 0.9265625 0.9625 0.9265625
2 0.06406250000000005 0.38125 4.6689659217492845e-17 0.38125 5.616153680464816e-17 0.5359375 0.06406250000000006 0.5359375
2 0.2796875000000001 0.3671875 0.18125000000000005 0.3671875 0.18125000000000005 0.446875 0.2796875000000001 0.446875
2 0.2953125000000001 0.8703125 0.1593750000000001 0.8703125 0.1593750000000001 1 0.2953125000000001 1
2 0.5671875 0.4546875 0.4609375 0.4546875 0.4609375 0.546875 0.5671875 0.546875
2 0.978125 0.6640625000000002 0.89375 0.6640625000000002 0.89375 0.7687500000000002 0.978125 0.7687500000000002
2 0.421875 0.32812500000000006 0.3375 0.328125 0.3375 0.38750000000000007 0.421875 0.38750000000000007
2 0.41875000000000007 0.7 0.2921875000000001 0.7 0.2921875000000001 0.8421875 0.4187500000000002 0.8421875
2 0.4078125000000002 0.8953125 0.30156250000000007 0.8953125 0.30156250000000007 1 0.4078125000000002 1
2 0.80625 0.9453125 0.7656250000000002 0.9453125 0.7656250000000002 1 0.80625 1
2 0.64375 0.04687500000000007 0.546875 0.04687500000000007 0.546875 0.1390625000000001 0.64375 0.1390625000000001
2 0.5203125000000002 0.7640625 0.4500000000000002 0.7640625 0.4500000000000002 0.8203125 0.5203125000000002 0.8203125
2 0.4421875000000002 0.9265625 0.3500000000000001 0.9265625 0.3500000000000001 1 0.4421875000000002 1
2 0.853125 0.5750000000000002 0.7734375 0.5750000000000002 0.7734375 0.6343750000000001 0.853125 0.6343750000000001
2 0.896875 0.9234375 0.85625 0.9234375 0.85625 0.9734375 0.896875 0.9734375
2 0.084375 0.012500000000000006 1.5308084989341916e-18 0.0125 7.367015901120798e-18 0.1078125 0.08437500000000002 0.1078125
2 0.578125 0.53125 0.4609375 0.53125 0.4609375 0.5953125 0.578125 0.5953125
2 0.953125 0.5984375000000002 0.8703125 0.5984375000000002 0.8703125 0.6937500000000002 0.953125 0.6937500000000002
2 0.2000000000000001 0.3640625 0.08437500000000005 0.3640625 0.08437500000000005 0.4296875 0.2000000000000001 0.4296875
2 0.590625 0.4453125 0.53125 0.4453125 0.53125 0.575 0.590625 0.575
2 0.6484375 0.5421875 0.56875 0.5421875 0.56875 0.615625 0.6484375 0.615625
2 0.871875 0.6437500000000002 0.79375 0.6437500000000002 0.79375 0.7000000000000002 0.871875 0.7000000000000002
2 0.809375 0.84375 0.7703125000000002 0.84375 0.7703125000000002 0.8765625 0.809375 0.8765625
2 0.575 0.5625 0.459375 0.5625 0.459375 0.6671875 0.575 0.6671875
2 0.1781250000000001 0.671875 0.1062500000000001 0.671875 0.1062500000000001 0.7375 0.1781250000000001 0.7375
2 0.2609375000000001 0.7828125 0.1703125000000001 0.7828125 0.1703125000000001 0.8609375 0.2609375000000001 0.8609375
2 0.6140625000000002 0.875 0.5171875000000001 0.875 0.5171875000000001 0.9609375 0.6140625000000002 0.9609375
2 0.9578125 0.3828125000000001 0.9109375 0.3828125000000001 0.9109375 0.43750000000000017 0.9578125 0.43750000000000017
2 0.4484375 0.11875000000000005 0.39375 0.11875000000000005 0.39375 0.18593750000000003 0.4484375 0.18593750000000003
2 0.18125 0.003125000000000016 0.084375 0.0031250000000000097 0.084375 0.146875 0.18125 0.146875
2 0.42968750000000017 0.8125 0.33281250000000007 0.8125 0.33281250000000007 0.890625 0.42968750000000017 0.890625
2 0.978125 0.5968750000000002 0.9390625 0.5968750000000002 0.9390625 0.6703125000000002 0.978125 0.6703125000000002
2 0.9203125 0.3812500000000001 0.7953125 0.3812500000000001 0.7953125 0.5343750000000002 0.9203125 0.5343750000000002
2 0.865625 0.7484375000000002 0.7625000000000002 0.7484375000000002 0.7625000000000002 0.8328125 0.865625 0.8328125
2 0.3437500000000001 0.5265625 0.2734375000000001 0.5265625 0.2734375000000001 0.621875 0.3437500000000001 0.621875
2 0.8046875 0.8890625 0.7578125000000002 0.8890625 0.7578125000000002 0.9296875 0.8046875 0.9296875
2 0.6484375 0.2156250000000001 0.5078125 0.2156250000000001 0.5078125 0.3062500000000001 0.6484375 0.3062500000000001
2 0.38125 0.06718750000000004 0.3046875 0.06718750000000004 0.3046875 0.15937500000000004 0.38125 0.15937500000000004
2 0.9671875 0.4343750000000002 0.93125 0.4343750000000002 0.93125 0.5015625000000001 0.9671875 0.5015625000000001
2 0.7718750000000001 0.7031250000000001 0.6375 0.703125 0.6375000000000001 0.8125 0.7718750000000002 0.8125
2 0.14218750000000005 0.19375 0.017187500000000022 0.19375 0.017187500000000033 0.35625 0.14218750000000005 0.35625
2 0.621875 6.821665373375491e-17 0.4921875 6.027558464553379e-17 0.4921875 0.12187500000000007 0.621875 0.1218750000000001
2 0.7328125000000002 0.8203125 0.6515625000000002 0.8203125 0.6515625000000002 0.8921875 0.7328125000000002 0.8921875
2 0.9265625 0.2734375000000001 0.8203125 0.2734375000000001 0.8203125 0.3781250000000001 0.9265625 0.3781250000000001
2 0.13281250000000006 0.4671875 0.039062500000000056 0.4671875 0.03906250000000006 0.5578125 0.13281250000000008 0.5578125
2 0.7046875 0.4734375 0.6078125 0.4734375 0.6078125 0.5515625 0.7046875 0.5515625
2 0.703125 0.2875000000000001 0.5015625 0.2875000000000001 0.5015625 0.4015625 0.703125 0.4015625
2 0.8234375 0.023437500000000094 0.70625 0.02343750000000009 0.70625 0.1671875000000001 0.8234375 0.1671875000000001
2 0.10781250000000005 0.309375 0.01718750000000004 0.309375 0.017187500000000043 0.4015625 0.10781250000000005 0.4015625
2 0.8359375 0.3453125000000001 0.7390625 0.3453125000000001 0.7390625 0.4343750000000002 0.8359375 0.4343750000000002
2 0.3921875000000001 0.6140625 0.3281250000000001 0.6140625 0.3281250000000001 0.6640625 0.3921875000000001 0.6640625
2 0.98125 0.5406250000000001 0.9125 0.5406250000000001 0.9125 0.5921875000000002 0.98125 0.5921875000000002
2 0.1125 8.22809568177128e-18 0.021875 2.678914873134835e-18 0.021875000000000002 0.05000000000000001 0.1125 0.050000000000000024
2 0.403125 0.15156250000000004 0.3390625 0.15156250000000004 0.3390625 0.26875000000000004 0.403125 0.2687500000000001
2 0.1875000000000001 0.85625 0.0953125000000001 0.85625 0.0953125000000001 0.9734375 0.18750000000000014 0.9734375
2 0.6125 0.653125 0.4796875 0.653125 0.4796875000000001 0.734375 0.6125000000000002 0.734375
2 0.2296875000000001 0.6859375 0.1359375000000001 0.6859375 0.1359375000000001 0.7765625 0.2296875000000001 0.7765625