2 0.5125 0.3531250000000001 0.40625 0.3531250000000001 0.40625 0.4671875 0.5125 0.4671875
2 0.3375000000000001 0.509375 0.18750000000000006 0.509375 0.18750000000000006 0.6734375 0.3375000000000001 0.6734375
2 0.3156250000000001 0.828125 0.2531250000000001 0.828125 0.2531250000000001 0.934375 0.3156250000000001 0.934375
2 0.05781250000000001 0.0578125 7.079989307570636e-18 0.0578125 1.0907010554906114e-17 0.1203125 0.057812500000000024 0.1203125
2 0.06406250000000009 0.7015625 0.010937500000000086 0.7015625 0.01093750000000009 0.7515625 0.06406250000000009 0.7515625
2 0.6828125 0.690625 0.6296875 0.690625 0.6296875000000001 0.7734375 0.6828125000000002 0.7734375
2 0.8234375 0.70625 0.671875 0.70625 0.6718750000000001 0.8546875 0.8234375 0.8546875
2 0.815625 0.89375 0.7578125000000002 0.89375 0.7578125000000002 0.9359375 0.815625 0.9359375
2 0.07187500000000009 0.646875 7.921933981984441e-17 0.646875 8.266365894244634e-17 0.703125 0.07187500000000009 0.703125
2 0.20468750000000008 0.484375 0.12031250000000004 0.484375 0.12031250000000007 0.6078125 0.20468750000000008 0.6078125
2 0.18906250000000008 0.5796875 0.11718750000000008 0.5796875 0.11718750000000008 0.6296875 0.18906250000000008 0.6296875
2 0.953125 0.5796875000000001 0.771875 0.5796875000000001 0.7718750000000001 0.7578125000000002 0.953125 0.7578125000000002
2 0.18750000000000006 0.4421875 0.12343750000000005 0.4421875 0.12343750000000005 0.5046875 0.18750000000000006 0.5046875
2 0.8078125 0.6406250000000001 0.6890625 0.640625 0.6890625000000001 0.76875 0.8078125 0.7687500000000002
2 0.9296875 0.7687500000000002 0.825 0.7687500000000002 0.825 0.8546875 0.9296875 0.8546875
2 1 0.6015625000000002 0.9421875 0.6015625000000002 0.9421875 0.7218750000000002 1 0.7218750000000002
2 0.425 0.5625 0.3656250000000001 0.5625 0.3656250000000001 0.6625 0.425 0.6625
2 0.02500000000000007 0.5765625 7.060854201333958e-17 0.5765625 7.453123879185844e-17 0.640625 0.025000000000000078 0.640625
2 0.425 0.38125000000000003 0.3421875000000001 0.38125 0.3421875000000001 0.4484375 0.425 0.4484375
2 0.4484375 0.05468750000000004 0.39375 0.05468750000000004 0.39375 0.14062500000000006 0.4484375 0.14062500000000006
2 0.4 0.05312500000000005 0.315625 0.05312500000000005 0.315625 0.15625000000000006 0.4 0.15625000000000006
2 0.13281250000000006 0.375 0.034375000000000044 0.375 0.03437500000000006 0.5109375 0.13281250000000006 0.5109375
2 0.884375 0.4781250000000002 0.8015625 0.4781250000000002 0.8015625 0.5812500000000002 0.884375 0.5812500000000002
2 0.875 0.1750000000000001 0.6875 0.1750000000000001 0.6875 0.3078125000000001 0.875 0.3078125000000001
2 0.3046875000000001 0.7625 0.2328125000000001 0.7625 0.2328125000000001 0.8421875 0.3046875000000001 0.8421875
2 0.4125000000000002 0.8359375 0.3609375000000001 0.8359375 0.3609375000000001 0.8828125 0.4125000000000002 0.8828125
2 0.24375000000000008 0.8921875 0.11718750000000008 0.8921875 0.11718750000000011 0.9515625 0.24375000000000008 0.9515625
2 0.17656250000000004 0.221875 0.07500000000000002 0.221875 0.07500000000000004 0.35625 0.17656250000000004 0.35625
2 0.940625 0.8671875 0.875 0.8671875 0.875 0.9015625 0.940625 0.9015625
2 0.3671875000000001 0.7078125 0.27812500000000007 0.7078125 0.27812500000000007 0.8046875 0.3671875000000001 0.8046875
2 0.47187500000000016 0.83125 0.40625000000000017 0.83125 0.40625000000000017 0.9140625 0.47187500000000016 0.9140625
2 1 0.11093750000000013 0.925 0.11093750000000013 0.925 0.2968750000000001 1 0.2968750000000001
2 1 0.7500000000000002 0.9578125 0.7500000000000002 0.9578125 0.8296875 1 0.8296875
2 0.31718750000000007 0.3890625 0.16718750000000004 0.3890625 0.16718750000000004 0.4625 0.31718750000000007 0.4625
2 0.6375000000000001 0.684375 0.5390625 0.684375 0.5390625000000001 0.75 0.6375000000000002 0.75
2 0.6015625 0.434375 0.5421875 0.434375 0.5421875 0.5078125 0.6015625 0.5078125
2 0.08437500000000009 0.740625 0.01562500000000009 0.740625 0.01562500000000009 0.7875 0.08437500000000009 0.7875
2 0.1312500000000001 0.6046875 0.07343750000000007 0.6046875 0.07343750000000007 0.6734375 0.1312500000000001 0.6734375
2 0.3750000000000001 0.37812500000000004 0.2921875000000001 0.378125 0.2921875000000001 0.453125 0.3750000000000001 0.453125
2 0.828125 0.4625000000000002 0.7453125 0.4625000000000002 0.7453125 0.5453125000000002 0.828125 0.5453125000000002
2 0.18750000000000008 0.8265625 0.1546875000000001 0.8265625 0.1546875000000001 0.8796875 0.18750000000000008 0.8796875
2 0.284375 1.741294667537643e-17 0 0 7.558366963487572e-18 0.12343750000000002 0.284375 0.12343750000000005
2 0.7203125 0.15625000000000008 0.634375 0.15625000000000008 0.634375 0.2390625000000001 0.7203125 0.2390625000000001
2 0.050000000000000065 0.528125 0.0031250000000000652 0.528125 0.0031250000000000696 0.6 0.050000000000000065 0.6
2 0.8328125 0.959375 0.7750000000000001 0.959375 0.7750000000000001 1 0.8328125 1
2 0.12031250000000013 0.915625 0.07343750000000011 0.915625 0.07343750000000011 0.9609375 0.12031250000000013 0.9609375
2 0.6203125 6.706854735955427e-17 0.475 5.817072295949927e-17 0.475 0.057812500000000065 0.6203125 0.057812500000000065
2 0.6359375 0.1750000000000001 0.55625 0.1750000000000001 0.55625 0.2734375000000001 0.6359375 0.2734375000000001
2 0.1296875 0.1546875 1.894375517431062e-17 0.1546875 2.7267526387265288e-17 0.290625 0.12968750000000004 0.290625
2 0.55 0.4578125 0.45625 0.4578125 0.45625 0.5640625 0.55 0.5640625
2 0.3390625000000001 0.890625 0.23437500000000008 0.890625 0.23437500000000008 0.9765625 0.3390625000000001 0.9765625
2 0.6765625 0.33281250000000007 0.6171875 0.33281250000000007 0.6171875 0.4171875 0.6765625 0.4171875
2 0.30312500000000003 0.2875 0.16093750000000004 0.2875 0.16093750000000004 0.4140625 0.3031250000000001 0.4140625
2 0.10468750000000004 0.296875 3.6356701849687046e-17 0.296875 4.286263797015736e-17 0.403125 0.10468750000000004 0.403125
2 0.05468750000000009 0.7625 9.337931843498569e-17 0.7625 9.596255777693713e-17 0.8046875 0.05468750000000009 0.8046875
2 0.959375 0.5437500000000002 0.8671875 0.5437500000000002 0.8671875 0.6406250000000002 0.959375 0.6406250000000002
2 0.2375000000000001 0.4453125 0.18125000000000005 0.4453125 0.18125000000000005 0.5171875 0.2375000000000001 0.5171875
2 0.07343750000000004 0.346875 4.247993584542381e-17 0.346875 4.802911665406026e-17 0.4375 0.07343750000000004 0.4375
2 0.4281250000000002 0.771875 0.3687500000000001 0.771875 0.3687500000000001 0.8515625 0.4281250000000002 0.8515625
2 0.07812500000000011 0.853125 0.0281250000000001 0.853125 0.028125000000000105 0.8953125 0.07812500000000011 0.8953125
2 0.9875 1.1538469060716468e-16 0.896875 1.0983550979852825e-16 0.896875 0.07812500000000011 0.9875 0.07812500000000011
2 0.4703125 0.45625 0.40625 0.45625 0.40625 0.575 0.4703125 0.575
2 0.4046875000000002 0.8671875 0.30937500000000007 0.8671875 0.30937500000000007 0.95 0.4046875000000002 0.95
2 0.640625 0.07812500000000008 0.575 0.07812500000000007 0.575 0.19531250000000008 0.640625 0.19531250000000008
2 0.5578125 0.528125 0.428125 0.528125 0.428125 0.5875 0.5578125 0.5875
2 0.459375 0.5640625 0.3859375000000001 0.5640625 0.3859375000000001 0.6453125 0.459375 0.6453125
2 0.3578125000000001 0.790625 0.30156250000000007 0.790625 0.30156250000000007 0.86875 0.3578125000000001 0.86875
2 0.15625000000000008 0.7671875 0.12343750000000009 0.7671875 0.12343750000000009 0.80625 0.15625000000000008 0.80625
2 0.440625 0.45625 0.3343750000000001 0.45625 0.3343750000000001 0.571875 0.440625 0.571875
2 0.3296875 0.10000000000000005 0.2640625 0.10000000000000005 0.2640625 0.17343750000000005 0.3296875 0.17343750000000005
2 0.2203125 0.16562500000000002 0.140625 0.165625 0.14062500000000003 0.25625 0.2203125 0.25625
2 0.12656250000000008 0.5140625 0.03906250000000007 0.5140625 0.03906250000000007 0.6109375 0.12656250000000008 0.6109375
2 0.6218750000000002 0.909375 0.5671875000000002 0.909375 0.5671875000000002 0.95625 0.6218750000000002 0.95625
2 0.8859375 0.3890625000000001 0.81875 0.3890625000000001 0.81875 0.44531250000000017 0.8859375 0.44531250000000017
2 1 0.07968750000000012 0.8578125 0.0796875000000001 0.8578125 0.17656250000000012 1 0.17656250000000012
2 0.18906250000000005 0.328125 0.11093750000000005 0.328125 0.11093750000000005 0.425 0.18906250000000005 0.425
2 0.40625000000000017 0.9375 0.33281250000000007 0.9375 0.33281250000000007 0.9765625 0.40625000000000017 0.9765625
2 0.6234375000000002 0.79375 0.46875000000000017 0.79375 0.46875000000000017 0.9203125 0.6234375000000002 0.9203125
2 0.2531250000000001 0.7609375 0.1687500000000001 0.7609375 0.1687500000000001 0.8640625 0.2531250000000001 0.8640625
2 0.4765625 0.2687500000000001 0.38125 0.2687500000000001 0.38125 0.3390625000000001 0.4765625 0.3390625000000001
2 0.11250000000000009 0.75625 0.07187500000000009 0.75625 0.07187500000000009 0.803125 0.11250000000000009 0.803125
2 0.7890625 0.5046875000000001 0.6984375 0.5046875 0.6984375 0.6453125000000001 0.7890625 0.6453125000000002
2 0.9375 0.3000000000000001 0.8453125 0.3000000000000001 0.8453125 0.3765625000000001 0.9375 0.3765625000000001
2 0.5687500000000002 0.928125 0.5015625000000001 0.928125 0.5015625000000001 0.9640625 0.5687500000000002 0.9640625
2 0.3000000000000001 0.634375 0.18906250000000008 0.634375 0.18906250000000008 0.7703125 0.3000000000000001 0.7703125
2 0.8125 0.01093750000000009 0.6484375 0.01093750000000008 0.6484375 0.1359375000000001 0.8125 0.1359375000000001
2 1 0.4890625000000002 0.88125 0.4890625000000002 0.88125 0.6156250000000002 1 0.6156250000000002
2 0.18125000000000008 0.6484375 0.10937500000000008 0.6484375 0.10937500000000008 0.7296875 0.18125000000000008 0.7296875
2 0.7312500000000002 0.81875 0.6250000000000002 0.81875 0.6250000000000002 0.925 0.7312500000000002 0.925
2 0.5359375 0.032812500000000064 0.4453125 0.03281250000000006 0.4453125 0.12812500000000004 0.5359375 0.12812500000000004
2 0.5296875 0.603125 0.45 0.603125 0.45 0.7015625 0.5296875 0.7015625
2 0.715625 0.4984375 0.6015625 0.4984375 0.6015625 0.7015625 0.715625 0.7015625
2 0.9828125 0.7031250000000002 0.8390625 0.7031250000000002 0.8390625 0.821875 0.9828125 0.821875
2 0.69375 0.01093750000000008 0.6015625 0.010937500000000076 0.6015625 0.10312500000000009 0.69375 0.10312500000000009
2 0.6578125000000001 0.7359375 0.5671875000000002 0.7359375 0.5671875000000002 0.834375 0.6578125000000001 0.834375
2 0.38906250000000003 0.32343750000000004 0.3390625 0.3234375 0.33906250000000004 0.38750000000000007 0.3890625000000001 0.38750000000000007
2 0.4625000000000002 0.9109375 0.40937500000000016 0.9109375 0.40937500000000016 0.9796875 0.4625000000000002 0.9796875
2 1 0.015625000000000118 0.9546875 0.015625000000000118 0.9546875 0.10625000000000014 1 0.10625000000000014
2 0.853125 0.3343750000000001 0.7359375 0.3343750000000001 0.7359375 0.3984375000000001 0.853125 0.3984375000000001
2 0.1453125 0.09062500000000001 0.02812500000000001 0.090625 0.028125000000000018 0.1828125 0.14531250000000004 0.1828125
2 0.3500000000000001 0.475 0.2687500000000001 0.475 0.2687500000000001 0.609375 0.3500000000000001 0.609375
2 0.3171875 0.12968750000000004 0.225 0.12968750000000004 0.225 0.2234375 0.3171875 0.2234375