2 0.928125 0.2375000000000001 0.84375 0.2375000000000001 0.84375 0.34062500000000007 0.928125 0.34062500000000007
2 0.2328125000000001 0.4953125 0.10781250000000005 0.4953125 0.10781250000000006 0.5703125 0.2328125000000001 0.5703125
2 0.4453125 0.07500000000000004 0.3609375 0.07500000000000004 0.3609375 0.15000000000000005 0.4453125 0.15000000000000005
2 0.12812500000000002 0.02187500000000001 2.678914873134835e-18 0.021875 1.3394574365674177e-17 0.196875 0.12812500000000004 0.196875
2 0.8609375 0.6687500000000001 0.6828125 0.66875 0.6828125 0.834375 0.8609375 0.834375
2 0.45625 0.559375 0.3812500000000001 0.559375 0.3812500000000001 0.615625 0.45625 0.615625
2 0.7593750000000001 0.753125 0.6468750000000002 0.753125 0.6468750000000002 0.8515625 0.7593750000000001 0.8515625
2 0.209375 0.2796875 0.16250000000000003 0.2796875 0.16250000000000003 0.3203125 0.209375 0.3203125
2 0.7609375 0.06875000000000009 0.65625 0.06875000000000009 0.65625 0.16406250000000008 0.7609375 0.16406250000000008
2 0.5296875 0.2328125000000001 0.4375 0.2328125000000001 0.4375 0.3343750000000001 0.5296875 0.3343750000000001
2 0.1500000000000001 0.90625 0.07656250000000012 0.90625 0.07656250000000012 1 0.15000000000000013 1
2 0.2562500000000001 0.7078125 0.07968750000000009 0.7078125 0.0796875000000001 0.8546875 0.2562500000000001 0.8546875
2 0.2578125000000001 0.415625 0.19687500000000005 0.415625 0.19687500000000005 0.4671875 0.2578125000000001 0.4671875
2 0.6390625 0.18125000000000008 0.5796875 0.18125000000000008 0.5796875 0.24375000000000008 0.6390625 0.24375000000000008
2 0.5515625000000002 0.76875 0.5171875000000001 0.76875 0.5171875000000001 0.8171875 0.5515625000000002 0.8171875
2 0.5546875 0.5609375 0.5015625 0.5609375 0.5015625 0.6515625 0.5546875 0.6515625
2 0.6812500000000001 0.771875 0.5890625000000002 0.771875 0.5890625000000002 0.8875 0.6812500000000001 0.8875
2 0.5515625 0.05625000000000006 0.4296875 0.05625000000000004 0.4296875 0.16718750000000007 0.5515625 0.1671875000000001
2 0.32031250000000006 0.340625 0.2296875 0.340625 0.22968750000000004 0.40625 0.3203125000000001 0.40625
2 0.390625 0.07968750000000005 0.328125 0.07968750000000005 0.328125 0.16406250000000006 0.390625 0.16406250000000006
2 0.8046875 0.5734375000000002 0.7546875 0.5734375000000002 0.7546875 0.6578125000000001 0.8046875 0.6578125000000001
2 0.3453125000000001 0.571875 0.25468750000000007 0.571875 0.25468750000000007 0.625 0.3453125000000001 0.625
2 0.490625 0.3656250000000001 0.4171875 0.3656250000000001 0.4171875 0.4640625 0.490625 0.4640625
2 0.37968750000000007 0.75 0.2828125000000001 0.75 0.2828125000000001 0.8640625 0.37968750000000007 0.8640625
2 0.4265625 0.25000000000000006 0.328125 0.25 0.328125 0.33437500000000003 0.4265625 0.3343750000000001
2 0.04218750000000006 0.428125 5.2430191088496056e-17 0.428125 5.884045167778298e-17 0.5328125 0.042187500000000065 0.5328125
2 0.3734375000000001 0.603125 0.2328125000000001 0.603125 0.2328125000000001 0.7390625 0.3734375000000001 0.7390625
2 0.7109375000000002 0.940625 0.6156250000000002 0.940625 0.6156250000000002 1 0.7109375000000002 1
2 0.8765625 0.86875 0.8203125 0.86875 0.8203125 0.9546875 0.8765625 0.9546875
2 0.784375 0.3265625000000001 0.6625 0.3265625000000001 0.6625 0.41875000000000007 0.784375 0.4187500000000002
2 0.75 0.2468750000000001 0.6359375 0.2468750000000001 0.6359375 0.3296875000000001 0.75 0.3296875000000001
2 1 0.6062500000000002 0.934375 0.6062500000000002 0.934375 0.6671875000000002 1 0.6671875000000002
2 0.5687500000000002 0.878125 0.48437500000000017 0.878125 0.48437500000000017 0.9890625 0.5687500000000002 0.9890625
2 0.5875000000000001 0.9390625 0.5484375000000001 0.9390625 0.5484375000000001 0.9921875 0.5875000000000001 0.9921875
2 0.609375 0.02031250000000007 0.553125 0.020312500000000067 0.553125 0.07500000000000007 0.609375 0.07500000000000007
2 0.02343750000000008 0.6171875 7.558366963487571e-17 0.6171875 7.835826003919394e-17 0.6625 0.023437500000000083 0.6625
2 0.3296875 0.225 0.275 0.225 0.275 0.3046875 0.3296875 0.3046875
2 0.6078125000000002 0.7640625 0.5546875000000002 0.7640625 0.5546875000000002 0.8 0.6078125000000002 0.8
2 0.521875 0.58125 0.4734375 0.58125 0.4734375 0.65 0.521875 0.65
2 0.1984375000000001 0.584375 0.12656250000000008 0.584375 0.12656250000000008 0.6515625 0.1984375000000001 0.6515625
2 0.7609375 0.5093750000000001 0.6859375 0.509375 0.6859375 0.6515625 0.7609375 0.6515625000000002
2 0.4828125 5.1856137901395736e-17 0.3640625 4.4584797531458325e-17 0.3640625 0.08593750000000006 0.4828125 0.08593750000000007
2 0.48750000000000016 0.7734375 0.37187500000000007 0.7734375 0.37187500000000007 0.9640625 0.48750000000000016 0.9640625
2 0.5 0.4515625 0.440625 0.4515625 0.440625 0.54375 0.5 0.54375
2 0.959375 0.3390625000000001 0.896875 0.3390625000000001 0.896875 0.3937500000000001 0.959375 0.3937500000000001
2 0.6390625 0.571875 0.5671875 0.571875 0.5671875 0.6890625 0.6390625 0.6890625
2 0.6125 0.2453125000000001 0.5390625 0.2453125000000001 0.5390625 0.2953125000000001 0.6125 0.2953125000000001
2 0.9296875 0.95625 0.84375 0.95625 0.84375 1 0.9296875 1
2 0.4140625 0.43125 0.3531250000000001 0.43125 0.3531250000000001 0.496875 0.4140625 0.496875
2 0.0296875 1.8178350924843522e-18 0 0 1.9135106236677394e-18 0.03125 0.0296875 0.03125
2 0.6546875 0.3625000000000001 0.5125 0.3625000000000001 0.5125 0.48125 0.6546875 0.48125
2 0.9921875 0.7734375000000002 0.8875 0.7734375000000002 0.8875 0.8640625 0.9921875 0.8640625
2 0.37187500000000007 0.39375000000000004 0.2640625000000001 0.39375 0.2640625000000001 0.4703125 0.37187500000000007 0.4703125
2 0.521875 0.453125 0.4578125 0.453125 0.4578125 0.5609375 0.521875 0.5609375
2 0.3609375000000001 0.540625 0.3125000000000001 0.540625 0.3125000000000001 0.596875 0.3609375000000001 0.596875
2 0.7625 0.1937500000000001 0.6578125 0.1937500000000001 0.6578125 0.3312500000000001 0.7625 0.3312500000000001
2 0.30625 0.014062500000000033 0.246875 0.014062500000000028 0.246875 0.06093750000000003 0.30625 0.06093750000000005
2 0.3265625000000001 0.7140625 0.2171875000000001 0.7140625 0.2171875000000001 0.8203125 0.3265625000000001 0.8203125
2 0.27812500000000007 0.4640625 0.17031250000000003 0.4640625 0.17031250000000003 0.5296875 0.27812500000000007 0.5296875
2 1 0.6984375000000002 0.928125 0.6984375000000002 0.928125 0.7531250000000002 1 0.7531250000000002
2 0.846875 0.5218750000000002 0.759375 0.5218750000000002 0.759375 0.5984375000000002 0.846875 0.5984375000000002
2 0.221875 0.11718750000000003 0.171875 0.1171875 0.17187500000000003 0.18750000000000003 0.221875 0.18750000000000006
2 0.12500000000000006 0.3921875 0.03906250000000004 0.3921875 0.03906250000000005 0.4671875 0.12500000000000006 0.4671875
2 0.615625 0.3046875000000001 0.525 0.3046875000000001 0.525 0.38750000000000007 0.615625 0.38750000000000007
2 0.6890625 0.471875 0.5828125 0.471875 0.5828125 0.575 0.6890625 0.575
2 0.5 0.2828125000000001 0.3875 0.2828125000000001 0.38750000000000007 0.3937500000000001 0.5 0.3937500000000001
2 0.584375 0.17031250000000006 0.46875 0.17031250000000003 0.46875 0.2484375000000001 0.584375 0.2484375000000001
2 0.3734375000000001 0.859375 0.2968750000000001 0.859375 0.2968750000000001 0.925 0.3734375000000001 0.925
2 0.0953125000000001 0.790625 9.682363755758761e-17 0.790625 1.0313822261569117e-16 0.89375 0.0953125000000001 0.89375
2 0.225 0.225 0.13437500000000005 0.225 0.13437500000000005 0.33125 0.225 0.33125
2 0.953125 0.825 0.890625 0.825 0.890625 0.878125 0.953125 0.878125
2 0.5203125000000002 0.9796875 0.3890625000000001 0.9796875 0.3890625000000001 1 0.5203125000000002 1
2 0.9890625 0.22031250000000008 0.896875 0.22031250000000008 0.896875 0.3500000000000001 0.9890625 0.3500000000000001
2 0.3234375000000001 0.9125 0.18906250000000013 0.9125 0.18906250000000013 1 0.3234375000000001 1
2 0.6375 0.10156250000000008 0.5765625 0.10156250000000008 0.5765625 0.1859375000000001 0.6375 0.1859375000000001
2 0.1390625000000001 0.6859375 0.017187500000000085 0.6859375 0.017187500000000088 0.7640625 0.1390625000000001 0.7640625
2 0.5625000000000001 0.60625 0.3890625000000001 0.60625 0.3890625000000001 0.79375 0.5625000000000002 0.79375
2 0.08281250000000007 0.559375 0.009375000000000069 0.559375 0.009375000000000073 0.6109375 0.08281250000000007 0.6109375
2 0.6359375 0.703125 0.5515625 0.703125 0.5515625000000001 0.7734375 0.6359375000000002 0.7734375
2 0.4265625 0.49375 0.3671875000000001 0.49375 0.3671875000000001 0.5546875 0.4265625 0.5546875
2 0.2875 0.17968750000000006 0.24375 0.17968750000000006 0.24375 0.246875 0.2875 0.246875
2 0.3734375000000001 0.4515625 0.31718750000000007 0.4515625 0.31718750000000007 0.5046875 0.3734375000000001 0.5046875
2 0.6046875000000002 0.88125 0.5593750000000002 0.88125 0.5593750000000002 0.946875 0.6046875000000002 0.946875
2 0.1531250000000001 0.6 0.08281250000000007 0.6 0.08281250000000008 0.6578125 0.1531250000000001 0.6578125
2 0.9453125 0.7125000000000001 0.8546875 0.7125000000000001 0.8546875 0.8046875 0.9453125 0.8046875
2 0.84375 0.9546875 0.7687500000000002 0.9546875 0.7687500000000002 1 0.84375 1
2 0.3109375000000001 0.50625 0.24218750000000008 0.50625 0.24218750000000008 0.5734375 0.3109375000000001 0.5734375
2 0.3812500000000001 0.953125 0.3203125000000001 0.953125 0.3203125000000001 1 0.3812500000000001 1
2 0.846875 0.8265625 0.6390625000000002 0.8265625 0.6390625000000002 0.9796875 0.846875 0.9796875
2 0.13906250000000003 0.246875 0.05468750000000002 0.246875 0.054687500000000035 0.3234375 0.13906250000000003 0.3234375
2 0.22968750000000004 0.315625 0.13125000000000003 0.315625 0.13125000000000003 0.3828125 0.2296875000000001 0.3828125
2 0.5125000000000002 0.7859375 0.4703125000000002 0.7859375 0.4703125000000002 0.840625 0.5125000000000002 0.840625
2 0.596875 0.6140625 0.5421875 0.6140625 0.5421875 0.696875 0.596875 0.696875
2 0.15 1.3968627552774498e-17 0.078125 9.567553118338697e-18 0.078125 0.04218750000000002 0.15 0.042187500000000024
2 0.08750000000000005 0.3515625 4.305398903252414e-17 0.3515625 4.7359387935776545e-17 0.421875 0.08750000000000005 0.421875
2 0.05312500000000009 0.6375 7.807123344564376e-17 0.6375 8.323771212954667e-17 0.721875 0.05312500000000009 0.721875