2 0.9765625 0.2484375000000001 0.8875 0.2484375000000001 0.8875 0.35625000000000007 0.9765625 0.35625000000000007
2 0.2453125000000001 0.51875 0.11406250000000004 0.51875 0.11406250000000007 0.5984375 0.2453125000000001 0.5984375
2 0.4671875 0.07656250000000006 0.3796875 0.07656250000000005 0.3796875 0.15625000000000006 0.4671875 0.15625000000000006
2 0.13437500000000002 0.02187500000000001 2.678914873134835e-18 0.021875 1.3968627552774498e-17 0.20625 0.13437500000000005 0.20625
2 0.90625 0.7015625000000001 0.71875 0.7015625 0.7187500000000001 0.875 0.90625 0.875
2 0.4796875 0.5875 0.4 0.5875 0.4 0.6453125 0.4796875 0.6453125
2 0.7968750000000002 0.7906250000000001 0.6796875000000002 0.790625 0.6796875000000002 0.89375 0.7968750000000002 0.89375
2 0.21875 0.29375 0.17031250000000003 0.29375 0.17031250000000003 0.3359375 0.21875 0.3359375
2 0.8 0.07031250000000008 0.690625 0.07031250000000008 0.690625 0.1703125000000001 0.8 0.1703125000000001
2 0.5578125 0.24375000000000008 0.4609375 0.24375000000000008 0.4609375 0.3515625000000001 0.5578125 0.3515625000000001
2 0.15781250000000013 0.953125 0.0875000000000001 0.953125 0.08750000000000012 1 0.15781250000000013 1
2 0.2687500000000001 0.7421875 0.08437500000000009 0.7421875 0.0843750000000001 0.896875 0.2687500000000001 0.896875
2 0.27031250000000007 0.4359375 0.2062500000000001 0.4359375 0.2062500000000001 0.4890625 0.27031250000000007 0.4890625
2 0.671875 0.18906250000000008 0.609375 0.18906250000000008 0.609375 0.25468750000000007 0.671875 0.25468750000000007
2 0.5796875000000001 0.80625 0.5437500000000002 0.80625 0.5437500000000002 0.8578125 0.5796875000000001 0.8578125
2 0.5828125 0.5875 0.5265625 0.5875 0.5265625 0.6828125 0.5828125 0.6828125
2 0.7156250000000002 0.809375 0.6187500000000001 0.809375 0.6187500000000001 0.93125 0.7156250000000002 0.93125
2 0.5796875 0.05781250000000006 0.4515625 0.057812500000000044 0.4515625 0.17343750000000008 0.5796875 0.17343750000000008
2 0.33593750000000006 0.3578125 0.240625 0.3578125 0.24062500000000003 0.4265625 0.3359375000000001 0.4265625
2 0.409375 0.08281250000000004 0.34375 0.08281250000000004 0.34375 0.17031250000000003 0.409375 0.17031250000000003
2 0.8453125 0.6015625000000002 0.7921875 0.6015625000000002 0.7921875 0.6890625000000001 0.8453125 0.6890625000000001
2 0.3625000000000001 0.6 0.2671875000000001 0.6 0.2671875000000001 0.65625 0.3625000000000001 0.65625
2 0.515625 0.3843750000000001 0.4390625 0.3843750000000001 0.4390625 0.4875 0.515625 0.4875
2 0.3984375000000001 0.7875 0.2953125000000001 0.7875 0.2953125000000001 0.90625 0.3984375000000001 0.90625
2 0.4484375 0.26093750000000004 0.3453125 0.2609375 0.3453125 0.35000000000000003 0.4484375 0.3500000000000001
2 0.04531250000000006 0.4484375 5.4917754899264124e-17 0.4484375 6.17107176132846e-17 0.559375 0.04531250000000007 0.559375
2 0.3921875000000001 0.6328125 0.2453125000000001 0.6328125 0.2453125000000001 0.775 0.3921875000000001 0.775
2 0.921875 0.9109375 0.8625 0.9109375 0.8625 1 0.921875 1
2 0.825 0.3421875000000001 0.696875 0.3421875000000001 0.696875 0.4390625000000001 0.825 0.4390625000000002
2 0.7890625 0.2578125000000001 0.66875 0.2578125000000001 0.66875 0.3437500000000001 0.7890625 0.3437500000000001
2 0.5984375000000002 0.9203125 0.5093750000000001 0.9203125 0.5093750000000001 1 0.5984375000000002 1
2 0.6390625 0.020312500000000074 0.58125 0.020312500000000074 0.58125 0.07812500000000008 0.6390625 0.07812500000000008
2 0.02343750000000008 0.6484375 7.941069088221118e-17 0.6484375 8.22809568177128e-17 0.6953125 0.023437500000000083 0.6953125
2 0.346875 0.2359375 0.2890625 0.2359375 0.2890625 0.31875 0.346875 0.31875
2 0.6390625000000002 0.803125 0.5828125000000002 0.803125 0.5828125000000002 0.840625 0.6390625000000002 0.840625
2 0.5484375 0.609375 0.496875 0.609375 0.496875 0.6828125 0.5484375 0.6828125
2 0.2093750000000001 0.6125 0.13281250000000008 0.6125 0.13281250000000008 0.684375 0.2093750000000001 0.684375
2 0.8 0.5328125000000001 0.7203125 0.5328125 0.7203125 0.6828125 0.8 0.6828125000000002
2 0.5078125 5.4535052774530576e-17 0.3828125 4.6881010279859617e-17 0.3828125 0.08906250000000006 0.5078125 0.08906250000000007
2 0.5125000000000002 0.8109375 0.3906250000000001 0.8109375 0.3906250000000001 1 0.5125000000000002 1
2 0.525 0.4734375 0.4625 0.4734375 0.4625 0.5703125 0.525 0.5703125
2 1 0.35625000000000007 0.940625 0.35625000000000007 0.940625 0.4125000000000002 1 0.4125000000000002
2 0.6734375 0.6 0.596875 0.6 0.596875 0.721875 0.6734375 0.721875
2 0.64375 0.2562500000000001 0.565625 0.2562500000000001 0.565625 0.30937500000000007 0.64375 0.30937500000000007
2 0.4359375 0.4515625 0.37187500000000007 0.4515625 0.37187500000000007 0.5203125 0.4359375 0.5203125
2 0.03125 1.9135106236677394e-18 0 0 1.9135106236677394e-18 0.03125 0.03125 0.03125
2 0.6875 0.37968750000000007 0.5375 0.37968750000000007 0.5375 0.5046875 0.6875 0.5046875
2 1 0.8109375 0.9328125 0.8109375 0.9328125 0.89375 1 0.89375
2 0.3906250000000001 0.4125 0.27812500000000007 0.4125 0.27812500000000007 0.4921875 0.3906250000000001 0.4921875
2 0.5484375 0.475 0.48125 0.475 0.48125 0.5890625 0.5484375 0.5890625
2 0.37968750000000007 0.5671875 0.3281250000000001 0.5671875 0.3281250000000001 0.6265625 0.37968750000000007 0.6265625
2 0.8 0.20312500000000008 0.690625 0.20312500000000008 0.690625 0.34843750000000007 0.8 0.34843750000000007
2 0.321875 0.012500000000000035 0.259375 0.012500000000000034 0.259375 0.06093750000000003 0.321875 0.06093750000000005
2 0.3421875000000001 0.75 0.22812500000000008 0.75 0.22812500000000008 0.8609375 0.3421875000000001 0.8609375
2 0.2921875000000001 0.4875 0.17968750000000006 0.4875 0.17968750000000006 0.55625 0.2921875000000001 0.55625
2 1 0.7328125000000002 0.975 0.7328125000000002 0.975 0.7703125000000002 1 0.7703125000000002
2 0.8890625 0.5468750000000002 0.7984375 0.5468750000000002 0.7984375 0.6281250000000002 0.8890625 0.6281250000000002
2 0.234375 0.12187500000000002 0.18125 0.121875 0.18125000000000002 0.19531250000000003 0.234375 0.19531250000000006
2 0.13125000000000003 0.4109375 0.04062500000000006 0.4109375 0.04062500000000006 0.4890625 0.13125000000000003 0.4890625
2 0.646875 0.3187500000000001 0.5515625 0.3187500000000001 0.5515625 0.4046875 0.646875 0.4046875
2 0.725 0.4953125 0.6125 0.4953125 0.6125 0.603125 0.725 0.603125
2 0.525 0.2953125000000001 0.40625 0.2953125000000001 0.40625 0.4125 0.525 0.4125
2 0.6140625 0.17812500000000006 0.4921875 0.17812500000000003 0.4921875 0.2593750000000001 0.6140625 0.2593750000000001
2 0.3921875000000001 0.903125 0.3125000000000001 0.903125 0.3125000000000001 0.971875 0.3921875000000001 0.971875
2 0.10000000000000012 0.8296875 1.0160741411675695e-16 0.8296875 1.0830470129959405e-16 0.9390625 0.10000000000000013 0.9390625
2 0.2359375 0.234375 0.14062500000000006 0.234375 0.14062500000000006 0.346875 0.2359375 0.346875
2 1 0.8671875 0.934375 0.8671875 0.934375 0.9234375 1 0.9234375
2 1 0.2312500000000001 0.9421875 0.2312500000000001 0.9421875 0.3390625000000001 1 0.3390625000000001
2 0.3281250000000001 0.9578125 0.19843750000000013 0.9578125 0.19843750000000013 1 0.3281250000000001 1
2 0.6703125 0.10468750000000009 0.60625 0.10468750000000009 0.60625 0.1921875000000001 0.6703125 0.1921875000000001
2 0.1468750000000001 0.7203125 0.01875000000000009 0.7203125 0.018750000000000093 0.8015625 0.1468750000000001 0.8015625
2 0.5921875000000001 0.6359375 0.409375 0.6359375 0.4093750000000001 0.8328125 0.5921875000000002 0.8328125
2 0.08750000000000008 0.5859375 0.009375000000000073 0.5859375 0.009375000000000074 0.640625 0.08750000000000009 0.640625
2 0.6671875000000002 0.7390625 0.5796875000000001 0.7390625 0.5796875000000001 0.8125 0.6671875000000002 0.8125
2 0.4484375 0.5171875 0.3859375000000001 0.5171875 0.3859375000000001 0.58125 0.4484375 0.58125
2 0.3015625 0.18750000000000006 0.25625 0.18750000000000006 0.25625 0.2578125 0.3015625 0.2578125
2 0.3921875000000001 0.4734375 0.33281250000000007 0.4734375 0.33281250000000007 0.5296875 0.3921875000000001 0.5296875
2 0.6343750000000001 0.925 0.5875000000000001 0.925 0.5875000000000001 0.99375 0.6343750000000001 0.99375
2 0.1609375000000001 0.6296875 0.08750000000000006 0.6296875 0.08750000000000008 0.690625 0.1609375000000001 0.690625
2 0.99375 0.7468750000000002 0.8984375 0.7468750000000002 0.8984375 0.84375 0.99375 0.84375
2 0.3265625000000001 0.53125 0.25468750000000007 0.53125 0.25468750000000007 0.6015625 0.3265625000000001 0.6015625
2 0.8890625 0.8671875 0.6718750000000002 0.8671875 0.6718750000000002 1 0.8890625 1
2 0.14531250000000004 0.2578125 0.057812500000000024 0.2578125 0.05781250000000003 0.3390625 0.14531250000000004 0.3390625
2 0.24062500000000003 0.3296875 0.13750000000000004 0.3296875 0.13750000000000004 0.4 0.2406250000000001 0.4
2 0.5390625000000002 0.825 0.49531250000000016 0.825 0.49531250000000016 0.8828125 0.5390625000000002 0.8828125
2 0.6265625000000001 0.64375 0.5703125 0.64375 0.5703125000000001 0.73125 0.6265625000000001 0.73125
2 0.1578125 1.4829707333424978e-17 0.084375 1.0332957367805793e-17 0.084375 0.04375000000000002 0.1578125 0.043750000000000025
2 0.09062500000000004 0.36875 4.5158850718558645e-17 0.36875 4.9655600684177836e-17 0.4421875 0.09062500000000004 0.4421875
2 0.05468750000000009 0.66875 8.189825469297925e-17 0.66875 8.73517599704323e-17 0.7578125 0.05468750000000009 0.7578125