2 0.1312500000000001 0.6828125 0.04531250000000009 0.6828125 0.045312500000000096 0.7875 0.1312500000000001 0.7875
2 0.8828125 0.4468750000000002 0.7546875 0.4468750000000002 0.7546875 0.5234375000000002 0.8828125 0.5234375000000002
2 0.6234375000000002 0.8765625 0.5375000000000002 0.8765625 0.5375000000000002 0.953125 0.6234375000000002 0.953125
2 1 0.828125 0.8625 0.828125 0.8625 1 1 1
2 0.2953125 0.17812500000000003 0.1125 0.178125 0.11250000000000002 0.346875 0.2953125 0.346875
2 0.603125 0.4 0.5265625 0.4 0.5265625 0.45625 0.603125 0.45625
2 0.3328125 0.15937500000000004 0.21875 0.15937500000000004 0.21875 0.2609375 0.3328125 0.2609375
2 0.8265625 0.7031250000000002 0.7796875 0.7031250000000002 0.7796875000000001 0.7437500000000001 0.8265625 0.7437500000000001
2 0.3234375000000001 0.8625 0.2171875000000001 0.8625 0.2171875000000001 0.959375 0.3234375000000001 0.959375
2 0.5453125000000001 0.6875 0.4515625 0.6875 0.4515625000000001 0.7921875 0.5453125000000002 0.7921875
2 0.91875 1.0773064811249373e-16 0.840625 1.0294687155332437e-16 0.840625 0.1031250000000001 0.91875 0.10312500000000013
2 0.9125 0.1562500000000001 0.7328125 0.15625000000000008 0.7328125 0.3078125000000001 0.9125 0.3078125000000001
2 0.79375 0.5531250000000002 0.73125 0.5531250000000002 0.73125 0.6046875000000002 0.79375 0.6046875000000002
2 0.40156250000000016 0.78125 0.34062500000000007 0.78125 0.34062500000000007 0.8453125 0.40156250000000016 0.8453125
2 0.4640625 0.19531250000000006 0.4296875 0.19531250000000006 0.4296875 0.2453125000000001 0.4640625 0.2453125000000001
2 0.48125 0.3656250000000001 0.4265625 0.3656250000000001 0.4265625 0.4578125 0.48125 0.4578125
2 0.3921875 0.12343750000000005 0.296875 0.12343750000000005 0.296875 0.24218750000000006 0.3921875 0.24218750000000008
2 0.5546875000000002 0.859375 0.4312500000000002 0.859375 0.4312500000000002 0.971875 0.5546875000000002 0.971875
2 0.759375 0.6156250000000001 0.665625 0.615625 0.665625 0.6812500000000001 0.759375 0.6812500000000001
2 0.6593750000000002 0.8625 0.5953125000000001 0.8625 0.5953125000000001 0.9484375 0.6593750000000002 0.9484375
2 0.22343750000000004 0.3578125 0.17187500000000006 0.3578125 0.17187500000000006 0.44375 0.2234375000000001 0.44375
2 0.7328125 0.3906250000000001 0.640625 0.3906250000000001 0.640625 0.4453125000000001 0.7328125 0.44531250000000017
2 0.5671875 0.55625 0.4921875 0.55625 0.4921875 0.65625 0.5671875 0.65625
2 0.70625 0.14843750000000008 0.60625 0.14843750000000008 0.60625 0.2640625000000001 0.70625 0.2640625000000001
2 0.6578125000000001 0.6890625 0.5578125 0.6890625 0.5578125 0.775 0.6578125000000001 0.775
2 1 0.4859375000000002 0.95 0.4859375000000002 0.95 0.5968750000000002 1 0.5968750000000002
2 0.75625 0.2750000000000001 0.6125 0.2750000000000001 0.6125 0.4140625000000001 0.75625 0.41406250000000017
2 0.3640625 3.8461563535721554e-17 0.2640625 3.2338329539984796e-17 0.2640625 0.06875000000000003 0.3640625 0.06875000000000005
2 0.15625 0.05468750000000002 0.0984375 0.05468750000000002 0.09843750000000001 0.14375 0.15625 0.14375
2 0.31718750000000007 0.6015625 0.1921875000000001 0.6015625 0.1921875000000001 0.696875 0.31718750000000007 0.696875
2 0.3437500000000001 0.69375 0.22656250000000008 0.69375 0.22656250000000008 0.778125 0.3437500000000001 0.778125
2 0.03906250000000005 0.346875 4.247993584542381e-17 0.346875 4.6306957092759285e-17 0.409375 0.039062500000000056 0.409375
2 0.4984375 0.018750000000000055 0.4125 0.01875000000000005 0.4125 0.13281250000000006 0.4984375 0.13281250000000006
2 0.434375 0.015625000000000052 0.39375 0.01562500000000005 0.39375 0.07031250000000004 0.434375 0.07031250000000004
2 0.4281250000000002 0.9515625 0.37187500000000007 0.9515625 0.37187500000000007 1 0.4281250000000002 1
2 1 0.3453125000000001 0.96875 0.3453125000000001 0.96875 0.4000000000000002 1 0.4000000000000002
2 0.7125000000000001 0.71875 0.65625 0.71875 0.6562500000000001 0.8 0.7125000000000001 0.8
2 0.4265625 0.21093750000000008 0.371875 0.21093750000000008 0.371875 0.2484375000000001 0.4265625 0.2484375000000001
2 0.5109375 0.3656250000000001 0.4609375 0.3656250000000001 0.4609375 0.4359375 0.5109375 0.4359375
2 0.8640625 0.36406250000000007 0.790625 0.36406250000000007 0.790625 0.43281250000000016 0.8640625 0.43281250000000016
2 0.2921875000000001 0.3640625 0.2156250000000001 0.3640625 0.2156250000000001 0.509375 0.2921875000000001 0.509375
2 0.6203125000000002 0.940625 0.5000000000000002 0.940625 0.5000000000000002 1 0.6203125000000002 1
2 0.6140625 0.04531250000000007 0.4953125 0.045312500000000054 0.4953125 0.2390625000000001 0.6140625 0.2390625000000001
2 0.54375 0.4734375 0.4828125 0.4734375 0.4828125 0.5671875 0.54375 0.5671875
2 0.07812500000000008 0.628125 0.014062500000000078 0.628125 0.01406250000000008 0.6828125 0.07812500000000008 0.6828125
2 0.4140625 0.32656250000000003 0.340625 0.3265625 0.34062500000000007 0.4453125 0.4140625 0.4453125
2 0.4437500000000002 0.728125 0.3687500000000001 0.728125 0.3687500000000001 0.7796875 0.4437500000000002 0.7796875
2 0.13125 0.003125000000000011 0.04375 0.0031250000000000054 0.043750000000000004 0.05312500000000001 0.13125 0.05312500000000002
2 0.6328125 0.5234375 0.5703125 0.5234375 0.5703125 0.5890625 0.6328125 0.5890625
2 0.4703125 0.5375 0.32500000000000007 0.5375 0.32500000000000007 0.6578125 0.4703125 0.6578125
2 0.08593750000000003 0.1484375 1.8178350924843523e-17 0.1484375 2.382320726466335e-17 0.240625 0.08593750000000003 0.240625
2 0.7234375 0.55 0.6140625 0.55 0.6140625 0.628125 0.7234375 0.628125
2 0.525 0.45625 0.4609375 0.45625 0.4609375 0.5671875 0.525 0.5671875
2 0.675 0.4203125 0.625 0.4203125 0.625 0.478125 0.675 0.478125
2 0.3218750000000001 0.690625 0.2156250000000001 0.690625 0.2156250000000001 0.83125 0.3218750000000001 0.83125
2 0.7406250000000002 0.96875 0.6796875000000002 0.96875 0.6796875000000002 1 0.7406250000000002 1
2 0.7703125 0.1921875000000001 0.659375 0.1921875000000001 0.659375 0.3000000000000001 0.7703125 0.3000000000000001
2 0.81875 0.48906250000000007 0.709375 0.4890625 0.709375 0.5562500000000001 0.81875 0.5562500000000001
2 0.04375000000000003 0.259375 3.1764276352884476e-17 0.259375 3.5208595475486407e-17 0.315625 0.04375000000000003 0.315625
2 0.2171875000000001 0.4171875 0.12812500000000004 0.4171875 0.12812500000000004 0.496875 0.2171875000000001 0.496875
2 0.8171875 0.8375 0.7656250000000002 0.8375 0.7656250000000002 0.909375 0.8171875 0.909375
2 0.953125 0.5515625000000002 0.865625 0.5515625000000002 0.865625 0.6281250000000002 0.953125 0.6281250000000002
2 0.45625 0.634375 0.36406250000000007 0.634375 0.36406250000000007 0.71875 0.45625 0.71875
2 0.3984375000000001 0.4421875 0.2890625000000001 0.4421875 0.2890625000000001 0.546875 0.3984375000000001 0.546875
2 0.5984375000000001 0.6265625 0.4828125 0.6265625 0.4828125000000001 0.740625 0.5984375000000002 0.740625
2 0.5140625000000002 0.7765625 0.3968750000000001 0.7765625 0.3968750000000001 0.85625 0.5140625000000002 0.85625
2 0.690625 0.08593750000000008 0.6125 0.08593750000000007 0.6125 0.1515625000000001 0.690625 0.1515625000000001
2 1 0.11562500000000012 0.8953125 0.11562500000000009 0.8953125 0.2218750000000001 1 0.2218750000000001
2 0.85625 0.6906250000000002 0.7640625 0.6906250000000002 0.7640625000000001 0.8 0.85625 0.8
2 0.08437500000000002 0.13125 0.020312500000000018 0.13125 0.020312500000000018 0.1859375 0.08437500000000002 0.1859375
2 0.6046875 6.496368567351975e-17 0.45625 5.587451021109799e-17 0.45625 0.028125000000000067 0.6046875 0.028125000000000077
2 0.07656250000000009 0.690625 8.457716956611408e-17 0.690625 9.16571588736847e-17 0.80625 0.07656250000000009 0.80625
2 0.8 8.945662165646683e-17 0.6609375 8.094149938114538e-17 0.6609375 0.09687500000000009 0.8 0.09687500000000009
2 0.4046875000000002 0.840625 0.3421875000000001 0.840625 0.3421875000000001 0.9265625 0.4046875000000002 0.9265625
2 0.975 0.2500000000000001 0.8515625 0.2500000000000001 0.8515625 0.3296875000000001 0.975 0.3296875000000001
2 0.596875 0.22031250000000008 0.41875 0.22031250000000008 0.41875 0.4109375 0.596875 0.4109375
2 0.9828125 0.40625000000000017 0.9078125 0.40625000000000017 0.9078125 0.4593750000000002 0.9828125 0.4593750000000002
2 0.4296875 0.23906250000000004 0.34375 0.2390625 0.34375 0.31093750000000003 0.4296875 0.3109375000000001
2 0.61875 0.4640625 0.5578125 0.4640625 0.5578125 0.5265625 0.61875 0.5265625
2 0.7437500000000001 0.7781250000000001 0.7000000000000002 0.778125 0.7000000000000002 0.846875 0.7437500000000001 0.846875
2 0.6703125 0.5140625 0.6125 0.5140625 0.6125 0.56875 0.6703125 0.56875
2 0.421875 0.06250000000000004 0.3765625 0.06250000000000004 0.3765625 0.12968750000000004 0.421875 0.12968750000000004
2 0.9078125 0.3578125000000001 0.8359375 0.3578125000000001 0.8359375 0.41718750000000016 0.9078125 0.41718750000000016
2 0.12031250000000004 0.2078125 0.02812500000000002 0.2078125 0.02812500000000003 0.303125 0.12031250000000004 0.303125
2 0.2078125 2.076159026679497e-17 0.13125 1.607348923880901e-17 0.13125 0.05312500000000002 0.2078125 0.05312500000000002
2 0.746875 0.4437500000000001 0.6765625 0.44375 0.6765625 0.5125000000000001 0.746875 0.5125000000000002
2 0.665625 7.768853132091023e-17 0.603125 7.386151007357474e-17 0.603125 0.054687500000000076 0.665625 0.05468750000000009
2 0.340625 0.02812500000000003 0.1296875 0.02812500000000001 0.1296875 0.18593750000000003 0.340625 0.18593750000000003
2 0.9375 0.7000000000000002 0.8515625 0.7000000000000002 0.8515625 0.7781250000000002 0.9375 0.7781250000000002
2 0.859375 0.6390625000000002 0.7578125 0.6390625000000002 0.7578125 0.7078125000000002 0.859375 0.7078125000000002
2 0.5125 0.17031250000000003 0.4703125 0.17031250000000003 0.4703125 0.22656250000000008 0.5125 0.22656250000000008
2 0.4390625 0.3187500000000001 0.384375 0.3187500000000001 0.384375 0.403125 0.4390625 0.403125
2 0.9015625 0.9859375 0.840625 0.9859375 0.840625 1 0.9015625 1
2 1 0.5984375000000002 0.9046875 0.5984375000000002 0.9046875 0.6703125000000002 1 0.6703125000000002
2 1 0.2921875000000001 0.9390625 0.2921875000000001 0.9390625 0.3781250000000001 1 0.3781250000000001