2 0.43750000000000017 0.8671875 0.34843750000000007 0.8671875 0.34843750000000007 0.9453125 0.43750000000000017 0.9453125
2 0.14843750000000006 0.290625 0.07968750000000005 0.290625 0.07968750000000005 0.3703125 0.14843750000000006 0.3703125
2 0.18906250000000002 0.13125000000000003 0.05312500000000002 0.13125 0.05312500000000002 0.221875 0.18906250000000005 0.221875
2 0.571875 0.525 0.4171875 0.525 0.4171875 0.7109375 0.571875 0.7109375
2 0.5140625 0.4328125 0.2500000000000001 0.4328125 0.2500000000000001 0.6703125 0.5140625 0.6703125
2 0.2796875000000001 0.540625 0.16718750000000004 0.540625 0.16718750000000007 0.625 0.2796875000000001 0.625
2 0.17500000000000002 0.01875000000000001 0.009375000000000003 0.01875 0.009375000000000015 0.23125 0.17500000000000004 0.23125
2 0.11562500000000005 0.359375 0.06093750000000005 0.359375 0.06093750000000005 0.434375 0.11562500000000005 0.434375
2 0.4296875000000001 0.6453125 0.2140625000000001 0.6453125 0.2140625000000001 0.840625 0.42968750000000017 0.840625
2 0.11250000000000004 0.2375 0.057812500000000024 0.2375 0.05781250000000003 0.2921875 0.11250000000000004 0.2921875
2 0.2171875000000001 0.41875 0.13125000000000003 0.41875 0.13125000000000003 0.4875 0.2171875000000001 0.4875
2 0.2843750000000001 0.4234375 0.20312500000000008 0.4234375 0.20312500000000008 0.4859375 0.2843750000000001 0.4859375
2 0.3421875 0.06406250000000004 0.203125 0.06406250000000002 0.203125 0.18437500000000004 0.3421875 0.18437500000000004
2 0.4890625000000002 0.940625 0.4187500000000002 0.940625 0.4187500000000002 0.9796875 0.4890625000000002 0.9796875
2 0.5265625 0.19062500000000004 0.3703125 0.19062500000000004 0.37031250000000004 0.4453125 0.5265625 0.4453125
2 0.5312500000000002 0.790625 0.37968750000000007 0.790625 0.37968750000000007 0.9109375 0.5312500000000002 0.9109375
2 0.06406250000000009 0.6390625 7.826258450801054e-17 0.6390625 8.247230788007957e-17 0.7078125 0.06406250000000009 0.7078125
2 0.37031250000000004 0.31562500000000004 0.2953125 0.315625 0.29531250000000003 0.37812500000000004 0.3703125000000001 0.3781250000000001
2 0.725 0.3421875000000001 0.6078125 0.3421875000000001 0.6078125 0.4203125 0.725 0.4203125
2 0.21875 0.043750000000000025 0.184375 0.043750000000000025 0.184375 0.08437500000000002 0.21875 0.08437500000000002
2 0.14531250000000012 0.9109375 0.04062500000000011 0.9109375 0.04062500000000012 1 0.14531250000000012 1
2 0.6453125000000001 0.65625 0.5890625 0.65625 0.5890625 0.73125 0.6453125000000002 0.73125
2 1 0.09218750000000012 0.9234375 0.09218750000000012 0.9234375 0.2218750000000001 1 0.2218750000000001
2 0.6546875 0.04062500000000007 0.5671875 0.040625000000000064 0.5671875 0.11562500000000009 0.6546875 0.11562500000000009
2 0.7703125000000001 0.6718750000000001 0.68125 0.671875 0.6812500000000001 0.7593750000000001 0.7703125000000002 0.7593750000000001
2 0.06093750000000003 0.2109375 2.583239341951448e-17 0.2109375 3.023346785395028e-17 0.2828125 0.06093750000000005 0.2828125
2 0.17343750000000008 0.546875 0.08125000000000007 0.546875 0.08125000000000007 0.6015625 0.17343750000000008 0.6015625
2 0.3734375 0.2515625 0.2578125 0.2515625 0.2578125 0.34843750000000007 0.3734375 0.34843750000000007
2 0.44375 0.14375000000000004 0.3421875 0.14375000000000004 0.3421875 0.25781250000000006 0.44375 0.2578125000000001
2 0.4078125 4.582857943684235e-17 0.340625 4.171453159595672e-17 0.340625 0.05625000000000004 0.4078125 0.05625000000000004
2 0.4171875 0.06875000000000005 0.31875 0.06875000000000005 0.31875 0.14687500000000003 0.4171875 0.14687500000000003
2 0.3500000000000001 0.3796875 0.2968750000000001 0.3796875 0.2968750000000001 0.4546875 0.3500000000000001 0.4546875
2 0.28125 2.918103701093302e-17 0.1953125 2.3918882795846743e-17 0.1953125 0.08593750000000003 0.28125 0.08593750000000004
2 0.47656250000000017 0.909375 0.3312500000000001 0.909375 0.3312500000000001 1 0.47656250000000017 1
2 0.5375 0.04375000000000006 0.4125 0.04375000000000005 0.4125 0.20312500000000008 0.5375 0.20312500000000008
2 0.3515625000000001 0.9421875 0.14531250000000012 0.9421875 0.14531250000000012 1 0.3515625000000001 1
2 0.734375 0.10312500000000009 0.6265625 0.10312500000000009 0.6265625 0.1984375000000001 0.734375 0.1984375000000001
2 0.5609375000000002 0.95 0.5046875000000002 0.95 0.5046875000000002 1 0.5609375000000002 1
2 0.19531250000000008 0.6328125 0.09375000000000007 0.6328125 0.09375000000000008 0.7875 0.19531250000000008 0.7875
2 0.4984375000000002 0.971875 0.40937500000000016 0.971875 0.40937500000000016 1 0.4984375000000002 1
2 0.2171875 0.15000000000000002 0.06875000000000002 0.15 0.06875000000000003 0.3046875 0.2171875 0.3046875
2 0.10625 0.05312500000000001 0.03437500000000001 0.053125 0.03437500000000001 0.134375 0.10625 0.134375
2 0.1453125000000001 0.703125 8.610797806504827e-17 0.703125 9.433607374681953e-17 0.8375 0.1453125000000001 0.8375
2 0.284375 0.19062500000000002 0.15156250000000004 0.190625 0.15156250000000004 0.2796875 0.284375 0.2796875
2 0.58125 0.70625 0.453125 0.70625 0.4531250000000001 0.815625 0.5812500000000002 0.815625