2 0.965625 0.6125000000000002 0.884375 0.6125000000000002 0.884375 0.7062500000000002 0.965625 0.7062500000000002
2 0.3656250000000001 0.9140625 0.2828125000000001 0.9140625 0.2828125000000001 0.9859375 0.3656250000000001 0.9859375
2 0.2093750000000001 0.871875 0.11562500000000009 0.871875 0.11562500000000012 1 0.2093750000000001 1
2 0.7203125 0.471875 0.5265625 0.471875 0.5265625 0.634375 0.7203125 0.634375
2 0.6781250000000001 0.534375 0.4296875 0.534375 0.4296875000000001 0.809375 0.6781250000000002 0.809375
2 0.6328125000000002 0.7765625 0.5437500000000002 0.7765625 0.5437500000000002 0.8953125 0.6328125000000002 0.8953125
2 0.16875000000000012 0.8859375 1.0849605236196083e-16 0.8859375 1.154803661383481e-16 1 0.16875000000000012 1
2 0.4312500000000002 0.9484375 0.3531250000000001 0.9484375 0.3531250000000001 1 0.4312500000000002 1
2 0.85625 0.6203125 0.6515625 0.6203125 0.6515625 0.846875 0.85625 0.846875
2 0.2843750000000001 0.9515625 0.22656250000000008 0.9515625 0.22656250000000008 1 0.2843750000000001 1
2 0.48750000000000016 0.8421875 0.4156250000000002 0.8421875 0.4156250000000002 0.93125 0.48750000000000016 0.93125
2 0.4859375000000002 0.771875 0.4203125000000002 0.771875 0.4203125000000002 0.85625 0.4859375000000002 0.85625
2 0.1703125000000001 0.7125 0.04375000000000009 0.7125 0.043750000000000094 0.8578125 0.1703125000000001 0.8578125
2 1 0.5578125000000002 0.9609375 0.5578125000000002 0.9609375 0.6312500000000002 1 0.6312500000000002
2 0.44375 0.51875 0.17656250000000004 0.51875 0.17656250000000007 0.6828125 0.44375 0.6828125
2 0.9296875 0.5140625000000002 0.8046875 0.5140625000000002 0.8046875 0.6718750000000002 0.9296875 0.6718750000000002
2 0.3734375000000001 0.6828125 0.3078125000000001 0.6828125 0.3078125000000001 0.7609375 0.3734375000000001 0.7609375
2 0.4171875 0.31250000000000006 0.3359375 0.3125 0.33593750000000006 0.434375 0.4171875 0.434375
2 0.06562500000000011 0.8421875 0.023437500000000104 0.8421875 0.023437500000000104 0.878125 0.06562500000000011 0.878125
2 1 0.9171875 0.9296875 0.9171875 0.9296875 1 1 1
2 0.7421875 0.39531250000000007 0.6640625 0.39531250000000007 0.6640625 0.4546875000000001 0.7421875 0.4546875000000002
2 0.2109375 1.6934569019459492e-17 0.065625 8.036744619404505e-18 0.06562500000000002 0.10468750000000002 0.2109375 0.10468750000000004
2 0.10000000000000005 0.3859375 0.02187500000000005 0.3859375 0.021875000000000054 0.4765625 0.10000000000000005 0.4765625
2 0.771875 0.2640625000000001 0.68125 0.2640625000000001 0.68125 0.35625000000000007 0.771875 0.35625000000000007
2 0.6078125000000002 0.8875 0.5500000000000002 0.8875 0.5500000000000002 0.984375 0.6078125000000002 0.984375
2 0.3421875000000001 0.6796875 0.24218750000000008 0.6796875 0.24218750000000008 0.8 0.3421875000000001 0.8
2 0.2468750000000001 0.6046875 0.1281250000000001 0.6046875 0.1281250000000001 0.7109375 0.2468750000000001 0.7109375
2 0.03593750000000008 0.64375 7.883663769511086e-17 0.64375 8.285501000481311e-17 0.709375 0.03593750000000009 0.709375
2 0.1312500000000001 0.634375 0.050000000000000065 0.634375 0.05000000000000008 0.7375 0.1312500000000001 0.7375
2 0.4531250000000001 0.703125 0.3750000000000001 0.703125 0.3750000000000001 0.759375 0.45312500000000017 0.759375
2 0.0687500000000001 0.7765625 9.510147799628666e-17 0.7765625 1.005549832737397e-16 0.865625 0.06875000000000012 0.865625
2 1 0.5734375000000002 0.928125 0.5734375000000002 0.928125 0.7093750000000002 1 0.7093750000000002
2 0.19062500000000007 0.509375 0.023437500000000062 0.509375 0.02343750000000007 0.6390625 0.1906250000000001 0.6390625
2 1 0.7031250000000002 0.9625 0.7031250000000002 0.9625 0.8984375 1 0.8984375
2 0.18437500000000004 0.3015625 0.08593750000000004 0.3015625 0.08593750000000004 0.415625 0.18437500000000004 0.415625
2 1 0.4859375000000002 0.971875 0.4859375000000002 0.971875 0.5390625000000002 1 0.5390625000000002
2 0.8015625 0.865625 0.6390625000000002 0.865625 0.6390625000000002 0.971875 0.8015625 0.971875
2 0.2968750000000001 0.8421875 0.13437500000000008 0.8421875 0.1343750000000001 0.9984375 0.2968750000000001 0.9984375
2 0.10312500000000013 0.959375 0.03281250000000012 0.959375 0.03281250000000012 1 0.10312500000000013 1
2 0.85 0.9171875 0.7296875000000002 0.9171875 0.7296875000000002 1 0.85 1
2 0.27031250000000007 0.771875 0.1765625000000001 0.771875 0.17656250000000012 0.9109375 0.27031250000000007 0.9109375
2 0.83125 0.4609375000000001 0.7171875 0.4609375 0.7171875 0.5953125000000001 0.83125 0.5953125000000001