2 0.6484375 0.026562500000000072 0.5578125 0.026562500000000065 0.5578125 0.1062500000000001 0.6484375 0.1062500000000001
2 0.921875 0.6093750000000002 0.8515625 0.6093750000000002 0.8515625 0.6906250000000002 0.921875 0.6906250000000002
2 0.9484375 0.7609375000000002 0.8109375 0.7609375000000002 0.8109375 0.853125 0.9484375 0.853125
2 0.5796875 0.2656250000000001 0.421875 0.2656250000000001 0.421875 0.4546875 0.5796875 0.4546875
2 0.75 0.3062500000000001 0.4828125 0.3062500000000001 0.4828125 0.5468750000000001 0.75 0.5468750000000002
2 0.8328125 0.3515625000000001 0.71875 0.3515625000000001 0.71875 0.4375000000000001 0.8328125 0.43750000000000017
2 0.99375 0.7515625000000001 0.825 0.7515625000000001 0.825 0.9671875 0.99375 0.9671875
2 0.940625 0.5453125000000002 0.8859375 0.5453125000000002 0.8859375 0.6218750000000002 0.940625 0.6218750000000002
2 0.7859375 0.13281250000000008 0.565625 0.13281250000000008 0.565625 0.3312500000000001 0.7859375 0.3312500000000001
2 0.9453125 0.6906250000000002 0.8890625 0.6906250000000002 0.8890625 0.7453125000000002 0.9453125 0.7453125000000002
2 0.86875 0.4906250000000002 0.78125 0.4906250000000002 0.78125 0.5609375000000002 0.86875 0.5609375000000002
2 0.796875 0.4921875000000001 0.7140625 0.4921875 0.7140625 0.5562500000000001 0.796875 0.5562500000000001
2 0.7968750000000002 0.8 0.6562500000000002 0.8 0.6562500000000002 0.921875 0.7968750000000002 0.921875
2 0.578125 6.639881864127056e-17 0.50625 6.199774420683476e-17 0.50625 0.029687500000000068 0.578125 0.029687500000000068
2 0.628125 0.534375 0.46875 0.534375 0.4687500000000001 0.79375 0.6281250000000002 0.79375
2 0.6171875 0.06093750000000007 0.4625 0.06093750000000007 0.4625 0.18281250000000007 0.6171875 0.1828125000000001
2 1 0.2687500000000001 0.9375 0.2687500000000001 0.9375 0.3359375000000001 1 0.3359375000000001
2 0.703125 0.6015625 0.6265625 0.6015625 0.6265625 0.665625 0.703125 0.665625
2 0.3859375000000001 0.5609375 0.2671875000000001 0.5609375 0.2671875000000001 0.6390625 0.3859375000000001 0.6390625
2 0.815625 0.9 0.7812500000000002 0.9 0.7812500000000002 0.9421875 0.815625 0.9421875
2 0.9421875 1.1012253639207839e-16 0.85625 1.0486038217699211e-16 0.85625 0.06093750000000011 0.9421875 0.06093750000000011
2 0.4046875 0.24375000000000005 0.346875 0.24375 0.346875 0.31875000000000003 0.4046875 0.3187500000000001
2 0.0640625000000001 0.7609375 9.318796737261892e-17 0.7609375 1.0036363221137293e-16 0.878125 0.0640625000000001 0.878125
2 0.4265625000000002 0.86875 0.3390625000000001 0.86875 0.3390625000000001 0.94375 0.4265625000000002 0.94375
2 0.3109375 0.2140625 0.2203125 0.2140625 0.2203125 0.303125 0.3109375 0.303125
2 1 0.7000000000000002 0.940625 0.7000000000000002 0.940625 0.7734375000000002 1 0.7734375000000002
2 0.9203125 0.3765625000000001 0.8265625 0.3765625000000001 0.8265625 0.4312500000000002 0.9203125 0.4312500000000002
2 0.7406250000000001 0.6328125000000001 0.6234375 0.6328125 0.6234375000000001 0.7312500000000001 0.7406250000000002 0.7312500000000002
2 0.6546875000000001 0.725 0.5515625 0.725 0.5515625000000001 0.840625 0.6546875000000002 0.840625
2 0.6578125000000001 0.9296875 0.5890625000000002 0.9296875 0.5890625000000002 1 0.6578125000000001 1
2 0.6796875000000002 0.8375 0.5796875000000001 0.8375 0.5796875000000001 0.915625 0.6796875000000002 0.915625
2 0.7015625 0.525 0.646875 0.525 0.646875 0.6015625 0.7015625 0.6015625
2 0.8046875 0.8984375 0.7171875000000002 0.8984375 0.7171875000000002 1 0.8046875 1
2 0.65 7.166097285635683e-17 0.5203125 6.371990376813572e-17 0.5203125 0.06250000000000008 0.65 0.06250000000000008
2 0.5843750000000002 0.7796875 0.4578125000000002 0.7796875 0.4578125000000002 0.9421875 0.5843750000000002 0.9421875
2 0.815625 8.955229718765019e-17 0.646875 7.921933981984441e-17 0.646875 0.028125000000000087 0.815625 0.0281250000000001
2 0.3671875000000001 0.7859375 0.2562500000000001 0.7859375 0.2562500000000001 0.8828125 0.3671875000000001 0.8828125
2 0.484375 5.644856339819831e-17 0.4375 5.357829746269671e-17 0.4375 0.02031250000000006 0.484375 0.02031250000000006
2 0.9078125 0.18593750000000012 0.8046875 0.1859375000000001 0.8046875 0.3437500000000001 0.9078125 0.3437500000000001
2 0.934375 0.6781250000000002 0.7828125 0.6781250000000002 0.7828125000000001 0.8359375 0.934375 0.8359375
2 0.96875 0.8515625 0.8953125 0.8515625 0.8953125 0.9328125 0.96875 0.9328125
2 1 0.1359375000000001 0.8546875 0.1359375000000001 0.8546875 0.2718750000000001 1 0.2718750000000001
2 0.8484375 0.7031250000000001 0.7125 0.703125 0.7125000000000001 0.7937500000000001 0.8484375 0.7937500000000002
2 0.5421875 0.15781250000000005 0.4125 0.15781250000000005 0.4125 0.2687500000000001 0.5421875 0.2687500000000001