2 0.5593750000000002 0.94375 0.4515625000000002 0.94375 0.4515625000000002 1 0.5593750000000002 1
2 0.6203125 0.2640625000000001 0.5484375 0.2640625000000001 0.5484375 0.3234375000000001 0.6203125 0.3234375000000001
2 0.9234375 0.5609375000000002 0.86875 0.5609375000000002 0.86875 0.6093750000000002 0.9234375 0.6093750000000002
2 0.5031250000000002 0.88125 0.3671875000000001 0.88125 0.3671875000000001 0.996875 0.5031250000000002 0.996875
2 0.3296875 0.2546875 0.253125 0.2546875 0.25312500000000004 0.3984375 0.3296875000000001 0.3984375
2 0.275 0.13437500000000002 0.07812500000000003 0.134375 0.07812500000000003 0.3296875 0.275 0.3296875
2 0.740625 0.36406250000000007 0.6640625 0.36406250000000007 0.6640625 0.4546875000000001 0.740625 0.4546875000000002
2 0.2671875 1.6360515832359172e-17 0 0 9.758904180705472e-18 0.15937500000000002 0.2671875 0.15937500000000004
2 0.78125 0.1140625000000001 0.634375 0.1140625000000001 0.634375 0.2328125000000001 0.78125 0.2328125000000001
2 0.6406250000000002 0.8234375 0.5859375000000002 0.8234375 0.5859375000000002 0.884375 0.6406250000000002 0.884375
2 0.7203125000000001 0.8796875 0.6859375000000002 0.8796875 0.6859375000000002 0.9640625 0.7203125000000001 0.9640625
2 0.9015625 0.85 0.8296875 0.85 0.8296875 0.909375 0.9015625 0.909375
2 0.09687500000000011 0.8734375 0.010937500000000109 0.8734375 0.010937500000000114 0.9671875 0.09687500000000011 0.9671875
2 0.99375 0.17812500000000012 0.8265625 0.1781250000000001 0.8265625 0.3515625000000001 0.99375 0.3515625000000001
2 0.446875 0.08437500000000003 0.2671875 0.08437500000000002 0.2671875 0.30937500000000007 0.446875 0.30937500000000007
2 0.7781250000000001 0.6671875 0.70625 0.6671875 0.70625 0.753125 0.7781250000000002 0.7531250000000002
2 0.5484375000000001 0.65625 0.4359375 0.65625 0.4359375000000001 0.7453125 0.5484375000000001 0.7453125
2 0.054687500000000076 0.6140625 7.520096751014216e-17 0.6140625 7.960204194457797e-17 0.6859375 0.05468750000000009 0.6859375
2 0.4390625 0.6328125 0.3234375000000001 0.6328125 0.3234375000000001 0.7015625 0.4390625 0.7015625
2 0.6875000000000002 0.9578125 0.6250000000000002 0.9578125 0.6250000000000002 1 0.6875000000000002 1
2 0.6546875 0.51875 0.6015625 0.51875 0.6015625 0.578125 0.6546875 0.578125
2 0.5796875 0.4328125 0.4984375 0.4328125 0.4984375 0.4953125 0.5796875 0.4953125
2 0.984375 0.7750000000000001 0.9171875 0.7750000000000001 0.9171875 0.846875 0.984375 0.846875
2 0.05468750000000009 0.6921875 8.476852062848085e-17 0.6921875 9.175283440486812e-17 0.80625 0.05468750000000009 0.80625
2 0.06875000000000006 0.5515625 6.754692501547121e-17 0.5515625 7.156529732517345e-17 0.6171875 0.06875000000000006 0.6171875
2 0.759375 0.5078125000000001 0.71875 0.5078125 0.71875 0.5640625000000001 0.759375 0.5640625000000001
2 0.5921875000000002 0.9046875 0.5171875000000001 0.9046875 0.5171875000000001 0.9515625 0.5921875000000002 0.9515625
2 0.6140625 6.429395695523605e-17 0.4359375 5.338694640032993e-17 0.4359375 0.06406250000000005 0.6140625 0.06406250000000006
2 0.6000000000000001 0.6875 0.5390625 0.6875 0.5390625000000001 0.74375 0.6000000000000002 0.74375
2 0.6125000000000002 0.73125 0.5125000000000002 0.73125 0.5125000000000002 0.828125 0.6125000000000002 0.828125
2 0.4656250000000002 0.8 0.3890625000000001 0.8 0.3890625000000001 0.8875 0.4656250000000002 0.8875
2 0.90625 0.10000000000000009 0.8296875 0.10000000000000009 0.8296875 0.16562500000000008 0.90625 0.16562500000000008
2 0.5671875 0.4828125 0.48125 0.4828125 0.48125 0.6015625 0.5671875 0.6015625
2 0.7265625000000001 0.7156250000000001 0.65625 0.715625 0.6562500000000001 0.7875000000000001 0.7265625000000002 0.7875000000000002
2 0.790625 9.060472803066747e-17 0.6890625 8.438581850374731e-17 0.6890625 0.05625000000000009 0.790625 0.05625000000000009
2 0.6890625 0.020312500000000074 0.5140625 0.02031250000000006 0.5140625 0.15312500000000007 0.6890625 0.1531250000000001
2 0.34062500000000007 0.6140625 0.18750000000000008 0.6140625 0.18750000000000008 0.759375 0.34062500000000007 0.759375
2 0.6375 0.5765625 0.590625 0.5765625 0.590625 0.621875 0.6375 0.621875
2 0.696875 0.5828125 0.6421875 0.5828125 0.6421875 0.6375 0.696875 0.6375
2 0.4515625000000001 0.696875 0.3984375000000001 0.696875 0.3984375000000001 0.7796875 0.4515625000000002 0.7796875
2 0.515625 0.2984375000000001 0.3984375 0.2984375000000001 0.39843750000000006 0.3921875000000001 0.515625 0.3921875000000001
2 0.3984375000000001 0.5640625 0.31718750000000007 0.5640625 0.31718750000000007 0.625 0.3984375000000001 0.625
2 0.6578125 0.35625000000000007 0.55 0.35625000000000007 0.55 0.4859375 0.6578125 0.4859375
2 0.10781250000000002 0.159375 1.951780836141094e-17 0.159375 3.061616997868383e-17 0.340625 0.10781250000000005 0.340625
2 0.37187500000000007 0.703125 0.2687500000000001 0.703125 0.2687500000000001 0.796875 0.37187500000000007 0.796875
2 0.5890625 0.07343750000000007 0.49375 0.07343750000000007 0.49375 0.20468750000000008 0.5890625 0.20468750000000008
2 0.6531250000000002 0.9078125 0.5812500000000002 0.9078125 0.5812500000000002 0.9953125 0.6531250000000002 0.9953125
2 0.7640625 0.03125000000000009 0.7203125 0.03125000000000009 0.7203125 0.12343750000000009 0.7640625 0.12343750000000009
2 0.9046875 0.44062500000000016 0.8234375 0.44062500000000016 0.8234375 0.5078125000000002 0.9046875 0.5078125000000002
2 0.6953125000000001 0.66875 0.6265625 0.66875 0.6265625000000001 0.7328125 0.6953125000000002 0.7328125
2 0.4078125000000002 0.9125 0.15625000000000014 0.9125 0.15625000000000014 0.9984375 0.4078125000000002 0.9984375
2 0.6828125 0.2906250000000001 0.609375 0.2906250000000001 0.609375 0.3781250000000001 0.6828125 0.3781250000000001
2 0.15000000000000005 0.3265625 3.999237203465575e-17 0.3265625 4.927289855944429e-17 0.478125 0.15000000000000005 0.478125
2 0.86875 0.5328125000000001 0.8234375 0.5328125000000001 0.8234375 0.5796875000000001 0.86875 0.5796875000000001
2 0.07812500000000012 0.946875 1.15958743794265e-16 0.946875 1.1921171185450015e-16 1 0.07812500000000014 1
2 0.4859375 0.10625000000000004 0.4 0.10625000000000004 0.4 0.2562500000000001 0.4859375 0.2562500000000001
2 0.2984375 0.2953125 0.14062500000000006 0.2953125 0.14062500000000006 0.4828125 0.2984375000000001 0.4828125
2 0.553125 0.22656250000000008 0.4921875 0.22656250000000008 0.4921875 0.3046875000000001 0.553125 0.3046875000000001
2 0.4046875 0.29218750000000004 0.315625 0.2921875 0.31562500000000004 0.39062500000000006 0.4046875 0.3906250000000001
2 0.4515625 0.36875 0.27812500000000007 0.36875 0.27812500000000007 0.521875 0.4515625 0.521875
2 0.4203125000000002 0.7671875 0.1703125000000001 0.7671875 0.17031250000000012 0.9515625 0.4203125000000002 0.9515625
2 0.6 0.584375 0.4984375 0.584375 0.4984375 0.6609375 0.6 0.6609375
2 0.9890625 0.7187500000000002 0.9375 0.7187500000000002 0.9375 0.7734375000000002 0.9890625 0.7734375000000002
2 0.6140625 0.6359375 0.5609375 0.6359375 0.5609375 0.6953125 0.6140625 0.6953125
2 0.6625 0.603125 0.6046875 0.603125 0.6046875 0.6640625 0.6625 0.6640625
2 0.865625 0.6406250000000002 0.7703125 0.6406250000000002 0.7703125000000001 0.7343750000000002 0.865625 0.7343750000000002
2 0.07031250000000007 0.4765625 5.836207402186604e-17 0.4765625 6.572908992298684e-17 0.596875 0.07031250000000007 0.596875
2 0.4984375 0.3859375000000001 0.4328125 0.3859375000000001 0.4328125 0.45 0.4984375 0.45
2 0.61875 0.17031250000000006 0.54375 0.17031250000000003 0.54375 0.2562500000000001 0.61875 0.2562500000000001
2 0.7828125 0.5796875000000001 0.6984375 0.5796875 0.6984375 0.6546875000000001 0.7828125 0.6546875000000002
2 0.478125 0.2156250000000001 0.3984375 0.2156250000000001 0.3984375 0.30156250000000007 0.478125 0.30156250000000007
2 0.5828125000000002 0.828125 0.5000000000000002 0.828125 0.5000000000000002 0.9140625 0.5828125000000002 0.9140625
2 0.17656250000000007 0.5296875 0.06250000000000007 0.5296875 0.06250000000000007 0.634375 0.1765625000000001 0.634375
2 0.7578125 0.27812500000000007 0.6734375 0.27812500000000007 0.6734375 0.33281250000000007 0.7578125 0.33281250000000007
2 0.9296875 0.6078125000000002 0.88125 0.6078125000000002 0.88125 0.6671875000000002 0.9296875 0.6671875000000002
2 0.48125 0.49375 0.3578125000000001 0.49375 0.3578125000000001 0.5890625 0.48125 0.5890625
2 0.034375000000000114 0.8671875 1.0619983961355955e-16 0.8671875 1.1174902042219599e-16 0.9578125 0.03437500000000012 0.9578125
2 0.540625 0.03750000000000005 0.3109375 0.03750000000000003 0.3109375 0.21093750000000006 0.540625 0.21093750000000008
2 1 0.017187500000000112 0.8453125 0.017187500000000105 0.8453125 0.1640625000000001 1 0.16406250000000014
2 0.9421875 0.1593750000000001 0.871875 0.1593750000000001 0.871875 0.2140625000000001 0.9421875 0.2140625000000001
2 0.5484375 0.3765625000000001 0.484375 0.3765625000000001 0.484375 0.4671875 0.5484375 0.4671875
2 1 0.6687500000000002 0.9578125 0.6687500000000002 0.9578125 0.7375000000000002 1 0.7375000000000002
2 0.8734375 0.25468750000000007 0.784375 0.25468750000000007 0.784375 0.3656250000000001 0.8734375 0.3656250000000001
2 0.1781250000000001 0.746875 0.05156250000000009 0.746875 0.0515625000000001 0.9015625 0.1781250000000001 0.9015625
2 0.5265625000000002 0.740625 0.44843750000000016 0.740625 0.44843750000000016 0.825 0.5265625000000002 0.825
2 0.10937500000000003 0.010937500000000006 1.3394574365674175e-18 0.0109375 1.4159978615141272e-17 0.2203125 0.10937500000000004 0.2203125
2 0.75625 0.21875000000000008 0.6265625 0.21875000000000008 0.6265625 0.29375000000000007 0.75625 0.29375000000000007
2 0.27812500000000007 0.4 0.03906250000000004 0.4 0.039062500000000056 0.5671875 0.27812500000000007 0.5671875
2 0.8640625 0.11562500000000009 0.7859375 0.11562500000000009 0.7859375 0.1828125000000001 0.8640625 0.1828125000000001
2 0.2468750000000001 0.6015625 0.05156250000000007 0.6015625 0.05156250000000008 0.7328125 0.2468750000000001 0.7328125
2 0.9328125 0.7140625000000002 0.8171875 0.7140625000000002 0.8171875 0.8515625 0.9328125 0.8515625
2 0.2968750000000001 0.55625 0.1687500000000001 0.55625 0.1687500000000001 0.6171875 0.2968750000000001 0.6171875
2 0.6171875 0.5328125 0.5640625 0.5328125 0.5640625 0.590625 0.6171875 0.590625
2 0.59375 0.21250000000000008 0.53125 0.21250000000000008 0.53125 0.2656250000000001 0.59375 0.2656250000000001
2 0.0843750000000001 0.6703125 8.208960575534602e-17 0.6703125 9.538850458983681e-17 0.8875 0.08437500000000012 0.8875