2 0.05625000000000006 0.4203125 5.147343577666219e-17 0.4203125 5.845774955304943e-17 0.534375 0.056250000000000064 0.534375
2 0.7734375 0.5218750000000001 0.7109375 0.521875 0.7109375 0.5984375000000001 0.7734375 0.5984375000000002
2 0.46093750000000017 0.859375 0.4109375000000002 0.859375 0.4109375000000002 0.9171875 0.46093750000000017 0.9171875
2 0.12343750000000005 0.3328125 0.0015625000000000409 0.3328125 0.0015625000000000495 0.475 0.12343750000000005 0.475
2 0.784375 0.21093750000000008 0.6328125 0.21093750000000008 0.6328125 0.2921875000000001 0.784375 0.2921875000000001
2 0.9125 0.0265625000000001 0.70625 0.02656250000000009 0.70625 0.23437500000000008 0.9125 0.23437500000000008
2 0.6687500000000001 0.6453125 0.5734375 0.6453125 0.5734375 0.7265625 0.6687500000000002 0.7265625
2 1 0.043750000000000115 0.884375 0.04375000000000011 0.884375 0.22656250000000008 1 0.22656250000000008
2 0.9328125 0.6140625000000002 0.8078125 0.6140625000000002 0.8078125 0.7687500000000002 0.9328125 0.7687500000000002
2 0.1843750000000001 0.5625 0.12031250000000009 0.5625 0.12031250000000009 0.6203125 0.1843750000000001 0.6203125
2 0.12500000000000008 0.66875 0.03593750000000008 0.66875 0.03593750000000008 0.7046875 0.12500000000000008 0.7046875
2 0.15781250000000008 0.81875 0.0953125000000001 0.81875 0.0953125000000001 0.8953125 0.15781250000000008 0.8953125
2 0.13125 1.0045930774255631e-17 0.0328125 4.018372309702252e-18 0.03281250000000001 0.04687500000000001 0.13125 0.046875000000000014
2 0.865625 0.815625 0.6828125000000002 0.815625 0.6828125000000002 0.990625 0.865625 0.990625
2 0.965625 0.22656250000000008 0.728125 0.22656250000000008 0.728125 0.4156250000000002 0.965625 0.4156250000000002
2 0.3500000000000001 0.6890625 0.2593750000000001 0.6890625 0.2593750000000001 0.765625 0.3500000000000001 0.765625
2 0.3609375000000001 0.4046875 0.2671875000000001 0.4046875 0.2671875000000001 0.521875 0.3609375000000001 0.521875
2 0.38593750000000004 0.28750000000000003 0.3140625 0.2875 0.3140625 0.4078125 0.3859375000000001 0.4078125
2 0.04218750000000008 0.6046875 7.405286113594152e-17 0.6046875 7.807123344564377e-17 0.6703125 0.04218750000000008 0.6703125
2 0.50625 0.5796875 0.4421875 0.5796875 0.4421875 0.634375 0.50625 0.634375
2 0.596875 0.4703125 0.53125 0.4703125 0.53125 0.55625 0.596875 0.55625
2 0.23593750000000008 0.9109375 0.15937500000000013 0.9109375 0.15937500000000013 0.9828125 0.23593750000000008 0.9828125
2 0.4703125 5.348262193151332e-17 0.403125 4.9368574090627673e-17 0.403125 0.01875000000000005 0.4703125 0.018750000000000055
2 0.5171875000000001 0.7015625 0.4578125 0.7015625 0.45781250000000007 0.7453125 0.5171875000000001 0.7453125
2 0.09843750000000007 0.490625 0.050000000000000065 0.490625 0.050000000000000065 0.56875 0.09843750000000007 0.56875
2 0.3281250000000001 0.5125 0.2687500000000001 0.5125 0.2687500000000001 0.5765625 0.3281250000000001 0.5765625
2 0.2812500000000001 0.4859375 0.17968750000000006 0.4859375 0.17968750000000006 0.590625 0.2812500000000001 0.590625
2 0.20937500000000003 0.3546875 0.11718750000000004 0.3546875 0.11718750000000004 0.4359375 0.2093750000000001 0.4359375
2 0.9484375 0.8203125 0.8796875 0.8203125 0.8796875 0.9015625 0.9484375 0.9015625
2 0.54375 0.4515625 0.4171875 0.4515625 0.4171875 0.5421875 0.54375 0.5421875
2 0.2968750000000001 0.6375 0.2218750000000001 0.6375 0.2218750000000001 0.7109375 0.2968750000000001 0.7109375
2 1 0.4859375000000002 0.890625 0.4859375000000002 0.890625 0.6703125000000002 1 0.6703125000000002
2 0.4046875 0.14218750000000005 0.2515625 0.14218750000000005 0.2515625 0.30312500000000003 0.4046875 0.3031250000000001
2 0.4453125 0.5671875 0.3968750000000001 0.5671875 0.3968750000000001 0.6171875 0.4453125 0.6171875
2 0.4375 0.621875 0.37968750000000007 0.621875 0.37968750000000007 0.6796875 0.4375 0.6796875
2 0.3187500000000001 0.365625 0.2312500000000001 0.365625 0.2312500000000001 0.4203125 0.3187500000000001 0.4203125
2 0.7390625 0.36406250000000007 0.640625 0.36406250000000007 0.640625 0.4875000000000001 0.7390625 0.48750000000000016
2 0.4578125 0.2796875000000001 0.39375 0.2796875000000001 0.39375000000000004 0.3656250000000001 0.4578125 0.3656250000000001
2 0.6765625 0.5234375 0.540625 0.5234375 0.540625 0.6375 0.6765625 0.6375
2 0.884375 9.663228649522084e-17 0.69375 8.495987169084762e-17 0.69375 0.0593750000000001 0.884375 0.05937500000000011
2 0.3109375 0.228125 0.2125 0.228125 0.2125 0.3375 0.3109375 0.3375
2 0.975 0.4671875000000002 0.8375 0.4671875000000002 0.8375 0.5671875000000002 0.975 0.5671875000000002
2 0.09531250000000006 0.5578125 0.003125000000000068 0.5578125 0.003125000000000073 0.6328125 0.09531250000000006 0.6328125
2 1 0.7046875000000001 0.921875 0.7046875000000001 0.921875 0.7500000000000002 1 0.7500000000000002
2 0.5890625000000002 0.8140625 0.5171875000000001 0.8140625 0.5171875000000001 0.8984375 0.5890625000000002 0.8984375
2 0.3468750000000001 0.60625 0.2796875000000001 0.60625 0.2796875000000001 0.678125 0.3468750000000001 0.678125
2 0.09218750000000003 0.109375 0.001562500000000013 0.109375 0.0015625000000000296 0.375 0.09218750000000005 0.375
2 0.7453125 0.5875000000000001 0.653125 0.5875 0.653125 0.6640625000000001 0.7453125 0.6640625000000002
2 0.6984375 7.740150472736006e-17 0.565625 6.926908457677216e-17 0.565625 0.10468750000000009 0.6984375 0.10468750000000009
2 0.4906250000000002 0.8125 0.4421875000000002 0.8125 0.4421875000000002 0.859375 0.4906250000000002 0.859375
2 0.0484375 2.965941466684996e-18 0 0 1.7221595613009659e-18 0.028125000000000004 0.0484375 0.02812500000000001
2 0.940625 0.3671875000000001 0.7828125 0.3671875000000001 0.7828125 0.4578125000000002 0.940625 0.4578125000000002
2 0.7421875 0.09375000000000008 0.5453125 0.09375000000000007 0.5453125 0.2593750000000001 0.7421875 0.2593750000000001
2 0.8140625 0.46406250000000016 0.73125 0.46406250000000016 0.73125 0.5281250000000002 0.8140625 0.5281250000000002
2 0.7453125 0.2765625000000001 0.640625 0.2765625000000001 0.640625 0.3703125000000001 0.7453125 0.3703125000000001
2 0.6640625 0.2375000000000001 0.503125 0.2375000000000001 0.503125 0.4203125 0.6640625 0.4203125
2 0.24531250000000004 0.12500000000000003 0.050000000000000024 0.125 0.05000000000000003 0.3875 0.2453125000000001 0.3875
2 0.4359375 0.46875 0.35625000000000007 0.46875 0.35625000000000007 0.5765625 0.4359375 0.5765625
2 0.29375000000000007 0.934375 0.23593750000000008 0.934375 0.23593750000000008 0.9875 0.29375000000000007 0.9875
2 0.3812500000000001 0.5375 0.3187500000000001 0.5375 0.3187500000000001 0.5921875 0.3812500000000001 0.5921875
2 0.4171875 0.5828125 0.3531250000000001 0.5828125 0.3531250000000001 0.64375 0.4171875 0.64375
2 0.3781250000000001 0.7578125 0.2796875000000001 0.7578125 0.2796875000000001 0.8578125 0.3781250000000001 0.8578125
2 0.646875 0.4015625 0.5796875 0.4015625 0.5796875 0.471875 0.646875 0.471875
2 0.8734375 0.5171875000000001 0.7828125 0.5171875000000001 0.7828125 0.5953125000000001 0.8734375 0.5953125000000001
2 0.4406250000000001 0.68125 0.3625000000000001 0.68125 0.3625000000000001 0.7703125 0.44062500000000016 0.7703125
2 0.8265625 0.3656250000000001 0.7359375 0.3656250000000001 0.7359375 0.44843750000000016 0.8265625 0.44843750000000016
2 0.17968750000000006 0.471875 0.08906250000000007 0.471875 0.08906250000000007 0.559375 0.17968750000000008 0.559375
2 0.4953125 0.010937500000000055 0.384375 0.010937500000000048 0.384375 0.13125000000000003 0.4953125 0.13125000000000003
2 0.7593750000000001 0.6546875000000001 0.7015625 0.6546875 0.7015625000000001 0.7437500000000001 0.7593750000000001 0.7437500000000001
2 0.4109375000000002 0.8734375 0.34843750000000007 0.8734375 0.34843750000000007 0.925 0.4109375000000002 0.925
2 0.5328125 0.3218750000000001 0.4328125 0.3218750000000001 0.4328125 0.4515625 0.5328125 0.4515625
2 1 0.2718750000000001 0.8296875 0.2718750000000001 0.8296875 0.5140625000000002 1 0.5140625000000002
2 1 0.840625 0.8796875 0.840625 0.8796875 1 1 1
2 0.8859375 0.8640625 0.828125 0.8640625 0.828125 0.9375 0.8859375 0.9375
2 0.65625 0.4546875 0.5609375 0.4546875 0.5609375 0.521875 0.65625 0.521875
2 0.34843750000000007 0.953125 0.2750000000000001 0.953125 0.2750000000000001 1 0.34843750000000007 1
2 0.7859375000000002 0.7703125000000001 0.6687500000000002 0.7703125 0.6687500000000002 0.865625 0.7859375000000002 0.865625
2 0.265625 2.2579425359279323e-17 0.103125 1.262917011620708e-17 0.103125 0.13281250000000003 0.265625 0.13281250000000006
2 0.2718750000000001 0.4171875 0.18281250000000004 0.4171875 0.18281250000000004 0.5 0.2718750000000001 0.5
2 1 1.1222739807811292e-16 0.8328125 1.019901162414905e-16 0.8328125 0.060937500000000124 1 0.06093750000000013
2 0.8234375 0.6046875000000002 0.7453125 0.6046875000000002 0.7453125 0.7406250000000002 0.8234375 0.7406250000000002
2 0.63125 6.649449417245395e-17 0.4546875 5.568315914873122e-17 0.4546875 0.2375000000000001 0.63125 0.2375000000000001
2 0.93125 0.7734375000000002 0.859375 0.7734375000000002 0.859375 0.85625 0.93125 0.85625
2 0.4171875 4.267128690779059e-17 0.2796875 3.425184016365254e-17 0.2796875 0.20468750000000005 0.4171875 0.20468750000000008
2 0.2984375000000001 0.80625 0.1546875000000001 0.80625 0.15468750000000012 0.928125 0.2984375000000001 0.928125
2 0.4671875 0.12343750000000005 0.403125 0.12343750000000005 0.403125 0.2578125000000001 0.4671875 0.2578125000000001
2 0.490625 0.5390625 0.4296875 0.5390625 0.4296875 0.5953125 0.490625 0.5953125
2 0.8296875 0.5046875000000002 0.7734375 0.5046875000000002 0.7734375 0.5703125000000002 0.8296875 0.5703125000000002
2 0.3421875 3.147724975933431e-17 0.171875 2.1048616860345134e-17 0.171875 0.03437500000000003 0.3421875 0.034375000000000044