2 0.4625000000000001 0.671875 0.3828125000000001 0.671875 0.3828125000000001 0.7375 0.4625000000000002 0.7375
2 0.10937500000000004 0.35625 0.04843750000000004 0.35625 0.04843750000000005 0.409375 0.10937500000000004 0.409375
2 0.6109375 6.879070692085523e-17 0.5125 6.276314845630185e-17 0.5125 0.056250000000000064 0.6109375 0.056250000000000064
2 0.7890625000000001 0.5906250000000001 0.703125 0.590625 0.7031250000000001 0.7500000000000001 0.7890625000000002 0.7500000000000002
2 0.9828125 0.6671875000000002 0.7640625 0.6671875000000002 0.7640625000000001 0.8828125 0.9828125 0.8828125
2 0.33281250000000007 0.528125 0.2484375000000001 0.528125 0.2484375000000001 0.628125 0.33281250000000007 0.628125
2 0.9953125 0.853125 0.7718750000000002 0.853125 0.7718750000000002 1 0.9953125 1
2 0.3671875000000001 0.7734375 0.20468750000000008 0.7734375 0.20468750000000008 0.9046875 0.3671875000000001 0.9046875
2 0.4203125 0.051562500000000046 0.3609375 0.051562500000000046 0.3609375 0.11875000000000005 0.4203125 0.11875000000000005
2 0.309375 3.559129760021995e-17 0.271875 3.329508485181867e-17 0.271875 0.05781250000000003 0.309375 0.057812500000000044
2 0.1515625 0.025000000000000015 0.071875 0.025000000000000012 0.071875 0.09062500000000001 0.1515625 0.09062500000000002
2 1 1.2007279163515065e-16 0.9609375 1.1768090335556595e-16 0.9609375 0.05937500000000012 1 0.059375000000000136
2 0.1546875000000001 0.6421875 7.864528663274409e-17 0.6421875 9.031770143711729e-17 0.8328125 0.1546875000000001 0.8328125
2 0.7734375000000001 0.6890625000000001 0.575 0.6890625 0.5750000000000001 0.9375 0.7734375000000002 0.9375
2 0.2875 0.19687500000000005 0.2078125 0.19687500000000005 0.2078125 0.2921875 0.2875 0.2921875
2 0.5859375 0.20468750000000008 0.4625 0.20468750000000008 0.4625 0.3031250000000001 0.5859375 0.3031250000000001
2 0.709375 0.25468750000000007 0.5828125 0.25468750000000007 0.5828125 0.3312500000000001 0.709375 0.3312500000000001
2 0.4015625 0.39062500000000006 0.3437500000000001 0.390625 0.3437500000000001 0.4578125 0.4015625 0.4578125
2 0.5171875 0.4828125 0.4265625 0.4828125 0.4265625 0.5515625 0.5171875 0.5515625
2 0.05468750000000002 0.09375 1.1481063742006437e-17 0.09375 1.6360515832359172e-17 0.1734375 0.05468750000000002 0.1734375
2 0.2750000000000001 0.40625 0.2296875000000001 0.40625 0.2296875000000001 0.46875 0.2750000000000001 0.46875
2 0.4953125 5.558748361754783e-17 0.4125 5.051668046482832e-17 0.4125 0.029687500000000054 0.4953125 0.029687500000000054
2 0.5546875000000002 0.9578125 0.4203125000000002 0.9578125 0.4203125000000002 1 0.5546875000000002 1
2 0.4734375 0.2062500000000001 0.40625 0.2062500000000001 0.40625 0.2687500000000001 0.4734375 0.2687500000000001
2 0.5015625 0.11406250000000004 0.3921875 0.11406250000000004 0.3921875 0.22031250000000008 0.5015625 0.22031250000000008
2 0.6375 0.04843750000000007 0.553125 0.048437500000000064 0.553125 0.1453125000000001 0.6375 0.1453125000000001
2 0.1515625000000001 0.846875 0.06562500000000011 0.846875 0.06562500000000011 0.91875 0.15156250000000013 0.91875
2 0.5375 0.36406250000000007 0.4421875 0.36406250000000007 0.4421875 0.4953125 0.5375 0.4953125
2 0.3421875 0.15937500000000004 0.265625 0.15937500000000004 0.265625 0.2375 0.3421875 0.2375
2 0.3078125000000001 0.9671875 0.2218750000000001 0.9671875 0.2218750000000001 1 0.3078125000000001 1
2 0.5000000000000002 0.859375 0.3062500000000001 0.859375 0.3062500000000001 1 0.5000000000000002 1
2 0.8625 0.1906250000000001 0.6921875 0.1906250000000001 0.6921875 0.3500000000000001 0.8625 0.3500000000000001
2 0.415625 0.3421875000000001 0.3640625 0.3421875000000001 0.36406250000000007 0.3921875000000001 0.415625 0.3921875000000001
2 0.35937500000000006 0.325 0.2984375 0.325 0.2984375 0.3859375 0.3593750000000001 0.3859375
2 0.628125 0.1671875000000001 0.5703125 0.1671875000000001 0.5703125 0.2593750000000001 0.628125 0.2593750000000001
2 0.628125 0.596875 0.5 0.596875 0.5 0.7 0.628125 0.7
2 0.7171875 0.3390625000000001 0.6265625 0.3390625000000001 0.6265625 0.40625 0.7171875 0.40625
2 0.4609375 0.4921875 0.34062500000000007 0.4921875 0.34062500000000007 0.634375 0.4609375 0.634375
2 1 0.6531250000000002 0.946875 0.6531250000000002 0.946875 0.853125 1 0.853125
2 0.7703125 0.14843750000000008 0.65625 0.14843750000000008 0.65625 0.2515625000000001 0.7703125 0.2515625000000001
2 0.5218750000000002 0.803125 0.4156250000000002 0.803125 0.4156250000000002 0.946875 0.5218750000000002 0.946875
2 0.4 4.5732903905658965e-17 0.346875 4.247993584542381e-17 0.346875 0.026562500000000044 0.4 0.026562500000000044
2 0.2718750000000001 0.89375 0.2234375000000001 0.89375 0.2234375000000001 0.9953125 0.2718750000000001 0.9953125
2 0.15625000000000006 0.46875 0.06718750000000007 0.46875 0.06718750000000007 0.54375 0.15625000000000006 0.54375
2 0.375 0.22031250000000005 0.3 0.2203125 0.3 0.290625 0.375 0.2906250000000001
2 0.3937500000000001 0.6109375 0.3125000000000001 0.6109375 0.3125000000000001 0.7078125 0.3937500000000001 0.7078125
2 1 0.5234375000000002 0.9 0.5234375000000002 0.9 0.6531250000000002 1 0.6531250000000002
2 0.15781250000000005 0.3890625 0.10781250000000005 0.3890625 0.10781250000000005 0.440625 0.15781250000000005 0.440625
2 0.6265625000000001 0.7453125 0.5312500000000002 0.7453125 0.5312500000000002 0.9109375 0.6265625000000001 0.9109375
2 0.9125 0.4968750000000002 0.7375 0.4968750000000002 0.7375 0.7031250000000002 0.9125 0.7031250000000002
2 0.5234375000000001 0.6921875 0.45625 0.6921875 0.4562500000000001 0.7796875 0.5234375000000002 0.7796875
2 0.7203125 0.596875 0.621875 0.596875 0.621875 0.70625 0.7203125 0.70625
2 0.7609375 0.4531250000000001 0.56875 0.453125 0.56875 0.6218750000000001 0.7609375 0.6218750000000002
2 0.8796875 9.089175462421763e-17 0.6046875 7.405286113594152e-17 0.6046875 0.1828125000000001 0.8796875 0.1828125000000001
2 0.51875 0.3000000000000001 0.40625 0.3000000000000001 0.40625 0.3843750000000001 0.51875 0.3843750000000001
2 0.03125000000000003 0.175 2.143131898507868e-17 0.175 2.5066989170047385e-17 0.234375 0.031250000000000035 0.234375
2 0.446875 0.2609375000000001 0.3890625 0.2609375000000001 0.3890625 0.3265625000000001 0.446875 0.3265625000000001
2 0.4 0.29687500000000006 0.3359375 0.296875 0.33593750000000006 0.36406250000000007 0.4 0.36406250000000007
2 0.215625 0.21875 0.11093750000000005 0.21875 0.11093750000000005 0.321875 0.215625 0.321875
2 0.590625 0.5328125 0.5171875 0.5328125 0.5171875 0.603125 0.590625 0.603125
2 0.4671875000000002 0.7453125 0.3843750000000001 0.7453125 0.3843750000000001 0.840625 0.4671875000000002 0.840625
2 0.29531250000000003 0.30625 0.2015625 0.30625 0.20156250000000003 0.3890625 0.2953125000000001 0.3890625
2 0.6265625000000001 0.696875 0.5390625 0.696875 0.5390625000000001 0.7921875 0.6265625000000001 0.7921875
2 0.515625 0.018750000000000055 0.425 0.01875000000000005 0.425 0.11250000000000004 0.515625 0.11250000000000004
2 0.9984375 0.3281250000000001 0.8734375 0.3281250000000001 0.8734375 0.4437500000000002 0.9984375 0.4437500000000002
2 0.32500000000000007 0.6609375 0.2312500000000001 0.6609375 0.2312500000000001 0.721875 0.32500000000000007 0.721875
2 0.09375000000000004 0.2921875 0.040625000000000036 0.2921875 0.040625000000000036 0.3578125 0.09375000000000004 0.3578125
2 0.6734375 0.37968750000000007 0.5375 0.37968750000000007 0.5375 0.484375 0.6734375 0.484375
2 0.7250000000000002 0.796875 0.4703125000000002 0.796875 0.4703125000000002 0.9890625 0.7250000000000002 0.9890625
2 0.1343750000000001 0.8484375 1.0390362686515824e-16 0.8484375 1.131841533899468e-16 1 0.13437500000000013 1
2 0.10312500000000009 0.79375 0.0265625000000001 0.79375 0.0265625000000001 0.8546875 0.10312500000000009 0.8546875
2 0.534375 0.5140625 0.4625 0.5140625 0.4625 0.6140625 0.534375 0.6140625
2 0.2015625000000001 0.6265625 0.10156250000000008 0.6265625 0.10156250000000008 0.7484375 0.2015625000000001 0.7484375
2 1 0.034375000000000114 0.8703125 0.034375000000000114 0.8703125 0.20468750000000008 1 0.20468750000000008
2 0.5734375 0.11718750000000007 0.4859375 0.11718750000000004 0.4859375 0.21093750000000008 0.5734375 0.21093750000000008
2 1 0.7984375000000001 0.946875 0.7984375000000001 0.946875 1 1 1
2 0.3750000000000001 0.70625 0.2328125000000001 0.70625 0.2328125000000001 0.7890625 0.3750000000000001 0.7890625
2 1 0.4031250000000002 0.759375 0.4031250000000002 0.759375 0.5875000000000001 1 0.5875000000000001
2 0.1984375000000001 0.828125 0.11250000000000009 0.828125 0.11250000000000009 0.903125 0.1984375000000001 0.903125
2 1 0.22031250000000008 0.7953125 0.22031250000000008 0.7953125 0.36406250000000007 1 0.36406250000000007
2 0.16406250000000003 0.08906250000000002 0.03593750000000001 0.0890625 0.035937500000000025 0.240625 0.16406250000000006 0.240625
2 0.88125 0.34843750000000007 0.7390625 0.34843750000000007 0.7390625 0.4156250000000002 0.88125 0.4156250000000002
2 0.44375 0.3765625000000001 0.3859375000000001 0.3765625000000001 0.3859375000000001 0.440625 0.44375 0.440625
2 0.4812500000000002 0.7359375 0.4125000000000002 0.7359375 0.4125000000000002 0.7953125 0.4812500000000002 0.7953125
2 1 0.13125000000000014 0.9734375 0.13125000000000014 0.9734375 0.2718750000000001 1 0.2718750000000001