2 0.5812500000000002 0.85625 0.5421875000000002 0.85625 0.5421875000000002 0.90625 0.5812500000000002 0.90625
2 0.4515625 0.45 0.39531250000000007 0.45 0.39531250000000007 0.5359375 0.4515625 0.5359375
2 0.3906250000000001 0.8265625 0.3125000000000001 0.8265625 0.3125000000000001 0.890625 0.3906250000000001 0.890625
2 0.95 0.7968750000000002 0.8859375 0.7968750000000002 0.8859375 0.8546875 0.95 0.8546875
2 0.2562500000000001 0.9265625 0.2093750000000001 0.9265625 0.2093750000000001 0.9640625 0.2562500000000001 0.9640625
2 0.27187500000000003 0.3578125 0.2421875 0.3578125 0.24218750000000006 0.4265625 0.2718750000000001 0.4265625
2 0.5765625 0.5890625 0.540625 0.5890625 0.540625 0.63125 0.5765625 0.63125
2 0.8515625 0.7609375000000002 0.7515625000000001 0.7609375000000002 0.7515625000000001 0.9 0.8515625 0.9
2 0.4921875 0.6046875 0.3828125000000001 0.6046875 0.3828125000000001 0.6703125 0.4921875 0.6703125
2 0.39531250000000007 0.7171875 0.3625000000000001 0.7171875 0.3625000000000001 0.753125 0.39531250000000007 0.753125
2 0.6796875000000001 0.70625 0.6390625 0.70625 0.6390625000000001 0.753125 0.6796875000000002 0.753125
2 0.5859375 0.12187500000000007 0.475 0.12187500000000004 0.475 0.24375000000000008 0.5859375 0.24375000000000008
2 0.696875 0.3984375000000001 0.6453125 0.3984375000000001 0.6453125 0.4296875 0.696875 0.4296875
2 0.85 0.7343750000000002 0.8109375 0.7343750000000002 0.8109375 0.7859375000000002 0.85 0.7859375000000002
2 0.1375000000000001 0.796875 0.06406250000000009 0.796875 0.0640625000000001 0.8640625 0.1375000000000001 0.8640625
2 0.1281250000000001 0.5765625 0.07343750000000007 0.5765625 0.07343750000000007 0.6328125 0.1281250000000001 0.6328125
2 1 0.48437500000000017 0.9015625 0.48437500000000017 0.9015625 0.6406250000000002 1 0.6406250000000002
2 0.8984375 0.3500000000000001 0.8 0.3500000000000001 0.8 0.4437500000000002 0.8984375 0.4437500000000002
2 0.3265625000000001 0.9328125 0.2921875000000001 0.9328125 0.2921875000000001 0.965625 0.3265625000000001 0.965625
2 0.2484375 0.21875 0.15625000000000006 0.21875 0.15625000000000006 0.2984375 0.2484375 0.2984375
2 0.5515625000000001 0.6703125 0.5 0.6703125 0.5000000000000001 0.73125 0.5515625000000002 0.73125
2 0.540625 0.575 0.4984375 0.575 0.4984375 0.61875 0.540625 0.61875
2 0.5515625000000002 0.7671875 0.5000000000000002 0.7671875 0.5000000000000002 0.8140625 0.5515625000000002 0.8140625
2 0.2468750000000001 0.6796875 0.12343750000000009 0.6796875 0.12343750000000009 0.7453125 0.2468750000000001 0.7453125
2 1 0.23437500000000008 0.878125 0.23437500000000008 0.878125 0.4281250000000002 1 0.4281250000000002
2 0.7203125 0.659375 0.671875 0.659375 0.671875 0.7234375 0.7203125 0.7234375
2 0.603125 0.5234375 0.49375 0.5234375 0.49375 0.575 0.603125 0.575
2 0.7984375 0.09375000000000008 0.6515625 0.09375000000000008 0.6515625 0.2328125000000001 0.7984375 0.2328125000000001
2 0.3234375000000001 0.7921875 0.2718750000000001 0.7921875 0.2718750000000001 0.846875 0.3234375000000001 0.846875
2 0.3046875000000001 0.7640625 0.2656250000000001 0.7640625 0.2656250000000001 0.8125 0.3046875000000001 0.8125
2 0.3968750000000001 0.39687500000000003 0.2890625000000001 0.396875 0.2890625000000001 0.5140625 0.3968750000000001 0.5140625
2 0.41875 0.490625 0.24375000000000008 0.490625 0.24375000000000008 0.5953125 0.41875 0.5953125
2 0.13593750000000007 0.4328125 5.300424427559639e-17 0.4328125 6.228477080038492e-17 0.584375 0.1359375000000001 0.584375
2 0.2890625 0.234375 0.17812500000000003 0.234375 0.17812500000000003 0.33125 0.2890625 0.33125
2 0.34062500000000007 0.728125 0.2828125000000001 0.728125 0.2828125000000001 0.78125 0.34062500000000007 0.78125
2 0.23437500000000008 0.840625 0.17343750000000008 0.840625 0.17343750000000008 0.8890625 0.23437500000000008 0.8890625
2 0.921875 0.020312500000000108 0.8484375 0.020312500000000105 0.8484375 0.10468750000000011 0.921875 0.10468750000000013
2 0.9875 0.3390625000000001 0.8953125 0.3390625000000001 0.8953125 0.4593750000000002 0.9875 0.4593750000000002
2 0.8765625 0.48750000000000016 0.75625 0.48750000000000016 0.75625 0.5734375000000002 0.8765625 0.5734375000000002
2 0.6656250000000001 0.85 0.6234375000000002 0.85 0.6234375000000002 0.8921875 0.6656250000000001 0.8921875
2 0.2500000000000001 0.5359375 0.18593750000000003 0.5359375 0.18593750000000006 0.5953125 0.2500000000000001 0.5953125
2 0.678125 0.6 0.625 0.6 0.625 0.6578125 0.678125 0.6578125
2 0.78125 0.4437500000000001 0.6921875 0.44375 0.6921875 0.5515625000000001 0.78125 0.5515625000000002
2 0.06562500000000006 0.290625 3.559129760021995e-17 0.290625 4.8220467716427034e-17 0.496875 0.06562500000000007 0.496875
2 0.07343750000000009 0.734375 0.01250000000000009 0.734375 0.012500000000000091 0.775 0.07343750000000009 0.775
2 0.3828125000000001 0.6453125 0.3046875000000001 0.6453125 0.3046875000000001 0.728125 0.3828125000000001 0.728125
2 0.6921875 0.4859375 0.6375 0.4859375 0.6375 0.5171875 0.6921875 0.5171875
2 0.15781250000000005 0.3625 0.08437500000000005 0.3625 0.08437500000000005 0.4359375 0.15781250000000005 0.4359375
2 0.8125 0.6953125000000002 0.74375 0.6953125000000002 0.7437500000000001 0.7671875000000001 0.8125 0.7671875000000001
2 0.9 0.6281250000000002 0.8484375 0.6281250000000002 0.8484375 0.6812500000000001 0.9 0.6812500000000001
2 0.2312500000000001 0.4125 0.17656250000000004 0.4125 0.17656250000000004 0.509375 0.2312500000000001 0.509375
2 0.3703125000000001 0.578125 0.23593750000000008 0.578125 0.23593750000000008 0.6828125 0.3703125000000001 0.6828125
2 0.6515625 0.659375 0.5953125 0.659375 0.5953125 0.7 0.6515625 0.7
2 0.878125 0.22656250000000008 0.74375 0.22656250000000008 0.74375 0.3687500000000001 0.878125 0.3687500000000001
2 0.2468750000000001 0.6796875 0.12343750000000009 0.6796875 0.12343750000000009 0.7453125 0.2468750000000001 0.7453125
2 0.2640625000000001 0.6265625 0.18750000000000008 0.6265625 0.18750000000000008 0.7140625 0.2640625000000001 0.7140625
2 0.6328125 0.3421875000000001 0.546875 0.3421875000000001 0.546875 0.434375 0.6328125 0.434375
2 0.890625 0.43750000000000017 0.8296875 0.43750000000000017 0.8296875 0.4890625000000002 0.890625 0.4890625000000002
2 0.559375 0.2765625000000001 0.396875 0.2765625000000001 0.39687500000000003 0.4296875 0.559375 0.4296875
2 0.7953125 0.3671875000000001 0.728125 0.3671875000000001 0.728125 0.4078125000000002 0.7953125 0.4078125000000002
2 0.834375 0.6468750000000002 0.775 0.6468750000000002 0.775 0.7187500000000002 0.834375 0.7187500000000002
2 0.1984375000000001 0.8140625 0.14218750000000008 0.8140625 0.14218750000000008 0.85625 0.1984375000000001 0.85625
2 0.2875000000000001 0.4078125 0.2312500000000001 0.4078125 0.2312500000000001 0.478125 0.2875000000000001 0.478125
2 0.9859375 0.7406250000000002 0.921875 0.7406250000000002 0.921875 0.7890625000000002 0.9859375 0.7890625000000002
2 0.4296875000000001 0.690625 0.3859375000000001 0.690625 0.3859375000000001 0.7265625 0.42968750000000017 0.7265625
2 0.1062500000000001 0.70625 0.06406250000000009 0.70625 0.06406250000000009 0.753125 0.1062500000000001 0.753125
2 0.22031250000000008 0.7796875 0.1781250000000001 0.7796875 0.1781250000000001 0.8453125 0.22031250000000008 0.8453125
2 0.746875 0.3750000000000001 0.6953125 0.3750000000000001 0.6953125 0.44218750000000007 0.746875 0.4421875000000002
2 0.7484375000000002 0.85625 0.6593750000000002 0.85625 0.6593750000000002 0.940625 0.7484375000000002 0.940625
2 0.3234375000000001 0.83125 0.26250000000000007 0.83125 0.26250000000000007 0.8984375 0.3234375000000001 0.8984375
2 0.8359375 0.5750000000000002 0.7703125 0.5750000000000002 0.7703125 0.6281250000000002 0.8359375 0.6281250000000002
2 0.49531250000000016 0.8484375 0.4515625000000002 0.8484375 0.4515625000000002 0.8921875 0.49531250000000016 0.8921875
2 0.2609375000000001 0.7140625 0.19531250000000008 0.7140625 0.19531250000000008 0.796875 0.2609375000000001 0.796875
2 0.9171875 0.2812500000000001 0.8296875 0.2812500000000001 0.8296875 0.3968750000000001 0.9171875 0.3968750000000001
2 0.890625 0.5515625000000002 0.8296875 0.5515625000000002 0.8296875 0.6328125000000002 0.890625 0.6328125000000002
2 0.7421875 0.4312500000000001 0.653125 0.43125 0.653125 0.4953125000000001 0.7421875 0.49531250000000016
2 0.615625 0.5796875 0.575 0.5796875 0.575 0.615625 0.615625 0.615625
2 0.7390625000000002 0.7921875 0.6843750000000002 0.7921875 0.6843750000000002 0.840625 0.7390625000000002 0.840625
2 0.18906250000000002 0.1609375 0.021875000000000023 0.1609375 0.021875000000000026 0.28125 0.18906250000000005 0.28125
2 0.8328125 0.5671875000000002 0.7953125 0.5671875000000002 0.7953125 0.6000000000000002 0.8328125 0.6000000000000002
2 0.9421875 0.7031250000000002 0.8984375 0.7031250000000002 0.8984375 0.7515625000000001 0.9421875 0.7515625000000001
2 0.7234375 0.5859375 0.7 0.5859375 0.7 0.640625 0.7234375 0.640625
2 1 0.6578125000000001 0.940625 0.6578125000000001 0.940625 0.7265625000000002 1 0.7265625000000002
2 0.18593750000000003 0.278125 0.11250000000000004 0.278125 0.11250000000000004 0.371875 0.18593750000000003 0.371875
2 0.6421875 0.4890625 0.6171875 0.4890625 0.6171875 0.540625 0.6421875 0.540625
2 0.8484375 0.0546875000000001 0.7625 0.05468750000000009 0.7625 0.1218750000000001 0.8484375 0.1218750000000001
2 0.7125 0.2078125000000001 0.5421875 0.2078125000000001 0.5421875 0.3453125000000001 0.7125 0.3453125000000001
2 0.15625000000000006 0.45 0.08750000000000005 0.45 0.08750000000000005 0.5109375 0.15625000000000006 0.5109375
2 0.778125 0.5734375 0.71875 0.5734375 0.71875 0.6203125 0.778125 0.6203125000000002
2 0.05468750000000009 0.6890625 8.438581850374731e-17 0.6890625 8.754311103279908e-17 0.740625 0.05468750000000009 0.740625
2 0.3046875000000001 0.7140625 0.2578125000000001 0.7140625 0.2578125000000001 0.7609375 0.3046875000000001 0.7609375
2 0.6015625000000001 0.6875 0.5484375 0.6875 0.5484375000000001 0.7671875 0.6015625000000002 0.7671875
2 0.8203125 0.3890625000000001 0.7625 0.3890625000000001 0.7625 0.4546875000000002 0.8203125 0.4546875000000002
2 0.6046875000000002 0.7796875 0.5718750000000001 0.7796875 0.5718750000000001 0.8171875 0.6046875000000002 0.8171875