2 0.9015625 0.38750000000000007 0.8484375 0.38750000000000007 0.8484375 0.42968750000000017 0.9015625 0.42968750000000017
2 0.5109375 0.525 0.4203125 0.525 0.4203125 0.584375 0.5109375 0.584375
2 0.8859375 0.5890625000000002 0.8171875 0.5890625000000002 0.8171875 0.6718750000000002 0.8859375 0.6718750000000002
2 0.846875 9.998093008663938e-17 0.7859375 9.62495843704873e-17 0.7859375 0.0671875000000001 0.846875 0.06718750000000011
2 0.9625 0.7312500000000002 0.9234375 0.7312500000000002 0.9234375 0.7812500000000002 0.9625 0.7812500000000002
2 0.3968750000000001 0.715625 0.3234375000000001 0.715625 0.3234375000000001 0.746875 0.3968750000000001 0.746875
2 0.6125 0.3937500000000001 0.5671875 0.3937500000000001 0.5671875 0.43125 0.6125 0.43125
2 0.8953125 0.10468750000000009 0.7484375 0.10468750000000009 0.7484375 0.2093750000000001 0.8953125 0.2093750000000001
2 0.6515625 0.4828125 0.5828125 0.4828125 0.5828125 0.5984375 0.6515625 0.5984375
2 0.740625 0.5843750000000001 0.703125 0.584375 0.703125 0.6187500000000001 0.740625 0.6187500000000001
2 0.740625 0.2843750000000001 0.690625 0.2843750000000001 0.690625 0.3281250000000001 0.740625 0.3281250000000001
2 0.20312500000000008 0.384375 0.07500000000000004 0.384375 0.07500000000000005 0.5015625 0.20312500000000008 0.5015625
2 0.3984375 0.2656250000000001 0.365625 0.2656250000000001 0.365625 0.3203125000000001 0.3984375 0.3203125000000001
2 0.775 0.10468750000000009 0.7203125 0.10468750000000009 0.7203125 0.1468750000000001 0.775 0.1468750000000001
2 0.85625 0.85625 0.7859375000000002 0.85625 0.7859375000000002 0.934375 0.85625 0.934375
2 0.6125000000000002 0.8671875 0.5531250000000002 0.8671875 0.5531250000000002 0.925 0.6125000000000002 0.925
2 0.621875 6.668584523482072e-17 0.4671875 5.72139676476654e-17 0.4671875 0.048437500000000064 0.621875 0.04843750000000008
2 0.4140625 0.05468750000000004 0.315625 0.05468750000000004 0.315625 0.15781250000000005 0.4140625 0.15781250000000005
2 0.9640625 0.6578125000000001 0.9296875 0.6578125000000001 0.9296875 0.6953125000000002 0.9640625 0.6953125000000002
2 0.26250000000000007 0.7390625 0.1781250000000001 0.7390625 0.1781250000000001 0.8359375 0.26250000000000007 0.8359375
2 0.7171875 0.41875 0.6515625 0.41875 0.6515625 0.4734375 0.7171875 0.4734375
2 0.5984375 0.4296875 0.5515625 0.4296875 0.5515625 0.475 0.5984375 0.475
2 0.8046875 0.4187500000000002 0.75625 0.4187500000000002 0.75625 0.4734375000000002 0.8046875 0.4734375000000002
2 0.7312500000000002 0.7406250000000001 0.6609375000000002 0.740625 0.6609375000000002 0.8703125 0.7312500000000002 0.8703125
2 0.334375 3.252968060235157e-17 0.196875 2.4110233858213517e-17 0.196875 0.07500000000000004 0.334375 0.07500000000000004
2 0.709375 0.24218750000000008 0.6421875 0.24218750000000008 0.6421875 0.2921875000000001 0.709375 0.2921875000000001
2 0.553125 0.3656250000000001 0.4984375 0.3656250000000001 0.4984375 0.48125 0.553125 0.48125
2 0.1921875 0.1609375 0.04531250000000002 0.1609375 0.045312500000000026 0.315625 0.19218750000000004 0.315625
2 0.8390625 0.6609375000000002 0.78125 0.6609375000000002 0.78125 0.7156250000000002 0.8390625 0.7156250000000002
2 0.8015625 0.6796875000000002 0.7515625 0.6796875000000002 0.7515625 0.7218750000000002 0.8015625 0.7218750000000002
2 0.4890625 0.5828125 0.36406250000000007 0.5828125 0.36406250000000007 0.696875 0.4890625 0.696875
2 0.5750000000000001 0.559375 0.465625 0.559375 0.46562500000000007 0.74375 0.5750000000000002 0.74375
2 0.5625000000000002 0.8578125 0.4031250000000002 0.8578125 0.4031250000000002 1 0.5625000000000002 1
2 0.2968750000000001 0.696875 0.19531250000000008 0.696875 0.19531250000000008 0.8140625 0.2968750000000001 0.8140625
2 0.7703125 0.64375 0.7140625 0.64375 0.7140625 0.7046875000000001 0.7703125 0.7046875000000001
2 0.884375 0.7546875000000002 0.8328125 0.7546875000000002 0.8328125 0.8203125 0.884375 0.8203125
2 0.05781250000000001 0.029687500000000006 3.6356701849687045e-18 0.0296875 7.845393557037732e-18 0.0984375 0.057812500000000024 0.0984375
2 0.43125 4.5063175187375266e-17 0.3046875 3.731345716152092e-17 0.3046875 0.057812500000000044 0.43125 0.057812500000000044
2 0.55 0.07656250000000006 0.459375 0.07656250000000006 0.459375 0.20312500000000008 0.55 0.20312500000000008
2 0.8859375 0.3000000000000001 0.8421875 0.3000000000000001 0.8421875 0.3453125000000001 0.8859375 0.3453125000000001
2 0.5734375000000002 0.7375 0.5109375000000002 0.7375 0.5109375000000002 0.8046875 0.5734375000000002 0.8046875
2 0.640625 0.2875000000000001 0.5796875 0.2875000000000001 0.5796875 0.3437500000000001 0.640625 0.3437500000000001
2 0.528125 0.17812500000000003 0.4140625 0.17812500000000003 0.4140625 0.2718750000000001 0.528125 0.2718750000000001
2 0.4703125000000002 0.93125 0.25468750000000007 0.93125 0.25468750000000007 1 0.4703125000000002 1
2 0.7640625000000002 0.925 0.7203125000000001 0.925 0.7203125000000001 0.9890625 0.7640625000000002 0.9890625
2 0.7140625 0.5984375 0.6265625 0.5984375 0.6265625 0.6796875 0.7140625 0.6796875
2 0.4921875 0.27031250000000007 0.459375 0.27031250000000007 0.459375 0.3281250000000001 0.4921875 0.3281250000000001
2 0.40625000000000017 0.8359375 0.3296875000000001 0.8359375 0.3296875000000001 0.9125 0.40625000000000017 0.9125
2 0.75625 0.1437500000000001 0.6796875 0.1437500000000001 0.6796875 0.2156250000000001 0.75625 0.2156250000000001
2 0.6640625 0.053125000000000075 0.6078125 0.05312500000000007 0.6078125 0.10781250000000009 0.6640625 0.10781250000000009
2 0.48437500000000017 0.7578125 0.3828125000000001 0.7578125 0.3828125000000001 0.815625 0.48437500000000017 0.815625
2 0.6656250000000001 0.6109375 0.55625 0.6109375 0.5562500000000001 0.753125 0.6656250000000001 0.753125
2 0.684375 0.3140625000000001 0.6421875 0.3140625000000001 0.6421875 0.3734375000000001 0.684375 0.3734375000000001
2 0.3359375 0.07656250000000003 0.1859375 0.07656250000000002 0.18593750000000003 0.2171875 0.3359375 0.2171875
2 0.7312500000000002 0.7406250000000001 0.6609375000000002 0.740625 0.6609375000000002 0.8703125 0.7312500000000002 0.8703125
2 0.7000000000000001 0.7234375 0.6078125 0.7234375 0.6078125000000001 0.8046875 0.7000000000000002 0.8046875
2 0.4046875 0.33437500000000003 0.3078125 0.334375 0.30781250000000004 0.425 0.4046875 0.425
2 0.4625 0.06250000000000006 0.4078125 0.06250000000000004 0.4078125 0.12656250000000005 0.4625 0.12656250000000005
2 0.4 0.4109375 0.2390625000000001 0.4109375 0.2390625000000001 0.5828125 0.4 0.5828125
2 0.3765625 0.16406250000000006 0.334375 0.16406250000000006 0.334375 0.23437500000000006 0.3765625 0.23437500000000008
2 0.7046875 0.1218750000000001 0.628125 0.1218750000000001 0.628125 0.1843750000000001 0.7046875 0.1843750000000001
2 0.85 0.7937500000000002 0.8046875 0.7937500000000002 0.8046875 0.853125 0.85 0.853125
2 0.4515625000000001 0.6984375 0.3765625000000001 0.6984375 0.3765625000000001 0.7578125 0.4515625000000002 0.7578125
2 0.7734375 9.194418546723489e-17 0.728125 8.916959506291665e-17 0.728125 0.029687500000000096 0.7734375 0.0296875000000001
2 0.7125 0.55 0.675 0.55 0.675 0.5953125 0.7125 0.5953125
2 0.7406250000000002 0.8890625 0.6906250000000002 0.8890625 0.6906250000000002 0.934375 0.7406250000000002 0.934375
2 0.8375 0.7687500000000002 0.7687500000000002 0.7687500000000002 0.7687500000000002 0.8125 0.8375 0.8125
2 0.4125 0.21406250000000004 0.3421875 0.2140625 0.3421875 0.26875000000000004 0.4125 0.2687500000000001
2 0.9375 0.21250000000000008 0.85 0.21250000000000008 0.85 0.3062500000000001 0.9375 0.3062500000000001
2 0.89375 0.6609375000000002 0.821875 0.6609375000000002 0.821875 0.7250000000000002 0.89375 0.7250000000000002
2 0.6078125 0.12031250000000009 0.553125 0.12031250000000009 0.553125 0.1906250000000001 0.6078125 0.1906250000000001
2 0.8875 0.47968750000000016 0.840625 0.47968750000000016 0.840625 0.5250000000000001 0.8875 0.5250000000000001
2 0.7859375000000002 0.7265625000000001 0.6984375000000002 0.7265625 0.6984375000000002 0.7953125000000001 0.7859375000000002 0.7953125000000002
2 0.365625 0.03437500000000004 0.24375 0.03437500000000003 0.24375 0.12656250000000005 0.365625 0.12656250000000005
2 0.6125 0.06250000000000007 0.5265625 0.06250000000000007 0.5265625 0.12812500000000007 0.6125 0.1281250000000001
2 0.46875 0.21875000000000008 0.4015625 0.21875000000000008 0.4015625 0.3125000000000001 0.46875 0.3125000000000001
2 0.5953125 0.3531250000000001 0.5578125 0.3531250000000001 0.5578125 0.39531250000000007 0.5953125 0.39531250000000007
2 0.83125 0.2218750000000001 0.78125 0.2218750000000001 0.78125 0.2796875000000001 0.83125 0.2796875000000001
2 0.24375000000000008 0.803125 0.11562500000000009 0.803125 0.11562500000000012 0.9796875 0.24375000000000008 0.9796875
2 0.578125 0.12187500000000007 0.54375 0.12187500000000004 0.54375 0.16093750000000007 0.578125 0.1609375000000001
2 0.7375 0.006250000000000087 0.6875 0.006250000000000084 0.6875 0.05312500000000009 0.7375 0.05312500000000009
2 0.6203125 0.2390625000000001 0.5625 0.2390625000000001 0.5625 0.2640625000000001 0.6203125 0.2640625000000001
2 0.3375000000000001 0.8046875 0.2390625000000001 0.8046875 0.2390625000000001 0.8828125 0.3375000000000001 0.8828125
2 0.5171875 0.32500000000000007 0.4625 0.32500000000000007 0.4625 0.3500000000000001 0.5171875 0.3500000000000001
2 0.07500000000000002 0.1078125 0.004687500000000014 0.1078125 0.00468750000000002 0.1984375 0.07500000000000002 0.1984375
2 0.31093750000000003 0.25 0.16562500000000005 0.25 0.16562500000000005 0.4296875 0.3109375000000001 0.4296875
2 0.48437500000000017 0.8359375 0.4203125000000002 0.8359375 0.4203125000000002 0.9078125 0.48437500000000017 0.9078125
2 0.6 0.17968750000000008 0.5515625 0.17968750000000008 0.5515625 0.24218750000000008 0.6 0.24218750000000008
2 0.7265625000000002 0.94375 0.6718750000000002 0.94375 0.6718750000000002 1 0.7265625000000002 1
2 0.7468750000000001 0.6796875000000001 0.6984375 0.6796875 0.6984375 0.7281250000000001 0.7468750000000002 0.7281250000000001
2 0.7546875 0.3671875000000001 0.6703125 0.3671875000000001 0.6703125 0.4234375000000001 0.7546875 0.4234375000000002
2 0.4265625 0.13750000000000004 0.35625 0.13750000000000004 0.35625 0.19843750000000004 0.4265625 0.19843750000000004
2 0.8078125 0.36406250000000007 0.76875 0.36406250000000007 0.76875 0.3984375000000001 0.8078125 0.3984375000000001