2 0.9078125 0.4234375000000002 0.8578125 0.4234375000000002 0.8578125 0.4625000000000002 0.9078125 0.4625000000000002
2 0.5375 0.5515625 0.4515625 0.5515625 0.4515625 0.6078125 0.5375 0.6078125
2 0.8921875 0.6125000000000002 0.828125 0.6125000000000002 0.828125 0.6906250000000002 0.8921875 0.6906250000000002
2 0.85625 0.0546875000000001 0.7984375 0.05468750000000009 0.7984375 0.11875000000000009 0.85625 0.11875000000000009
2 0.965625 0.7484375000000002 0.928125 0.7484375000000002 0.928125 0.7953125000000002 0.965625 0.7953125000000002
2 0.4281250000000002 0.7328125 0.3593750000000001 0.7328125 0.3593750000000001 0.7625 0.4281250000000002 0.7625
2 0.6328125 0.428125 0.590625 0.428125 0.590625 0.4640625 0.6328125 0.4640625
2 0.903125 0.1531250000000001 0.7640625 0.1531250000000001 0.7640625 0.2531250000000001 0.903125 0.2531250000000001
2 0.671875 0.5125 0.60625 0.5125 0.60625 0.621875 0.671875 0.621875
2 0.7546875 0.6093750000000001 0.71875 0.609375 0.71875 0.6421875000000001 0.7546875 0.6421875000000001
2 0.7546875 0.32500000000000007 0.7078125 0.32500000000000007 0.7078125 0.3656250000000001 0.7546875 0.3656250000000001
2 0.2453125000000001 0.41875 0.12343750000000005 0.41875 0.12343750000000005 0.5296875 0.2453125000000001 0.5296875
2 0.43125 0.3062500000000001 0.4 0.3062500000000001 0.4 0.3578125000000001 0.43125 0.3578125000000001
2 0.7875 0.1546875000000001 0.7359375 0.1546875000000001 0.7359375 0.1937500000000001 0.7875 0.1937500000000001
2 0.865625 0.865625 0.7984375000000001 0.865625 0.7984375000000001 0.9390625 0.865625 0.9390625
2 0.6343750000000001 0.8765625 0.5781250000000002 0.8765625 0.5781250000000002 0.93125 0.6343750000000001 0.93125
2 0.6421875 6.898205798322201e-17 0.484375 5.931882933369991e-17 0.484375 0.10156250000000007 0.6421875 0.10156250000000008
2 0.4453125 0.10625000000000004 0.3515625 0.10625000000000004 0.3515625 0.20468750000000005 0.4453125 0.20468750000000008
2 0.96875 0.6781250000000002 0.9359375 0.6781250000000002 0.9359375 0.7125000000000001 0.96875 0.7125000000000001
2 0.3000000000000001 0.7546875 0.22031250000000008 0.7546875 0.22031250000000008 0.846875 0.3000000000000001 0.846875
2 0.7328125 0.4515625000000001 0.671875 0.4515625 0.671875 0.503125 0.7328125 0.5031250000000002
2 0.6203125 0.4625 0.5765625 0.4625 0.5765625 0.5046875 0.6203125 0.5046875
2 0.815625 0.4515625000000002 0.76875 0.4515625000000002 0.76875 0.5031250000000002 0.815625 0.5031250000000002
2 0.7468750000000002 0.7562500000000001 0.6812500000000001 0.75625 0.6812500000000001 0.8796875 0.7468750000000002 0.8796875
2 0.434375 4.104480287767301e-17 0.2359375 2.8894010417382865e-17 0.2359375 0.12656250000000005 0.434375 0.12656250000000005
2 0.7265625 0.2828125000000001 0.6625 0.2828125000000001 0.6625 0.3312500000000001 0.7265625 0.3312500000000001
2 0.5765625 0.4015625 0.525 0.4015625 0.525 0.5109375 0.5765625 0.5109375
2 0.234375 0.20625 0.09531250000000002 0.20625 0.09531250000000004 0.353125 0.234375 0.353125
2 0.8484375 0.6812500000000001 0.79375 0.6812500000000001 0.7937500000000001 0.7328125000000002 0.8484375 0.7328125000000002
2 0.8140625 0.7000000000000002 0.765625 0.7000000000000002 0.7656250000000001 0.7390625000000002 0.8140625 0.7390625000000002
2 0.515625 0.6078125 0.3984375000000001 0.6078125 0.3984375000000001 0.715625 0.515625 0.715625
2 0.5984375000000001 0.5859375 0.49375 0.5859375 0.4937500000000001 0.7609375 0.5984375000000002 0.7609375
2 0.5859375000000002 0.86875 0.4359375000000002 0.86875 0.4359375000000002 1 0.5859375000000002 1
2 0.3343750000000001 0.715625 0.2375000000000001 0.715625 0.2375000000000001 0.8265625 0.3343750000000001 0.8265625
2 0.784375 0.6640625000000002 0.73125 0.6640625000000002 0.73125 0.7218750000000002 0.784375 0.7218750000000002
2 0.8921875 0.7703125000000002 0.84375 0.7703125000000002 0.84375 0.83125 0.8921875 0.83125
2 0.1078125 0.08281250000000001 0.02343750000000001 0.0828125 0.023437500000000014 0.15625 0.1078125 0.15625
2 0.4625 0.01718750000000005 0.3421875 0.017187500000000043 0.3421875 0.10937500000000004 0.4625 0.10937500000000004
2 0.575 0.12812500000000007 0.4890625 0.12812500000000004 0.4890625 0.2484375000000001 0.575 0.2484375000000001
2 0.89375 0.3390625000000001 0.8515625 0.3390625000000001 0.8515625 0.3812500000000001 0.89375 0.3812500000000001
2 0.5968750000000002 0.7546875 0.5375000000000002 0.7546875 0.5375000000000002 0.81875 0.5968750000000002 0.81875
2 0.6609375 0.3265625000000001 0.603125 0.3265625000000001 0.603125 0.37968750000000007 0.6609375 0.37968750000000007
2 0.553125 0.2234375000000001 0.4453125 0.2234375000000001 0.4453125 0.3125000000000001 0.553125 0.3125000000000001
2 0.4984375000000002 0.9375 0.2984375000000001 0.9375 0.2984375000000001 1 0.4984375000000002 1
2 0.7781250000000002 0.93125 0.7375000000000002 0.93125 0.7375000000000002 0.9921875 0.7781250000000002 0.9921875
2 0.7296875 0.6218750000000001 0.646875 0.621875 0.646875 0.7000000000000001 0.7296875 0.7000000000000002
2 0.51875 0.3109375000000001 0.4875 0.3109375000000001 0.4875 0.3656250000000001 0.51875 0.3656250000000001
2 0.43750000000000017 0.846875 0.36406250000000007 0.846875 0.36406250000000007 0.9203125 0.43750000000000017 0.9203125
2 0.7703125 0.1906250000000001 0.6984375 0.1906250000000001 0.6984375 0.2593750000000001 0.7703125 0.2593750000000001
2 0.6828125 0.10468750000000009 0.6296875 0.10468750000000009 0.6296875 0.15625000000000008 0.6828125 0.15625000000000008
2 0.5125000000000002 0.7734375 0.4156250000000002 0.7734375 0.4156250000000002 0.828125 0.5125000000000002 0.828125
2 0.6843750000000001 0.634375 0.5796875 0.634375 0.5796875000000001 0.76875 0.6843750000000002 0.76875
2 0.7015625 0.3531250000000001 0.6609375 0.3531250000000001 0.6609375 0.409375 0.7015625 0.409375
2 0.3703125 0.12656250000000005 0.228125 0.12656250000000005 0.228125 0.26093750000000004 0.3703125 0.2609375000000001
2 0.7468750000000002 0.7562500000000001 0.6812500000000001 0.75625 0.6812500000000001 0.8796875 0.7468750000000002 0.8796875
2 0.7156250000000002 0.740625 0.6281250000000002 0.740625 0.6281250000000002 0.8171875 0.7156250000000002 0.8171875
2 0.4359375 0.37187500000000007 0.3437500000000001 0.371875 0.3437500000000001 0.4578125 0.4359375 0.4578125
2 0.4921875 0.11406250000000004 0.440625 0.11406250000000004 0.440625 0.17500000000000004 0.4921875 0.17500000000000004
2 0.4328125 0.44375 0.2796875000000001 0.44375 0.2796875000000001 0.60625 0.4328125 0.60625
2 0.409375 0.2093750000000001 0.36875 0.2093750000000001 0.36875 0.2765625000000001 0.409375 0.2765625000000001
2 0.721875 0.1703125000000001 0.65 0.1703125000000001 0.65 0.2296875000000001 0.721875 0.2296875000000001
2 0.859375 0.80625 0.8171875 0.80625 0.8171875 0.8625 0.859375 0.8625
2 0.4796875000000001 0.7171875 0.409375 0.7171875 0.4093750000000001 0.7734375 0.47968750000000016 0.7734375
2 0.7921875 0.018750000000000093 0.74375 0.01875000000000009 0.74375 0.0828125000000001 0.7921875 0.0828125000000001
2 0.728125 0.5750000000000001 0.6921875 0.575 0.6921875 0.6187500000000001 0.728125 0.6187500000000001
2 0.7546875000000002 0.896875 0.7078125000000002 0.896875 0.7078125000000002 0.9390625 0.7546875000000002 0.9390625
2 0.846875 0.7828125000000001 0.7812500000000002 0.7828125000000001 0.7812500000000002 0.825 0.846875 0.825
2 0.44375 0.2578125000000001 0.3765625 0.2578125000000001 0.3765625 0.30937500000000007 0.44375 0.30937500000000007
2 0.94375 0.2562500000000001 0.859375 0.2562500000000001 0.859375 0.3453125000000001 0.94375 0.3453125000000001
2 0.9 0.6812500000000001 0.8328125 0.6812500000000001 0.8328125 0.7421875000000002 0.9 0.7421875000000002
2 0.6296875 0.1687500000000001 0.5765625 0.1687500000000001 0.5765625 0.23437500000000008 0.6296875 0.23437500000000008
2 0.8953125 0.5093750000000001 0.8515625 0.5093750000000001 0.8515625 0.5531250000000002 0.8953125 0.5531250000000002
2 0.7984375000000001 0.7437500000000001 0.7156250000000002 0.74375 0.7156250000000002 0.809375 0.7984375000000001 0.809375
2 0.4 0.08750000000000005 0.284375 0.08750000000000005 0.284375 0.17500000000000004 0.4 0.17500000000000004
2 0.634375 0.1140625000000001 0.553125 0.1140625000000001 0.553125 0.1750000000000001 0.634375 0.1750000000000001
2 0.496875 0.26250000000000007 0.4328125 0.26250000000000007 0.4328125 0.3515625000000001 0.496875 0.3515625000000001
2 0.6171875 0.3890625000000001 0.58125 0.3890625000000001 0.58125 0.4296875 0.6171875 0.4296875
2 0.8421875 0.2656250000000001 0.79375 0.2656250000000001 0.79375 0.3203125000000001 0.8421875 0.3203125000000001
2 0.2828125000000001 0.815625 0.1625000000000001 0.815625 0.16250000000000012 0.9828125 0.2828125000000001 0.9828125
2 0.6015625 0.1703125000000001 0.56875 0.1703125000000001 0.56875 0.2078125000000001 0.6015625 0.2078125000000001
2 0.753125 0.06093750000000009 0.7046875 0.06093750000000009 0.7046875 0.10468750000000009 0.753125 0.10468750000000009
2 0.6421875 0.2812500000000001 0.5875 0.2812500000000001 0.5875 0.3046875000000001 0.6421875 0.3046875000000001
2 0.73125 8.524689828439779e-17 0.6609375 8.094149938114538e-17 0.6609375 0.06250000000000008 0.73125 0.06250000000000008
2 0.3734375000000001 0.81875 0.2796875000000001 0.81875 0.2796875000000001 0.8921875 0.3734375000000001 0.8921875
2 0.5421875 0.3625000000000001 0.490625 0.3625000000000001 0.490625 0.38750000000000007 0.5421875 0.38750000000000007
2 0.12343750000000002 0.15625 0.05625000000000002 0.15625 0.05625000000000002 0.2421875 0.12343750000000005 0.2421875
2 0.34687500000000004 0.290625 0.209375 0.290625 0.20937500000000003 0.4609375 0.3468750000000001 0.4609375
2 0.5125000000000002 0.846875 0.4515625000000002 0.846875 0.4515625000000002 0.915625 0.5125000000000002 0.915625
2 0.621875 0.2250000000000001 0.575 0.2250000000000001 0.575 0.2843750000000001 0.621875 0.2843750000000001
2 0.7421875000000002 0.9484375 0.6906250000000002 0.9484375 0.6906250000000002 1 0.7421875000000002 1
2 0.7625000000000001 0.6984375 0.715625 0.6984375 0.7156250000000001 0.7453125 0.7625000000000002 0.7453125000000002
2 0.76875 0.40312500000000007 0.6890625 0.403125 0.6890625 0.4562500000000001 0.76875 0.45625000000000016
2 0.45625 0.18437500000000004 0.390625 0.18437500000000004 0.390625 0.24218750000000008 0.45625 0.24218750000000008
2 0.81875 0.4000000000000002 0.78125 0.4000000000000002 0.78125 0.43281250000000016 0.81875 0.43281250000000016