2 0.5234375 0.459375 0.453125 0.459375 0.453125 0.559375 0.5234375 0.559375
2 0.71875 0.478125 0.5984375 0.478125 0.5984375 0.5984375 0.71875 0.5984375
2 0.8609375 0.6218750000000001 0.7109375 0.621875 0.7109375000000001 0.9 0.8609375 0.9
2 0.33125 0.18437500000000004 0.2109375 0.18437500000000004 0.2109375 0.31875 0.33125 0.31875
2 0.3359375 0.13906250000000003 0.1546875 0.1390625 0.15468750000000003 0.275 0.3359375 0.275
2 0.3593750000000001 0.50625 0.2765625000000001 0.50625 0.2765625000000001 0.621875 0.3593750000000001 0.621875
2 0.17187500000000008 0.615625 7.539231857250894e-17 0.615625 8.87868929381831e-17 0.834375 0.17187500000000008 0.834375
2 0.428125 0.5890625 0.2843750000000001 0.5890625 0.2843750000000001 0.7234375 0.428125 0.7234375
2 0.909375 0.7125000000000001 0.83125 0.7125000000000001 0.83125 0.9765625 0.909375 0.9765625
2 0.17031250000000006 0.49375 6.046693570790056e-17 0.49375 6.812097820257152e-17 0.61875 0.1703125000000001 0.61875
2 0.39531250000000007 0.30781250000000004 0.31875 0.3078125 0.31875000000000003 0.4140625 0.39531250000000007 0.4140625
2 0.12343750000000005 0.3375 0.042187500000000044 0.3375 0.042187500000000044 0.3984375 0.12343750000000005 0.3984375
2 0.6125 6.381557929931911e-17 0.4296875 5.262154215086284e-17 0.4296875 0.07500000000000005 0.6125 0.07500000000000007
2 0.40937500000000016 0.896875 0.2578125000000001 0.896875 0.2578125000000001 1 0.40937500000000016 1
2 0.90625 0.40625000000000017 0.796875 0.40625000000000017 0.796875 0.6015625000000002 0.90625 0.6015625000000002
2 0.996875 0.8421875 0.9 0.8421875 0.9 0.975 0.996875 0.975
2 0.659375 0.21875000000000008 0.5109375 0.21875000000000008 0.5109375 0.3734375000000001 0.659375 0.3734375000000001
2 0.540625 0.07656250000000006 0.396875 0.07656250000000005 0.396875 0.19687500000000005 0.540625 0.19687500000000005
2 0.790625 0.03125000000000009 0.6203125 0.031250000000000076 0.6203125 0.23593750000000008 0.790625 0.23593750000000008
2 0.6000000000000001 0.65625 0.484375 0.65625 0.4843750000000001 0.7890625 0.6000000000000002 0.7890625
2 0.28593750000000007 0.79375 0.050000000000000086 0.79375 0.050000000000000114 1 0.28593750000000007 1
2 0.871875 0.5921875000000001 0.6859375 0.5921875 0.6859375000000001 0.7453125 0.871875 0.7453125000000002
2 0.553125 0.20312500000000008 0.44375 0.20312500000000008 0.44375 0.3312500000000001 0.553125 0.3312500000000001
2 0.16406250000000003 0.05312500000000001 0.0671875 0.053125 0.06718750000000001 0.2140625 0.16406250000000006 0.2140625
2 0.3890625000000001 0.4046875 0.3156250000000001 0.4046875 0.3156250000000001 0.478125 0.3890625000000001 0.478125
2 1 0.4468750000000002 0.8859375 0.4468750000000002 0.8859375 0.6796875000000002 1 0.6796875000000002
2 0.2609375000000001 0.528125 0.09375000000000007 0.528125 0.09375000000000008 0.671875 0.2609375000000001 0.671875
2 0.7687500000000002 0.7703125000000001 0.5093750000000001 0.7703125 0.5093750000000001 1 0.7687500000000002 1
2 0.9859375 0.5750000000000002 0.8640625 0.5750000000000002 0.8640625 0.7328125000000002 0.9859375 0.7328125000000002
2 0.459375 0.4171875 0.3765625000000001 0.4171875 0.3765625000000001 0.509375 0.459375 0.509375
2 1 0.22656250000000008 0.853125 0.22656250000000008 0.853125 0.47187500000000016 1 0.47187500000000016
2 0.3109375000000001 0.5953125 0.15781250000000008 0.5953125 0.15781250000000008 0.8265625 0.3109375000000001 0.8265625
2 0.34218750000000003 0.328125 0.234375 0.328125 0.23437500000000006 0.4125 0.3421875000000001 0.4125
2 0.7984375 0.36406250000000007 0.6234375 0.36406250000000007 0.6234375 0.48906250000000007 0.7984375 0.4890625000000002
2 0.346875 0.07812500000000003 0.2296875 0.07812500000000003 0.2296875 0.16562500000000005 0.346875 0.16562500000000005
2 0.18281250000000004 0.3140625 0.11718750000000004 0.3140625 0.11718750000000004 0.43125 0.18281250000000004 0.43125
2 0.8265625 0.25468750000000007 0.65625 0.25468750000000007 0.65625 0.4078125000000001 0.8265625 0.4078125000000002
2 0.9828125 0.6718750000000002 0.8578125 0.6718750000000002 0.8578125 0.85625 0.9828125 0.85625
2 0.915625 0.8765625 0.6984375000000002 0.8765625 0.6984375000000002 1 0.915625 1
2 0.7609375 0.4078125000000001 0.640625 0.4078125 0.640625 0.4906250000000001 0.7609375 0.4906250000000002
2 0.4703125 0.521875 0.37187500000000007 0.521875 0.37187500000000007 0.6234375 0.4703125 0.6234375
2 0.675 0.3312500000000001 0.5578125 0.3312500000000001 0.5578125 0.4421875 0.675 0.4421875
2 0.4984375000000001 0.7125 0.3000000000000001 0.7125 0.3000000000000001 0.8640625 0.4984375000000002 0.8640625
2 0.6203125 0.51875 0.5203125 0.51875 0.5203125 0.6296875 0.6203125 0.6296875
2 0.578125 0.3968750000000001 0.51875 0.3968750000000001 0.51875 0.5890625 0.578125 0.5890625
2 0.33281250000000007 0.4359375 0.2250000000000001 0.4359375 0.2250000000000001 0.5453125 0.33281250000000007 0.5453125
2 0.1734375 1.2533494585023693e-17 0.03125 3.827021247335479e-18 0.03125000000000001 0.06562500000000002 0.1734375 0.06562500000000002
2 0.15781250000000005 0.209375 0.06406250000000002 0.209375 0.06406250000000004 0.2875 0.15781250000000005 0.2875