2 0.5296875 0.4484375 0.4296875 0.4484375 0.4296875 0.5203125 0.5296875 0.5203125
2 0.5125 0.5953125 0.3906250000000001 0.5953125 0.3906250000000001 0.715625 0.5125 0.715625
2 0.3687500000000001 0.7078125 0.08906250000000009 0.7078125 0.0890625000000001 0.8578125 0.3687500000000001 0.8578125
2 0.8078125 0.2062500000000001 0.6734375 0.2062500000000001 0.6734375 0.3281250000000001 0.8078125 0.3281250000000001
2 0.853125 0.15000000000000008 0.7171875 0.15000000000000008 0.7171875 0.33281250000000007 0.853125 0.33281250000000007
2 0.484375 0.2718750000000001 0.36875 0.2718750000000001 0.36875 0.3546875000000001 0.484375 0.3546875000000001
2 0.3734375 3.23383295399848e-17 0.1546875 1.894375517431062e-17 0.1546875 0.16718750000000002 0.3734375 0.16718750000000004
2 0.4 0.27968750000000003 0.2640625 0.2796875 0.26406250000000003 0.425 0.4 0.425
2 0.2750000000000001 0.8296875 0.009375000000000102 0.8296875 0.009375000000000107 0.9078125 0.2750000000000001 0.9078125
2 0.4953125 5.2908568744412996e-17 0.36875 4.5158850718558645e-17 0.36875 0.16562500000000005 0.4953125 0.16562500000000005
2 0.6828125 0.3156250000000001 0.5765625 0.3156250000000001 0.5765625 0.3921875000000001 0.6828125 0.3921875000000001
2 0.6515625 0.03593750000000008 0.590625 0.03593750000000008 0.590625 0.11875000000000009 0.6515625 0.11875000000000009
2 1 0.4265625000000002 0.915625 0.4265625000000002 0.915625 0.6093750000000002 1 0.6093750000000002
2 0.09062500000000004 0.2640625 3.2338329539984796e-17 0.2640625 4.075777628412285e-17 0.4015625 0.09062500000000004 0.4015625
2 0.5843750000000002 0.7953125 0.3890625000000001 0.7953125 0.3890625000000001 0.9046875 0.5843750000000002 0.9046875
2 0.14687500000000012 0.9 0.012500000000000112 0.9 0.012500000000000117 0.996875 0.14687500000000014 0.996875
2 0.771875 0.5093750000000001 0.6171875 0.509375 0.6171875 0.6578125000000001 0.771875 0.6578125000000001
2 0.915625 0.3937500000000001 0.7953125 0.3937500000000001 0.7953125 0.5375000000000002 0.915625 0.5375000000000002
2 0.959375 0.6187500000000001 0.7546875 0.6187500000000001 0.7546875000000001 0.7906250000000001 0.959375 0.7906250000000001
2 0.33281250000000007 0.48125 0.2000000000000001 0.48125 0.2000000000000001 0.596875 0.33281250000000007 0.596875
2 0.19375000000000003 0.05312500000000001 6.505936120470313e-18 0.053125 2.0474563673244812e-17 0.28125 0.19375000000000003 0.28125
2 0.3968750000000001 0.6828125 0.24218750000000008 0.6828125 0.24218750000000008 0.8703125 0.3968750000000001 0.8703125
2 0.7875 0.4406250000000001 0.659375 0.440625 0.659375 0.5515625000000001 0.7875 0.5515625000000002
2 0.9390625 0.0625000000000001 0.778125 0.06250000000000008 0.778125 0.1593750000000001 0.9390625 0.15937500000000013
2 0.5859375 0.3109375000000001 0.5125 0.3109375000000001 0.5125 0.3859375000000001 0.5859375 0.3859375000000001
2 0.5437500000000002 0.884375 0.30937500000000007 0.884375 0.30937500000000007 1 0.5437500000000002 1
2 0.4625 0.08906250000000006 0.3171875 0.08906250000000004 0.3171875 0.25625000000000003 0.4625 0.2562500000000001
2 0.2171875000000001 0.50625 6.199774420683476e-17 0.50625 7.797555791446039e-17 0.7671875 0.2171875000000001 0.7671875
2 0.4156250000000002 0.8625 0.2562500000000001 0.8625 0.2562500000000001 0.984375 0.4156250000000002 0.984375
2 0.571875 0.37187500000000007 0.4796875 0.37187500000000007 0.4796875 0.45625 0.571875 0.45625
2 0.7656250000000002 0.8515625 0.5187500000000002 0.8515625 0.5187500000000002 1 0.7656250000000002 1
2 0.39375 0.153125 0.1609375 0.153125 0.1609375 0.30625 0.39375 0.3062500000000001
2 0.6625 0.2312500000000001 0.5765625 0.2312500000000001 0.5765625 0.3390625000000001 0.6625 0.3390625000000001
2 0.6265625000000001 0.6203125 0.5015625 0.6203125 0.5015625000000001 0.796875 0.6265625000000001 0.796875
2 0.9140625 0.2250000000000001 0.8265625 0.2250000000000001 0.8265625 0.3421875000000001 0.9140625 0.3421875000000001
2 0.6765625 0.11250000000000009 0.559375 0.11250000000000009 0.559375 0.1781250000000001 0.6765625 0.1781250000000001
2 0.7359375000000001 0.6531250000000001 0.58125 0.653125 0.58125 0.825 0.7359375000000001 0.825
2 0.31718750000000007 0.8546875 0.1312500000000001 0.8546875 0.13125000000000012 0.98125 0.31718750000000007 0.98125
2 0.10937500000000008 0.6984375 8.553392487794795e-17 0.6984375 9.825877052533841e-17 0.90625 0.10937500000000008 0.90625
2 0.58125 0.6375 0.4984375 0.6375 0.4984375000000001 0.7578125 0.5812500000000002 0.7578125
2 0.4671875 0.3687500000000001 0.3656250000000001 0.3687500000000001 0.3656250000000001 0.46875 0.4671875 0.46875
2 0.659375 0.55625 0.5484375 0.55625 0.5484375 0.6734375 0.659375 0.6734375
2 0.27656250000000004 0.2953125 0.12343750000000005 0.2953125 0.12343750000000005 0.4953125 0.2765625000000001 0.4953125
2 0.471875 0.5171875 0.3609375000000001 0.5171875 0.3609375000000001 0.6171875 0.471875 0.6171875
2 0.59375 0.515625 0.4 0.515625 0.4 0.575 0.59375 0.575
2 0.5546875 0.22031250000000008 0.44375 0.22031250000000008 0.44375 0.3296875000000001 0.5546875 0.3296875000000001
2 1 0.025000000000000116 0.925 0.025000000000000112 0.925 0.16875000000000012 1 0.16875000000000012
2 0.78125 0.05937500000000009 0.703125 0.05937500000000009 0.703125 0.1531250000000001 0.78125 0.1531250000000001