2 0.5015625 0.490625 0.4265625 0.490625 0.4265625 0.5953125 0.5015625 0.5953125
2 0.70625 0.509375 0.5796875 0.509375 0.5796875 0.6359375 0.70625 0.6359375
2 0.85625 0.6609375000000001 0.6984375 0.6609375 0.6984375 0.953125 0.85625 0.953125
2 0.3 0.2015625 0.17343750000000005 0.2015625 0.17343750000000005 0.3421875 0.3 0.3421875
2 0.3046875 0.153125 0.1140625 0.153125 0.11406250000000002 0.2953125 0.3046875 0.2953125
2 0.3296875000000001 0.5390625 0.24218750000000008 0.5390625 0.24218750000000008 0.659375 0.3296875000000001 0.659375
2 0.1312500000000001 0.6546875 8.017609513167828e-17 0.6546875 9.424039821563617e-17 0.884375 0.1312500000000001 0.884375
2 0.40312500000000007 0.6265625 0.2515625000000001 0.6265625 0.2515625000000001 0.76875 0.4031250000000002 0.76875
2 0.90625 0.7562500000000002 0.825 0.7562500000000002 0.825 1 0.90625 1
2 0.13125000000000006 0.5265625 6.448530801760282e-17 0.5265625 7.252205263700732e-17 0.6578125 0.1312500000000001 0.6578125
2 0.36718750000000006 0.33125000000000004 0.2875 0.33125 0.28750000000000003 0.4421875 0.3671875000000001 0.4421875
2 0.08125000000000004 0.3640625 4.4584797531458325e-17 0.3640625 4.84118187787938e-17 0.4265625 0.08125000000000004 0.4265625
2 0.5953125 6.113666442618427e-17 0.403125 4.9368574090627673e-17 0.403125 0.08593750000000006 0.5953125 0.08593750000000007
2 0.3625000000000001 0.9484375 0.2734375000000001 0.9484375 0.2734375000000001 1 0.3625000000000001 1
2 0.9046875 0.4343750000000002 0.7890625 0.4343750000000002 0.7890625 0.6390625000000002 0.9046875 0.6390625000000002
2 1 0.8921875 0.8984375 0.8921875 0.8984375 1 1 1
2 0.6453125 0.2375000000000001 0.4890625 0.2375000000000001 0.4890625 0.4 0.6453125 0.4
2 0.5203125 0.08750000000000005 0.3703125 0.08750000000000005 0.3703125 0.2140625000000001 0.5203125 0.2140625000000001
2 0.784375 0.042187500000000086 0.6046875 0.04218750000000008 0.6046875 0.2562500000000001 0.784375 0.2562500000000001
2 0.58125 0.696875 0.4609375 0.696875 0.4609375000000001 0.8359375 0.5812500000000002 0.8359375
2 0.2515625000000001 0.8421875 0.023437500000000104 0.8421875 0.023437500000000114 1 0.2515625000000001 1
2 0.8671875 0.6296875000000001 0.671875 0.6296875 0.6718750000000001 0.7906250000000001 0.8671875 0.7906250000000001
2 0.534375 0.2218750000000001 0.41875 0.2218750000000001 0.41875 0.35625000000000007 0.534375 0.35625000000000007
2 0.12500000000000003 0.06406250000000001 0.023437500000000007 0.0640625 0.023437500000000017 0.2328125 0.12500000000000006 0.2328125
2 0.3609375000000001 0.4328125 0.2828125000000001 0.4328125 0.2828125000000001 0.509375 0.3609375000000001 0.509375
2 1 0.47656250000000017 0.8828125 0.47656250000000017 0.8828125 0.7218750000000002 1 0.7218750000000002
2 0.2250000000000001 0.5609375 0.050000000000000065 0.5609375 0.05000000000000008 0.7125 0.2250000000000001 0.7125
2 0.7593750000000001 0.8171875 0.5015625000000001 0.8171875 0.5015625000000001 1 0.7593750000000001 1
2 0.9875 0.6109375000000001 0.859375 0.6109375000000001 0.859375 0.7765625000000002 0.9875 0.7765625000000002
2 0.434375 0.446875 0.3468750000000001 0.446875 0.3468750000000001 0.54375 0.434375 0.54375
2 1 0.2453125000000001 0.846875 0.2453125000000001 0.846875 0.5031250000000002 1 0.5031250000000002
2 0.27812500000000007 0.6328125 0.11875000000000009 0.6328125 0.11875000000000009 0.875 0.27812500000000007 0.875
2 0.31250000000000006 0.353125 0.19843750000000004 0.353125 0.19843750000000004 0.4421875 0.3125000000000001 0.4421875
2 0.7921875 0.3890625000000001 0.6078125 0.3890625000000001 0.6078125 0.5203125000000001 0.7921875 0.5203125000000002
2 0.315625 0.09062500000000004 0.19375 0.09062500000000002 0.19375 0.18125000000000005 0.315625 0.18125000000000005
2 0.14375000000000004 0.3390625 0.07500000000000004 0.3390625 0.07500000000000005 0.4609375 0.14375000000000004 0.4609375
2 0.8203125 0.2750000000000001 0.640625 0.2750000000000001 0.640625 0.4359375000000001 0.8203125 0.4359375000000002
2 0.984375 0.7140625000000002 0.8515625 0.7140625000000002 0.8515625 0.9078125 0.984375 0.9078125
2 0.871875 0.9296875 0.7218750000000002 0.9296875 0.7218750000000002 1 0.871875 1
2 0.75 0.4359375000000001 0.625 0.4359375 0.625 0.5234375000000001 0.75 0.5234375000000002
2 0.446875 0.55625 0.3421875000000001 0.55625 0.3421875000000001 0.6625 0.446875 0.6625
2 0.6625 0.3546875000000001 0.5390625 0.3546875000000001 0.5390625 0.471875 0.6625 0.471875
2 0.4750000000000002 0.75625 0.2671875000000001 0.75625 0.2671875000000001 0.915625 0.4750000000000002 0.915625
2 0.603125 0.553125 0.4984375 0.553125 0.4984375 0.66875 0.603125 0.66875
2 0.559375 0.4234375 0.496875 0.4234375 0.496875 0.625 0.559375 0.625
2 0.30156250000000007 0.465625 0.18750000000000006 0.465625 0.18750000000000006 0.58125 0.30156250000000007 0.58125
2 0.1328125 8.132420150587892e-18 0 0 4.688101027985962e-18 0.0765625 0.1328125 0.07656250000000002
2 0.11875000000000005 0.228125 0.02031250000000003 0.228125 0.020312500000000032 0.3109375 0.11875000000000005 0.3109375