2 0.4250000000000001 0.628125 0.29375000000000007 0.628125 0.29375000000000007 0.7328125 0.42500000000000016 0.7328125
2 0.5750000000000002 0.9171875 0.47968750000000016 0.9171875 0.47968750000000016 0.996875 0.5750000000000002 0.996875
2 0.6328125 0.459375 0.415625 0.459375 0.415625 0.684375 0.6328125 0.684375
2 0.6968750000000001 0.7453125 0.5984375000000002 0.7453125 0.5984375000000002 0.8734375 0.6968750000000001 0.8734375
2 0.48125 0.2000000000000001 0.4109375 0.2000000000000001 0.4109375 0.2843750000000001 0.48125 0.2843750000000001
2 0.409375 0.25781250000000006 0.3296875 0.2578125 0.3296875 0.31562500000000004 0.409375 0.3156250000000001
2 0.315625 0.10625000000000004 0.2265625 0.10625000000000004 0.2265625 0.253125 0.315625 0.253125
2 0.3468750000000001 0.7578125 0.23437500000000008 0.7578125 0.23437500000000008 0.9046875 0.3468750000000001 0.9046875
2 0.384375 3.7791834817437855e-17 0.2328125 2.8511308292649316e-17 0.2328125 0.12187500000000004 0.384375 0.12187500000000004
2 0.2859375 3.042481891631705e-17 0.2109375 2.583239341951448e-17 0.2109375 0.06562500000000003 0.2859375 0.06562500000000004
2 0.89375 0.5515625000000002 0.8484375 0.5515625000000002 0.8484375 0.5859375000000002 0.89375 0.5859375000000002
2 0.671875 0.3500000000000001 0.578125 0.3500000000000001 0.578125 0.44375 0.671875 0.44375
2 0.3781250000000001 0.4890625 0.3109375000000001 0.4890625 0.3109375000000001 0.5609375 0.3781250000000001 0.5609375
2 0.5953125000000001 0.8234375 0.4828125000000002 0.8234375 0.4828125000000002 0.9296875 0.5953125000000001 0.9296875
2 0.5718750000000001 0.703125 0.4375 0.703125 0.4375000000000001 0.78125 0.5718750000000001 0.78125
2 0.428125 0.38125000000000003 0.3625000000000001 0.38125 0.3625000000000001 0.4390625 0.428125 0.4390625
2 0.4640625 0.3203125000000001 0.375 0.3203125000000001 0.37500000000000006 0.38750000000000007 0.4640625 0.38750000000000007