2 0.725 0.2953125000000001 0.590625 0.2953125000000001 0.590625 0.403125 0.725 0.403125
2 0.534375 0.02187500000000006 0.4359375 0.021875000000000054 0.4359375 0.10468750000000004 0.534375 0.10468750000000004
2 0.6 0.3453125000000001 0.375 0.3453125000000001 0.37500000000000006 0.578125 0.6 0.578125
2 0.4109375 0.15000000000000005 0.309375 0.15000000000000005 0.309375 0.28125000000000006 0.4109375 0.2812500000000001
2 0.6046875000000002 0.759375 0.5328125000000001 0.759375 0.5328125000000001 0.846875 0.6046875000000002 0.846875
2 0.6890625000000001 0.7265625 0.6062500000000002 0.7265625 0.6062500000000002 0.7859375 0.6890625000000001 0.7859375
2 0.7953125000000002 0.7906250000000001 0.7031250000000002 0.790625 0.7031250000000002 0.94375 0.7953125000000002 0.94375
2 0.7875 0.11718750000000008 0.671875 0.11718750000000008 0.671875 0.2687500000000001 0.7875 0.2687500000000001
2 0.7890625000000002 0.9265625 0.6515625000000002 0.9265625 0.6515625000000002 1 0.7890625000000002 1
2 0.15312500000000004 0.446875 0.10625000000000004 0.446875 0.10625000000000004 0.4828125 0.15312500000000004 0.4828125
2 0.4328125 0.59375 0.3359375000000001 0.59375 0.3359375000000001 0.690625 0.4328125 0.690625
2 0.7078125 0.4734375 0.6390625 0.4734375 0.6390625 0.546875 0.7078125 0.546875
2 0.5296875 0.09218750000000006 0.4140625 0.09218750000000005 0.4140625 0.2015625000000001 0.5296875 0.2015625000000001
2 0.578125 0.2453125000000001 0.4390625 0.2453125000000001 0.4390625 0.3265625000000001 0.578125 0.3265625000000001
2 0.6546875 0.5984375 0.5875 0.5984375 0.5875 0.659375 0.6546875 0.659375
2 0.6421875 0.6515625 0.55 0.6515625 0.55 0.721875 0.6421875 0.721875