2 0.7265625 0.5562500000000001 0.6171875 0.55625 0.6171875 0.6937500000000001 0.7265625 0.6937500000000002
2 1 0.4000000000000002 0.91875 0.4000000000000002 0.91875 0.5000000000000002 1 0.5000000000000002
2 0.6765625 0.3390625000000001 0.440625 0.3390625000000001 0.440625 0.565625 0.6765625 0.565625
2 0.8734375 0.2734375000000001 0.740625 0.2734375000000001 0.740625 0.3765625000000001 0.8734375 0.3765625000000001
2 0.2562500000000001 0.4984375 0.16718750000000004 0.4984375 0.16718750000000007 0.571875 0.2562500000000001 0.571875
2 0.2890625000000001 0.5734375 0.2296875000000001 0.5734375 0.2296875000000001 0.65625 0.2890625000000001 0.65625
2 0.2250000000000001 0.6703125 0.07031250000000008 0.6703125 0.07031250000000008 0.7640625 0.2250000000000001 0.7640625
2 0.90625 0.6390625000000002 0.753125 0.6390625000000002 0.753125 0.7562500000000002 0.90625 0.7562500000000002
2 0.08750000000000008 0.6109375 7.481826538540861e-17 0.6109375 8.381176531664698e-17 0.7578125 0.08750000000000009 0.7578125
2 0.571875 0.06718750000000007 0.5359375 0.06718750000000007 0.5359375 0.11562500000000006 0.571875 0.11562500000000009
2 0.4234375 0.2984375 0.3265625 0.2984375 0.32656250000000003 0.39687500000000003 0.4234375 0.3968750000000001
2 0.5453125 0.60625 0.4703125 0.60625 0.4703125 0.6765625 0.5453125 0.6765625
2 0.93125 0.3781250000000001 0.8203125 0.3781250000000001 0.8203125 0.49531250000000016 0.93125 0.49531250000000016
2 0.7765625 0.40312500000000007 0.69375 0.403125 0.69375 0.5437500000000001 0.7765625 0.5437500000000002
2 0.41875 0.5546875 0.3578125000000001 0.5546875 0.3578125000000001 0.6234375 0.41875 0.6234375
2 0.36406250000000007 0.515625 0.29375000000000007 0.515625 0.29375000000000007 0.609375 0.36406250000000007 0.609375