2 0.5968750000000002 0.8625 0.5406250000000001 0.8625 0.5406250000000001 0.91875 0.5968750000000002 0.91875
2 0.8859375 0.3234375000000001 0.80625 0.3234375000000001 0.80625 0.40937500000000016 0.8859375 0.40937500000000016
2 0.3734375000000001 0.803125 0.3312500000000001 0.803125 0.3312500000000001 0.8515625 0.3734375000000001 0.8515625
2 1 0.6812500000000001 0.925 0.6812500000000001 0.925 0.7390625000000002 1 0.7390625000000002
2 1 0.06875000000000012 0.9390625 0.06875000000000012 0.9390625 0.18750000000000014 1 0.18750000000000014
2 0.875 0.8375 0.7265625000000002 0.8375 0.7265625000000002 0.9125 0.875 0.9125
2 0.27031250000000007 0.15156250000000002 0.08437500000000002 0.1515625 0.08437500000000003 0.36875 0.27031250000000007 0.36875
2 0.65 0.03906250000000007 0.5703125 0.03906250000000007 0.5703125 0.1531250000000001 0.65 0.1531250000000001
2 0.6171875000000001 0.7171875 0.5546875 0.7171875 0.5546875000000001 0.7765625 0.6171875000000002 0.7765625
2 0.90625 0.6109375000000001 0.8484375 0.6109375000000001 0.8484375 0.6468750000000002 0.90625 0.6468750000000002
2 1 0.3296875000000001 0.9640625 0.3296875000000001 0.9640625 0.4078125000000002 1 0.4078125000000002
2 0.846875 0.5718750000000001 0.7875 0.5718750000000001 0.7875 0.6421875000000001 0.846875 0.6421875000000001
2 0.3734375000000001 0.60625 0.2796875000000001 0.60625 0.2796875000000001 0.7 0.3734375000000001 0.7
2 0.9203125 0.7859375000000002 0.7875000000000002 0.7859375000000002 0.7875000000000002 0.8765625 0.9203125 0.8765625
2 0.7390625000000001 0.7015625000000001 0.6203125 0.7015625 0.6203125 0.8015625 0.7390625000000002 0.8015625
2 0.2515625000000001 0.8828125 0.2156250000000001 0.8828125 0.2156250000000001 0.9171875 0.2515625000000001 0.9171875
2 0.30625 0.3609375 0.15468750000000003 0.3609375 0.15468750000000003 0.4578125 0.3062500000000001 0.4578125
2 0.765625 0.31718750000000007 0.6375 0.31718750000000007 0.6375 0.5015625000000001 0.765625 0.5015625000000001
2 0.06718750000000007 0.4578125 5.606586127346476e-17 0.4578125 6.008423358316701e-17 0.5234375 0.06718750000000007 0.5234375
2 0.5171875000000001 0.6484375 0.3765625000000001 0.6484375 0.3765625000000001 0.8171875 0.5171875000000001 0.8171875
2 0.728125 0.5125000000000001 0.6703125 0.5125 0.6703125 0.5937500000000001 0.728125 0.5937500000000002
2 0.5609375 0.16093750000000007 0.3453125 0.16093750000000004 0.3453125 0.3453125 0.5609375 0.3453125000000001
2 0.3125000000000001 0.5078125 0.17031250000000003 0.5078125 0.17031250000000006 0.675 0.3125000000000001 0.675
2 0.42187500000000017 0.896875 0.3671875000000001 0.896875 0.3671875000000001 0.95625 0.42187500000000017 0.95625
2 0.07187500000000005 0.278125 3.406048910128576e-17 0.278125 3.8557239066904946e-17 0.3515625 0.07187500000000005 0.3515625
2 0.3859375000000001 0.7078125 0.2906250000000001 0.7078125 0.2906250000000001 0.796875 0.3859375000000001 0.796875
2 0.8515625 0.1531250000000001 0.6921875 0.1531250000000001 0.6921875 0.2796875000000001 0.8515625 0.2796875000000001
2 0.6859375 0.2015625000000001 0.61875 0.2015625000000001 0.61875 0.2593750000000001 0.6859375 0.2593750000000001
2 1 0.2656250000000001 0.95625 0.2656250000000001 0.95625 0.31718750000000007 1 0.31718750000000007
2 0.7546875 0.2609375000000001 0.6828125 0.2609375000000001 0.6828125 0.35625000000000007 0.7546875 0.35625000000000007
2 0.6234375 0.33437500000000003 0.275 0.334375 0.275 0.5828125 0.6234375 0.5828125
2 0.6546875 0.2593750000000001 0.5828125 0.2593750000000001 0.5828125 0.35625000000000007 0.6546875 0.35625000000000007
2 0.15468750000000003 0.334375 0.04062500000000004 0.334375 0.04062500000000005 0.45 0.15468750000000003 0.45
2 0.696875 0.6265625 0.6203125 0.6265625 0.6203125 0.678125 0.696875 0.678125
2 0.809375 0.47968750000000016 0.7703125 0.47968750000000016 0.7703125 0.5515625000000002 0.809375 0.5515625000000002
2 0.3625000000000001 0.8765625 0.3125000000000001 0.8765625 0.3125000000000001 0.9140625 0.3625000000000001 0.9140625
2 0.14062500000000006 0.484375 0.09062500000000007 0.484375 0.09062500000000007 0.5390625 0.14062500000000006 0.5390625
2 0.815625 9.45274248091863e-17 0.728125 8.916959506291665e-17 0.728125 0.08437500000000009 0.815625 0.08437500000000009
2 0.2562500000000001 0.4765625 0.2171875000000001 0.4765625 0.2171875000000001 0.515625 0.2562500000000001 0.515625
2 0.553125 0.5953125 0.4546875 0.5953125 0.4546875 0.6609375 0.553125 0.6609375
2 0.2500000000000001 0.79375 0.1937500000000001 0.79375 0.1937500000000001 0.821875 0.2500000000000001 0.821875
2 0.184375 0.09062500000000001 0.0734375 0.090625 0.07343750000000002 0.17343750000000002 0.184375 0.17343750000000005
2 0.3906250000000001 0.525 0.3125000000000001 0.525 0.3125000000000001 0.6328125 0.3906250000000001 0.6328125
2 1 0.5312500000000002 0.9703125 0.5312500000000002 0.9703125 0.6062500000000002 1 0.6062500000000002
2 0.8296875 0.37968750000000007 0.7625 0.37968750000000007 0.7625 0.47968750000000016 0.8296875 0.47968750000000016
2 0.4750000000000002 0.8203125 0.4234375000000002 0.8203125 0.4234375000000002 0.878125 0.4750000000000002 0.878125
2 1 0.3937500000000001 0.9375 0.3937500000000001 0.9375 0.4937500000000002 1 0.4937500000000002
2 0.9375 0.5109375000000002 0.8609375 0.5109375000000002 0.8609375 0.6140625000000002 0.9375 0.6140625000000002
2 0.6890625000000001 0.65 0.546875 0.65 0.5468750000000001 0.7265625 0.6890625000000001 0.7265625
2 0.653125 0.5484375 0.5640625 0.5484375 0.5640625 0.6453125 0.653125 0.6453125
2 0.6296875 0.1765625000000001 0.5484375 0.1765625000000001 0.5484375 0.2953125000000001 0.6296875 0.2953125000000001
2 0.3953125 0.07500000000000004 0.2359375 0.07500000000000002 0.2359375 0.290625 0.3953125 0.2906250000000001
2 0.2703125 0.06406250000000002 0.190625 0.06406250000000002 0.190625 0.12343750000000005 0.2703125 0.12343750000000005
2 0.34062500000000007 0.3171875 0.246875 0.3171875 0.24687500000000004 0.396875 0.34062500000000007 0.396875
2 0.8046875 0.3265625000000001 0.75 0.3265625000000001 0.75 0.3890625000000001 0.8046875 0.3890625000000001
2 0.7015625 0.55 0.61875 0.55 0.61875 0.6359375 0.7015625 0.6359375