2 0.9171875 0.3937500000000001 0.8609375 0.3937500000000001 0.8609375 0.44843750000000016 0.9171875 0.44843750000000016
2 0.41875 0.11250000000000004 0.334375 0.11250000000000004 0.334375 0.19062500000000004 0.41875 0.19062500000000004
2 0.8515625 0.6140625000000002 0.8046875 0.6140625000000002 0.8046875 0.6546875000000002 0.8515625 0.6546875000000002
2 0.7421875 8.744743550161569e-17 0.6859375 8.400311637901375e-17 0.6859375 0.07343750000000009 0.7421875 0.07343750000000009
2 0.203125 1.7795648800109975e-17 0.0875 1.071565949253934e-17 0.0875 0.05937500000000001 0.203125 0.059375000000000025
2 0.9125 0.12343750000000012 0.8390625 0.12343750000000009 0.8390625 0.2687500000000001 0.9125 0.2687500000000001
2 0.37968750000000007 0.715625 0.1671875000000001 0.715625 0.1671875000000001 0.896875 0.37968750000000007 0.896875
2 0.16875000000000004 0.3421875 0.057812500000000044 0.3421875 0.057812500000000044 0.4203125 0.16875000000000004 0.4203125
2 0.778125 0.3734375000000001 0.7203125 0.3734375000000001 0.7203125 0.4359375000000001 0.778125 0.4359375000000002
2 0.6515625 0.09218750000000007 0.6171875 0.09218750000000006 0.6171875 0.14843750000000008 0.6515625 0.14843750000000008
2 0.4171875 4.6402632623942676e-17 0.340625 4.171453159595672e-17 0.340625 0.03593750000000005 0.4171875 0.03593750000000005
2 0.646875 0.15000000000000008 0.578125 0.15000000000000008 0.578125 0.2078125000000001 0.646875 0.2078125000000001
2 0.7046875 0.6125 0.6125 0.6125 0.6125 0.7046875 0.7046875 0.7046875
2 0.8765625 0.0796875000000001 0.7875 0.07968750000000009 0.7875 0.2093750000000001 0.8765625 0.2093750000000001
2 0.803125 0.2562500000000001 0.7046875 0.2562500000000001 0.7046875 0.3734375000000001 0.803125 0.3734375000000001
2 0.915625 0.7312500000000002 0.88125 0.7312500000000002 0.88125 0.7671875000000001 0.915625 0.7671875000000001
2 0.4671875000000001 0.678125 0.37187500000000007 0.678125 0.37187500000000007 0.8265625 0.4671875000000002 0.8265625
2 0.509375 0.22968750000000004 0.3296875 0.2296875 0.3296875 0.35468750000000004 0.509375 0.3546875000000001
2 0.5328125000000001 0.9109375 0.4656250000000002 0.9109375 0.4656250000000002 1 0.5328125000000001 1
2 0.81875 0.47343750000000007 0.653125 0.4734375 0.653125 0.6109375000000001 0.81875 0.6109375000000001
2 0.6 0.2671875000000001 0.5203125 0.2671875000000001 0.5203125 0.3234375000000001 0.6 0.3234375000000001
2 0.35625000000000007 0.4296875 0.17656250000000004 0.4296875 0.17656250000000007 0.640625 0.35625000000000007 0.640625
2 0.6796875000000001 0.6734375 0.5171875 0.6734375 0.5171875000000001 0.8125 0.6796875000000002 0.8125
2 0.9546875 0.5656250000000002 0.896875 0.5656250000000002 0.896875 0.6187500000000001 0.9546875 0.6187500000000001
2 0.3625000000000001 0.90625 0.2906250000000001 0.90625 0.2906250000000001 0.984375 0.3625000000000001 0.984375
2 0.7984375 0.6000000000000001 0.7109375 0.6 0.7109375 0.6937500000000001 0.7984375 0.6937500000000002
2 0.2921875 0.14687500000000003 0.16875 0.146875 0.16875 0.303125 0.2921875 0.303125
2 0.27343750000000006 0.3078125 0.2171875 0.3078125 0.21718750000000003 0.3734375 0.2734375000000001 0.3734375
2 0.3296875 3.731345716152092e-17 0.2796875 3.425184016365254e-17 0.2796875 0.04375000000000004 0.3296875 0.043750000000000046
2 0.36875 0.24062500000000003 0.275 0.240625 0.275 0.31093750000000003 0.36875 0.3109375000000001
2 0.5890625 0.36875 0.3468750000000001 0.36875 0.3468750000000001 0.709375 0.5890625 0.709375
2 0.36718750000000006 0.33906250000000004 0.2734375 0.3390625 0.27343750000000006 0.409375 0.3671875000000001 0.409375
2 0.4593750000000002 0.8265625 0.3468750000000001 0.8265625 0.3468750000000001 0.9375 0.4593750000000002 0.9375
2 0.6828125 0.2968750000000001 0.63125 0.2968750000000001 0.63125 0.37187500000000007 0.6828125 0.37187500000000007
2 0.5578125 0.18750000000000006 0.4875 0.18750000000000006 0.4875 0.2250000000000001 0.5578125 0.2250000000000001
2 0.9125 0.6234375000000002 0.8765625 0.6234375000000002 0.8765625 0.6734375000000001 0.9125 0.6734375000000001
2 0.5468750000000002 0.840625 0.49218750000000017 0.840625 0.49218750000000017 0.8890625 0.5468750000000002 0.8890625
2 0.10156250000000003 0.18125 0.0031250000000000223 0.18125 0.003125000000000027 0.265625 0.10156250000000004 0.265625
2 0.5234375000000002 0.728125 0.48437500000000017 0.728125 0.48437500000000017 0.765625 0.5234375000000002 0.765625
2 0.665625 0.4375 0.6015625 0.4375 0.6015625 0.534375 0.665625 0.534375
2 0.821875 0.7328125000000002 0.7953125000000002 0.7328125000000002 0.7953125000000002 0.7875000000000002 0.821875 0.7875000000000002
2 0.18906250000000008 0.7984375 0.10781250000000009 0.7984375 0.10781250000000009 0.90625 0.18906250000000008 0.90625
2 0.6390625 0.5953125 0.534375 0.5953125 0.534375 0.671875 0.6390625 0.671875
2 0.6125 7.051286648215619e-17 0.5390625 6.6016116516537e-17 0.5390625 0.02968750000000007 0.6125 0.02968750000000008
2 0.4875 0.16718750000000004 0.390625 0.16718750000000004 0.390625 0.2328125000000001 0.4875 0.2328125000000001
2 0.8765625 0.5140625000000002 0.8203125 0.5140625000000002 0.8203125 0.5640625000000001 0.8765625 0.5640625000000001
2 0.5015625 5.5491808086364444e-17 0.4046875 4.955992515299445e-17 0.4046875 0.060937500000000054 0.5015625 0.06093750000000007
2 0.61875 0.06093750000000007 0.5171875 0.06093750000000007 0.5171875 0.13593750000000007 0.61875 0.1359375000000001
2 0.7296875 0.3046875000000001 0.6546875 0.3046875000000001 0.6546875 0.4437500000000001 0.7296875 0.4437500000000002
2 0.65 0.3390625000000001 0.55625 0.3390625000000001 0.55625 0.4265625 0.65 0.4265625
2 0.30781250000000004 0.3625 0.19218750000000004 0.3625 0.19218750000000004 0.4421875 0.3078125000000001 0.4421875
2 0.3031250000000001 0.590625 0.09218750000000006 0.590625 0.09218750000000007 0.746875 0.3031250000000001 0.746875
2 0.1390625000000001 0.7140625 0.08125000000000009 0.7140625 0.08125000000000009 0.7921875 0.1390625000000001 0.7921875
2 0.4062500000000001 0.6453125 0.3281250000000001 0.6453125 0.3281250000000001 0.7375 0.40625000000000017 0.7375
2 0.4 0.19218750000000004 0.3390625 0.19218750000000004 0.3390625 0.24531250000000004 0.4 0.2453125000000001
2 0.640625 0.2921875000000001 0.5578125 0.2921875000000001 0.5578125 0.3734375000000001 0.640625 0.3734375000000001