2 0.1453125000000001 0.5625 0.08906250000000007 0.5625 0.08906250000000007 0.61875 0.1453125000000001 0.61875
2 0.6843750000000002 0.828125 0.5984375000000002 0.828125 0.5984375000000002 0.9078125 0.6843750000000002 0.9078125
2 0.20468750000000005 0.353125 0.15625000000000006 0.353125 0.15625000000000006 0.3953125 0.20468750000000008 0.3953125
2 0.3234375000000001 0.946875 0.2671875000000001 0.946875 0.2671875000000001 1 0.3234375000000001 1
2 0.934375 0.9609375 0.8265625 0.9609375 0.8265625 1 0.934375 1
2 0.1687500000000001 0.746875 0.09375000000000008 0.746875 0.0937500000000001 0.8953125 0.1687500000000001 0.8953125
2 0.8546875 0.10468750000000009 0.6375 0.10468750000000009 0.6375 0.2906250000000001 0.8546875 0.2906250000000001
2 0.9671875 0.5921875000000002 0.853125 0.5921875000000002 0.853125 0.6718750000000002 0.9671875 0.6718750000000002
2 0.2906250000000001 0.5765625 0.2312500000000001 0.5765625 0.2312500000000001 0.6390625 0.2906250000000001 0.6390625
2 0.3968750000000001 0.8703125 0.3609375000000001 0.8703125 0.3609375000000001 0.928125 0.3968750000000001 0.928125
2 0.4359375000000002 0.809375 0.3656250000000001 0.809375 0.3656250000000001 0.86875 0.4359375000000002 0.86875
2 0.4 0.30156250000000007 0.30625 0.3015625 0.30625 0.39531250000000007 0.4 0.39531250000000007
2 0.22031250000000008 0.809375 0.1296875000000001 0.809375 0.12968750000000012 0.9421875 0.22031250000000008 0.9421875
2 0.3046875000000001 0.640625 0.20468750000000008 0.640625 0.20468750000000008 0.759375 0.3046875000000001 0.759375
2 0.12500000000000006 0.2375 0.09062500000000002 0.2375 0.09062500000000004 0.2734375 0.12500000000000006 0.2734375
2 0.6453125 0.1765625000000001 0.5484375 0.1765625000000001 0.5484375 0.3281250000000001 0.6453125 0.3281250000000001
2 0.6890625000000001 0.659375 0.5046875 0.659375 0.5046875000000001 0.7875 0.6890625000000001 0.7875
2 0.55 6.31458505810354e-17 0.48125 5.893612720896637e-17 0.48125 0.08906250000000007 0.55 0.08906250000000007
2 0.3593750000000001 0.396875 0.19062500000000004 0.396875 0.19062500000000004 0.5375 0.3593750000000001 0.5375
2 0.4937500000000001 0.6921875 0.4125 0.6921875 0.4125000000000001 0.75 0.4937500000000002 0.75
2 0.8453125 0.3671875000000001 0.6609375 0.3671875000000001 0.6609375 0.5828125000000001 0.8453125 0.5828125000000002
2 0.4984375 0.19218750000000004 0.33125 0.19218750000000004 0.33125 0.33437500000000003 0.4984375 0.3343750000000001
2 0.10937500000000004 0.3890625 0.050000000000000044 0.3890625 0.050000000000000044 0.44375 0.10937500000000004 0.44375
2 0.7296875 0.014062500000000084 0.65625 0.014062500000000078 0.65625 0.09375000000000008 0.7296875 0.09375000000000008
2 0.2984375 0.3125 0.209375 0.3125 0.20937500000000003 0.4078125 0.2984375000000001 0.4078125
2 0.8546875 0.7125000000000001 0.728125 0.7125000000000001 0.7281250000000001 0.871875 0.8546875 0.871875
2 0.8046875 0.6406250000000002 0.746875 0.6406250000000002 0.746875 0.7078125000000002 0.8046875 0.7078125000000002
2 0.7406250000000002 0.9765625 0.6937500000000002 0.9765625 0.6937500000000002 1 0.7406250000000002 1
2 0.7453125 0.7031250000000001 0.65 0.703125 0.6500000000000001 0.7750000000000001 0.7453125000000002 0.7750000000000001
2 0.671875 0.2968750000000001 0.4234375 0.2968750000000001 0.4234375 0.6453125 0.671875 0.6453125
2 0.746875 0.6046875 0.65 0.6046875 0.65 0.6765625000000001 0.746875 0.6765625000000002
2 0.6734375 0.06250000000000008 0.5578125 0.06250000000000007 0.5578125 0.1765625000000001 0.6734375 0.1765625000000001
2 0.3812500000000001 0.6421875 0.3296875000000001 0.6421875 0.3296875000000001 0.71875 0.3812500000000001 0.71875
2 0.5281250000000002 0.7921875 0.45625000000000016 0.7921875 0.45625000000000016 0.83125 0.5281250000000002 0.83125
2 0.12968750000000004 0.3328125 0.09218750000000005 0.3328125 0.09218750000000005 0.3828125 0.12968750000000004 0.3828125
2 0.521875 0.11250000000000004 0.4671875 0.11250000000000004 0.4671875 0.16250000000000003 0.521875 0.16250000000000003
2 1 0.7500000000000002 0.921875 0.7500000000000002 0.921875 0.8375 1 0.8375
2 0.53125 0.2390625000000001 0.4921875 0.2390625000000001 0.4921875 0.27812500000000007 0.53125 0.27812500000000007
2 0.4125 0.4765625 0.3468750000000001 0.4765625 0.3468750000000001 0.575 0.4125 0.575
2 0.2125 0.215625 0.18437500000000004 0.215625 0.18437500000000004 0.271875 0.2125 0.271875
2 0.9171875 0.0953125000000001 0.834375 0.0953125000000001 0.834375 0.2062500000000001 0.9171875 0.2062500000000001
2 0.48125 0.3343750000000001 0.3734375 0.3343750000000001 0.37343750000000003 0.4125 0.48125 0.4125
2 0.6265625000000001 0.784375 0.5265625000000002 0.784375 0.5265625000000002 0.8515625 0.6265625000000001 0.8515625
2 0.18750000000000006 0.4453125 0.12968750000000004 0.4453125 0.12968750000000004 0.496875 0.18750000000000006 0.496875
2 0.6140625000000002 0.959375 0.5203125000000002 0.959375 0.5203125000000002 1 0.6140625000000002 1
2 0.4968750000000002 0.8828125 0.3937500000000001 0.8828125 0.3937500000000001 0.959375 0.4968750000000002 0.959375
2 0.35625000000000007 0.56875 0.2796875000000001 0.56875 0.2796875000000001 0.7109375 0.35625000000000007 0.7109375
2 0.459375 0.5859375 0.3625000000000001 0.5859375 0.3625000000000001 0.675 0.459375 0.675
2 0.8296875 0.5703125000000001 0.7109375 0.5703125 0.7109375 0.6515625 0.8296875 0.6515625000000002
2 0.93125 0.2578125000000001 0.715625 0.2578125000000001 0.715625 0.4171875000000001 0.93125 0.41718750000000016
2 0.94375 0.21093750000000008 0.884375 0.21093750000000008 0.884375 0.2906250000000001 0.94375 0.2906250000000001
2 0.690625 0.2687500000000001 0.6109375 0.2687500000000001 0.6109375 0.3625000000000001 0.690625 0.3625000000000001
2 0.6796875000000002 0.7703125 0.6171875000000002 0.7703125 0.6171875000000002 0.825 0.6796875000000002 0.825
2 0.45625 0.640625 0.3703125000000001 0.640625 0.3703125000000001 0.7234375 0.45625 0.7234375