2 0.978125 1.1672414804373209e-16 0.928125 1.1366253104586372e-16 0.928125 0.026562500000000117 0.978125 0.02656250000000012
2 0.6359375 0.4984375 0.5640625 0.4984375 0.5640625 0.55 0.6359375 0.55
2 0.9640625 0.7718750000000002 0.8640625 0.7718750000000002 0.8640625 0.84375 0.9640625 0.84375
2 0.85625 0.23593750000000008 0.7546875 0.23593750000000008 0.7546875 0.3078125000000001 0.85625 0.3078125000000001
2 0.5453125 0.3312500000000001 0.4015625 0.3312500000000001 0.4015625 0.4640625 0.5453125 0.4640625
2 0.3625 0.271875 0.290625 0.271875 0.290625 0.3546875 0.3625 0.3546875
2 0.546875 0.24218750000000008 0.4109375 0.24218750000000008 0.4109375 0.3156250000000001 0.546875 0.3156250000000001
2 0.8 0.5625000000000002 0.7484375 0.5625000000000002 0.7484375 0.6328125000000002 0.8 0.6328125000000002
2 0.8421875 0.6640625000000001 0.6265625 0.6640625 0.6265625000000001 0.8140625 0.8421875 0.8140625
2 0.8890625 0.5578125000000002 0.8078125 0.5578125000000002 0.8078125 0.6218750000000002 0.8890625 0.6218750000000002
2 1 0.4281250000000002 0.9625 0.4281250000000002 0.9625 0.5015625000000001 1 0.5015625000000001
2 0.2734375 0.16718750000000004 0.2328125 0.16718750000000004 0.2328125 0.2078125 0.2734375 0.2078125
2 0.06406250000000008 0.60625 7.424421219830829e-17 0.60625 8.22809568177128e-17 0.7375 0.06406250000000009 0.7375
2 0.7375 0.5203125000000001 0.703125 0.5203125 0.703125 0.5578125 0.7375 0.5578125000000002
2 0.79375 0.2921875000000001 0.7140625 0.2921875000000001 0.7140625 0.3609375000000001 0.79375 0.3609375000000001
2 0.6046875000000002 0.8828125 0.4906250000000002 0.8828125 0.4906250000000002 0.95625 0.6046875000000002 0.95625
2 1 0.5015625000000001 0.9421875 0.5015625000000001 0.9421875 0.5921875000000002 1 0.5921875000000002
2 0.51875 0.03906250000000006 0.4609375 0.039062500000000056 0.4609375 0.13750000000000004 0.51875 0.13750000000000004
2 0.51875 0.18437500000000004 0.4421875 0.18437500000000004 0.4421875 0.2640625000000001 0.51875 0.2640625000000001
2 0.453125 0.51875 0.3578125000000001 0.51875 0.3578125000000001 0.615625 0.453125 0.615625
2 0.9140625 0.3625000000000001 0.8390625 0.3625000000000001 0.8390625 0.4578125000000002 0.9140625 0.4578125000000002
2 0.6546875 0.6140625 0.6 0.6140625 0.6 0.7015625 0.6546875 0.7015625
2 0.6203125 0.1859375000000001 0.5453125 0.1859375000000001 0.5453125 0.3187500000000001 0.6203125 0.3187500000000001
2 0.965625 0.5687500000000002 0.88125 0.5687500000000002 0.88125 0.6515625000000002 0.965625 0.6515625000000002
2 0.584375 0.3046875000000001 0.528125 0.3046875000000001 0.528125 0.3453125000000001 0.584375 0.3453125000000001
2 0.21875 0.17187500000000003 0.1671875 0.171875 0.16718750000000002 0.2296875 0.21875 0.2296875
2 0.634375 0.3109375000000001 0.5875 0.3109375000000001 0.5875 0.3515625000000001 0.634375 0.3515625000000001
2 0.6093750000000001 0.6703125 0.534375 0.6703125 0.534375 0.790625 0.6093750000000002 0.790625
2 0.7140625 0.484375 0.6421875 0.484375 0.6421875 0.5375 0.7140625 0.5375
2 0.13437500000000005 0.25 0.06093750000000002 0.25 0.06093750000000003 0.3953125 0.13437500000000005 0.3953125
2 0.4828125 0.4734375 0.4203125 0.4734375 0.4203125 0.5640625 0.4828125 0.5640625
2 0.83125 0.7734375000000001 0.6875000000000002 0.7734375 0.6875000000000002 0.884375 0.83125 0.884375
2 1 0.6984375000000002 0.9140625 0.6984375000000002 0.9140625 0.8328125 1 0.8328125
2 0.5421875 0.634375 0.4796875 0.634375 0.4796875 0.7140625 0.5421875 0.7140625
2 1 0.90625 0.940625 0.90625 0.940625 1 1 1
2 0.503125 0.7046875 0.446875 0.7046875 0.4468750000000001 0.7875 0.5031250000000002 0.7875
2 0.9875 0.3375000000000001 0.9328125 0.3375000000000001 0.9328125 0.4109375000000002 0.9875 0.4109375000000002
2 0.834375 0.47187500000000016 0.740625 0.47187500000000016 0.740625 0.5812500000000002 0.834375 0.5812500000000002
2 0.8109375 0.3625000000000001 0.7515625 0.3625000000000001 0.7515625 0.43750000000000017 0.8109375 0.43750000000000017
2 0.609375 0.571875 0.5578125 0.571875 0.5578125 0.6125 0.609375 0.6125
2 0.21093750000000006 0.3484375 0.12656250000000005 0.3484375 0.12656250000000005 0.403125 0.21093750000000008 0.403125
2 0.35625000000000007 0.5875 0.16562500000000008 0.5875 0.16562500000000008 0.7828125 0.35625000000000007 0.7828125
2 0.08750000000000004 0.215625 0.009375000000000027 0.215625 0.009375000000000033 0.3109375 0.08750000000000005 0.3109375
2 0.4125000000000001 0.66875 0.32500000000000007 0.66875 0.32500000000000007 0.7984375 0.4125000000000002 0.7984375
2 0.9953125 0.10000000000000012 0.8609375 0.10000000000000009 0.8609375 0.18593750000000012 0.9953125 0.18593750000000014
2 0.3953125 0.21250000000000005 0.3484375 0.2125 0.3484375 0.28750000000000003 0.3953125 0.2875000000000001
2 0.15625000000000006 0.3984375 0.043750000000000046 0.3984375 0.04375000000000005 0.5125 0.15625000000000006 0.5125
2 0.6765625 0.3062500000000001 0.6359375 0.3062500000000001 0.6359375 0.3781250000000001 0.6765625 0.3781250000000001
2 0.28593750000000007 0.459375 0.2375000000000001 0.459375 0.2375000000000001 0.5109375 0.28593750000000007 0.5109375
2 0.928125 0.3265625000000001 0.875 0.3265625000000001 0.875 0.3609375000000001 0.928125 0.3609375000000001
2 0.35 0.14531250000000004 0.2859375 0.14531250000000004 0.2859375 0.19062500000000004 0.35 0.19062500000000004
2 0.7578125 0.4234375000000001 0.66875 0.4234375 0.66875 0.5234375000000001 0.7578125 0.5234375000000002
2 0.5406250000000001 0.73125 0.4593750000000002 0.73125 0.4593750000000002 0.8171875 0.5406250000000001 0.8171875