2 0.4546875 0.4921875 0.3812500000000001 0.4921875 0.3812500000000001 0.5453125 0.4546875 0.5453125
2 0.14375000000000004 0.1859375 0.03906250000000002 0.1859375 0.03906250000000003 0.2609375 0.14375000000000004 0.2609375
2 0.2578125000000001 0.74375 0.1515625000000001 0.74375 0.1515625000000001 0.81875 0.2578125000000001 0.81875
2 0.625 0.58125 0.475 0.58125 0.475 0.7203125 0.625 0.7203125
2 0.7406250000000001 0.6953125000000001 0.665625 0.6953125 0.6656250000000001 0.7812500000000001 0.7406250000000002 0.7812500000000002
2 0.6156250000000002 0.7359375 0.4734375000000002 0.7359375 0.4734375000000002 0.8125 0.6156250000000002 0.8125
2 0.26250000000000007 0.40625 0.2093750000000001 0.40625 0.2093750000000001 0.4796875 0.26250000000000007 0.4796875
2 0.38906250000000003 0.21718750000000003 0.16406250000000006 0.2171875 0.16406250000000006 0.37343750000000003 0.3890625000000001 0.3734375000000001
2 0.2015625000000001 0.4171875 0.11718750000000004 0.4171875 0.11718750000000004 0.484375 0.2015625000000001 0.484375
2 0.03906250000000007 0.5421875 6.639881864127056e-17 0.5421875 7.108691966925652e-17 0.61875 0.039062500000000076 0.61875
2 0.8015625 0.846875 0.7593750000000001 0.846875 0.7593750000000001 0.890625 0.8015625 0.890625
2 1 0.3031250000000001 0.975 0.3031250000000001 0.975 0.4234375000000002 1 0.4234375000000002
2 0.30937500000000007 0.484375 0.2734375000000001 0.484375 0.2734375000000001 0.5234375 0.30937500000000007 0.5234375
2 0.2984375000000001 0.6890625 0.2156250000000001 0.6890625 0.2156250000000001 0.7609375 0.2984375000000001 0.7609375
2 0.5328125 0.06875000000000006 0.4140625 0.06875000000000005 0.4140625 0.14531250000000004 0.5328125 0.14531250000000004
2 0.060937500000000054 0.4484375 5.4917754899264124e-17 0.4484375 6.065828677026733e-17 0.5421875 0.06093750000000007 0.5421875
2 0.5625000000000002 0.921875 0.5015625000000001 0.921875 0.5015625000000001 1 0.5625000000000002 1
2 0.5812500000000002 0.790625 0.5015625000000001 0.790625 0.5015625000000001 0.8734375 0.5812500000000002 0.8734375
2 0.671875 0.4234375 0.571875 0.4234375 0.571875 0.525 0.671875 0.525
2 0.1671875000000001 0.5875 0.08906250000000007 0.5875 0.08906250000000007 0.6875 0.1671875000000001 0.6875
2 0.41875 0.33437500000000003 0.3625 0.334375 0.36250000000000004 0.425 0.41875 0.425
2 0.4750000000000002 0.7328125 0.3968750000000001 0.7328125 0.3968750000000001 0.8703125 0.4750000000000002 0.8703125
2 0.12500000000000006 0.3859375 0.03750000000000005 0.3859375 0.03750000000000005 0.471875 0.12500000000000006 0.471875
2 0.4921875000000001 0.7046875 0.4328125 0.7046875 0.4328125000000001 0.746875 0.49218750000000017 0.746875
2 0.8671875 0.8265625 0.8140625 0.8265625 0.8140625 0.8875 0.8671875 0.8875
2 0.4312500000000001 0.6984375 0.3828125000000001 0.6984375 0.3828125000000001 0.740625 0.4312500000000002 0.740625
2 0.4875 0.2406250000000001 0.4078125 0.2406250000000001 0.4078125 0.3656250000000001 0.4875 0.3656250000000001
2 0.3734375000000001 0.50625 0.2984375000000001 0.50625 0.2984375000000001 0.5609375 0.3734375000000001 0.5609375
2 0.9796875 0.6531250000000002 0.903125 0.6531250000000002 0.903125 0.8046875 0.9796875 0.8046875
2 0.6046875 0.4765625 0.5390625 0.4765625 0.5390625 0.571875 0.6046875 0.571875
2 0.3265625 0.14375000000000002 0.1765625 0.14375 0.1765625 0.259375 0.3265625 0.259375
2 0.09062500000000004 0.196875 2.4110233858213517e-17 0.196875 3.2721031664718344e-17 0.3375 0.09062500000000004 0.3375
2 0.5421875 0.3203125000000001 0.478125 0.3203125000000001 0.478125 0.403125 0.5421875 0.403125
2 0.06093750000000001 0.012500000000000002 1.5308084989341916e-18 0.0125 8.132420150587892e-18 0.1203125 0.06093750000000002 0.1203125
2 0.578125 0.24375000000000008 0.51875 0.24375000000000008 0.51875 0.3296875000000001 0.578125 0.3296875000000001
2 0.07187500000000009 0.6359375 0.014062500000000078 0.6359375 0.014062500000000084 0.7125 0.07187500000000009 0.7125
2 0.27031250000000007 0.459375 0.17187500000000006 0.459375 0.17187500000000006 0.5734375 0.27031250000000007 0.5734375
2 0.2593750000000001 0.609375 0.1984375000000001 0.609375 0.1984375000000001 0.6875 0.2593750000000001 0.6875
2 0.4609375 0.4265625 0.4078125 0.4265625 0.4078125 0.46875 0.4609375 0.46875
2 0.9109375 0.6468750000000002 0.821875 0.6468750000000002 0.821875 0.7031250000000002 0.9109375 0.7031250000000002
2 0.8703125 0.2484375000000001 0.671875 0.2484375000000001 0.671875 0.4531250000000001 0.8703125 0.45312500000000017
2 1 0.7406250000000002 0.9515625 0.7406250000000002 0.9515625 0.8375 1 0.8375
2 0.7046875 0.2328125000000001 0.6125 0.2328125000000001 0.6125 0.3687500000000001 0.7046875 0.3687500000000001
2 0.14531250000000012 0.871875 0.006250000000000105 0.871875 0.006250000000000111 0.9609375 0.14531250000000012 0.9609375
2 0.6796875000000002 0.765625 0.6296875000000002 0.765625 0.6296875000000002 0.84375 0.6796875000000002 0.84375
2 0.996875 0.5296875000000002 0.8796875 0.5296875000000002 0.8796875 0.6484375000000002 0.996875 0.6484375000000002
2 0.3812500000000001 0.6703125 0.3375000000000001 0.6703125 0.3375000000000001 0.7453125 0.3812500000000001 0.7453125
2 0.7953125 0.5312500000000002 0.74375 0.5312500000000002 0.74375 0.5859375000000002 0.7953125 0.5859375000000002
2 0.1312500000000001 0.6890625 0.07656250000000009 0.6890625 0.07656250000000009 0.725 0.1312500000000001 0.725
2 0.7453125000000002 0.8671875 0.6781250000000002 0.8671875 0.6781250000000002 0.915625 0.7453125000000002 0.915625
2 0.3468750000000001 0.5203125 0.2531250000000001 0.5203125 0.2531250000000001 0.6234375 0.3468750000000001 0.6234375
2 0.5640625 0.21250000000000008 0.4796875 0.21250000000000008 0.4796875 0.30156250000000007 0.5640625 0.30156250000000007