2 0.03281250000000001 0.065625 8.036744619404505e-18 0.065625 1.1098361617272887e-17 0.115625 0.03281250000000001 0.115625
2 0.5421875 0.3968750000000001 0.4921875 0.3968750000000001 0.4921875 0.465625 0.5421875 0.465625
2 0.8265625 0.0781250000000001 0.75625 0.07812500000000008 0.75625 0.1750000000000001 0.8265625 0.1750000000000001
2 0.30625 0.18281250000000004 0.2359375 0.18281250000000004 0.2359375 0.28125 0.30625 0.28125
2 0.4578125 0.4859375 0.3281250000000001 0.4859375 0.3281250000000001 0.625 0.4578125 0.625
2 0.3515625000000001 0.6625 0.2718750000000001 0.6625 0.2718750000000001 0.73125 0.3515625000000001 0.73125
2 0.3140625000000001 0.4828125 0.24375000000000008 0.4828125 0.24375000000000008 0.615625 0.3140625000000001 0.615625
2 0.6203125 0.23593750000000008 0.553125 0.23593750000000008 0.553125 0.28593750000000007 0.6203125 0.28593750000000007
2 0.796875 0.19531250000000008 0.6515625 0.19531250000000008 0.6515625 0.4062500000000001 0.796875 0.40625000000000017
2 0.6109375 0.15000000000000008 0.5484375 0.15000000000000008 0.5484375 0.2296875000000001 0.6109375 0.2296875000000001
2 0.4953125 0.037500000000000054 0.4234375 0.037500000000000054 0.4234375 0.07812500000000006 0.4953125 0.07812500000000007
2 0.2093750000000001 0.75 0.1687500000000001 0.75 0.1687500000000001 0.7890625 0.2093750000000001 0.7890625
2 0.7234375000000002 0.9515625 0.5968750000000002 0.9515625 0.5968750000000002 1 0.7234375000000002 1
2 0.5484375 0.2984375000000001 0.5125 0.2984375000000001 0.5125 0.3312500000000001 0.5484375 0.3312500000000001
2 0.3578125 0.24375 0.290625 0.24375 0.290625 0.3203125 0.3578125 0.3203125
2 0.9359375 0.4281250000000002 0.8640625 0.4281250000000002 0.8640625 0.5390625000000002 0.9359375 0.5390625000000002
2 0.5859375 0.032812500000000064 0.49375 0.03281250000000006 0.49375 0.09843750000000007 0.5859375 0.09843750000000007
2 0.14062500000000006 0.509375 0.04531250000000007 0.509375 0.04531250000000007 0.565625 0.14062500000000008 0.565625
2 0.2640625000000001 0.509375 0.18593750000000003 0.509375 0.18593750000000006 0.584375 0.2640625000000001 0.584375
2 0.6046875 0.575 0.5109375 0.575 0.5109375 0.66875 0.6046875 0.66875
2 0.4515625 0.12656250000000005 0.359375 0.12656250000000005 0.359375 0.19843750000000004 0.4515625 0.19843750000000004
2 0.6875 0.37968750000000007 0.603125 0.37968750000000007 0.603125 0.4328125 0.6875 0.4328125
2 0.31718750000000007 0.4125 0.18906250000000005 0.4125 0.18906250000000005 0.4859375 0.31718750000000007 0.4859375
2 0.6390625 0.07656250000000007 0.559375 0.07656250000000006 0.559375 0.1593750000000001 0.6390625 0.1593750000000001
2 0.6140625 6.639881864127056e-17 0.4703125 5.759666977239896e-17 0.4703125 0.04375000000000007 0.6140625 0.04375000000000008
2 0.3437500000000001 0.446875 0.3031250000000001 0.446875 0.3031250000000001 0.5015625 0.3437500000000001 0.5015625
2 0.2296875000000001 0.8015625 0.17343750000000008 0.8015625 0.17343750000000008 0.8515625 0.2296875000000001 0.8515625
2 0.3500000000000001 0.3984375 0.30937500000000007 0.3984375 0.30937500000000007 0.44375 0.3500000000000001 0.44375
2 0.7765625 0.4218750000000001 0.659375 0.421875 0.659375 0.4953125000000001 0.7765625 0.49531250000000016
2 0.5296875 0.3203125000000001 0.478125 0.3203125000000001 0.478125 0.3890625000000001 0.5296875 0.3890625000000001
2 0.3906250000000001 0.884375 0.2500000000000001 0.884375 0.2500000000000001 0.95625 0.3906250000000001 0.95625
2 0.5546875 0.5453125 0.4671875 0.5453125 0.4671875 0.60625 0.5546875 0.60625
2 0.865625 0.2078125000000001 0.7578125 0.2078125000000001 0.7578125 0.3468750000000001 0.865625 0.3468750000000001
2 0.8171875 9.203986099841826e-17 0.6859375 8.400311637901375e-17 0.6859375 0.12656250000000008 0.8171875 0.12656250000000008
2 0.7015625 0.4875 0.625 0.4875 0.625 0.5484375 0.7015625 0.5484375
2 0.9875 1.1471496188888098e-16 0.8859375 1.0849605236196083e-16 0.8859375 0.10000000000000012 0.9875 0.10000000000000013
2 0.771875 0.5265625 0.6921875 0.5265625 0.6921875 0.58125 0.771875 0.5812500000000002
2 0.40625 0.05625000000000004 0.334375 0.05625000000000004 0.334375 0.10937500000000004 0.40625 0.10937500000000004
2 0.571875 0.20312500000000008 0.465625 0.20312500000000008 0.465625 0.2953125000000001 0.571875 0.2953125000000001
2 0.4328125 0.22656250000000006 0.359375 0.2265625 0.359375 0.28437500000000004 0.4328125 0.2843750000000001
2 0.603125 0.4234375 0.5640625 0.4234375 0.5640625 0.4734375 0.603125 0.4734375
2 0.3984375000000001 0.809375 0.3453125000000001 0.809375 0.3453125000000001 0.8921875 0.3984375000000001 0.8921875
2 0.76875 0.6687500000000001 0.578125 0.66875 0.5781250000000001 0.853125 0.7687500000000002 0.853125
2 0.3109375000000001 0.9296875 0.2171875000000001 0.9296875 0.2171875000000001 1 0.3109375000000001 1
2 0.7828125 0.6125 0.65625 0.6125 0.65625 0.6984375 0.7828125 0.6984375000000002
2 0.1859375 0.046875000000000014 0.103125 0.046875000000000014 0.103125 0.1765625 0.1859375 0.17656250000000004
2 0.2875000000000001 0.6296875 0.2140625000000001 0.6296875 0.2140625000000001 0.675 0.2875000000000001 0.675
2 0.5062500000000002 0.8625 0.39531250000000007 0.8625 0.39531250000000007 0.971875 0.5062500000000002 0.971875
2 0.37500000000000006 0.35625000000000007 0.3046875 0.35625 0.30468750000000006 0.39687500000000003 0.3750000000000001 0.3968750000000001
2 0.5031250000000002 0.7359375 0.45312500000000017 0.7359375 0.45312500000000017 0.784375 0.5031250000000002 0.784375
2 0.3578125 0.11250000000000004 0.325 0.11250000000000004 0.325 0.16406250000000006 0.3578125 0.16406250000000006
2 0.1921875000000001 0.675 0.1468750000000001 0.675 0.1468750000000001 0.7375 0.1921875000000001 0.7375
2 0.515625 0.2796875000000001 0.41875 0.2796875000000001 0.41875 0.3656250000000001 0.515625 0.3656250000000001
2 0.8015625 0.48906250000000007 0.71875 0.4890625 0.71875 0.5671875000000001 0.8015625 0.5671875000000002