2 0.5296875000000001 0.659375 0.4390625 0.659375 0.4390625000000001 0.775 0.5296875000000002 0.775
2 0.21875000000000008 0.521875 0.14843750000000006 0.521875 0.14843750000000006 0.5828125 0.21875000000000008 0.5828125
2 0.3890625000000001 0.796875 0.3187500000000001 0.796875 0.3187500000000001 0.8546875 0.3890625000000001 0.8546875
2 0.3609375 0.2359375 0.3125 0.2359375 0.3125 0.2796875 0.3609375 0.2796875
2 0.3828125 0.09687500000000004 0.3265625 0.09687500000000004 0.3265625 0.14687500000000003 0.3828125 0.14687500000000003
2 0.890625 0.9390625 0.6953125000000002 0.9390625 0.6953125000000002 1 0.890625 1
2 0.3859375 0.25312500000000004 0.31875 0.253125 0.31875 0.3140625 0.3859375 0.3140625000000001
2 1 0.3968750000000001 0.6859375 0.3968750000000001 0.6859375 0.5984375000000001 1 0.5984375000000002
2 0.6296875 0.3265625000000001 0.5390625 0.3265625000000001 0.5390625 0.4203125 0.6296875 0.4203125
2 0.4515625 0.659375 0.3578125000000001 0.659375 0.3578125000000001 0.725 0.4515625 0.725
2 0.346875 3.9513994378738814e-17 0.2984375 3.654805291205382e-17 0.2984375 0.020312500000000042 0.346875 0.020312500000000046
2 0.4312500000000001 0.7109375 0.3468750000000001 0.7109375 0.3468750000000001 0.7796875 0.4312500000000002 0.7796875
2 1 0.1828125000000001 0.8671875 0.1828125000000001 0.8671875 0.37968750000000007 1 0.37968750000000007
2 0.3625000000000001 0.7109375 0.2968750000000001 0.7109375 0.2968750000000001 0.7828125 0.3625000000000001 0.7828125
2 0.2968750000000001 0.6109375 0.20312500000000008 0.6109375 0.20312500000000008 0.69375 0.2968750000000001 0.69375
2 0.796875 0.10781250000000009 0.7125 0.10781250000000009 0.7125 0.1921875000000001 0.796875 0.1921875000000001
2 0.7546875 0.07812500000000008 0.715625 0.07812500000000008 0.715625 0.12031250000000009 0.7546875 0.12031250000000009
2 1 0.8625 0.8875 0.8625 0.8875 1 1 1
2 0.6812500000000001 0.765625 0.5390625000000002 0.765625 0.5390625000000002 0.8671875 0.6812500000000001 0.8671875
2 0.3203125000000001 0.6390625 0.2234375000000001 0.6390625 0.2234375000000001 0.7671875 0.3203125000000001 0.7671875
2 0.4640625 0.2296875000000001 0.3734375 0.2296875000000001 0.3734375 0.3031250000000001 0.4640625 0.3031250000000001
2 0.7515625 0.042187500000000086 0.6671875 0.04218750000000008 0.6671875 0.09687500000000009 0.7515625 0.09687500000000009
2 0.365625 0.029687500000000044 0.321875 0.029687500000000044 0.321875 0.08593750000000004 0.365625 0.08593750000000004
2 0.475 0.03281250000000006 0.4484375 0.03281250000000006 0.4484375 0.08437500000000006 0.475 0.08437500000000006
2 0.40625 0.11406250000000004 0.3234375 0.11406250000000004 0.3234375 0.18437500000000004 0.40625 0.18437500000000004
2 0.25625 0.06718750000000002 0.1828125 0.06718750000000002 0.18281250000000002 0.209375 0.25625 0.209375
2 0.9921875 1.172982012308324e-16 0.9234375 1.130884778587634e-16 0.9234375 0.0796875000000001 0.9921875 0.0796875000000001
2 0.5781250000000001 0.625 0.4953125 0.625 0.4953125000000001 0.74375 0.5781250000000002 0.74375
2 0.5843750000000002 0.921875 0.4781250000000002 0.921875 0.4781250000000002 1 0.5843750000000002 1
2 0.4625 0.09531250000000005 0.40625 0.09531250000000005 0.40625 0.15000000000000005 0.4625 0.15000000000000005
2 0.7875000000000002 0.7656250000000001 0.6281250000000002 0.765625 0.6281250000000002 0.9046875 0.7875000000000002 0.9046875
2 0.16250000000000003 0.1296875 0.1078125 0.1296875 0.10781250000000002 0.190625 0.16250000000000003 0.190625
2 0.553125 0.10937500000000007 0.5015625 0.10937500000000004 0.5015625 0.19531250000000006 0.553125 0.19531250000000008
2 0.3984375 0.05312500000000005 0.3453125 0.05312500000000005 0.3453125 0.09843750000000004 0.3984375 0.09843750000000004
2 1 0.3390625000000001 0.8546875 0.3390625000000001 0.8546875 0.4671875000000002 1 0.4671875000000002
2 0.6640625 0.1687500000000001 0.55 0.1687500000000001 0.55 0.2750000000000001 0.6640625 0.2750000000000001
2 0.9296875 0.5671875000000002 0.7796875 0.5671875000000002 0.7796875 0.7125000000000001 0.9296875 0.7125000000000001
2 0.7875 0.5453125000000001 0.7046875 0.5453125 0.7046875 0.6609375000000001 0.7875 0.6609375000000002
2 0.6125 0.5328125 0.521875 0.5328125 0.521875 0.6046875 0.6125 0.6046875
2 0.878125 0.1687500000000001 0.696875 0.1687500000000001 0.696875 0.3156250000000001 0.878125 0.3156250000000001
2 0.88125 0.2562500000000001 0.746875 0.2562500000000001 0.746875 0.37187500000000007 0.88125 0.37187500000000007
2 0.13593750000000004 0.240625 0.07187500000000002 0.240625 0.07187500000000004 0.325 0.13593750000000004 0.325
2 0.9234375 1.019901162414905e-16 0.7421875 9.089175462421762e-17 0.7421875 0.15312500000000012 0.9234375 0.15312500000000012
2 0.7453125 0.6484375000000001 0.571875 0.6484375 0.5718750000000001 0.7859375000000001 0.7453125000000002 0.7859375000000002
2 0.3375 0.2015625 0.271875 0.2015625 0.271875 0.2671875 0.3375 0.2671875
2 0.5515625 0.18750000000000006 0.4046875 0.18750000000000006 0.4046875 0.2578125000000001 0.5515625 0.2578125000000001
2 0.13593750000000004 0.2984375 0.09375000000000004 0.2984375 0.09375000000000004 0.378125 0.13593750000000004 0.378125
2 0.09843750000000004 0.321875 0.050000000000000044 0.321875 0.050000000000000044 0.396875 0.09843750000000004 0.396875
2 0.671875 0.5921875 0.5625 0.5921875 0.5625 0.6859375 0.671875 0.6859375
2 0.528125 0.5421875 0.446875 0.5421875 0.446875 0.6203125 0.528125 0.6203125
2 0.4828125000000002 0.759375 0.4031250000000002 0.759375 0.4031250000000002 0.8421875 0.4828125000000002 0.8421875
2 0.9265625 0.7843750000000002 0.7656250000000002 0.7843750000000002 0.7656250000000002 0.928125 0.9265625 0.928125
2 0.2875000000000001 0.4546875 0.2015625000000001 0.4546875 0.2015625000000001 0.4859375 0.2875000000000001 0.4859375
2 0.68125 0.03125000000000008 0.615625 0.031250000000000076 0.615625 0.08906250000000007 0.68125 0.08906250000000009
2 0.4984375 5.338694640032993e-17 0.3734375 4.573290390565898e-17 0.3734375 0.017187500000000053 0.4984375 0.01718750000000006
2 0.6625 0.3765625000000001 0.5671875 0.3765625000000001 0.5671875 0.48125 0.6625 0.48125
2 0.11718750000000004 0.4015625 0.07031250000000004 0.4015625 0.07031250000000004 0.453125 0.11718750000000004 0.453125
2 1 0.7859375000000002 0.909375 0.7859375000000002 0.909375 0.90625 1 0.90625
2 0.2000000000000001 0.89375 0.12500000000000008 0.89375 0.1250000000000001 0.96875 0.2000000000000001 0.96875
2 0.7968750000000002 0.875 0.6156250000000002 0.875 0.6156250000000002 1 0.7968750000000002 1