2 0.36406250000000007 0.38906250000000003 0.2468750000000001 0.3890625 0.2468750000000001 0.48125 0.36406250000000007 0.48125
2 0.503125 0.09531250000000005 0.4421875 0.09531250000000005 0.4421875 0.16562500000000005 0.503125 0.16562500000000005
2 0.225 0.2671875 0.16718750000000004 0.2671875 0.16718750000000004 0.3390625 0.225 0.3390625
2 0.790625 0.2609375000000001 0.746875 0.2609375000000001 0.746875 0.30937500000000007 0.790625 0.30937500000000007
2 0.9328125 0.2734375000000001 0.8828125 0.2734375000000001 0.8828125 0.3312500000000001 0.9328125 0.3312500000000001
2 0.0796875000000001 0.6359375 7.787988238327699e-17 0.6359375 9.079607909303422e-17 0.846875 0.0796875000000001 0.846875
2 0.775 0.2671875000000001 0.7125 0.2671875000000001 0.7125 0.3343750000000001 0.775 0.3343750000000001
2 0.628125 0.6375 0.425 0.6375 0.4250000000000001 0.95625 0.6281250000000002 0.95625
2 0.7 0.4890625 0.6046875 0.4890625 0.6046875 0.58125 0.7 0.58125
2 0.36250000000000004 0.30625 0.2953125 0.30625 0.29531250000000003 0.4015625 0.3625000000000001 0.4015625
2 0.30937500000000007 0.2953125 0.240625 0.2953125 0.24062500000000003 0.3796875 0.30937500000000007 0.3796875
2 0.8453125 0.8234375 0.6468750000000002 0.8234375 0.6468750000000002 0.9640625 0.8453125 0.9640625
2 0.3109375 0.24375 0.2390625 0.24375 0.2390625 0.3109375 0.3109375 0.3109375
2 0.4125 0.15156250000000004 0.328125 0.15156250000000004 0.328125 0.24531250000000004 0.4125 0.2453125000000001
2 0.921875 0.6656250000000001 0.8375 0.6656250000000001 0.8375 0.7515625000000001 0.921875 0.7515625000000001
2 0.9515625 0.6687500000000002 0.909375 0.6687500000000002 0.909375 0.7078125000000002 0.9515625 0.7078125000000002
2 0.1828125000000001 0.8421875 1.0313822261569115e-16 0.8421875 1.1280145126521325e-16 1 0.18281250000000013 1
2 0.2562500000000001 0.490625 0.15312500000000004 0.490625 0.15312500000000007 0.634375 0.2562500000000001 0.634375
2 0.384375 0.17031250000000003 0.2546875 0.17031250000000003 0.2546875 0.26875000000000004 0.384375 0.2687500000000001
2 0.796875 0.3218750000000001 0.721875 0.3218750000000001 0.721875 0.4125000000000001 0.796875 0.4125000000000002
2 0.9890625 0.6203125000000002 0.9328125 0.6203125000000002 0.9328125 0.7046875000000001 0.9890625 0.7046875000000001
2 1 0.27031250000000007 0.94375 0.27031250000000007 0.94375 0.3140625000000001 1 0.3140625000000001
2 0.996875 0.3968750000000001 0.9453125 0.3968750000000001 0.9453125 0.42500000000000016 0.996875 0.42500000000000016
2 0.915625 0.2718750000000001 0.8453125 0.2718750000000001 0.8453125 0.3546875000000001 0.915625 0.3546875000000001
2 0.9625 0.12968750000000012 0.81875 0.1296875000000001 0.81875 0.20312500000000008 0.9625 0.20312500000000008
2 1 0.8796875 0.9484375 0.8796875 0.9484375 0.9484375 1 0.9484375
2 0.3968750000000001 0.4453125 0.27812500000000007 0.4453125 0.27812500000000007 0.5296875 0.3968750000000001 0.5296875
2 0.09687500000000006 0.428125 5.2430191088496056e-17 0.428125 5.903180274014976e-17 0.5359375 0.09687500000000007 0.5359375
2 0.934375 0.3546875000000001 0.8796875 0.3546875000000001 0.8796875 0.4109375000000002 0.934375 0.4109375000000002
2 0.2562500000000001 0.5796875 0.11562500000000009 0.5796875 0.11562500000000009 0.7421875 0.2562500000000001 0.7421875
2 0.8984375 0.05468750000000011 0.8375 0.05468750000000011 0.8375 0.10937500000000008 0.8984375 0.10937500000000008
2 0.91875 0.4515625000000002 0.8328125 0.4515625000000002 0.8328125 0.5031250000000002 0.91875 0.5031250000000002
2 0.9765625 0.29375000000000007 0.93125 0.29375000000000007 0.93125 0.34843750000000007 0.9765625 0.34843750000000007
2 0.6890625000000001 0.809375 0.5437500000000002 0.809375 0.5437500000000002 1 0.6890625000000001 1
2 0.859375 0.5000000000000002 0.7515625 0.5000000000000002 0.7515625 0.6156250000000002 0.859375 0.6156250000000002
2 0.45625000000000016 0.734375 0.30937500000000007 0.734375 0.30937500000000007 0.8859375 0.45625000000000016 0.8859375
2 0.4796875000000001 0.6578125 0.3625000000000001 0.6578125 0.3625000000000001 0.7421875 0.47968750000000016 0.7421875
2 0.490625 0.4734375 0.41875 0.4734375 0.41875 0.565625 0.490625 0.565625
2 0.859375 0.6500000000000001 0.7109375 0.65 0.7109375000000001 0.8328125 0.859375 0.8328125
2 0.7718750000000001 0.7000000000000001 0.6546875 0.7 0.6546875000000001 0.8359375 0.7718750000000002 0.8359375
2 0.7875 0.017187500000000088 0.7015625 0.017187500000000085 0.7015625 0.08125000000000009 0.7875 0.08125000000000009
2 1 0.6953125000000002 0.875 0.6953125000000002 0.875 0.8734375 1 0.8734375
2 0.3765625000000001 0.521875 0.23593750000000008 0.521875 0.23593750000000008 0.6984375 0.3765625000000001 0.6984375
2 0.8265625 0.21875000000000008 0.759375 0.21875000000000008 0.759375 0.28593750000000007 0.8265625 0.28593750000000007
2 0.840625 0.3531250000000001 0.7703125 0.3531250000000001 0.7703125 0.5031250000000002 0.840625 0.5031250000000002
2 0.728125 0.03906250000000008 0.6484375 0.039062500000000076 0.6484375 0.08125000000000009 0.728125 0.08125000000000009
2 0.7046875 8.161122809942908e-17 0.628125 7.692312707144312e-17 0.628125 0.04375000000000008 0.7046875 0.04375000000000009
2 0.43125 0.5140625 0.3359375000000001 0.5140625 0.3359375000000001 0.6234375 0.43125 0.6234375
2 0.4828125 0.3984375000000001 0.403125 0.3984375000000001 0.403125 0.4796875 0.4828125 0.4796875
2 0.26250000000000007 0.3515625 0.17812500000000003 0.3515625 0.17812500000000003 0.4328125 0.26250000000000007 0.4328125
2 0.2375000000000001 0.71875 0.09218750000000009 0.71875 0.0921875000000001 0.8828125 0.2375000000000001 0.8828125
2 0.5703125 0.14843750000000006 0.5390625 0.14843750000000006 0.5390625 0.23437500000000008 0.5703125 0.23437500000000008
2 1 0.5671875000000002 0.940625 0.5671875000000002 0.940625 0.6328125000000002 1 0.6328125000000002
2 0.65 0.51875 0.54375 0.51875 0.54375 0.615625 0.65 0.615625
2 0.6234375 0.015625000000000076 0.571875 0.015625000000000073 0.571875 0.06250000000000007 0.6234375 0.06250000000000007
2 0.23593750000000008 0.865625 0.1140625000000001 0.865625 0.11406250000000011 0.98125 0.23593750000000008 0.98125
2 0.1265625 0.07187500000000001 0.0515625 0.071875 0.05156250000000001 0.1484375 0.1265625 0.1484375
2 0.1453125000000001 0.5671875 0.004687500000000069 0.5671875 0.0046875000000000805 0.75 0.1453125000000001 0.75