2 0.75625 0.4828125000000001 0.6421875 0.4828125 0.6421875 0.5718750000000001 0.75625 0.5718750000000001
2 0.5671875000000002 0.7875 0.5078125000000002 0.7875 0.5078125000000002 0.85625 0.5671875000000002 0.85625
2 0.8328125 0.6203125000000002 0.7765625 0.6203125000000002 0.7765625 0.6890625000000001 0.8328125 0.6890625000000001
2 0.2718750000000001 0.65 0.22812500000000008 0.65 0.22812500000000008 0.696875 0.2718750000000001 0.696875
2 0.14062500000000008 0.628125 0.09218750000000006 0.628125 0.09218750000000007 0.6828125 0.14062500000000008 0.6828125
2 1 0.12812500000000013 0.915625 0.12812500000000013 0.915625 0.3390625000000001 1 0.3390625000000001
2 0.3046875000000001 0.6234375 0.24375000000000008 0.6234375 0.24375000000000008 0.6890625 0.3046875000000001 0.6890625
2 0.5828125 0.023437500000000062 0.3859375 0.02343750000000005 0.3859375 0.3312500000000001 0.5828125 0.3312500000000001
2 0.4078125 0.38593750000000004 0.3156250000000001 0.3859375 0.3156250000000001 0.475 0.4078125 0.475
2 0.70625 0.559375 0.6421875 0.559375 0.6421875 0.6515625 0.70625 0.6515625
2 0.017187500000000085 0.665625 8.15155525682457e-17 0.665625 8.409879191019715e-17 0.7078125 0.017187500000000088 0.7078125
2 0.7609375 0.5796875000000001 0.69375 0.5796875 0.69375 0.6625000000000001 0.7609375 0.6625000000000002
2 0.36875 0.017187500000000033 0.1765625 0.017187500000000022 0.1765625 0.153125 0.36875 0.15312500000000004
2 0.7625 0.6468750000000001 0.6921875 0.646875 0.6921875 0.7109375000000001 0.7625 0.7109375000000002
2 0.6765625000000001 0.7109375 0.5953125 0.7109375 0.5953125000000001 0.8015625 0.6765625000000002 0.8015625
2 0.18437500000000004 0.221875 0.10156250000000004 0.221875 0.10156250000000004 0.3046875 0.18437500000000004 0.3046875
2 0.11406250000000004 0.2640625 0.07343750000000002 0.2640625 0.07343750000000003 0.3015625 0.11406250000000004 0.3015625
2 1 1.1117496723509566e-16 0.815625 9.9885254555456e-17 0.815625 0.1328125000000001 1 0.13281250000000014
2 0.8453125 0.3343750000000001 0.7453125 0.3343750000000001 0.7453125 0.4734375000000002 0.8453125 0.4734375000000002
2 0.7468750000000001 0.6875000000000001 0.6203125 0.6875 0.6203125 0.7828125000000001 0.7468750000000002 0.7828125000000001
2 0.2953125000000001 0.5484375 0.2234375000000001 0.5484375 0.2234375000000001 0.6359375 0.2953125000000001 0.6359375
2 0.09218750000000003 0.265625 0.039062500000000035 0.265625 0.03906250000000004 0.3484375 0.09218750000000005 0.3484375
2 0.08125000000000009 0.6453125 0.02656250000000008 0.6453125 0.026562500000000083 0.6875 0.08125000000000009 0.6875
2 0.07968750000000006 0.5375 0.029687500000000068 0.5375 0.029687500000000068 0.5640625 0.07968750000000006 0.5640625
2 0.1765625000000001 0.6046875 0.10781250000000009 0.6046875 0.10781250000000009 0.6859375 0.1765625000000001 0.6859375
2 0.2015625000000001 0.75 0.06250000000000008 0.75 0.0625000000000001 0.821875 0.2015625000000001 0.821875
2 0.07500000000000001 0.03125000000000001 3.827021247335479e-18 0.03125 7.941069088221119e-18 0.0984375 0.07500000000000002 0.0984375
2 0.725 0.4359375 0.609375 0.4359375 0.609375 0.5171875 0.725 0.5171875
2 1 0.42968750000000017 0.9 0.42968750000000017 0.9 0.5343750000000002 1 0.5343750000000002
2 0.1437500000000001 0.55 0.09062500000000007 0.55 0.09062500000000007 0.6046875 0.1437500000000001 0.6046875
2 0.88125 0.2312500000000001 0.7453125 0.2312500000000001 0.7453125 0.38750000000000007 0.88125 0.38750000000000007
2 0.1843750000000001 0.8421875 0.12500000000000008 0.8421875 0.12500000000000008 0.8953125 0.1843750000000001 0.8953125
2 0.18906250000000005 0.4609375 0.10625000000000004 0.4609375 0.10625000000000004 0.5109375 0.18906250000000005 0.5109375
2 0.09375000000000008 0.6109375 0.050000000000000065 0.6109375 0.05000000000000008 0.6640625 0.09375000000000008 0.6640625
2 0.4625 4.8411818778793805e-17 0.328125 4.0183723097022526e-17 0.328125 0.16562500000000005 0.4625 0.16562500000000005
2 0.2671875 0.3515625 0.16406250000000006 0.3515625 0.16406250000000006 0.4640625 0.2671875000000001 0.4640625
2 0.69375 0.09218750000000007 0.5515625 0.09218750000000006 0.5515625 0.2390625000000001 0.69375 0.2390625000000001
2 0.64375 0.2312500000000001 0.5296875 0.2312500000000001 0.5296875 0.3125000000000001 0.64375 0.3125000000000001
2 0.5890625 0.4015625 0.51875 0.4015625 0.51875 0.490625 0.5890625 0.490625
2 0.30625 0.14218750000000002 0.1625 0.1421875 0.16250000000000003 0.31875 0.30625 0.31875
2 0.3609375 0.13906250000000003 0.2484375 0.13906250000000003 0.2484375 0.2703125 0.3609375 0.2703125
2 0.3156250000000001 0.86875 0.2328125000000001 0.86875 0.2328125000000001 0.93125 0.3156250000000001 0.93125
2 0.14687500000000003 0.09843750000000001 1.2055116929106758e-17 0.0984375 2.2962127484012874e-17 0.2765625 0.14687500000000003 0.2765625
2 0.765625 0.2718750000000001 0.6296875 0.2718750000000001 0.6296875 0.44218750000000007 0.765625 0.4421875000000002
2 0.2593750000000001 0.671875 0.1937500000000001 0.671875 0.1937500000000001 0.7359375 0.2593750000000001 0.7359375
2 0.2500000000000001 0.4625 0.18125000000000005 0.4625 0.18125000000000008 0.60625 0.2500000000000001 0.60625
2 0.3656250000000001 0.86875 0.2890625000000001 0.86875 0.2890625000000001 0.909375 0.3656250000000001 0.909375
2 0.3859375000000001 0.9046875 0.3125000000000001 0.9046875 0.3125000000000001 0.9515625 0.3859375000000001 0.9515625
2 0.66875 0.3453125000000001 0.5765625 0.3453125000000001 0.5765625 0.4515625 0.66875 0.4515625
2 0.603125 0.484375 0.5265625 0.484375 0.5265625 0.5625 0.603125 0.5625
2 0.821875 0.5296875000000002 0.740625 0.5296875000000002 0.740625 0.6078125000000002 0.821875 0.6078125000000002
2 0.9046875 0.0953125000000001 0.7640625 0.09531250000000009 0.7640625 0.2531250000000001 0.9046875 0.2531250000000001
2 0.4718750000000001 0.721875 0.440625 0.721875 0.4406250000000001 0.8046875 0.47187500000000016 0.8046875
2 0.08437500000000005 0.3359375 0.026562500000000044 0.3359375 0.026562500000000044 0.4 0.08437500000000005 0.4
2 0.46875 0.3531250000000001 0.365625 0.3531250000000001 0.36562500000000003 0.446875 0.46875 0.446875
2 0.44062500000000016 0.8875 0.3906250000000001 0.8875 0.3906250000000001 0.9328125 0.44062500000000016 0.9328125
2 0.8828125 1.0093768539847325e-16 0.765625 9.376202055971923e-17 0.765625 0.11093750000000009 0.8828125 0.11093750000000009
2 0.94375 0.8046875 0.8703125 0.8046875 0.8703125 0.878125 0.94375 0.878125
2 0.9890625 0.2218750000000001 0.853125 0.2218750000000001 0.853125 0.3984375000000001 0.9890625 0.3984375000000001