2 0.25 0.08281250000000002 0.1828125 0.08281250000000002 0.1828125 0.15781250000000005 0.25 0.15781250000000005
2 1 0.36406250000000007 0.9 0.36406250000000007 0.9 0.5640625000000001 1 0.5640625000000001
2 0.4546875 0.5828125 0.3750000000000001 0.5828125 0.3750000000000001 0.6640625 0.4546875 0.6640625
2 0.1750000000000001 0.821875 0.09218750000000012 0.821875 0.09218750000000012 0.9703125 0.17500000000000013 0.9703125
2 0.775 0.5312500000000001 0.7 0.53125 0.7 0.6406250000000001 0.775 0.6406250000000002
2 0.7953125 0.1703125000000001 0.6453125 0.1703125000000001 0.6453125 0.3062500000000001 0.7953125 0.3062500000000001
2 0.7921875000000002 0.8421875 0.6156250000000002 0.8421875 0.6156250000000002 0.99375 0.7921875000000002 0.99375
2 0.6078125000000001 0.6015625 0.5015625 0.6015625 0.5015625000000001 0.7375 0.6078125000000002 0.7375
2 0.34375 0.032812500000000036 0.2453125 0.032812500000000036 0.2453125 0.09843750000000004 0.34375 0.09843750000000004
2 0.9546875 0.2250000000000001 0.75625 0.2250000000000001 0.75625 0.4359375000000002 0.9546875 0.4359375000000002
2 0.3671875000000001 0.8578125 0.1390625000000001 0.8578125 0.13906250000000012 1 0.3671875000000001 1
2 0.2875000000000001 0.653125 0.1671875000000001 0.653125 0.1671875000000001 0.8484375 0.2875000000000001 0.8484375
2 0.4265625 0.4484375 0.3593750000000001 0.4484375 0.3593750000000001 0.50625 0.4265625 0.50625
2 1 0.5734375000000002 0.8796875 0.5734375000000002 0.8796875 0.6562500000000002 1 0.6562500000000002
2 0.5796875 0.14687500000000006 0.4265625 0.14687500000000003 0.4265625 0.2390625000000001 0.5796875 0.2390625000000001
2 0.2390625000000001 0.80625 0.1437500000000001 0.80625 0.1437500000000001 0.896875 0.2390625000000001 0.896875
2 0.921875 0.4031250000000002 0.8078125 0.4031250000000002 0.8078125 0.5234375000000002 0.921875 0.5234375000000002
2 0.671875 0.14531250000000007 0.509375 0.14531250000000004 0.509375 0.2843750000000001 0.671875 0.2843750000000001
2 0.775 0.3343750000000001 0.6703125 0.3343750000000001 0.6703125 0.4859375000000001 0.775 0.4859375000000002
2 0.99375 0.7093750000000002 0.8671875 0.7093750000000002 0.8671875 0.7921875000000002 0.99375 0.7921875000000002
2 0.4609375 0.12968750000000004 0.3609375 0.12968750000000004 0.3609375 0.25312500000000004 0.4609375 0.2531250000000001
2 0.6328125 0.026562500000000065 0.45625 0.026562500000000055 0.45625 0.16718750000000007 0.6328125 0.1671875000000001
2 0.9 0.1765625000000001 0.7921875 0.1765625000000001 0.7921875 0.2921875000000001 0.9 0.2921875000000001
2 0.1765625 1.6456191363542558e-17 0.0921875 1.1289712679639661e-17 0.0921875 0.07031250000000003 0.1765625 0.07031250000000003
2 0.4859375 0.4765625 0.3921875000000001 0.4765625 0.3921875000000001 0.5734375 0.4859375 0.5734375
2 0.25625 0.17187500000000006 0.2109375 0.17187500000000006 0.2109375 0.2296875 0.25625 0.2296875
2 0.21875 0.209375 0.14375000000000004 0.209375 0.14375000000000004 0.265625 0.21875 0.265625
2 0.4250000000000001 0.628125 0.3234375000000001 0.628125 0.3234375000000001 0.75 0.42500000000000016 0.75
2 0.6187500000000001 0.809375 0.4593750000000002 0.809375 0.4593750000000002 0.9484375 0.6187500000000001 0.9484375
2 0.875 0.5031250000000002 0.75 0.5031250000000002 0.75 0.6109375000000001 0.875 0.6109375000000001
2 0.4671875000000002 0.8 0.3859375000000001 0.8 0.3859375000000001 0.8828125 0.4671875000000002 0.8828125
2 0.6796875 0.565625 0.5984375 0.565625 0.5984375 0.6578125 0.6796875 0.6578125
2 0.04843750000000009 0.6875 8.419446744138054e-17 0.6875 8.802148868871601e-17 0.75 0.04843750000000009 0.75
2 0.3687500000000001 0.5765625 0.2593750000000001 0.5765625 0.2593750000000001 0.6921875 0.3687500000000001 0.6921875
2 0.26250000000000007 0.5125 0.15937500000000004 0.5125 0.15937500000000007 0.5921875 0.26250000000000007 0.5921875
2 0.596875 0.48125 0.5140625 0.48125 0.5140625 0.5703125 0.596875 0.5703125
2 0.42500000000000016 0.940625 0.3593750000000001 0.940625 0.3593750000000001 1 0.42500000000000016 1
2 0.5578125 6.075396230145073e-17 0.434375 5.319559533796316e-17 0.434375 0.05625000000000006 0.5578125 0.056250000000000064
2 0.6671875 0.2531250000000001 0.4890625 0.2531250000000001 0.4890625 0.3859375000000001 0.6671875 0.3859375000000001
2 0.23750000000000004 0.271875 3.329508485181867e-17 0.271875 5.07080315271951e-17 0.55625 0.2375000000000001 0.55625
2 0.08593750000000008 0.6390625 0.009375000000000078 0.6390625 0.009375000000000081 0.68125 0.08593750000000008 0.68125
2 0.3765625000000001 0.6921875 0.27812500000000007 0.6921875 0.27812500000000007 0.7703125 0.3765625000000001 0.7703125
2 0.325 0.08750000000000004 0.2328125 0.08750000000000002 0.2328125 0.15625000000000006 0.325 0.15625000000000006
2 0.19843750000000013 0.940625 0.07343750000000011 0.940625 0.07343750000000013 1 0.19843750000000013 1
2 0.9265625 0.7734375000000001 0.7109375000000002 0.7734375 0.7109375000000002 0.95 0.9265625 0.95
2 0.6765625000000001 0.6875 0.5234375 0.6875 0.5234375000000001 0.846875 0.6765625000000002 0.846875
2 0.703125 0.3203125000000001 0.5515625 0.3203125000000001 0.5515625 0.4671875 0.703125 0.4671875
2 0.596875 0.5359375 0.55625 0.5359375 0.55625 0.6015625 0.596875 0.6015625
2 0.48750000000000016 0.9015625 0.4125000000000002 0.9015625 0.4125000000000002 0.9796875 0.48750000000000016 0.9796875
2 0.5390625000000001 0.678125 0.4046875 0.678125 0.4046875000000001 0.803125 0.5390625000000002 0.803125
2 0.8359375 9.261391418551857e-17 0.6765625 8.285501000481311e-17 0.6765625 0.0953125000000001 0.8359375 0.0953125000000001
2 0.2671875000000001 0.403125 0.18593750000000003 0.403125 0.18593750000000003 0.471875 0.2671875000000001 0.471875
2 0.06875000000000009 0.7359375 0.02343750000000009 0.7359375 0.02343750000000009 0.7890625 0.06875000000000009 0.7890625
2 0.471875 5.223884002612929e-17 0.38125 4.6689659217492845e-17 0.38125 0.12656250000000005 0.471875 0.12656250000000005
2 0.17187500000000008 0.6546875 0.08593750000000008 0.6546875 0.08593750000000008 0.734375 0.17187500000000008 0.734375
2 0.09218750000000007 0.5671875 0.028125000000000067 0.5671875 0.028125000000000074 0.6375 0.09218750000000009 0.6375
2 0.2 0.012500000000000016 0.1078125 0.012500000000000011 0.1078125 0.14687500000000003 0.2 0.14687500000000003
2 0.5453125 0.5828125 0.446875 0.5828125 0.446875 0.66875 0.5453125 0.66875
2 0.4171875 0.02812500000000005 0.3234375 0.028125000000000046 0.3234375 0.15312500000000004 0.4171875 0.15312500000000004
2 0.8421875 0.6484375000000001 0.6328125 0.6484375 0.6328125000000001 0.8390625 0.8421875 0.8390625
2 0.51875 0.3656250000000001 0.45625 0.3656250000000001 0.45625 0.4671875 0.51875 0.4671875
2 0.7109375 0.421875 0.6015625 0.421875 0.6015625 0.54375 0.7109375 0.54375
2 0.2984375000000001 0.4828125 0.2140625000000001 0.4828125 0.2140625000000001 0.53125 0.2984375000000001 0.53125
2 0.07812500000000003 0.2640625 0.028125000000000032 0.2640625 0.02812500000000004 0.3390625 0.07812500000000004 0.3390625
2 0.465625 0.29218750000000004 0.3546875 0.2921875 0.35468750000000004 0.415625 0.465625 0.415625
2 0.2328125000000001 0.5859375 0.14062500000000008 0.5859375 0.14062500000000008 0.653125 0.2328125000000001 0.653125
2 0.3765625000000001 0.5015625 0.3125000000000001 0.5015625 0.3125000000000001 0.584375 0.3765625000000001 0.584375
2 0.984375 0.5015625000000001 0.853125 0.5015625000000001 0.853125 0.5781250000000002 0.984375 0.5781250000000002
2 0.3734375 0.13750000000000004 0.2890625 0.13750000000000004 0.2890625 0.22031250000000005 0.3734375 0.22031250000000008