2 0.7781250000000002 0.825 0.7125000000000001 0.825 0.7125000000000001 0.896875 0.7781250000000002 0.896875
2 0.08437500000000006 0.43125 5.281289321322961e-17 0.43125 6.46766590799696e-17 0.625 0.08437500000000006 0.625
2 0.59375 0.3359375000000001 0.515625 0.3359375000000001 0.515625 0.4140625 0.59375 0.4140625
2 0.8671875 0.039062500000000104 0.7859375 0.0390625000000001 0.7859375 0.1828125000000001 0.8671875 0.1828125000000001
2 0.27968750000000003 0.3578125 0.20625 0.3578125 0.20625000000000004 0.4640625 0.2796875000000001 0.4640625
2 0.3312500000000001 0.68125 0.1859375000000001 0.68125 0.1859375000000001 0.8125 0.3312500000000001 0.8125
2 0.3609375 0.015625000000000035 0.1890625 0.01562500000000002 0.1890625 0.16250000000000003 0.3609375 0.16250000000000003
2 0.4703125 0.26250000000000007 0.3671875 0.26250000000000007 0.36718750000000006 0.39531250000000007 0.4703125 0.39531250000000007
2 0.7187500000000002 0.8828125 0.6234375000000002 0.8828125 0.6234375000000002 0.9453125 0.7187500000000002 0.9453125
2 0.2234375000000001 0.55625 0.032812500000000064 0.55625 0.03281250000000008 0.7609375 0.2234375000000001 0.7609375
2 0.821875 8.706473337688214e-17 0.6 7.347880794884119e-17 0.6 0.1468750000000001 0.821875 0.1468750000000001
2 0.7953125 0.15625000000000008 0.678125 0.15625000000000008 0.678125 0.3453125000000001 0.7953125 0.3453125000000001
2 0.6078125 0.4890625 0.5421875 0.4890625 0.5421875 0.5453125 0.6078125 0.5453125
2 0.10312500000000005 0.3421875 4.190588265832349e-17 0.3421875 4.678533474867622e-17 0.421875 0.10312500000000005 0.421875
2 0.5437500000000002 0.746875 0.39531250000000007 0.746875 0.39531250000000007 0.8359375 0.5437500000000002 0.8359375
2 0.815625 0.11093750000000009 0.7234375 0.11093750000000009 0.7234375 0.1984375000000001 0.815625 0.1984375000000001
2 0.17187500000000006 0.4703125 0.06250000000000007 0.4703125 0.06250000000000007 0.5875 0.17187500000000008 0.5875
2 0.4625000000000001 0.7015625 0.3046875000000001 0.7015625 0.3046875000000001 0.8359375 0.4625000000000002 0.8359375
2 0.3062500000000001 0.5078125 0.20468750000000008 0.5078125 0.20468750000000008 0.6546875 0.3062500000000001 0.6546875
2 0.11562500000000005 0.2109375 2.583239341951448e-17 0.2109375 3.0711845509867216e-17 0.290625 0.11562500000000005 0.290625
2 0.6062500000000002 0.7328125 0.5093750000000001 0.7328125 0.5093750000000001 0.8515625 0.6062500000000002 0.8515625
2 0.5140625000000002 0.815625 0.3437500000000001 0.815625 0.3437500000000001 0.9515625 0.5140625000000002 0.9515625
2 0.18906250000000008 0.696875 0.08593750000000008 0.696875 0.08593750000000008 0.8078125 0.18906250000000008 0.8078125
2 0.8671875 0.909375 0.7796875000000002 0.909375 0.7796875000000002 1 0.8671875 1
2 0.5765625 0.4234375 0.484375 0.4234375 0.484375 0.5171875 0.5765625 0.5171875
2 0.7515625000000001 0.7546875000000001 0.7078125000000002 0.7546875 0.7078125000000002 0.8109375 0.7515625000000001 0.8109375
2 0.8171875 0.7203125000000001 0.7453125 0.7203125000000001 0.7453125 0.7750000000000001 0.8171875 0.7750000000000001
2 0.64375 0.2515625000000001 0.5453125 0.2515625000000001 0.5453125 0.3703125000000001 0.64375 0.3703125000000001
2 0.509375 0.060937500000000054 0.35625 0.06093750000000005 0.35625 0.19531250000000006 0.509375 0.19531250000000006
2 0.2296875000000001 0.3875 0.10937500000000004 0.3875 0.10937500000000004 0.4921875 0.2296875000000001 0.4921875
2 0.58125 0.12343750000000006 0.503125 0.12343750000000005 0.503125 0.20312500000000008 0.58125 0.20312500000000008
2 0.37812500000000004 0.34218750000000003 0.2984375 0.3421875 0.2984375 0.43125 0.3781250000000001 0.43125
2 0.9640625 0.2531250000000001 0.909375 0.2531250000000001 0.909375 0.3140625000000001 0.9640625 0.3140625000000001
2 0.7046875 0.3078125000000001 0.5984375 0.3078125000000001 0.5984375 0.41875 0.7046875 0.41875
2 0.8015625 0.4046875000000001 0.7015625 0.4046875 0.7015625 0.48125000000000007 0.8015625 0.4812500000000002
2 0.4578125 0.4265625 0.3781250000000001 0.4265625 0.3781250000000001 0.5125 0.4578125 0.5125
2 0.6078125 7.051286648215619e-17 0.54375 6.659016970363734e-17 0.54375 0.06718750000000007 0.6078125 0.06718750000000007
2 0.5453125000000002 0.9234375 0.4156250000000002 0.9234375 0.4156250000000002 1 0.5453125000000002 1
2 0.48125000000000007 0.6046875 0.30937500000000007 0.6046875 0.30937500000000007 0.7328125 0.4812500000000002 0.7328125
2 0.98125 0.4390625000000001 0.725 0.4390625 0.725 0.7140625 0.98125 0.7140625000000002
2 0.946875 0.3187500000000001 0.871875 0.3187500000000001 0.871875 0.3593750000000001 0.946875 0.3593750000000001
2 0.6859375 0.2312500000000001 0.590625 0.2312500000000001 0.590625 0.3078125000000001 0.6859375 0.3078125000000001
2 0.7312500000000002 0.8265625 0.6421875000000001 0.8265625 0.6421875000000001 0.89375 0.7312500000000002 0.89375
2 0.884375 1.0093768539847325e-16 0.7640625 9.357066949735246e-17 0.7640625 0.0671875000000001 0.884375 0.06718750000000011
2 0.2671875 0.05937500000000001 0.0578125 0.059375 0.05781250000000001 0.2296875 0.2671875 0.2296875
2 0.45 0.15937500000000004 0.3015625 0.15937500000000004 0.3015625 0.31250000000000006 0.45 0.3125000000000001
2 0.421875 0.525 0.2750000000000001 0.525 0.2750000000000001 0.6671875 0.421875 0.6671875
2 0.4171875 0.39531250000000007 0.3781250000000001 0.39531250000000007 0.3781250000000001 0.459375 0.4171875 0.459375
2 0.55625 0.03125000000000006 0.484375 0.031250000000000056 0.484375 0.10625000000000007 0.55625 0.1062500000000001
2 0.5640625 0.2015625000000001 0.434375 0.2015625000000001 0.434375 0.3218750000000001 0.5640625 0.3218750000000001
2 0.3046875000000001 0.8859375 0.1468750000000001 0.8859375 0.14687500000000012 1 0.3046875000000001 1
2 0.7765625 0.5218750000000001 0.6984375 0.521875 0.6984375 0.5875000000000001 0.7765625 0.5875000000000001
2 0.9328125 0.2156250000000001 0.8890625 0.2156250000000001 0.8890625 0.2671875000000001 0.9328125 0.2671875000000001
2 0.5875000000000001 0.85625 0.5000000000000002 0.85625 0.5000000000000002 0.978125 0.5875000000000001 0.978125
2 0.871875 0.2671875000000001 0.7890625 0.2671875000000001 0.7890625 0.3437500000000001 0.871875 0.3437500000000001
2 0.928125 0.3609375000000001 0.865625 0.3609375000000001 0.865625 0.4281250000000002 0.928125 0.4281250000000002
2 0.8515625 0.8359375 0.7609375000000002 0.8359375 0.7609375000000002 0.965625 0.8515625 0.965625
2 0.5234375 0.3312500000000001 0.428125 0.3312500000000001 0.428125 0.4140625 0.5234375 0.4140625
2 0.6421875000000001 0.828125 0.5515625000000002 0.828125 0.5515625000000002 0.95 0.6421875000000001 0.95
2 0.34375 0.16718750000000002 0.140625 0.1671875 0.14062500000000003 0.3515625 0.34375 0.3515625
2 0.5140625 0.525 0.453125 0.525 0.453125 0.6234375 0.5140625 0.6234375
2 0.37187500000000007 0.453125 0.2671875000000001 0.453125 0.2671875000000001 0.5703125 0.37187500000000007 0.5703125
2 0.7484375 0.4640625000000001 0.6671875 0.4640625 0.6671875 0.5109375 0.7484375 0.5109375000000002
2 0.928125 0.6500000000000001 0.8796875 0.6500000000000001 0.8796875 0.7218750000000002 0.928125 0.7218750000000002
2 0.6125 0.575 0.5046875 0.575 0.5046875 0.6953125 0.6125 0.6953125
2 0.8203125 0.3453125000000001 0.73125 0.3453125000000001 0.73125 0.4109375000000002 0.8203125 0.4109375000000002
2 0.6546875 0.4125 0.5921875 0.4125 0.5921875 0.49375 0.6546875 0.49375
2 0.12968750000000004 0.41875 0.0031250000000000513 0.41875 0.003125000000000056 0.49375 0.12968750000000004 0.49375
2 0.6765625000000002 0.7640625 0.5937500000000002 0.7640625 0.5937500000000002 0.8453125 0.6765625000000002 0.8453125