2 0.1296875000000001 0.7421875 0.05312500000000009 0.7421875 0.05312500000000009 0.8109375 0.1296875000000001 0.8109375
2 0.54375 5.424802618098041e-17 0.3421875 4.190588265832349e-17 0.3421875 0.07500000000000005 0.54375 0.07500000000000007
2 0.6453125 0.5328125 0.5625 0.5328125 0.5625 0.6140625 0.6453125 0.6140625
2 0.959375 0.8171875 0.8078125 0.8171875 0.8078125 0.903125 0.959375 0.903125
2 0.6234375 0.20468750000000008 0.5109375 0.20468750000000008 0.5109375 0.2828125000000001 0.6234375 0.2828125000000001
2 0.28125 0.184375 0.14218750000000005 0.184375 0.14218750000000005 0.3390625 0.28125 0.3390625
2 0.984375 0.1875000000000001 0.8296875 0.18750000000000008 0.8296875 0.3687500000000001 0.984375 0.3687500000000001
2 0.7234375 0.3750000000000001 0.584375 0.3750000000000001 0.584375 0.484375 0.7234375 0.484375
2 0.0671875000000001 0.6453125 7.902798875747763e-17 0.6453125 8.524689828439779e-17 0.746875 0.0671875000000001 0.746875
2 0.4140625 0.021875000000000037 0.196875 0.021875000000000023 0.19687500000000002 0.22343750000000004 0.4140625 0.2234375000000001
2 1 0.6218750000000002 0.8453125 0.6218750000000002 0.8453125 0.85625 1 0.85625
2 0.8359375 0.7046875000000001 0.6359375 0.7046875 0.6359375 0.828125 0.8359375 0.828125
2 0.484375 0.5609375 0.425 0.5609375 0.425 0.6296875 0.484375 0.6296875
2 0.6390625 7.309610582410764e-17 0.5546875 6.792962714020475e-17 0.5546875 0.09687500000000007 0.6390625 0.09687500000000009
2 0.21250000000000008 0.4046875 0.11718750000000004 0.4046875 0.11718750000000007 0.5625 0.21250000000000008 0.5625
2 0.8859375 0.7531250000000002 0.7921875000000002 0.7531250000000002 0.7921875000000002 0.85 0.8859375 0.85
2 0.503125 0.054687500000000056 0.3796875 0.05468750000000004 0.3796875 0.17031250000000003 0.503125 0.17031250000000003
2 0.259375 0.309375 0.11718750000000004 0.309375 0.11718750000000004 0.4765625 0.2593750000000001 0.4765625
2 0.4640625 0.20468750000000005 0.309375 0.2046875 0.309375 0.31093750000000003 0.4640625 0.3109375000000001
2 0.778125 9.012635037475052e-17 0.69375 8.495987169084762e-17 0.69375 0.10937500000000008 0.778125 0.10937500000000008
2 0.22656250000000008 0.525 0.10000000000000005 0.525 0.10000000000000006 0.628125 0.22656250000000008 0.628125
2 0.13750000000000004 0.35 4.286263797015736e-17 0.35 5.3865324056246864e-17 0.5296875 0.13750000000000004 0.5296875
2 0.265625 0.07812500000000003 0.1484375 0.07812500000000003 0.14843750000000003 0.18750000000000003 0.265625 0.18750000000000006
2 0.039062500000000104 0.83125 1.0179876517912373e-16 0.83125 1.0619983961355955e-16 0.903125 0.03906250000000011 0.903125
2 0.5546875 0.4984375 0.4546875 0.4984375 0.4546875 0.5953125 0.5546875 0.5953125
2 0.20312500000000008 0.734375 0.1437500000000001 0.734375 0.1437500000000001 0.78125 0.20312500000000008 0.78125
2 0.2390625000000001 0.775 0.18125000000000008 0.775 0.18125000000000008 0.8515625 0.2390625000000001 0.8515625
2 0.734375 0.5625000000000001 0.609375 0.5625 0.609375 0.6671875 0.734375 0.6671875000000002
2 0.9375 0.36406250000000007 0.7953125 0.36406250000000007 0.7953125 0.5265625000000002 0.9375 0.5265625000000002
2 0.5921875 0.10156250000000007 0.48125 0.10156250000000004 0.48125 0.2296875000000001 0.5921875 0.2296875000000001
2 0.8703125 0.5187500000000002 0.7859375 0.5187500000000002 0.7859375 0.6015625000000002 0.8703125 0.6015625000000002
2 0.640625 0.3031250000000001 0.5453125 0.3031250000000001 0.5453125 0.3859375000000001 0.640625 0.3859375000000001
2 0.7343750000000002 0.9484375 0.6703125000000002 0.9484375 0.6703125000000002 1 0.7343750000000002 1
2 0.675 0.6203125 0.5578125 0.6203125 0.5578125 0.7328125 0.6750000000000002 0.7328125
2 0.5734375000000002 0.7296875 0.49218750000000017 0.7296875 0.49218750000000017 0.8359375 0.5734375000000002 0.8359375
2 0.55 0.3859375000000001 0.459375 0.3859375000000001 0.459375 0.4703125 0.55 0.4703125
2 1 0.5625000000000002 0.9296875 0.5625000000000002 0.9296875 0.6296875000000002 1 0.6296875000000002
2 0.36250000000000004 0.3140625 0.2265625 0.3140625 0.22656250000000006 0.496875 0.3625000000000001 0.496875
2 0.5375000000000002 0.7546875 0.2468750000000001 0.7546875 0.2468750000000001 1 0.5375000000000002 1
2 0.6656250000000001 0.9078125 0.6218750000000002 0.9078125 0.6218750000000002 0.9875 0.6656250000000001 0.9875
2 0.75625 0.6125 0.6765625 0.6125 0.6765625 0.7125000000000001 0.75625 0.7125000000000001
2 0.1281250000000001 0.665625 0.057812500000000086 0.665625 0.057812500000000086 0.759375 0.1281250000000001 0.759375
2 1 0.7953125000000002 0.9296875 0.7953125000000002 0.9296875 0.9234375 1 0.9234375
2 0.9390625 0.0484375000000001 0.759375 0.04843750000000009 0.759375 0.27031250000000007 0.9390625 0.27031250000000007
2 0.834375 0.3062500000000001 0.671875 0.3062500000000001 0.671875 0.4625000000000001 0.834375 0.4625000000000002
2 0.4453125 0.27812500000000007 0.2953125 0.278125 0.29531250000000003 0.4328125 0.4453125 0.4328125
2 0.5828125 0.38750000000000007 0.515625 0.38750000000000007 0.515625 0.428125 0.5828125 0.428125
2 0.96875 0.5000000000000002 0.8890625 0.5000000000000002 0.8890625 0.5765625000000002 0.96875 0.5765625000000002
2 0.7890625 0.4468750000000001 0.6609375 0.446875 0.6609375 0.5843750000000001 0.7890625 0.5843750000000002
2 0.06406250000000004 0.1515625 1.8561053049577072e-17 0.1515625 2.7745904043182222e-17 0.3015625 0.06406250000000005 0.3015625
2 0.45000000000000007 0.725 0.37968750000000007 0.725 0.37968750000000007 0.8078125 0.4500000000000002 0.8078125
2 0.7750000000000001 0.9265625 0.7203125000000001 0.9265625 0.7203125000000001 0.9734375 0.7750000000000001 0.9734375
2 0.09687500000000007 0.515625 6.31458505810354e-17 0.515625 6.840800479612169e-17 0.6015625 0.09687500000000007 0.6015625
2 0.7187500000000002 0.821875 0.6375000000000002 0.821875 0.6375000000000002 0.909375 0.7187500000000002 0.909375
2 0.6187500000000001 0.903125 0.5468750000000002 0.903125 0.5468750000000002 0.96875 0.6187500000000001 0.96875
2 0.11718750000000008 0.7921875 9.701498861995439e-17 0.7921875 1.0285119602214098e-16 0.8875 0.11718750000000008 0.8875
2 0.653125 0.440625 0.5640625 0.440625 0.5640625 0.540625 0.653125 0.540625
2 0.12500000000000008 0.5703125 6.984313776387249e-17 0.5703125 7.567934516605909e-17 0.665625 0.12500000000000008 0.665625
2 0.825 0.1359375000000001 0.6296875 0.1359375000000001 0.6296875 0.3500000000000001 0.825 0.3500000000000001
2 0.446875 0.4671875 0.3421875000000001 0.4671875 0.3421875000000001 0.53125 0.446875 0.53125
2 0.5234375 0.27031250000000007 0.3984375 0.27031250000000007 0.39843750000000006 0.3812500000000001 0.5234375 0.3812500000000001
2 0.5093750000000001 0.6921875 0.4609375 0.6921875 0.4609375000000001 0.778125 0.5093750000000001 0.778125
2 0.3140625000000001 0.9171875 0.2375000000000001 0.9171875 0.2375000000000001 0.96875 0.3140625000000001 0.96875
2 0.3937500000000001 0.521875 0.2671875000000001 0.521875 0.2671875000000001 0.634375 0.3937500000000001 0.634375
2 0.6359375000000002 0.7609375 0.5671875000000002 0.7609375 0.5671875000000002 0.8546875 0.6359375000000002 0.8546875
2 0.565625 0.6125 0.4796875 0.6125 0.4796875 0.678125 0.565625 0.678125
2 0.559375 6.362422823695233e-17 0.4796875 5.87447761465996e-17 0.4796875 0.12343750000000006 0.559375 0.12343750000000009
2 0.1937500000000001 0.6140625 0.10781250000000009 0.6140625 0.10781250000000009 0.7015625 0.1937500000000001 0.7015625