2 0.2140625000000001 0.7046875 8.629932912741505e-17 0.7046875 9.567553118338697e-17 0.8578125 0.2140625000000001 0.8578125
2 0.1703125 0.040625000000000015 0.0796875 0.04062500000000001 0.07968750000000001 0.128125 0.1703125 0.128125
2 0.6625 0.1593750000000001 0.5578125 0.1593750000000001 0.5578125 0.2578125000000001 0.6625 0.2578125000000001
2 0.8828125 0.7593750000000001 0.7437500000000001 0.7593750000000001 0.7437500000000001 0.9203125 0.8828125 0.9203125
2 0.39687500000000003 0.35781250000000003 0.2921875 0.3578125 0.29218750000000004 0.4546875 0.3968750000000001 0.4546875
2 0.678125 0.478125 0.43125 0.478125 0.43125 0.628125 0.678125 0.628125
2 0.9203125 0.6000000000000002 0.784375 0.6000000000000002 0.784375 0.7656250000000002 0.9203125 0.7656250000000002
2 0.55 0.415625 0.434375 0.415625 0.434375 0.5046875 0.55 0.5046875
2 0.35625000000000007 0.7078125 0.2750000000000001 0.7078125 0.2750000000000001 0.7703125 0.35625000000000007 0.7703125
2 0.5046875000000001 0.6796875 0.3812500000000001 0.6796875 0.3812500000000001 0.803125 0.5046875000000002 0.803125
2 0.64375 0.07031250000000008 0.5015625 0.07031250000000007 0.5015625 0.22812500000000008 0.64375 0.22812500000000008
2 0.7328125000000002 0.9125 0.6453125000000002 0.9125 0.6453125000000002 0.9859375 0.7328125000000002 0.9859375
2 0.6218750000000001 0.6125 0.4859375 0.6125 0.4859375000000001 0.753125 0.6218750000000002 0.753125
2 0.5000000000000002 0.86875 0.3937500000000001 0.86875 0.3937500000000001 1 0.5000000000000002 1
2 0.7187500000000001 0.6515625 0.5984375 0.6515625 0.5984375000000001 0.73125 0.7187500000000002 0.73125
2 0.728125 0.30937500000000007 0.6625 0.30937500000000007 0.6625 0.38750000000000007 0.728125 0.38750000000000007
2 0.46093750000000017 0.7421875 0.33281250000000007 0.7421875 0.33281250000000007 0.8765625 0.46093750000000017 0.8765625
2 0.51875 0.56875 0.3609375000000001 0.56875 0.3609375000000001 0.6921875 0.51875 0.6921875
2 0.025000000000000015 0.0734375 8.993499931238374e-18 0.0734375 1.827402645602691e-17 0.225 0.025000000000000022 0.225
2 1 0.18593750000000012 0.8640625 0.1859375000000001 0.8640625 0.34843750000000007 1 0.34843750000000007
2 0.6375000000000002 0.765625 0.4781250000000002 0.765625 0.4781250000000002 0.9796875 0.6375000000000002 0.9796875
2 0.36406250000000007 0.5015625 0.21093750000000008 0.5015625 0.21093750000000008 0.7203125 0.36406250000000007 0.7203125
2 0.19531250000000006 0.4453125 0.07343750000000004 0.4453125 0.07343750000000006 0.60625 0.19531250000000008 0.60625
2 0.5703125 0.30937500000000007 0.43125 0.30937500000000007 0.43125 0.446875 0.5703125 0.446875
2 0.15468750000000003 0.2484375 0.07968750000000002 0.2484375 0.07968750000000004 0.378125 0.15468750000000003 0.378125
2 0.30156250000000007 0.3515625 0.17031250000000003 0.3515625 0.17031250000000003 0.4828125 0.30156250000000007 0.4828125
2 0.4234375 0.07187500000000005 0.33125 0.07187500000000005 0.33125 0.15781250000000005 0.4234375 0.15781250000000005
2 0.9484375 0.8578125 0.7843750000000002 0.8578125 0.7843750000000002 1 0.9484375 1
2 0.465625 0.23125000000000004 0.35625 0.23125 0.35625 0.35937500000000006 0.465625 0.3593750000000001
2 0.35937500000000006 0.2359375 0.15000000000000005 0.2359375 0.15000000000000005 0.365625 0.3593750000000001 0.365625
2 0.475 0.026562500000000055 0.409375 0.026562500000000055 0.409375 0.09531250000000005 0.475 0.09531250000000006
2 0.14375000000000002 0.1484375 0.023437500000000017 0.1484375 0.02343750000000002 0.2125 0.14375000000000004 0.2125
2 0.928125 0.5328125000000001 0.846875 0.5328125000000001 0.846875 0.6140625000000002 0.928125 0.6140625000000002
2 0.434375 0.3859375000000001 0.3656250000000001 0.3859375000000001 0.3656250000000001 0.525 0.434375 0.525
2 1 0.3375000000000001 0.8828125 0.3375000000000001 0.8828125 0.43281250000000016 1 0.43281250000000016
2 0.40625 4.448912200027494e-17 0.3203125 3.922696778518866e-17 0.3203125 0.07656250000000005 0.40625 0.07656250000000005
2 0.790625 0.5015625000000001 0.7015625 0.5015625 0.7015625 0.565625 0.790625 0.5656250000000002
2 0.7468750000000002 0.8046875 0.6656250000000001 0.8046875 0.6656250000000001 0.9359375 0.7468750000000002 0.9359375
2 0.8828125 0.2828125000000001 0.7234375 0.2828125000000001 0.7234375 0.5000000000000001 0.8828125 0.5000000000000002
2 1 0.5578125000000002 0.915625 0.5578125000000002 0.915625 0.6765625000000002 1 0.6765625000000002
2 0.60625 0.3578125000000001 0.5109375 0.3578125000000001 0.5109375 0.4640625 0.60625 0.4640625
2 0.24218750000000008 0.8125 9.950255243072244e-17 0.8125 1.1098361617272889e-16 1 0.24218750000000008 1
2 0.34843750000000007 0.440625 0.18906250000000005 0.440625 0.18906250000000008 0.546875 0.34843750000000007 0.546875
2 1 0.7875000000000002 0.8859375 0.7875000000000002 0.8859375 1 1 1
2 0.8 0.7296875 0.7000000000000002 0.7296875 0.7000000000000002 0.83125 0.8 0.83125
2 0.7125 0.43125 0.6578125 0.43125 0.6578125 0.49375 0.7125 0.49375
2 0.6921875000000002 0.7328125 0.5546875000000002 0.7328125 0.5546875000000002 0.8625 0.6921875000000002 0.8625
2 0.378125 0.15781250000000005 0.209375 0.15781250000000005 0.209375 0.27656250000000004 0.378125 0.2765625000000001
2 0.03437500000000006 0.3859375 4.7263712404593165e-17 0.3859375 6.01799091143504e-17 0.596875 0.03437500000000008 0.596875
2 0.2968750000000001 0.7078125 0.2171875000000001 0.7078125 0.2171875000000001 0.825 0.2968750000000001 0.825
2 0.478125 0.3140625000000001 0.365625 0.3140625000000001 0.36562500000000003 0.4015625 0.478125 0.4015625
2 0.3390625 0.05781250000000003 0.209375 0.057812500000000024 0.209375 0.15937500000000004 0.3390625 0.15937500000000004
2 1 0.6671875000000002 0.88125 0.6671875000000002 0.88125 0.809375 1 0.809375
2 0.5078125 0.12656250000000005 0.4375 0.12656250000000005 0.4375 0.2093750000000001 0.5078125 0.2093750000000001
2 0.8046875 0.2250000000000001 0.71875 0.2250000000000001 0.71875 0.3500000000000001 0.8046875 0.3500000000000001
2 0.10468750000000004 0.190625 2.3344829608746423e-17 0.190625 3.0329143385133673e-17 0.3046875 0.10468750000000004 0.3046875
2 0.928125 0.29375000000000007 0.8453125 0.29375000000000007 0.8453125 0.38750000000000007 0.928125 0.38750000000000007
2 0.459375 0.4578125 0.3890625000000001 0.4578125 0.3890625000000001 0.54375 0.459375 0.54375
2 0.07812500000000008 0.61875 7.577502069724248e-17 0.61875 8.170690363061247e-17 0.715625 0.07812500000000008 0.715625
2 0.2156250000000001 0.6109375 0.07812500000000007 0.6109375 0.07812500000000008 0.725 0.2156250000000001 0.725