2 0.2953125 0.023437500000000028 0.1453125 0.023437500000000017 0.1453125 0.2390625 0.2953125 0.2390625
2 0.9453125 0.10625000000000011 0.859375 0.1062500000000001 0.859375 0.1953125000000001 0.9453125 0.19531250000000014
2 0.8296875 0.5750000000000002 0.7328125 0.5750000000000002 0.7328125 0.6781250000000002 0.8296875 0.6781250000000002
2 0.24218750000000008 0.75625 0.08437500000000009 0.75625 0.0843750000000001 0.8921875 0.24218750000000008 0.8921875
2 0.634375 0.3140625000000001 0.5390625 0.3140625000000001 0.5390625 0.4171875 0.634375 0.4171875
2 0.5171875 0.4515625 0.3703125000000001 0.4515625 0.3703125000000001 0.69375 0.5171875 0.69375
2 0.3984375000000001 0.7953125 0.23593750000000008 0.7953125 0.23593750000000008 0.928125 0.3984375000000001 0.928125
2 0.578125 0.453125 0.490625 0.453125 0.490625 0.565625 0.578125 0.565625
2 0.290625 0.296875 0.2296875 0.296875 0.22968750000000004 0.3765625 0.2906250000000001 0.3765625
2 0.3187500000000001 0.4015625 0.19843750000000004 0.4015625 0.19843750000000004 0.521875 0.3187500000000001 0.521875
2 0.915625 0.5187500000000002 0.7609375 0.5187500000000002 0.7609375 0.6593750000000002 0.915625 0.6593750000000002
2 0.0906250000000001 0.6609375 0.018750000000000083 0.6609375 0.018750000000000086 0.7453125 0.0906250000000001 0.7453125
2 0.3843750000000001 0.503125 0.2468750000000001 0.503125 0.2468750000000001 0.6359375 0.3843750000000001 0.6359375
2 0.13437500000000005 0.4140625 0.0031250000000000513 0.4140625 0.0031250000000000574 0.5171875 0.13437500000000005 0.5171875
2 0.3468750000000001 0.6140625 0.2687500000000001 0.6140625 0.2687500000000001 0.7328125 0.3468750000000001 0.7328125
2 0.6828125 0.6765625 0.60625 0.6765625 0.6062500000000001 0.7421875 0.6828125000000002 0.7421875
2 0.25781250000000006 0.353125 0.12656250000000005 0.353125 0.12656250000000005 0.478125 0.2578125000000001 0.478125
2 0.428125 0.38125000000000003 0.3078125000000001 0.38125 0.3078125000000001 0.5359375 0.428125 0.5359375
2 0.9421875 1.0380795133397485e-16 0.753125 9.223121206078505e-17 0.753125 0.0515625000000001 0.9421875 0.05156250000000011
2 0.803125 0.875 0.6437500000000002 0.875 0.6437500000000002 1 0.803125 1
2 0.23437500000000008 0.496875 0.025000000000000057 0.496875 0.025000000000000067 0.653125 0.23437500000000008 0.653125
2 0.49375 0.23437500000000006 0.2796875 0.234375 0.27968750000000003 0.384375 0.49375 0.3843750000000001
2 0.55 0.10000000000000006 0.3921875 0.10000000000000005 0.3921875 0.22031250000000008 0.55 0.22031250000000008
2 0.68125 0.45 0.546875 0.45 0.546875 0.5859375 0.68125 0.5859375
2 0.7421875 0.1062500000000001 0.615625 0.1062500000000001 0.615625 0.17968750000000008 0.7421875 0.17968750000000008
2 0.640625 0.19375000000000006 0.5125 0.19375000000000003 0.5125 0.3234375000000001 0.640625 0.3234375000000001
2 0.9140625 0.3515625000000001 0.8296875 0.3515625000000001 0.8296875 0.44062500000000016 0.9140625 0.44062500000000016
2 0.1437500000000001 0.7953125 9.739769074468794e-17 0.7953125 1.0725227045657678e-16 0.95625 0.14375000000000013 0.95625
2 0.759375 0.3765625000000001 0.634375 0.3765625000000001 0.634375 0.4828125000000001 0.759375 0.4828125000000002
2 0.7546875 0.1765625000000001 0.6265625 0.1765625000000001 0.6265625 0.3812500000000001 0.7546875 0.3812500000000001
2 0.959375 0.42968750000000017 0.8921875 0.42968750000000017 0.8921875 0.4937500000000002 0.959375 0.4937500000000002
2 0.840625 0.0500000000000001 0.778125 0.050000000000000086 0.778125 0.1687500000000001 0.840625 0.1687500000000001
2 0.46406250000000016 0.8578125 0.3843750000000001 0.8578125 0.3843750000000001 0.9375 0.46406250000000016 0.9375
2 0.6078125 0.3859375000000001 0.471875 0.3859375000000001 0.471875 0.453125 0.6078125 0.453125
2 0.6531250000000002 0.8921875 0.5609375000000002 0.8921875 0.5609375000000002 1 0.6531250000000002 1
2 0.9921875 0.34062500000000007 0.909375 0.34062500000000007 0.909375 0.42500000000000016 0.9921875 0.42500000000000016
2 0.4937500000000001 0.7140625 0.43125 0.7140625 0.4312500000000001 0.8015625 0.4937500000000002 0.8015625
2 0.19687500000000008 0.68125 0.0671875000000001 0.68125 0.0671875000000001 0.759375 0.19687500000000008 0.759375
2 0.7078125000000002 0.7375 0.49531250000000016 0.7375 0.49531250000000016 0.89375 0.7078125000000002 0.89375
2 0.43281250000000016 0.925 0.3234375000000001 0.925 0.3234375000000001 1 0.43281250000000016 1
2 0.634375 0.528125 0.5296875 0.528125 0.5296875 0.621875 0.634375 0.621875
2 0.18906250000000002 0.017187500000000012 2.1048616860345133e-18 0.0171875 1.731727114419304e-17 0.265625 0.18906250000000005 0.265625
2 0.553125 0.2140625000000001 0.45 0.2140625000000001 0.45 0.3703125000000001 0.553125 0.3703125000000001
2 0.21250000000000008 0.8953125 0.00468750000000011 0.8953125 0.004687500000000116 1 0.21250000000000008 1
2 0.27031250000000007 0.7125 0.1703125000000001 0.7125 0.1703125000000001 0.8109375 0.27031250000000007 0.8109375
2 0.5625000000000001 0.6734375 0.5015625 0.6734375 0.5015625000000001 0.7265625 0.5625000000000002 0.7265625
2 0.2671875000000001 0.571875 0.14062500000000008 0.571875 0.14062500000000008 0.70625 0.2671875000000001 0.70625
2 0.83125 0.2328125000000001 0.7140625 0.2328125000000001 0.7140625 0.3984375000000001 0.83125 0.3984375000000001
2 0.6078125 5.903180274014976e-17 0.35625 4.362804221962446e-17 0.35625 0.060937500000000054 0.6078125 0.06093750000000007
2 0.2921875 0.240625 0.17812500000000003 0.240625 0.17812500000000003 0.31875 0.2921875 0.31875
2 0.6765625 0.3843750000000001 0.5921875 0.3843750000000001 0.5921875 0.4953125 0.6765625 0.4953125
2 0.928125 0.2328125000000001 0.828125 0.2328125000000001 0.828125 0.3609375000000001 0.928125 0.3609375000000001
2 0.3312500000000001 0.890625 0.1921875000000001 0.890625 0.19218750000000012 1 0.3312500000000001 1
2 0.8609375 0.45625000000000016 0.7796875 0.45625000000000016 0.7796875 0.5250000000000001 0.8609375 0.5250000000000001
2 0.7656250000000002 0.7328125000000001 0.6421875000000001 0.7328125 0.6421875000000001 0.8171875 0.7656250000000002 0.8171875
2 0.7984375 0.018750000000000093 0.6859375 0.018750000000000083 0.6859375 0.1312500000000001 0.7984375 0.1312500000000001
2 0.6968750000000001 0.85625 0.6046875000000002 0.85625 0.6046875000000002 0.9375 0.6968750000000001 0.9375
2 0.5359375 0.409375 0.4515625 0.409375 0.4515625 0.478125 0.5359375 0.478125
2 0.3796875 0.026562500000000037 0.284375 0.026562500000000034 0.284375 0.10468750000000004 0.3796875 0.10468750000000004
2 0.3875 0.10468750000000004 0.2765625 0.10468750000000004 0.2765625 0.23906250000000004 0.3875 0.2390625000000001