2 0.8546875 0.7671875000000001 0.7046875000000001 0.7671875 0.7046875000000001 0.9828125 0.8546875 0.9828125
2 0.1375000000000001 0.8109375 0.05156250000000009 0.8109375 0.0515625000000001 0.9 0.1375000000000001 0.9
2 0.26406250000000003 0.3265625 0.16718750000000004 0.3265625 0.16718750000000004 0.4296875 0.2640625000000001 0.4296875
2 0.9171875 0.1109375000000001 0.759375 0.11093750000000009 0.759375 0.2468750000000001 0.9171875 0.2468750000000001
2 0.459375 0.5875 0.36406250000000007 0.5875 0.36406250000000007 0.690625 0.459375 0.690625
2 0.6296875 0.3109375000000001 0.4828125 0.3109375000000001 0.4828125 0.5546875 0.6296875 0.5546875
2 0.7640625 0.07343750000000007 0.6015625 0.07343750000000007 0.6015625 0.2062500000000001 0.7640625 0.2062500000000001
2 0.5078125 0.4390625 0.4203125 0.4390625 0.4203125 0.5515625 0.5078125 0.5515625
2 0.76875 0.628125 0.7078125 0.628125 0.7078125 0.7078125000000001 0.76875 0.7078125000000002
2 0.8015625 0.48125000000000007 0.68125 0.48125 0.68125 0.6031250000000001 0.8015625 0.6031250000000001
2 0.23593750000000005 0.3453125 0.07968750000000005 0.3453125 0.07968750000000005 0.4859375 0.23593750000000008 0.4859375
2 0.98125 0.2578125000000001 0.909375 0.2578125000000001 0.909375 0.3437500000000001 0.98125 0.3437500000000001
2 0.753125 0.3671875000000001 0.6140625 0.3671875000000001 0.6140625 0.5000000000000001 0.753125 0.5000000000000002
2 0.9984375 0.4859375000000002 0.8671875 0.4859375000000002 0.8671875 0.5906250000000002 0.9984375 0.5906250000000002
2 0.7296875 0.27031250000000007 0.6515625 0.27031250000000007 0.6515625 0.3890625000000001 0.7296875 0.3890625000000001
2 0.3921875 0.26093750000000004 0.315625 0.2609375 0.315625 0.32656250000000003 0.3921875 0.3265625000000001
2 0.8734375 0.5250000000000001 0.740625 0.5250000000000001 0.740625 0.6515625000000002 0.8734375 0.6515625000000002
2 0.6921875 0.46875 0.5703125 0.46875 0.5703125 0.625 0.6921875 0.625
2 0.24218750000000008 0.953125 0.06093750000000011 0.953125 0.060937500000000124 1 0.24218750000000008 1
2 0.353125 3.348643591418544e-17 0.19375 2.3727531733479968e-17 0.19375 0.12812500000000004 0.353125 0.12812500000000004
2 0.975 0.3515625000000001 0.765625 0.3515625000000001 0.765625 0.5078125000000002 0.975 0.5078125000000002
2 0.7203125000000001 0.6203125 0.5046875 0.6203125 0.5046875000000001 0.7703125 0.7203125000000001 0.7703125
2 0.6062500000000002 0.7859375 0.44843750000000016 0.7859375 0.44843750000000016 0.90625 0.6062500000000002 0.90625
2 0.45 0.4171875 0.3156250000000001 0.4171875 0.3156250000000001 0.5546875 0.45 0.5546875
2 0.3828125000000001 0.8265625 0.2562500000000001 0.8265625 0.2562500000000001 0.9 0.3828125000000001 0.9
2 0.4875000000000001 0.68125 0.3578125000000001 0.68125 0.3578125000000001 0.8109375 0.48750000000000016 0.8109375
2 0.1671875000000001 0.5625 0.08281250000000007 0.5625 0.08281250000000008 0.653125 0.1671875000000001 0.653125
2 1 0.04531250000000011 0.85625 0.0453125000000001 0.85625 0.2078125000000001 1 0.2078125000000001
2 0.36406250000000007 0.521875 0.2375000000000001 0.521875 0.2375000000000001 0.628125 0.36406250000000007 0.628125
2 0.37187500000000007 0.6234375 0.24375000000000008 0.6234375 0.24375000000000008 0.8296875 0.37187500000000007 0.8296875
2 0.10468750000000007 0.5109375 0.03750000000000007 0.5109375 0.03750000000000007 0.575 0.10468750000000009 0.575
2 0.22031250000000008 0.8375 0.15625000000000008 0.8375 0.1562500000000001 0.95625 0.22031250000000008 0.95625
2 0.615625 0.06562500000000007 0.5359375 0.06562500000000007 0.5359375 0.14531250000000007 0.615625 0.1453125000000001
2 0.5265625 0.5515625 0.3906250000000001 0.5515625 0.3906250000000001 0.61875 0.5265625 0.61875
2 0.4375 4.7837765591693485e-17 0.34375 4.209723372069027e-17 0.34375 0.10937500000000004 0.4375 0.10937500000000004
2 0.08750000000000008 0.578125 0.004687500000000071 0.578125 0.004687500000000076 0.6640625 0.08750000000000009 0.6640625
2 0.56875 0.2015625000000001 0.5046875 0.2015625000000001 0.5046875 0.2890625000000001 0.56875 0.2890625000000001
2 0.9328125 0.24375000000000008 0.803125 0.24375000000000008 0.803125 0.3234375000000001 0.9328125 0.3234375000000001
2 0.5046875 0.10937500000000004 0.290625 0.10937500000000004 0.290625 0.26562500000000006 0.5046875 0.2656250000000001
2 0.6765625 7.606204729079264e-17 0.565625 6.926908457677216e-17 0.565625 0.07656250000000007 0.6765625 0.07656250000000009
2 0.46875 0.3828125000000001 0.36406250000000007 0.3828125000000001 0.36406250000000007 0.4765625 0.46875 0.4765625
2 1 0.7406250000000002 0.8109375 0.7406250000000002 0.8109375 0.9890625 1 0.9890625
2 0.55 0.634375 0.4453125 0.634375 0.4453125000000001 0.7921875 0.5500000000000002 0.7921875
2 0.9953125 1.0916578108024453e-16 0.7875 9.644093543285407e-17 0.7875 0.10625000000000011 0.9953125 0.10625000000000014
2 0.8296875 0.1921875000000001 0.7296875 0.1921875000000001 0.7296875 0.2906250000000001 0.8296875 0.2906250000000001
2 0.496875 0.2765625000000001 0.4359375 0.2765625000000001 0.4359375 0.3296875000000001 0.496875 0.3296875000000001
2 0.8609375 0.2968750000000001 0.7328125 0.2968750000000001 0.7328125 0.4312500000000002 0.8609375 0.4312500000000002
2 0.2843750000000001 0.60625 0.1671875000000001 0.60625 0.1671875000000001 0.771875 0.2843750000000001 0.771875
2 0.6343750000000001 0.94375 0.3906250000000001 0.94375 0.3906250000000001 1 0.6343750000000001 1
2 0.821875 0.6875000000000001 0.7078125 0.6875 0.7078125000000001 0.7656250000000001 0.821875 0.7656250000000002
2 0.40625 0.509375 0.3203125000000001 0.509375 0.3203125000000001 0.6203125 0.40625 0.6203125
2 0.1687500000000001 0.64375 0.06875000000000009 0.64375 0.06875000000000009 0.771875 0.1687500000000001 0.771875
2 0.8078125 9.04133769683007e-17 0.66875 8.189825469297925e-17 0.66875 0.11093750000000009 0.8078125 0.11093750000000009
2 0.2171875000000001 0.4796875 0.13593750000000004 0.4796875 0.13593750000000007 0.5484375 0.2171875000000001 0.5484375
2 0.3546875 0.18593750000000003 0.23125 0.18593750000000003 0.23125 0.2703125 0.3546875 0.2703125
2 0.3109375000000001 0.875 0.1984375000000001 0.875 0.1984375000000001 0.9890625 0.3109375000000001 0.9890625
2 0.39375 0.06562500000000004 0.3015625 0.06562500000000004 0.3015625 0.14687500000000003 0.39375 0.14687500000000003
2 0.546875 0.5265625 0.4625 0.5265625 0.4625 0.5953125 0.546875 0.5953125
2 0.7156250000000002 0.9015625 0.6203125000000002 0.9015625 0.6203125000000002 0.98125 0.7156250000000002 0.98125
2 0.7234375000000002 0.7671875 0.6125000000000002 0.7671875 0.6125000000000002 0.9015625 0.7234375000000002 0.9015625