2 0.9109375 0.2375000000000001 0.7703125 0.2375000000000001 0.7703125 0.3218750000000001 0.9109375 0.3218750000000001
2 0.3281250000000001 0.8296875 0.0453125000000001 0.8296875 0.04531250000000011 1 0.3281250000000001 1
2 0.17343750000000008 0.46875 0.037500000000000054 0.46875 0.03750000000000007 0.6265625 0.17343750000000008 0.6265625
2 0.69375 0.4328125 0.590625 0.4328125 0.590625 0.5390625 0.69375 0.5390625
2 0.5875000000000001 0.85625 0.5125000000000002 0.85625 0.5125000000000002 0.95 0.5875000000000001 0.95
2 0.9921875 0.6031250000000001 0.884375 0.6031250000000001 0.884375 0.7062500000000002 0.9921875 0.7062500000000002
2 0.7484375 0.45781250000000007 0.6890625 0.4578125 0.6890625 0.4953125000000001 0.7484375 0.49531250000000016
2 0.8921875 0.5953125000000001 0.759375 0.5953125000000001 0.7593750000000001 0.7328125000000002 0.8921875 0.7328125000000002
2 1 0.006250000000000121 0.9734375 0.006250000000000119 0.9734375 0.10781250000000013 1 0.10781250000000013
2 0.7750000000000001 0.6921875000000001 0.659375 0.6921875 0.659375 0.85625 0.7750000000000001 0.85625
2 0.2171875000000001 0.653125 0.1437500000000001 0.653125 0.1437500000000001 0.7140625 0.2171875000000001 0.7140625
2 0.3312500000000001 0.4265625 0.2718750000000001 0.4265625 0.2718750000000001 0.4875 0.3312500000000001 0.4875
2 0.8484375 0.36406250000000007 0.7875 0.36406250000000007 0.7875 0.4437500000000002 0.8484375 0.4437500000000002
2 0.8734375 0.1781250000000001 0.790625 0.1781250000000001 0.790625 0.2406250000000001 0.8734375 0.2406250000000001
2 0.7671875 0.1515625000000001 0.709375 0.1515625000000001 0.709375 0.2062500000000001 0.7671875 0.2062500000000001
2 0.7421875 0.5375000000000001 0.6671875 0.5375 0.6671875 0.6203125 0.7421875 0.6203125000000002
2 0.75625 0.2093750000000001 0.68125 0.2093750000000001 0.68125 0.3031250000000001 0.75625 0.3031250000000001
2 0.9859375 0.11406250000000014 0.9203125 0.11406250000000014 0.9203125 0.18750000000000014 0.9859375 0.18750000000000014
2 0.625 0.2890625000000001 0.471875 0.2890625000000001 0.471875 0.4484375 0.625 0.4484375
2 0.290625 0.19843750000000002 0.17031250000000003 0.1984375 0.17031250000000003 0.35 0.290625 0.35
2 0.38750000000000007 0.440625 0.3281250000000001 0.440625 0.3281250000000001 0.496875 0.38750000000000007 0.496875
2 0.4484375 0.35937500000000006 0.353125 0.359375 0.353125 0.4921875 0.4484375 0.4921875
2 0.8 0.42500000000000016 0.7421875 0.42500000000000016 0.7421875 0.48437500000000017 0.8 0.48437500000000017
2 0.29531250000000003 0.290625 0.2484375 0.290625 0.24843750000000003 0.38125 0.2953125000000001 0.38125
2 0.07187500000000005 0.425 0.01250000000000005 0.425 0.012500000000000058 0.5234375 0.07187500000000006 0.5234375
2 0.95 0.9671875 0.86875 0.9671875 0.86875 1 0.95 1
2 0.37500000000000006 0.3453125 0.3109375 0.3453125 0.31093750000000003 0.4046875 0.3750000000000001 0.4046875
2 0.19843750000000004 0.3171875 0.09687500000000004 0.3171875 0.09687500000000006 0.5359375 0.19843750000000004 0.5359375
2 0.8 0.3390625000000001 0.725 0.3390625000000001 0.725 0.4078125000000001 0.8 0.4078125000000002
2 0.13593750000000004 0.284375 0.03750000000000003 0.284375 0.03750000000000004 0.371875 0.13593750000000004 0.371875
2 0.5859375 0.07812500000000006 0.3890625 0.07812500000000004 0.3890625 0.3000000000000001 0.5859375 0.3000000000000001
2 0.7625 0.29375000000000007 0.6828125 0.29375000000000007 0.6828125 0.37187500000000007 0.7625 0.37187500000000007
2 0.4796875 0.609375 0.4140625 0.609375 0.4140625 0.6734375 0.4796875 0.6734375
2 0.8109375 0.8546875 0.6343750000000001 0.8546875 0.6343750000000001 0.996875 0.8109375 0.996875
2 0.6171875 0.2156250000000001 0.5390625 0.2156250000000001 0.5390625 0.2984375000000001 0.6171875 0.2984375000000001
2 0.9234375 1.0954848320497809e-16 0.865625 1.0600848855119278e-16 0.865625 0.04531250000000011 0.9234375 0.04531250000000011
2 0.728125 0.3921875000000001 0.615625 0.3921875000000001 0.615625 0.4515625000000001 0.728125 0.4515625000000002
2 0.6640625000000002 0.859375 0.5843750000000002 0.859375 0.5843750000000002 0.9625 0.6640625000000002 0.9625
2 0.2718750000000001 0.409375 0.2218750000000001 0.409375 0.2218750000000001 0.471875 0.2718750000000001 0.471875
2 0.9515625 0.47187500000000016 0.7375 0.47187500000000016 0.7375 0.6093750000000002 0.9515625 0.6093750000000002
2 0.6062500000000001 0.6296875 0.421875 0.6296875 0.4218750000000001 0.8578125 0.6062500000000002 0.8578125
2 0.6953125 0.3578125000000001 0.625 0.3578125000000001 0.625 0.40625 0.6953125 0.40625
2 1 0.48750000000000016 0.94375 0.48750000000000016 0.94375 0.6046875000000002 1 0.6046875000000002
2 0.8015625 0.47968750000000016 0.73125 0.47968750000000016 0.73125 0.5656250000000002 0.8015625 0.5656250000000002
2 0.2156250000000001 0.6125 0.14062500000000008 0.6125 0.14062500000000008 0.6734375 0.2156250000000001 0.6734375
2 0.44062500000000016 0.878125 0.3296875000000001 0.878125 0.3296875000000001 0.9984375 0.44062500000000016 0.9984375
2 1 0.946875 0.9734375 0.946875 0.9734375 1 1 1
2 0.6359375 0.525 0.5765625 0.525 0.5765625 0.615625 0.6359375 0.615625
2 1 0.6359375000000002 0.959375 0.6359375000000002 0.959375 0.7703125000000002 1 0.7703125000000002
2 0.6078125000000002 0.940625 0.4906250000000002 0.940625 0.4906250000000002 1 0.6078125000000002 1
2 0.915625 0.2140625000000001 0.8671875 0.2140625000000001 0.8671875 0.2765625000000001 0.915625 0.2765625000000001
2 0.7859375000000002 0.9546875 0.6328125000000002 0.9546875 0.6328125000000002 1 0.7859375000000002 1
2 0.3 0.11406250000000002 0.1125 0.1140625 0.11250000000000002 0.24375 0.3 0.24375
2 0.42656250000000007 0.45625 0.21875000000000008 0.45625 0.21875000000000008 0.7890625 0.4265625000000002 0.7890625
2 0.9328125 0.3000000000000001 0.8 0.3000000000000001 0.8 0.3984375000000001 0.9328125 0.3984375000000001
2 0.91875 0.14687500000000012 0.8515625 0.1468750000000001 0.8515625 0.20312500000000008 0.91875 0.20312500000000008
2 1 0.3062500000000001 0.9234375 0.3062500000000001 0.9234375 0.3921875000000001 1 0.3921875000000001
2 0.971875 0.22031250000000008 0.9078125 0.22031250000000008 0.9078125 0.3125000000000001 0.971875 0.3125000000000001
2 0.2828125000000001 0.70625 8.649068018978182e-17 0.70625 9.931120136835567e-17 0.915625 0.2828125000000001 0.915625
2 0.68125 0.528125 0.6296875 0.528125 0.6296875 0.6125 0.68125 0.6125
2 0.9953125 0.19062500000000013 0.9546875 0.19062500000000013 0.9546875 0.24375000000000008 0.9953125 0.24375000000000008
2 0.68125 0.22812500000000008 0.6421875 0.22812500000000008 0.6421875 0.2765625000000001 0.68125 0.2765625000000001
2 0.2609375 0.051562500000000025 0.1296875 0.051562500000000025 0.1296875 0.15625000000000003 0.2609375 0.15625000000000006
2 0.9578125 0.7359375000000001 0.7843750000000002 0.7359375000000001 0.7843750000000002 0.9796875 0.9578125 0.9796875
2 0.5062500000000002 0.7859375 0.3937500000000001 0.7859375 0.3937500000000001 0.9375 0.5062500000000002 0.9375
2 0.38750000000000007 0.478125 0.3046875000000001 0.478125 0.3046875000000001 0.55 0.38750000000000007 0.55
2 0.615625 0.403125 0.578125 0.403125 0.578125 0.46875 0.615625 0.46875
2 0.4765625 0.503125 0.403125 0.503125 0.403125 0.6078125 0.4765625 0.6078125
2 0.9703125 0.3968750000000001 0.7984375 0.3968750000000001 0.7984375 0.5156250000000002 0.9703125 0.5156250000000002
2 0.7765625 0.05468750000000009 0.6625 0.05468750000000009 0.6625 0.15625000000000008 0.7765625 0.15625000000000008
2 0.69375 0.09531250000000008 0.5734375 0.09531250000000006 0.5734375 0.23437500000000008 0.69375 0.23437500000000008
2 1 0.2328125000000001 0.9484375 0.2328125000000001 0.9484375 0.2921875000000001 1 0.2921875000000001
2 0.9375 0.18593750000000012 0.8859375 0.1859375000000001 0.8859375 0.2484375000000001 0.9375 0.2484375000000001