2 0.7640625000000002 0.7468750000000001 0.6812500000000001 0.746875 0.6812500000000001 0.884375 0.7640625000000002 0.884375
2 0.184375 0.03593750000000001 4.401074434435801e-18 0.0359375 2.152699451626207e-17 0.315625 0.18437500000000004 0.315625
2 0.5375 0.03281250000000006 0.3828125 0.03281250000000004 0.3828125 0.16562500000000005 0.5375 0.16562500000000005
2 0.571875 0.5734375 0.46875 0.5734375 0.46875 0.675 0.571875 0.675
2 0.15937500000000007 0.496875 0.06718750000000007 0.496875 0.06718750000000007 0.56875 0.1593750000000001 0.56875
2 0.40625000000000017 0.859375 0.3062500000000001 0.859375 0.3062500000000001 0.965625 0.40625000000000017 0.965625
2 0.5484375000000001 0.66875 0.5125 0.66875 0.5125000000000001 0.7265625 0.5484375000000001 0.7265625
2 0.41406250000000017 0.7375 0.2796875000000001 0.7375 0.2796875000000001 0.8671875 0.41406250000000017 0.8671875
2 0.990625 0.9453125 0.890625 0.9453125 0.890625 1 0.990625 1
2 0.3187500000000001 0.640625 0.1593750000000001 0.640625 0.1593750000000001 0.753125 0.3187500000000001 0.753125
2 0.3578125 0.13593750000000004 0.2984375 0.13593750000000004 0.2984375 0.2078125 0.3578125 0.2078125
2 0.5796875 0.2609375000000001 0.5203125 0.2609375000000001 0.5203125 0.3187500000000001 0.5796875 0.3187500000000001
2 0.6390625000000002 0.7640625 0.5609375000000002 0.7640625 0.5609375000000002 0.8234375 0.6390625000000002 0.8234375
2 0.821875 0.7687500000000002 0.7609375000000002 0.7687500000000002 0.7609375000000002 0.8484375 0.821875 0.8484375
2 0.846875 0.6875000000000002 0.79375 0.6875000000000002 0.7937500000000001 0.7437500000000001 0.846875 0.7437500000000001
2 0.4703125 0.646875 0.3890625000000001 0.646875 0.3890625000000001 0.7203125 0.4703125 0.7203125
2 0.7921875 0.6609375000000001 0.7 0.6609375 0.7000000000000001 0.7343750000000001 0.7921875000000002 0.7343750000000002
2 0.6515625000000002 0.9609375 0.6078125000000002 0.9609375 0.6078125000000002 1 0.6515625000000002 1
2 0.884375 0.89375 0.8125 0.89375 0.8125 0.9578125 0.884375 0.9578125
2 0.7125 0.45625 0.55625 0.45625 0.55625 0.60625 0.7125 0.60625
2 0.8015625 0.1609375000000001 0.653125 0.1609375000000001 0.653125 0.27812500000000007 0.8015625 0.27812500000000007
2 0.565625 0.3156250000000001 0.5109375 0.3156250000000001 0.5109375 0.3750000000000001 0.565625 0.3750000000000001
2 0.6453125 0.34062500000000007 0.515625 0.34062500000000007 0.515625 0.434375 0.6453125 0.434375
2 0.5796875000000001 0.7203125 0.521875 0.7203125 0.5218750000000001 0.7765625 0.5796875000000001 0.7765625
2 0.7109375 0.2390625000000001 0.621875 0.2390625000000001 0.621875 0.2843750000000001 0.7109375 0.2843750000000001
2 0.58125 0.007812500000000066 0.484375 0.007812500000000059 0.484375 0.06718750000000007 0.58125 0.06718750000000007
2 0.050000000000000114 0.8453125 1.0352092474042469e-16 0.8453125 1.0840037683077742e-16 0.925 0.050000000000000114 0.925
2 0.6578125 0.3000000000000001 0.5984375 0.3000000000000001 0.5984375 0.3625000000000001 0.6578125 0.3625000000000001
2 0.6859375 0.08906250000000007 0.471875 0.08906250000000007 0.471875 0.18906250000000008 0.6859375 0.18906250000000008
2 0.6640625000000001 0.7046875 0.596875 0.7046875 0.596875 0.778125 0.6640625000000002 0.778125
2 0.7171875 0.03125000000000008 0.63125 0.031250000000000076 0.63125 0.1281250000000001 0.7171875 0.1281250000000001
2 0.91875 0.3765625000000001 0.7015625 0.3765625000000001 0.7015625 0.5687500000000001 0.91875 0.5687500000000002
2 0.7078125000000001 0.6625 0.63125 0.6625 0.6312500000000001 0.740625 0.7078125000000002 0.740625
2 0.4 0.4 0.3375000000000001 0.4 0.3375000000000001 0.4640625 0.4 0.4640625
2 0.1609375000000001 0.6140625 0.02187500000000008 0.6140625 0.021875000000000085 0.7875 0.1609375000000001 0.7875
2 0.784375 0.5218750000000001 0.703125 0.521875 0.703125 0.5984375000000001 0.784375 0.5984375000000002
2 1 0.8421875 0.95 0.8421875 0.95 0.8984375 1 0.8984375
2 0.6125 0.596875 0.5546875 0.596875 0.5546875 0.7078125 0.6125 0.7078125
2 0.1546875000000001 0.5671875 0.05468750000000007 0.5671875 0.054687500000000076 0.6453125 0.1546875000000001 0.6453125
2 0.5953125 0.21250000000000008 0.534375 0.21250000000000008 0.534375 0.2609375000000001 0.5953125 0.2609375000000001
2 0.534375 0.715625 0.4 0.715625 0.4000000000000001 0.925 0.5343750000000002 0.925
2 0.37968750000000007 0.4078125 0.15625000000000006 0.4078125 0.15625000000000006 0.5890625 0.37968750000000007 0.5890625
2 0.6453125 0.60625 0.5984375 0.60625 0.5984375 0.675 0.6453125 0.675
2 0.5312500000000002 0.91875 0.4046875000000002 0.91875 0.4046875000000002 1 0.5312500000000002 1
2 0.5265625 0.709375 0.4421875 0.709375 0.44218750000000007 0.778125 0.5265625000000002 0.778125
2 0.396875 0.13281250000000006 0.3375 0.13281250000000006 0.3375 0.20625000000000004 0.396875 0.2062500000000001
2 0.13593750000000004 0.3171875 0.018750000000000037 0.3171875 0.018750000000000044 0.425 0.13593750000000004 0.425
2 0.06875000000000012 0.946875 1.15958743794265e-16 0.946875 1.1921171185450015e-16 1 0.06875000000000013 1
2 0.48125 0.559375 0.3921875000000001 0.559375 0.3921875000000001 0.61875 0.48125 0.61875
2 0.3765625000000001 0.9328125 0.24218750000000008 0.9328125 0.24218750000000008 1 0.3765625000000001 1
2 0.07500000000000007 0.475 5.817072295949927e-17 0.475 6.553773886062007e-17 0.5953125 0.07500000000000007 0.5953125
2 0.7859375000000002 0.8421875 0.7250000000000002 0.8421875 0.7250000000000002 0.8890625 0.7859375000000002 0.8890625
2 0.06250000000000008 0.5984375 7.328745688647442e-17 0.5984375 8.448149403493069e-17 0.78125 0.06250000000000008 0.78125
2 0.884375 0.1062500000000001 0.75625 0.1062500000000001 0.75625 0.2890625000000001 0.884375 0.2890625000000001
2 0.55 0.20781250000000004 0.225 0.2078125 0.22500000000000003 0.4109375 0.55 0.4109375
2 0.7015625000000002 0.7765625 0.6046875000000002 0.7765625 0.6046875000000002 0.90625 0.7015625000000002 0.90625
2 0.8515625 0.8265625 0.7968750000000002 0.8265625 0.7968750000000002 0.8921875 0.8515625 0.8921875
2 0.6968750000000001 0.8984375 0.6125000000000002 0.8984375 0.6125000000000002 0.99375 0.6968750000000001 0.99375
2 0.7812500000000002 0.8828125 0.6906250000000002 0.8828125 0.6906250000000002 0.9453125 0.7812500000000002 0.9453125
2 0.3046875 2.4779962576497225e-17 0.1 1.2246467991473533e-17 0.10000000000000002 0.2703125 0.3046875 0.2703125
2 0.4796875 0.6109375 0.3968750000000001 0.6109375 0.3968750000000001 0.6609375 0.4796875 0.6609375
2 0.809375 0.928125 0.7562500000000002 0.928125 0.7562500000000002 0.9671875 0.809375 0.9671875
2 0.771875 0.6234375000000001 0.725 0.6234375 0.725 0.6609375000000001 0.771875 0.6609375000000002
2 0.94375 0.12187500000000011 0.8421875 0.1218750000000001 0.8421875 0.2500000000000001 0.94375 0.2500000000000001
2 0.2765625000000001 0.7609375 0.03750000000000009 0.7609375 0.0375000000000001 0.93125 0.2765625000000001 0.93125
2 0.22656250000000008 0.38125 0.07812500000000004 0.38125 0.07812500000000006 0.490625 0.22656250000000008 0.490625
2 0.528125 0.2921875000000001 0.4578125 0.2921875000000001 0.4578125 0.3734375000000001 0.528125 0.3734375000000001
2 0.6015625 0.5609375 0.5375 0.5609375 0.5375 0.596875 0.6015625 0.596875
2 0.503125 0.3890625000000001 0.4015625 0.3890625000000001 0.4015625 0.4609375 0.503125 0.4609375
2 0.6078125000000002 0.7765625 0.49218750000000017 0.7765625 0.49218750000000017 0.9453125 0.6078125000000002 0.9453125
2 0.9421875 0.6437500000000002 0.84375 0.6437500000000002 0.84375 0.7546875000000002 0.9421875 0.7546875000000002
2 0.903125 0.5562500000000001 0.7671875 0.5562500000000001 0.7671875 0.6734375000000001 0.903125 0.6734375000000001
2 0.7687500000000002 0.9234375 0.7109375000000002 0.9234375 0.7109375000000002 0.978125 0.7687500000000002 0.978125
2 0.8140625 0.8609375 0.7531250000000002 0.8609375 0.7531250000000002 0.9109375 0.8140625 0.9109375