2 0.809375 0.83125 0.7218750000000002 0.83125 0.7218750000000002 0.9765625 0.809375 0.9765625
2 0.1921875 0.07031250000000001 8.610797806504827e-18 0.0703125 2.6884824262531736e-17 0.36875 0.19218750000000004 0.36875
2 0.56875 0.06875000000000006 0.403125 0.06875000000000005 0.403125 0.2093750000000001 0.56875 0.2093750000000001
2 0.6062500000000001 0.64375 0.4953125 0.64375 0.4953125000000001 0.7515625 0.6062500000000002 0.7515625
2 0.16562500000000008 0.5625 0.06718750000000007 0.5625 0.06718750000000008 0.640625 0.16562500000000008 0.640625
2 0.4281250000000002 0.95 0.3390625000000001 0.95 0.3390625000000001 1 0.4281250000000002 1
2 0.5812500000000002 0.746875 0.5421875000000002 0.746875 0.5421875000000002 0.8078125 0.5812500000000002 0.8078125
2 0.4359375000000002 0.81875 0.2921875000000001 0.81875 0.2921875000000001 0.9578125 0.4359375000000002 0.9578125
2 0.3359375000000001 0.715625 0.16562500000000008 0.715625 0.16562500000000008 0.8359375 0.3359375000000001 0.8359375
2 0.3765625 0.17812500000000003 0.3140625 0.17812500000000003 0.3140625 0.25468750000000007 0.3765625 0.25468750000000007
2 0.6140625 0.3125000000000001 0.55 0.3125000000000001 0.55 0.3734375000000001 0.6140625 0.3734375000000001
2 0.6781250000000002 0.8484375 0.5953125000000001 0.8484375 0.5953125000000001 0.9109375 0.6781250000000002 0.9109375
2 0.871875 0.853125 0.80625 0.853125 0.80625 0.9390625 0.871875 0.9390625
2 0.8984375 0.7671875000000001 0.8421875 0.7671875000000001 0.8421875 0.8265625 0.8984375 0.8265625
2 0.4984375000000001 0.7234375 0.4109375 0.7234375 0.41093750000000007 0.8015625 0.4984375000000002 0.8015625
2 0.840625 0.7390625000000002 0.7421875000000002 0.7390625000000002 0.7421875000000002 0.8171875 0.840625 0.8171875
2 0.75625 0.5203125000000001 0.5890625 0.5203125 0.5890625 0.6796875000000001 0.75625 0.6796875000000002
2 0.8515625 0.20468750000000008 0.69375 0.20468750000000008 0.69375 0.3296875000000001 0.8515625 0.3296875000000001
2 0.5984375 0.3703125000000001 0.5390625 0.3703125000000001 0.5390625 0.4328125 0.5984375 0.4328125
2 0.6828125 0.39531250000000007 0.5453125 0.39531250000000007 0.5453125 0.4953125 0.6828125 0.4953125
2 0.6140625000000002 0.8015625 0.5515625000000002 0.8015625 0.5515625000000002 0.8625 0.6140625000000002 0.8625
2 0.7546875 0.2875000000000001 0.659375 0.2875000000000001 0.659375 0.3359375000000001 0.7546875 0.3359375000000001
2 0.6140625 0.04218750000000007 0.5109375 0.042187500000000065 0.5109375 0.10468750000000007 0.6140625 0.10468750000000009
2 0.04843750000000012 0.9328125 1.1423658423296405e-16 0.9328125 1.183506320738497e-16 1 0.04843750000000012 1
2 0.696875 0.3531250000000001 0.634375 0.3531250000000001 0.634375 0.4203125 0.696875 0.4203125
2 0.728125 0.12812500000000007 0.5 0.12812500000000004 0.5 0.23437500000000008 0.728125 0.23437500000000008
2 0.7031250000000002 0.784375 0.6312500000000002 0.784375 0.6312500000000002 0.8625 0.7031250000000002 0.8625
2 0.7609375 0.0671875000000001 0.66875 0.0671875000000001 0.66875 0.1703125000000001 0.7609375 0.1703125000000001
2 0.975 0.4343750000000002 0.74375 0.4343750000000002 0.74375 0.6390625000000002 0.975 0.6390625000000002
2 0.7500000000000002 0.7406250000000001 0.6687500000000002 0.740625 0.6687500000000002 0.8234375 0.7500000000000002 0.8234375
2 0.4234375 0.459375 0.35625000000000007 0.459375 0.35625000000000007 0.528125 0.4234375 0.528125
2 0.1671875000000001 0.6890625 0.018750000000000083 0.6890625 0.018750000000000093 0.8734375 0.1671875000000001 0.8734375
2 0.83125 0.5906250000000002 0.7453125 0.5906250000000002 0.7453125 0.6718750000000002 0.83125 0.6718750000000002
2 0.6484375000000001 0.6703125 0.5859375 0.6703125 0.5859375000000001 0.7875 0.6484375000000002 0.7875
2 0.1593750000000001 0.6375 0.05312500000000009 0.6375 0.05312500000000009 0.7203125 0.1593750000000001 0.7203125
2 0.6296875 0.2593750000000001 0.565625 0.2593750000000001 0.565625 0.3109375000000001 0.6296875 0.3109375000000001
2 0.5640625000000001 0.7953125 0.4234375000000002 0.7953125 0.4234375000000002 1 0.5640625000000001 1
2 0.4 0.46875 0.16250000000000003 0.46875 0.16250000000000006 0.6609375 0.4 0.6609375
2 0.6828125 0.6796875 0.6328125 0.6796875 0.6328125000000001 0.753125 0.6828125000000002 0.753125
2 0.5578125000000002 0.790625 0.46875000000000017 0.790625 0.46875000000000017 0.8640625 0.5578125000000002 0.8640625
2 0.4203125 0.17500000000000004 0.35625 0.17500000000000004 0.35625 0.25312500000000004 0.4203125 0.2531250000000001
2 0.14062500000000006 0.371875 0.015625000000000045 0.371875 0.015625000000000052 0.4875 0.14062500000000006 0.4875
2 0.509375 0.6296875 0.4140625 0.6296875 0.4140625 0.6921875 0.509375 0.6921875
2 0.07656250000000007 0.540625 6.620746757890377e-17 0.540625 7.395718560475812e-17 0.6671875 0.07656250000000009 0.6671875
2 0.834375 0.93125 0.7687500000000002 0.93125 0.7687500000000002 0.98125 0.834375 0.98125
2 0.0609375000000001 0.6734375 8.247230788007957e-17 0.6734375 9.3953371622086e-17 0.8609375 0.06093750000000011 0.8609375
2 0.9390625 0.14531250000000012 0.803125 0.1453125000000001 0.803125 0.34062500000000007 0.9390625 0.34062500000000007
2 0.58125 0.25468750000000007 0.234375 0.2546875 0.23437500000000006 0.471875 0.58125 0.471875
2 0.7437500000000001 0.8625 0.6406250000000002 0.8625 0.6406250000000002 1 0.7437500000000001 1
2 0.903125 0.915625 0.8453125 0.915625 0.8453125 0.9859375 0.903125 0.9859375
2 0.8203125 0.9734375 0.7375000000000002 0.9734375 0.7375000000000002 1 0.8203125 1
2 0.3203125 2.5928068950697868e-17 0.103125 1.262917011620708e-17 0.10312500000000002 0.321875 0.3203125 0.321875
2 0.5078125000000001 0.684375 0.4203125 0.684375 0.4203125000000001 0.7375 0.5078125000000002 0.7375
2 0.81875 0.6968750000000001 0.76875 0.6968750000000001 0.76875 0.7375000000000002 0.81875 0.7375000000000002
2 1 0.1640625000000001 0.89375 0.16406250000000008 0.89375 0.3000000000000001 1 0.3000000000000001
2 0.2906250000000001 0.8453125 0.0359375000000001 0.8453125 0.03593750000000011 1 0.2906250000000001 1
2 0.2375000000000001 0.4390625 0.07968750000000005 0.4390625 0.07968750000000005 0.55625 0.2375000000000001 0.55625
2 0.559375 0.3453125000000001 0.484375 0.3453125000000001 0.484375 0.43125 0.559375 0.43125
2 0.6375 0.63125 0.56875 0.63125 0.56875 0.6703125 0.6375 0.6703125
2 0.5328125 0.4484375 0.4234375 0.4484375 0.4234375 0.525 0.5328125 0.525
2 0.6437500000000002 0.8609375 0.5375000000000002 0.8609375 0.5375000000000002 1 0.6437500000000002 1
2 1 0.7187500000000002 0.8953125 0.7187500000000002 0.8953125 0.8375 1 0.8375
2 0.9578125 0.6250000000000002 0.8125 0.6250000000000002 0.8125 0.7500000000000002 0.9578125 0.7500000000000002
2 0.8625 0.95 0.7984375000000001 0.95 0.7984375000000001 1 0.8625 1