2 0.48906250000000007 0.546875 0.3296875000000001 0.546875 0.3296875000000001 0.8046875 0.4890625000000002 0.8046875
2 0.7515625 0.1453125000000001 0.703125 0.1453125000000001 0.703125 0.23593750000000008 0.7515625 0.23593750000000008
2 0.53125 0.2562500000000001 0.425 0.2562500000000001 0.425 0.3453125000000001 0.53125 0.3453125000000001
2 0.1750000000000001 0.7203125 0.05625000000000009 0.7203125 0.0562500000000001 0.8359375 0.1750000000000001 0.8359375
2 0.5937500000000001 0.7171875 0.4875 0.7171875 0.4875000000000001 0.8328125 0.5937500000000002 0.8328125
2 0.1078125 0.05781250000000001 0.04062500000000001 0.0578125 0.04062500000000001 0.11875 0.1078125 0.11875
2 0.12031250000000009 0.609375 0.06093750000000007 0.609375 0.060937500000000075 0.715625 0.12031250000000009 0.715625
2 0.4375 0.3421875000000001 0.40625 0.3421875000000001 0.40625 0.3828125000000001 0.4375 0.3828125000000001
2 0.8140625 0.2593750000000001 0.7578125 0.2593750000000001 0.7578125 0.30156250000000007 0.8140625 0.30156250000000007
2 0.39375 0.20937500000000003 0.2984375 0.209375 0.2984375 0.33437500000000003 0.39375 0.3343750000000001
2 0.5625 0.565625 0.4734375 0.565625 0.4734375 0.6265625 0.5625 0.6265625
2 1 0.809375 0.8515625 0.809375 0.8515625 1 1 1
2 1 0.5734375000000002 0.9171875 0.5734375000000002 0.9171875 0.7218750000000002 1 0.7218750000000002
2 0.2875000000000001 0.6703125 0.2093750000000001 0.6703125 0.2093750000000001 0.7421875 0.2875000000000001 0.7421875
2 0.5828125 0.2171875000000001 0.4890625 0.2171875000000001 0.4890625 0.2796875000000001 0.5828125 0.2796875000000001
2 0.865625 0.8828125 0.6906250000000002 0.8828125 0.6906250000000002 1 0.865625 1
2 0.9453125 0.2328125000000001 0.8796875 0.2328125000000001 0.8796875 0.2968750000000001 0.9453125 0.2968750000000001
2 0.684375 0.3593750000000001 0.6484375 0.3593750000000001 0.6484375 0.3906250000000001 0.684375 0.3906250000000001
2 0.10000000000000002 0.15 0.01093750000000002 0.15 0.010937500000000025 0.2390625 0.10000000000000005 0.2390625
2 0.915625 0.4890625000000002 0.8453125 0.4890625000000002 0.8453125 0.5671875000000002 0.915625 0.5671875000000002
2 0.3421875000000001 0.521875 0.2890625000000001 0.521875 0.2890625000000001 0.640625 0.3421875000000001 0.640625
2 0.7875 0.3109375000000001 0.734375 0.3109375000000001 0.734375 0.35625000000000007 0.7875 0.35625000000000007
2 0.10312500000000005 0.2375 0.026562500000000034 0.2375 0.026562500000000034 0.30625 0.10312500000000005 0.30625
2 1 0.4031250000000002 0.9171875 0.4031250000000002 0.9171875 0.4828125000000002 1 0.4828125000000002
2 0.14843750000000006 0.45 0.06562500000000004 0.45 0.06562500000000006 0.5078125 0.14843750000000006 0.5078125
2 0.56875 0.2984375000000001 0.4234375 0.2984375000000001 0.4234375 0.4265625 0.56875 0.4265625
2 0.20468750000000008 0.60625 0.12656250000000008 0.60625 0.12656250000000008 0.7296875 0.20468750000000008 0.7296875
2 0.9640625 0.4281250000000001 0.66875 0.428125 0.6687500000000001 0.8671875 0.9640625 0.8671875
2 0.5609375 0.6015625 0.4796875 0.6015625 0.4796875 0.709375 0.5609375 0.709375
2 0.615625 0.3140625000000001 0.5125 0.3140625000000001 0.5125 0.3765625000000001 0.615625 0.3765625000000001
2 0.575 0.09531250000000006 0.4609375 0.09531250000000006 0.4609375 0.17812500000000006 0.575 0.1781250000000001
2 0.3000000000000001 0.4140625 0.22031250000000008 0.4140625 0.22031250000000008 0.4734375 0.3000000000000001 0.4734375
2 0.11406250000000007 0.528125 0.010937500000000063 0.528125 0.01093750000000007 0.6296875 0.1140625000000001 0.6296875
2 0.4484375 0.440625 0.35625000000000007 0.440625 0.35625000000000007 0.509375 0.4484375 0.509375
2 0.14218750000000005 0.2203125 0.07031250000000003 0.2203125 0.07031250000000003 0.284375 0.14218750000000005 0.284375
2 0.553125 0.16250000000000006 0.484375 0.16250000000000003 0.484375 0.2250000000000001 0.553125 0.2250000000000001
2 0.30937500000000007 0.4796875 0.2171875000000001 0.4796875 0.2171875000000001 0.5609375 0.30937500000000007 0.5609375
2 0.9796875 0.4671875000000002 0.9375 0.4671875000000002 0.9375 0.5109375000000002 0.9796875 0.5109375000000002
2 0.6671875 0.037500000000000075 0.61875 0.037500000000000075 0.61875 0.08437500000000007 0.6671875 0.08437500000000009
2 0.9609375 0.4625000000000002 0.871875 0.4625000000000002 0.871875 0.5375000000000002 0.9609375 0.5375000000000002
2 0.2218750000000001 0.49375 0.13593750000000004 0.49375 0.13593750000000007 0.5484375 0.2218750000000001 0.5484375
2 0.659375 0.559375 0.5484375 0.559375 0.5484375 0.6546875 0.659375 0.6546875
2 0.10937500000000004 0.34375 0.04062500000000004 0.34375 0.04062500000000004 0.40625 0.10937500000000004 0.40625
2 0.4328125 0.15468750000000003 0.371875 0.15468750000000003 0.371875 0.19843750000000004 0.4328125 0.19843750000000004
2 0.7296875 0.3218750000000001 0.69375 0.3218750000000001 0.69375 0.3578125000000001 0.7296875 0.3578125000000001
2 0.95625 0.3234375000000001 0.8171875 0.3234375000000001 0.8171875 0.42968750000000017 0.95625 0.42968750000000017
2 0.37968750000000007 0.784375 0.2906250000000001 0.784375 0.2906250000000001 0.8953125 0.37968750000000007 0.8953125
2 0.5359375 0.37187500000000007 0.4421875 0.37187500000000007 0.4421875 0.49375 0.5359375 0.49375
2 0.2671875 0.01875000000000003 0.2109375 0.018750000000000027 0.2109375 0.07500000000000002 0.2671875 0.07500000000000002
2 0.4890625 0.19218750000000004 0.425 0.19218750000000004 0.425 0.2578125000000001 0.4890625 0.2578125000000001
2 0.4375 0.2812500000000001 0.378125 0.2812500000000001 0.37812500000000004 0.3734375000000001 0.4375 0.3734375000000001
2 0.5671875 0.4765625 0.49375 0.4765625 0.49375 0.5671875 0.5671875 0.5671875
2 0.7671875 0.2296875000000001 0.6921875 0.2296875000000001 0.6921875 0.3046875000000001 0.7671875 0.3046875000000001
2 0.5937500000000001 0.6484375 0.5421875 0.6484375 0.5421875 0.734375 0.5937500000000002 0.734375
2 0.4359375 0.2156250000000001 0.403125 0.2156250000000001 0.403125 0.27812500000000007 0.4359375 0.27812500000000007
2 0.759375 8.677770678333199e-17 0.6578125 8.055879725641184e-17 0.6578125 0.10468750000000009 0.759375 0.10468750000000009
2 0.6921875 0.43125 0.55625 0.43125 0.55625 0.584375 0.6921875 0.584375
2 0.628125 0.3781250000000001 0.5328125 0.3781250000000001 0.5328125 0.484375 0.628125 0.484375
2 0.6734375000000001 0.7578125 0.5812500000000002 0.7578125 0.5812500000000002 0.8140625 0.6734375000000001 0.8140625
2 0.6046875 0.18750000000000006 0.521875 0.18750000000000006 0.521875 0.24218750000000008 0.6046875 0.24218750000000008
2 0.2296875 0.275 0.17187500000000006 0.275 0.17187500000000006 0.35625 0.2296875 0.35625
2 0.375 0.09531250000000004 0.1859375 0.09531250000000002 0.18593750000000003 0.21718750000000003 0.375 0.2171875000000001
2 0.7078125000000002 0.828125 0.6140625000000002 0.828125 0.6140625000000002 1 0.7078125000000002 1
2 0.10468750000000004 0.28125 0.025000000000000033 0.28125 0.02500000000000004 0.346875 0.10468750000000004 0.346875
2 0.8515625 0.1703125000000001 0.7984375 0.1703125000000001 0.7984375 0.2328125000000001 0.8515625 0.2328125000000001
2 0.878125 0.2312500000000001 0.8203125 0.2312500000000001 0.8203125 0.2718750000000001 0.878125 0.2718750000000001
2 0.6125 0.2562500000000001 0.5359375 0.2562500000000001 0.5359375 0.3218750000000001 0.6125 0.3218750000000001
2 0.8625 0.26250000000000007 0.796875 0.26250000000000007 0.796875 0.3156250000000001 0.8625 0.3156250000000001
2 0.6984375 0.3109375000000001 0.6390625 0.3109375000000001 0.6390625 0.3437500000000001 0.6984375 0.3437500000000001
2 0.4234375 0.37187500000000007 0.39531250000000007 0.37187500000000007 0.39531250000000007 0.4125 0.4234375 0.4125
2 0.35625000000000007 0.325 0.303125 0.325 0.30312500000000003 0.4203125 0.35625000000000007 0.4203125
2 1 0.3390625000000001 0.9703125 0.3390625000000001 0.9703125 0.40937500000000016 1 0.40937500000000016
2 0.246875 0.1453125 0.134375 0.1453125 0.13437500000000002 0.2734375 0.246875 0.2734375