2 0.8015625 0.4015625000000001 0.69375 0.4015625 0.69375 0.5093750000000001 0.8015625 0.5093750000000001
2 0.6 0.3000000000000001 0.5625 0.3000000000000001 0.5625 0.3421875000000001 0.6 0.3421875000000001
2 0.0953125 0.006250000000000008 0.0421875 0.0062500000000000056 0.0421875 0.0421875 0.0953125 0.04218750000000001
2 0.5703125 0.23593750000000008 0.51875 0.23593750000000008 0.51875 0.2812500000000001 0.5703125 0.2812500000000001
2 1 0.6078125000000002 0.83125 0.6078125000000002 0.83125 0.7671875000000001 1 0.7671875000000001
2 0.8703125 0.4593750000000002 0.740625 0.4593750000000002 0.740625 0.5765625000000002 0.8703125 0.5765625000000002
2 0.2328125 0.13125000000000003 0.18125 0.13125 0.18125000000000002 0.18281250000000002 0.2328125 0.18281250000000004
2 0.3453125 0.13593750000000004 0.2859375 0.13593750000000004 0.2859375 0.17812500000000003 0.3453125 0.17812500000000003
2 0.9703125 0.3968750000000001 0.9046875 0.3968750000000001 0.9046875 0.4468750000000002 0.9703125 0.4468750000000002
2 0.2015625000000001 0.578125 0.040625000000000064 0.578125 0.04062500000000008 0.6984375 0.2015625000000001 0.6984375
2 0.409375 0.5140625 0.3468750000000001 0.5140625 0.3468750000000001 0.5796875 0.409375 0.5796875
2 0.2812500000000001 0.578125 0.11093750000000009 0.578125 0.11093750000000009 0.778125 0.2812500000000001 0.778125
2 0.3046875 0.11875000000000005 0.228125 0.11875000000000005 0.228125 0.17187500000000006 0.3046875 0.17187500000000006
2 0.9796875 0.5218750000000002 0.8625 0.5218750000000002 0.8625 0.6218750000000002 0.9796875 0.6218750000000002
2 0.9921875 0.3359375000000001 0.934375 0.3359375000000001 0.934375 0.38750000000000007 0.9921875 0.38750000000000007
2 0.15000000000000005 0.4265625 0.07656250000000005 0.4265625 0.07656250000000006 0.4953125 0.15000000000000005 0.4953125
2 0.11250000000000002 0.1203125 0.029687500000000012 0.1203125 0.029687500000000016 0.1953125 0.11250000000000004 0.1953125
2 0.6078125 0.2250000000000001 0.5671875 0.2250000000000001 0.5671875 0.28593750000000007 0.6078125 0.28593750000000007
2 0.8796875 0.6406250000000002 0.846875 0.6406250000000002 0.846875 0.6640625000000002 0.8796875 0.6640625000000002
2 0.8578125 0.3968750000000001 0.815625 0.3968750000000001 0.815625 0.44531250000000017 0.8578125 0.44531250000000017
2 0.55625 0.17968750000000006 0.528125 0.17968750000000006 0.528125 0.2093750000000001 0.55625 0.2093750000000001
2 0.7859375 0.3187500000000001 0.734375 0.3187500000000001 0.734375 0.3687500000000001 0.7859375 0.3687500000000001
2 0.05937500000000005 0.365625 0.0031250000000000444 0.365625 0.00312500000000005 0.4546875 0.05937500000000007 0.4546875
2 0.16406250000000006 0.234375 0.10781250000000005 0.234375 0.10781250000000005 0.2921875 0.16406250000000006 0.2921875
2 0.1734375 0.115625 0.1296875 0.115625 0.1296875 0.1625 0.1734375 0.1625
2 0.1703125 0.006250000000000018 0.1046875 0.006250000000000014 0.1046875 0.07031250000000003 0.1703125 0.07031250000000003
2 0.8953125 0.4703125000000002 0.81875 0.4703125000000002 0.81875 0.5390625000000002 0.8953125 0.5390625000000002
2 0.334375 0.05312500000000005 0.309375 0.05312500000000005 0.309375 0.07500000000000004 0.334375 0.07500000000000004
2 0.6484375 0.3687500000000001 0.59375 0.3687500000000001 0.59375 0.415625 0.6484375 0.415625
2 0.221875 0.09843750000000002 0.1671875 0.09843750000000002 0.1671875 0.13593750000000002 0.221875 0.13593750000000004
2 0.590625 0.565625 0.5203125 0.565625 0.5203125 0.6484375 0.590625 0.6484375
2 0.6859375 0.434375 0.634375 0.434375 0.634375 0.4890625 0.6859375 0.4890625
2 0.8484375 0.0140625000000001 0.790625 0.014062500000000094 0.790625 0.0625000000000001 0.8484375 0.06250000000000011
2 0.4765625 0.5609375 0.3921875000000001 0.5609375 0.3921875000000001 0.603125 0.4765625 0.603125
2 0.3640625 0.23750000000000004 0.2546875 0.2375 0.2546875 0.2984375 0.3640625 0.2984375000000001
2 0.7109375000000001 0.6578125 0.4921875 0.6578125 0.4921875000000001 0.825 0.7109375000000002 0.825
2 0.5515625 0.2812500000000001 0.484375 0.2812500000000001 0.484375 0.3515625000000001 0.5515625 0.3515625000000001
2 0.884375 0.35625000000000007 0.784375 0.35625000000000007 0.784375 0.4109375000000002 0.884375 0.4109375000000002
2 0.8140625 0.25468750000000007 0.7921875 0.25468750000000007 0.7921875 0.2765625000000001 0.8140625 0.2765625000000001
2 0.084375 0.04375000000000001 0.059375 0.04375000000000001 0.059375 0.071875 0.084375 0.071875
2 0.5390625 0.3187500000000001 0.4703125 0.3187500000000001 0.4703125 0.3750000000000001 0.5390625 0.3750000000000001
2 0.9859375 0.4421875000000002 0.9 0.4421875000000002 0.9 0.5234375000000002 0.9859375 0.5234375000000002
2 0.4265625 0.02031250000000005 0.3859375 0.02031250000000005 0.3859375 0.04687500000000005 0.4265625 0.046875000000000056
2 0.8515625 0.4312500000000002 0.7921875 0.4312500000000002 0.7921875 0.4859375000000002 0.8515625 0.4859375000000002
2 0.8609375 0.5687500000000002 0.7859375 0.5687500000000002 0.7859375 0.6328125000000002 0.8609375 0.6328125000000002
2 0.4921875 0.2812500000000001 0.44375 0.2812500000000001 0.44375 0.3265625000000001 0.4921875 0.3265625000000001
2 0.9578125 0.1515625000000001 0.8296875 0.1515625000000001 0.8296875 0.2328125000000001 0.9578125 0.2328125000000001
2 0.50625 0.09062500000000007 0.46875 0.09062500000000007 0.46875 0.11875000000000005 0.50625 0.11875000000000005
2 0.2953125000000001 0.778125 0.2687500000000001 0.778125 0.2687500000000001 0.809375 0.2953125000000001 0.809375
2 0.4671875 0.5265625 0.40625 0.5265625 0.40625 0.5640625 0.4671875 0.5640625
2 0.4703125000000001 0.5953125 0.2718750000000001 0.5953125 0.2718750000000001 0.8546875 0.4703125000000002 0.8546875
2 0.821875 0.29375000000000007 0.7734375 0.29375000000000007 0.7734375 0.3500000000000001 0.821875 0.3500000000000001
2 0.5890625 0.11093750000000006 0.5421875 0.11093750000000005 0.5421875 0.16250000000000006 0.5890625 0.1625000000000001
2 0.7484375 0.5421875 0.6515625 0.5421875 0.6515625 0.6843750000000001 0.7484375 0.6843750000000002
2 0.7984375 0.2687500000000001 0.75625 0.2687500000000001 0.75625 0.3000000000000001 0.7984375 0.3000000000000001
2 0.5359375 0.4734375 0.4671875 0.4734375 0.4671875 0.575 0.5359375 0.575
2 0.7609375 0.05937500000000009 0.7296875 0.05937500000000009 0.7296875 0.08593750000000008 0.7609375 0.08593750000000008
2 0.8890625 0.3187500000000001 0.846875 0.3187500000000001 0.846875 0.3593750000000001 0.8890625 0.3593750000000001
2 0.734375 0.34062500000000007 0.6484375 0.34062500000000007 0.6484375 0.4250000000000001 0.734375 0.42500000000000016
2 0.4671875 0.2140625000000001 0.425 0.2140625000000001 0.425 0.2484375000000001 0.4671875 0.2484375000000001
2 0.5296875 0.12187500000000004 0.4890625 0.12187500000000004 0.4890625 0.15937500000000004 0.5296875 0.15937500000000004
2 0.575 0.20312500000000008 0.546875 0.20312500000000008 0.546875 0.2390625000000001 0.575 0.2390625000000001
2 0.6359375 0.4328125 0.6 0.4328125 0.6 0.48125 0.6359375 0.48125
2 0.5203125 0.56875 0.440625 0.56875 0.440625 0.6375 0.5203125 0.6375
2 0.15000000000000005 0.1921875 0.11875000000000005 0.1921875 0.11875000000000005 0.2234375 0.15000000000000005 0.2234375
2 0.609375 0.4046875 0.565625 0.4046875 0.565625 0.465625 0.609375 0.465625
2 0.79375 0.6015625000000002 0.7421875 0.6015625000000002 0.7421875 0.6718750000000002 0.79375 0.6718750000000002
2 0.8984375 0.2468750000000001 0.8640625 0.2468750000000001 0.8640625 0.2812500000000001 0.8984375 0.2812500000000001
2 0.9453125 0.21093750000000008 0.890625 0.21093750000000008 0.890625 0.25468750000000007 0.9453125 0.25468750000000007