2 0.553125 0.4484375 0.415625 0.4484375 0.415625 0.534375 0.553125 0.534375
2 0.5796875 0.5171875 0.4890625 0.5171875 0.4890625 0.59375 0.5796875 0.59375
2 0.9421875 0.4828125000000002 0.8890625 0.4828125000000002 0.8890625 0.5562500000000001 0.9421875 0.5562500000000001
2 0.66875 0.6125 0.584375 0.6125 0.584375 0.6875 0.66875 0.6875
2 0.6015625 0.5921875 0.553125 0.5921875 0.553125 0.675 0.6015625 0.675
2 0.615625 0.51875 0.565625 0.51875 0.565625 0.55625 0.615625 0.55625
2 0.640625 0.3140625000000001 0.571875 0.3140625000000001 0.571875 0.3828125000000001 0.640625 0.3828125000000001
2 0.6921875 0.5453125 0.6296875 0.5453125 0.6296875 0.5859375 0.6921875 0.5859375
2 0.5296875 0.2500000000000001 0.4859375 0.2500000000000001 0.4859375 0.2968750000000001 0.5296875 0.2968750000000001
2 0.94375 0.3375000000000001 0.8859375 0.3375000000000001 0.8859375 0.3921875000000001 0.94375 0.3921875000000001
2 0.7421875 0.534375 0.68125 0.534375 0.68125 0.628125 0.7421875 0.6281250000000002
2 0.5296875 0.2921875000000001 0.4765625 0.2921875000000001 0.4765625 0.34062500000000007 0.5296875 0.34062500000000007
2 0.4484375 0.4296875 0.3843750000000001 0.4296875 0.3843750000000001 0.4828125 0.4484375 0.4828125
2 0.828125 0.34062500000000007 0.76875 0.34062500000000007 0.76875 0.4156250000000002 0.828125 0.4156250000000002
2 0.884375 0.4656250000000002 0.79375 0.4656250000000002 0.79375 0.5703125000000002 0.884375 0.5703125000000002
2 0.5375 0.56875 0.4828125 0.56875 0.4828125 0.6234375 0.5375 0.6234375
2 0.684375 0.4734375 0.6140625 0.4734375 0.6140625 0.54375 0.684375 0.54375
2 0.5125000000000001 0.6640625 0.43125 0.6640625 0.4312500000000001 0.7796875 0.5125000000000002 0.7796875
2 0.825 0.7031250000000001 0.709375 0.703125 0.7093750000000001 0.8109375 0.825 0.8109375
2 0.4390625 0.6234375 0.36406250000000007 0.6234375 0.36406250000000007 0.7 0.4390625 0.7
2 1 0.6765625000000002 0.9453125 0.6765625000000002 0.9453125 0.7750000000000001 1 0.7750000000000001
2 0.621875 0.46875 0.5515625 0.46875 0.5515625 0.5359375 0.621875 0.5359375
2 0.3671875000000001 0.5875 0.2656250000000001 0.5875 0.2656250000000001 0.65 0.3671875000000001 0.65
2 0.7109375 0.428125 0.653125 0.428125 0.653125 0.4953125 0.7109375 0.4953125
2 0.5921875 0.3437500000000001 0.5328125 0.3437500000000001 0.5328125 0.4390625 0.5921875 0.4390625
2 0.771875 0.4859375000000001 0.6875 0.4859375 0.6875 0.5531250000000001 0.771875 0.5531250000000002
2 0.553125 0.6125 0.4609375 0.6125 0.4609375 0.6703125 0.553125 0.6703125
2 0.17031250000000003 0.2453125 0.06250000000000003 0.2453125 0.06250000000000003 0.30625 0.17031250000000003 0.30625
2 0.3468750000000001 0.659375 0.26250000000000007 0.659375 0.26250000000000007 0.759375 0.3468750000000001 0.759375
2 0.40625 0.36718750000000006 0.34843750000000007 0.3671875 0.34843750000000007 0.446875 0.40625 0.446875
2 0.12187500000000004 0.3671875 0.06875000000000005 0.3671875 0.06875000000000005 0.4359375 0.12187500000000004 0.4359375
2 0.3625000000000001 0.54375 0.3062500000000001 0.54375 0.3062500000000001 0.5921875 0.3625000000000001 0.5921875
2 0.340625 0.2171875 0.2625 0.2171875 0.2625 0.3203125 0.340625 0.3203125
2 0.6328125 0.5609375 0.56875 0.5609375 0.56875 0.61875 0.6328125 0.61875
2 0.30156250000000007 0.5046875 0.21093750000000008 0.5046875 0.21093750000000008 0.59375 0.30156250000000007 0.59375
2 0.2953125000000001 0.6203125 0.24218750000000008 0.6203125 0.24218750000000008 0.6890625 0.2953125000000001 0.6890625
2 0.4765625 0.2875000000000001 0.4234375 0.2875000000000001 0.4234375 0.3609375000000001 0.4765625 0.3609375000000001
2 0.3578125000000001 0.6140625 0.3062500000000001 0.6140625 0.3062500000000001 0.696875 0.3578125000000001 0.696875
2 0.6890625 0.5828125 0.6359375 0.5828125 0.6359375 0.6515625 0.6890625 0.6515625
2 0.4515625 0.5015625 0.3531250000000001 0.5015625 0.3531250000000001 0.63125 0.4515625 0.63125
2 0.6281250000000002 0.75 0.5203125000000002 0.75 0.5203125000000002 0.85 0.6281250000000002 0.85
2 0.9609375 0.5421875000000002 0.859375 0.5421875000000002 0.859375 0.6312500000000002 0.9609375 0.6312500000000002
2 0.7578125 0.1687500000000001 0.5984375 0.1687500000000001 0.5984375 0.30937500000000007 0.7578125 0.30937500000000007
2 0.3203125000000001 0.73125 0.22656250000000008 0.73125 0.22656250000000008 0.821875 0.3203125000000001 0.821875
2 0.965625 0.4234375000000002 0.8734375 0.4234375000000002 0.8734375 0.5140625000000002 0.965625 0.5140625000000002
2 0.2656250000000001 0.4578125 0.2078125000000001 0.4578125 0.2078125000000001 0.509375 0.2656250000000001 0.509375
2 0.953125 0.3906250000000001 0.903125 0.3906250000000001 0.903125 0.4625000000000002 0.953125 0.4625000000000002
2 0.19218750000000007 0.4453125 5.4535052774530576e-17 0.4453125 6.582476545417024e-17 0.6296875 0.1921875000000001 0.6296875
2 0.3812500000000001 0.434375 0.34062500000000007 0.434375 0.34062500000000007 0.49375 0.3812500000000001 0.49375
2 0.8046875 0.5296875000000002 0.7328125 0.5296875000000002 0.7328125 0.6156250000000002 0.8046875 0.6156250000000002
2 0.3656250000000001 0.37968750000000007 0.3031250000000001 0.3796875 0.3031250000000001 0.4375 0.3656250000000001 0.4375
2 0.6984375 0.3921875000000001 0.6515625 0.3921875000000001 0.6515625 0.4296875 0.6984375 0.4296875
2 0.45000000000000007 0.6875 0.3375000000000001 0.6875 0.3375000000000001 0.7953125 0.4500000000000002 0.7953125
2 0.3500000000000001 0.478125 0.2890625000000001 0.478125 0.2890625000000001 0.553125 0.3500000000000001 0.553125
2 0.27031250000000007 0.3078125 0.16875000000000004 0.3078125 0.16875000000000004 0.3828125 0.27031250000000007 0.3828125
2 0.8546875 0.27031250000000007 0.8140625 0.27031250000000007 0.8140625 0.3203125000000001 0.8546875 0.3203125000000001
2 0.890625 0.4265625000000002 0.8125 0.4265625000000002 0.8125 0.5062500000000002 0.890625 0.5062500000000002
2 0.7828125 0.5750000000000001 0.7125 0.575 0.7125 0.6578125000000001 0.7828125 0.6578125000000001
2 0.2312500000000001 0.6046875 0.1703125000000001 0.6046875 0.1703125000000001 0.671875 0.2312500000000001 0.671875
2 0.09687500000000002 0.2109375 0.021875000000000026 0.2109375 0.02187500000000003 0.265625 0.09687500000000002 0.265625
2 0.3437500000000001 0.428125 0.2484375000000001 0.428125 0.2484375000000001 0.5171875 0.3437500000000001 0.5171875
2 0.1906250000000001 0.6046875 7.405286113594152e-17 0.6046875 8.400311637901375e-17 0.7671875 0.1906250000000001 0.7671875
2 0.5921875 0.25468750000000007 0.5265625 0.25468750000000007 0.5265625 0.3281250000000001 0.5921875 0.3281250000000001
2 0.07343750000000003 0.265625 0.025000000000000033 0.265625 0.025000000000000033 0.315625 0.07343750000000004 0.315625
2 0.684375 0.27812500000000007 0.6328125 0.27812500000000007 0.6328125 0.3359375000000001 0.684375 0.3359375000000001
2 0.13281250000000006 0.1921875 0.09062500000000002 0.1921875 0.09062500000000002 0.25 0.13281250000000006 0.25
2 0.33906250000000004 0.3375 0.2015625 0.3375 0.20156250000000003 0.4515625 0.3390625000000001 0.4515625
2 0.49375 0.5125 0.4421875 0.5125 0.4421875 0.5984375 0.49375 0.5984375