2 0.6921875 0.1703125000000001 0.6546875 0.1703125000000001 0.6546875 0.2140625000000001 0.6921875 0.2140625000000001
2 0.2562500000000001 0.9125 0.16250000000000014 0.9125 0.16250000000000014 1 0.2562500000000001 1
2 0.5890625 0.3734375000000001 0.5328125 0.3734375000000001 0.5328125 0.45 0.5890625 0.45
2 0.9640625 0.2875000000000001 0.9078125 0.2875000000000001 0.9078125 0.3609375000000001 0.9640625 0.3609375000000001
2 0.3828125000000001 0.415625 0.2953125000000001 0.415625 0.2953125000000001 0.5109375 0.3828125000000001 0.5109375
2 0.8421875 0.38750000000000007 0.771875 0.38750000000000007 0.771875 0.44531250000000017 0.8421875 0.44531250000000017
2 0.11562500000000009 0.58125 7.11825952004399e-17 0.58125 8.754311103279908e-17 0.8484375 0.11562500000000009 0.8484375
2 0.8234375 0.43437500000000007 0.71875 0.434375 0.71875 0.534375 0.8234375 0.5343750000000002
2 0.1562500000000001 0.80625 0.05156250000000009 0.80625 0.0515625000000001 0.9328125 0.15625000000000014 0.9328125
2 0.5593750000000002 0.740625 0.4109375000000002 0.740625 0.4109375000000002 0.86875 0.5593750000000002 0.86875
2 0.6484375000000001 0.628125 0.4421875 0.628125 0.44218750000000007 0.7890625 0.6484375000000002 0.7890625
2 0.3453125 0.315625 0.278125 0.315625 0.27812500000000007 0.39375 0.3453125000000001 0.39375
2 0.6375 0.2515625000000001 0.5421875 0.2515625000000001 0.5421875 0.30156250000000007 0.6375 0.30156250000000007
2 0.734375 0.4687500000000001 0.6703125 0.46875 0.6703125 0.5203125000000001 0.734375 0.5203125000000002
2 0.09062500000000007 0.4625 5.663991446056509e-17 0.4625 6.39112548305025e-17 0.58125 0.09062500000000007 0.58125
2 0.559375 0.21250000000000008 0.4875 0.21250000000000008 0.4875 0.2765625000000001 0.559375 0.2765625000000001
2 0.26093750000000004 0.3609375 0.19687500000000005 0.3609375 0.19687500000000005 0.41875 0.2609375000000001 0.41875
2 0.11718750000000004 0.3046875 0.04375000000000003 0.3046875 0.04375000000000004 0.403125 0.11718750000000004 0.403125
2 0.934375 0.43750000000000017 0.8609375 0.43750000000000017 0.8609375 0.4984375000000002 0.934375 0.4984375000000002
2 0.7765625 0.5171875000000001 0.6796875 0.5171875 0.6796875 0.6140625000000001 0.7765625 0.6140625000000002
2 0.8328125 0.6453125000000002 0.7796875 0.6453125000000002 0.7796875 0.7187500000000002 0.8328125 0.7187500000000002
2 0.9375 0.5203125000000002 0.83125 0.5203125000000002 0.83125 0.6562500000000002 0.9375 0.6562500000000002
2 0.88125 0.3687500000000001 0.834375 0.3687500000000001 0.834375 0.46093750000000017 0.88125 0.46093750000000017
2 0.3609375000000001 0.734375 0.2406250000000001 0.734375 0.2406250000000001 0.81875 0.3609375000000001 0.81875
2 0.7421875 0.30937500000000007 0.634375 0.30937500000000007 0.634375 0.3890625000000001 0.7421875 0.3890625000000001
2 0.8390625 0.6093750000000002 0.7328125 0.6093750000000002 0.7328125 0.6703125000000002 0.8390625 0.6703125000000002
2 0.98125 0.5265625000000002 0.9265625 0.5265625000000002 0.9265625 0.6171875000000002 0.98125 0.6171875000000002
2 0.8140625 0.2140625000000001 0.7296875 0.2140625000000001 0.7296875 0.3218750000000001 0.8140625 0.3218750000000001
2 0.575 0.3343750000000001 0.509375 0.3343750000000001 0.509375 0.3906250000000001 0.575 0.3906250000000001
2 0.7015625 0.12656250000000008 0.646875 0.12656250000000008 0.646875 0.17968750000000008 0.7015625 0.17968750000000008
2 0.4656250000000002 0.7390625 0.3578125000000001 0.7390625 0.3578125000000001 0.8421875 0.4656250000000002 0.8421875
2 0.99375 0.6921875000000002 0.9078125 0.6921875000000002 0.9078125 0.8171875 0.99375 0.8171875
2 0.634375 0.3515625000000001 0.5890625 0.3515625000000001 0.5890625 0.3984375000000001 0.634375 0.3984375000000001
2 0.6953125 0.621875 0.628125 0.621875 0.628125 0.690625 0.6953125 0.690625
2 0.14531250000000004 0.3859375 0.08125000000000004 0.3859375 0.08125000000000006 0.4765625 0.14531250000000004 0.4765625
2 0.2671875 0.2765625 0.17031250000000003 0.2765625 0.17031250000000003 0.365625 0.2671875000000001 0.365625
2 0.4859375 0.3000000000000001 0.4046875 0.3000000000000001 0.4046875 0.403125 0.4859375 0.403125
2 0.825 0.4890625000000002 0.7546875 0.4890625000000002 0.7546875 0.5765625000000002 0.825 0.5765625000000002
2 0.06406250000000005 0.4015625 4.91772230282609e-17 0.4015625 5.376964852506348e-17 0.4765625 0.06406250000000006 0.4765625
2 0.8171875 0.6750000000000002 0.7296875 0.6750000000000002 0.7296875 0.7828125000000001 0.8171875 0.7828125000000001
2 0.765625 0.6375000000000001 0.703125 0.6375 0.703125 0.7109375000000001 0.765625 0.7109375000000002
2 1 0.5921875000000002 0.965625 0.5921875000000002 0.965625 0.6390625000000002 1 0.6390625000000002
2 0.7953125000000002 0.7578125000000001 0.6859375000000002 0.7578125 0.6859375000000002 0.8515625 0.7953125000000002 0.8515625
2 1 0.2875000000000001 0.9625 0.2875000000000001 0.9625 0.34062500000000007 1 0.34062500000000007
2 1 0.2468750000000001 0.9703125 0.2468750000000001 0.9703125 0.2921875000000001 1 0.2921875000000001
2 0.4140625000000001 0.4234375 0.14062500000000006 0.4234375 0.14062500000000006 0.734375 0.41406250000000017 0.734375
2 0.665625 0.4203125 0.6046875 0.4203125 0.6046875 0.4859375 0.665625 0.4859375
2 0.5796875000000001 0.8328125 0.3296875000000001 0.8328125 0.3296875000000001 1 0.5796875000000001 1
2 0.8484375 0.2562500000000001 0.7828125 0.2562500000000001 0.7828125 0.3343750000000001 0.8484375 0.3343750000000001
2 0.6640625 0.19531250000000008 0.6171875 0.19531250000000008 0.6171875 0.2484375000000001 0.6640625 0.2484375000000001
2 0.16093750000000004 0.2046875 0.07968750000000002 0.2046875 0.07968750000000004 0.3265625 0.16093750000000004 0.3265625
2 0.65625 0.45 0.4328125 0.45 0.4328125 0.6390625 0.65625 0.6390625
2 0.8140625 0.34062500000000007 0.6671875 0.34062500000000007 0.6671875 0.4593750000000001 0.8140625 0.4593750000000002
2 0.7406250000000002 0.8375 0.6765625000000002 0.8375 0.6765625000000002 0.9140625 0.7406250000000002 0.9140625
2 0.13906250000000003 0.1515625 0.03750000000000002 0.1515625 0.037500000000000026 0.253125 0.13906250000000003 0.253125
2 1 0.6343750000000001 0.9359375 0.6343750000000001 0.9359375 0.6968750000000001 1 0.6968750000000001
2 0.07187500000000005 0.3140625 3.846156353572156e-17 0.3140625 4.3915068813174614e-17 0.403125 0.07187500000000005 0.403125
2 0.921875 0.7171875000000002 0.8140625 0.7171875000000002 0.8140625 0.8328125 0.921875 0.8328125
2 0.12343750000000012 0.7921875 0.009375000000000097 0.7921875 0.009375000000000104 0.9125 0.12343750000000013 0.9125
2 0.434375 0.14218750000000005 0.3234375 0.14218750000000005 0.3234375 0.23906250000000004 0.434375 0.2390625000000001
2 0.09531250000000006 0.4640625 0.04375000000000005 0.4640625 0.04375000000000006 0.5015625 0.09531250000000006 0.5015625
2 0.9234375 0.6437500000000002 0.8234375 0.6437500000000002 0.8234375 0.7359375000000001 0.9234375 0.7359375000000001
2 0.4890625000000002 0.89375 0.3140625000000001 0.89375 0.3140625000000001 1 0.4890625000000002 1