2 0.6875 0.1750000000000001 0.6515625 0.1750000000000001 0.6515625 0.2171875000000001 0.6875 0.2171875000000001
2 0.2734375000000001 0.8828125 0.1843750000000001 0.8828125 0.18437500000000012 0.9765625 0.2734375000000001 0.9765625
2 0.590625 0.3687500000000001 0.5375 0.3687500000000001 0.5375 0.440625 0.590625 0.440625
2 0.9484375 0.28593750000000007 0.89375 0.28593750000000007 0.89375 0.35625000000000007 0.9484375 0.35625000000000007
2 0.3937500000000001 0.409375 0.30937500000000007 0.409375 0.30937500000000007 0.5 0.3937500000000001 0.5
2 0.8328125 0.3828125000000001 0.765625 0.3828125000000001 0.765625 0.43750000000000017 0.8328125 0.43750000000000017
2 0.1390625000000001 0.565625 6.926908457677216e-17 0.565625 8.572527594031472e-17 0.834375 0.1390625000000001 0.834375
2 0.8125 0.42656250000000007 0.7125 0.4265625 0.7125 0.5218750000000001 0.8125 0.5218750000000002
2 0.1765625000000001 0.78125 0.07656250000000009 0.78125 0.0765625000000001 0.903125 0.1765625000000001 0.903125
2 0.5625000000000001 0.71875 0.4203125 0.71875 0.4203125000000001 0.840625 0.5625000000000002 0.840625
2 0.6468750000000001 0.6109375 0.45 0.6109375 0.45000000000000007 0.7640625 0.6468750000000002 0.7640625
2 0.35781250000000003 0.3140625 0.29375 0.3140625 0.29375000000000007 0.3890625 0.3578125000000001 0.3890625
2 0.6359375 0.2531250000000001 0.5453125 0.2531250000000001 0.5453125 0.3000000000000001 0.6359375 0.3000000000000001
2 0.7296875 0.4609375000000001 0.66875 0.4609375 0.66875 0.5093750000000001 0.7296875 0.5093750000000001
2 0.11562500000000006 0.446875 5.472640383689735e-17 0.446875 6.199774420683476e-17 0.565625 0.11562500000000009 0.565625
2 0.5625 0.2140625000000001 0.49375 0.2140625000000001 0.49375 0.2750000000000001 0.5625 0.2750000000000001
2 0.27656250000000004 0.3578125 0.215625 0.3578125 0.21562500000000004 0.4125 0.2765625000000001 0.4125
2 0.14062500000000006 0.303125 0.07031250000000004 0.303125 0.07031250000000004 0.396875 0.14062500000000006 0.396875
2 0.9203125 0.42968750000000017 0.85 0.42968750000000017 0.85 0.48750000000000016 0.9203125 0.48750000000000016
2 0.76875 0.5062500000000001 0.6765625 0.50625 0.6765625 0.5984375000000001 0.76875 0.5984375000000002
2 0.8234375 0.6281250000000002 0.771875 0.6281250000000002 0.771875 0.6984375000000002 0.8234375 0.6984375000000002
2 0.921875 0.5078125000000002 0.8203125 0.5078125000000002 0.8203125 0.6375000000000002 0.921875 0.6375000000000002
2 0.86875 0.36406250000000007 0.8234375 0.36406250000000007 0.8234375 0.45312500000000017 0.86875 0.45312500000000017
2 0.3734375000000001 0.7125 0.2578125000000001 0.7125 0.2578125000000001 0.79375 0.3734375000000001 0.79375
2 0.7359375 0.3078125000000001 0.6328125 0.3078125000000001 0.6328125 0.3843750000000001 0.7359375 0.3843750000000001
2 0.8296875 0.5937500000000002 0.728125 0.5937500000000002 0.728125 0.6515625000000002 0.8296875 0.6515625000000002
2 0.9640625 0.5140625000000002 0.9125 0.5140625000000002 0.9125 0.6000000000000002 0.9640625 0.6000000000000002
2 0.8046875 0.2171875000000001 0.7234375 0.2171875000000001 0.7234375 0.3203125000000001 0.8046875 0.3203125000000001
2 0.5765625 0.3312500000000001 0.5140625 0.3312500000000001 0.5140625 0.3843750000000001 0.5765625 0.3843750000000001
2 0.696875 0.13281250000000008 0.6453125 0.13281250000000008 0.6453125 0.1843750000000001 0.696875 0.1843750000000001
2 0.4718750000000001 0.7171875 0.3703125000000001 0.7171875 0.3703125000000001 0.815625 0.47187500000000016 0.815625
2 0.975 0.6718750000000002 0.89375 0.6718750000000002 0.89375 0.7906250000000001 0.975 0.7906250000000001
2 0.634375 0.34843750000000007 0.590625 0.34843750000000007 0.590625 0.3921875000000001 0.634375 0.3921875000000001
2 0.6921875 0.60625 0.628125 0.60625 0.628125 0.671875 0.6921875 0.671875
2 0.16718750000000004 0.3796875 0.10625000000000004 0.3796875 0.10625000000000004 0.465625 0.16718750000000004 0.465625
2 0.2828125 0.2765625 0.19062500000000004 0.2765625 0.19062500000000004 0.3625 0.2828125 0.3625
2 0.4921875 0.3000000000000001 0.4140625 0.3000000000000001 0.4140625 0.3984375000000001 0.4921875 0.3984375000000001
2 0.815625 0.4781250000000002 0.7484375 0.4781250000000002 0.7484375 0.5625000000000002 0.815625 0.5625000000000002
2 0.08906250000000006 0.3953125 0.02343750000000005 0.3953125 0.023437500000000052 0.4671875 0.08906250000000007 0.4671875
2 0.8078125 0.6546875000000001 0.7234375 0.6546875 0.7234375000000001 0.7578125000000001 0.8078125 0.7578125000000002
2 0.7578125 0.6203125 0.6984375 0.6203125 0.6984375 0.690625 0.7578125 0.6906250000000002
2 1 0.5765625000000002 0.95 0.5765625000000002 0.95 0.6296875000000002 1 0.6296875000000002
2 0.7875000000000002 0.7343750000000001 0.6828125000000002 0.734375 0.6828125000000002 0.8234375 0.7875000000000002 0.8234375
2 1 0.2875000000000001 0.9453125 0.2875000000000001 0.9453125 0.3375000000000001 1 0.3375000000000001
2 0.032812500000000036 0.271875 3.329508485181867e-17 0.271875 3.7983185879804626e-17 0.3484375 0.03281250000000004 0.3484375
2 1 0.2468750000000001 0.9546875 0.2468750000000001 0.9546875 0.2906250000000001 1 0.2906250000000001
2 0.425 0.415625 0.16406250000000006 0.415625 0.16406250000000006 0.7125 0.425 0.7125
2 0.6625 0.4125 0.6046875 0.4125 0.6046875 0.475 0.6625 0.475
2 0.5812500000000002 0.80625 0.3421875000000001 0.80625 0.3421875000000001 0.98125 0.5812500000000002 0.98125
2 0.8375 0.2578125000000001 0.775 0.2578125000000001 0.775 0.3312500000000001 0.8375 0.3312500000000001
2 0.6609375 0.1984375000000001 0.615625 0.1984375000000001 0.615625 0.2500000000000001 0.6609375 0.2500000000000001
2 0.18125000000000005 0.2078125 0.10468750000000004 0.2078125 0.10468750000000004 0.325 0.18125000000000005 0.325
2 0.6546875 0.4421875 0.4421875 0.4421875 0.4421875 0.621875 0.6546875 0.621875
2 0.8046875 0.3375000000000001 0.665625 0.3375000000000001 0.665625 0.45000000000000007 0.8046875 0.4500000000000002
2 0.7343750000000002 0.8109375 0.6734375000000001 0.8109375 0.6734375000000001 0.884375 0.7343750000000002 0.884375
2 0.1609375 0.15625 0.06406250000000002 0.15625 0.06406250000000002 0.253125 0.16093750000000004 0.253125
2 1 0.6187500000000001 0.921875 0.6187500000000001 0.921875 0.6781250000000002 1 0.6781250000000002
2 0.09687500000000004 0.3125 0.015625000000000038 0.3125 0.015625000000000045 0.3984375 0.09687500000000004 0.3984375
2 0.9078125 0.6968750000000001 0.8046875 0.6968750000000001 0.8046875 0.80625 0.9078125 0.80625
2 0.1468750000000001 0.7671875 0.03906250000000009 0.7671875 0.0390625000000001 0.8828125 0.1468750000000001 0.8828125
2 0.4421875 0.14687500000000003 0.3359375 0.14687500000000003 0.3359375 0.23906250000000004 0.4421875 0.2390625000000001
2 0.11875000000000005 0.4546875 0.07031250000000007 0.4546875 0.07031250000000007 0.490625 0.11875000000000005 0.490625
2 0.909375 0.6250000000000002 0.8140625 0.6250000000000002 0.8140625 0.7140625000000002 0.909375 0.7140625000000002
2 0.49531250000000016 0.8640625 0.3281250000000001 0.8640625 0.3281250000000001 1 0.49531250000000016 1