2 0.81875 0.7093750000000002 0.771875 0.7093750000000002 0.7718750000000001 0.7484375000000002 0.81875 0.7484375000000002
2 0.6015625 0.5796875 0.5203125 0.5796875 0.5203125 0.6390625 0.6015625 0.6390625
2 0.6906250000000002 0.978125 0.6250000000000002 0.978125 0.6250000000000002 1 0.6906250000000002 1
2 0.5578125 0.3265625000000001 0.45625 0.3265625000000001 0.45625 0.4203125 0.5578125 0.4203125
2 0.5859375000000002 0.834375 0.5250000000000001 0.834375 0.5250000000000001 0.909375 0.5859375000000002 0.909375
2 0.38125 2.841563276146593e-17 0.0828125 1.0141606305439019e-17 0.08281250000000001 0.13437500000000002 0.38125 0.13437500000000005
2 0.5375000000000002 0.7765625 0.4312500000000002 0.7765625 0.4312500000000002 0.8890625 0.5375000000000002 0.8890625
2 0.140625 0.06562500000000002 0.0046875000000000085 0.065625 0.0046875000000000154 0.1765625 0.140625 0.1765625
2 0.21093750000000008 0.45 0.07343750000000004 0.45 0.07343750000000006 0.6078125 0.21093750000000008 0.6078125
2 0.3296875000000001 0.4828125 0.15937500000000004 0.4828125 0.15937500000000007 0.703125 0.3296875000000001 0.703125
2 0.6640625 0.3078125000000001 0.5796875 0.3078125000000001 0.5796875 0.37968750000000007 0.6640625 0.37968750000000007
2 0.73125 0.5890625 0.678125 0.5890625 0.678125 0.690625 0.73125 0.6906250000000002
2 0.5000000000000002 0.7265625 0.44531250000000017 0.7265625 0.44531250000000017 0.79375 0.5000000000000002 0.79375
2 0.5109375 5.463072830571396e-17 0.38125 4.6689659217492845e-17 0.38125 0.10781250000000005 0.5109375 0.10781250000000005
2 0.7734375 0.5312500000000001 0.70625 0.53125 0.70625 0.6078125000000001 0.7734375 0.6078125000000002
2 0.6140625 0.22031250000000008 0.553125 0.22031250000000008 0.553125 0.2890625000000001 0.6140625 0.2890625000000001
2 0.675 0.05937500000000008 0.5703125 0.05937500000000007 0.5703125 0.1375000000000001 0.675 0.1375000000000001
2 0.5343750000000002 0.928125 0.46875000000000017 0.928125 0.46875000000000017 1 0.5343750000000002 1
2 0.44843750000000016 0.7359375 0.3453125000000001 0.7359375 0.3453125000000001 0.8390625 0.44843750000000016 0.8390625
2 0.3125000000000001 0.8421875 0.2328125000000001 0.8421875 0.2328125000000001 0.8984375 0.3125000000000001 0.8984375
2 0.44531250000000017 0.896875 0.3000000000000001 0.896875 0.3000000000000001 1 0.44531250000000017 1
2 0.6078125000000002 0.9015625 0.5093750000000001 0.9015625 0.5093750000000001 0.9515625 0.6078125000000002 0.9515625
2 0.21718750000000003 0.2671875 0.12656250000000005 0.2671875 0.12656250000000005 0.3953125 0.2171875000000001 0.3953125
2 0.6703125000000001 0.6875 0.5859375 0.6875 0.5859375000000001 0.803125 0.6703125000000002 0.803125
2 0.3500000000000001 0.79375 0.28593750000000007 0.79375 0.28593750000000007 0.90625 0.3500000000000001 0.90625
2 0.7718750000000002 0.7890625000000001 0.6562500000000002 0.7890625 0.6562500000000002 0.8796875 0.7718750000000002 0.8796875
2 0.64375 0.5546875 0.584375 0.5546875 0.584375 0.625 0.64375 0.625
2 0.865625 0.7015625000000002 0.8078125 0.7015625000000002 0.8078125 0.7593750000000001 0.865625 0.7593750000000001
2 0.21093750000000008 0.39375 0.10156250000000004 0.39375 0.10156250000000004 0.5078125 0.21093750000000008 0.5078125
2 0.625 0.6390625 0.575 0.6390625 0.575 0.6875 0.625 0.6875
2 0.3359375000000001 0.68125 0.26250000000000007 0.68125 0.26250000000000007 0.753125 0.3359375000000001 0.753125
2 0.5890625 0.09843750000000007 0.4921875 0.09843750000000007 0.4921875 0.16562500000000008 0.5890625 0.16562500000000008
2 0.7046875 0.1921875000000001 0.609375 0.1921875000000001 0.609375 0.2953125000000001 0.7046875 0.2953125000000001
2 0.6796875 0.4421875 0.5703125 0.4421875 0.5703125 0.5296875 0.6796875 0.5296875
2 0.4781250000000002 0.815625 0.3843750000000001 0.815625 0.3843750000000001 0.890625 0.4781250000000002 0.890625
2 0.571875 0.006250000000000065 0.490625 0.006250000000000061 0.490625 0.07968750000000006 0.571875 0.07968750000000006
2 0.2812500000000001 0.7890625 0.16562500000000008 0.7890625 0.16562500000000008 0.8828125 0.2812500000000001 0.8828125
2 0.3187500000000001 0.7609375 0.2406250000000001 0.7609375 0.2406250000000001 0.8265625 0.3187500000000001 0.8265625
2 0.1921875000000001 0.7421875 0.09218750000000009 0.7421875 0.0921875000000001 0.859375 0.1921875000000001 0.859375
2 0.7109375 8.314203659836328e-17 0.646875 7.921933981984441e-17 0.646875 0.017187500000000085 0.7109375 0.017187500000000088
2 0.5484375 0.16250000000000006 0.2171875 0.16250000000000003 0.21718750000000003 0.453125 0.5484375 0.453125
2 0.553125 0.65625 0.4828125 0.65625 0.4828125 0.721875 0.553125 0.721875
2 0.11093750000000006 0.3625 4.4393446469091554e-17 0.3625 5.970153145843348e-17 0.6125 0.11093750000000009 0.6125
2 0.7265625000000002 0.8453125 0.6437500000000002 0.8453125 0.6437500000000002 0.915625 0.7265625000000002 0.915625
2 0.7921875 0.6687500000000002 0.7359375 0.6687500000000002 0.7359375 0.7187500000000002 0.7921875 0.7187500000000002
2 0.78125 0.09687500000000009 0.65 0.09687500000000009 0.65 0.1828125000000001 0.78125 0.1828125000000001
2 0.5203125 0.471875 0.3187500000000001 0.471875 0.3187500000000001 0.7109375 0.5203125 0.7109375
2 0.6359375 0.7234375 0.509375 0.7234375 0.5093750000000001 0.8796875 0.6359375000000002 0.8796875
2 0.10781250000000009 0.7328125 0.025000000000000088 0.7328125 0.025000000000000095 0.8 0.10781250000000009 0.8
2 0.8390625 0.0515625000000001 0.7296875 0.05156250000000009 0.7296875 0.1593750000000001 0.8390625 0.1593750000000001
2 0.6640625 7.548799410369232e-17 0.56875 6.965178670150572e-17 0.56875 0.08750000000000008 0.6640625 0.08750000000000009
2 0.23593750000000008 0.878125 0.11250000000000009 0.878125 0.11250000000000011 0.99375 0.23593750000000008 0.99375
2 0.1546875 0.021875000000000012 0.0265625 0.021875000000000006 0.02656250000000001 0.14375 0.1546875 0.14375
2 0.85 0.35625000000000007 0.7453125 0.35625000000000007 0.7453125 0.4750000000000002 0.85 0.4750000000000002
2 0.50625 0.057812500000000065 0.465625 0.057812500000000065 0.465625 0.11250000000000004 0.50625 0.11250000000000004
2 0.3140625000000001 0.8890625 0.2156250000000001 0.8890625 0.2156250000000001 0.9953125 0.3140625000000001 0.9953125
2 0.046875000000000056 0.3484375 4.267128690779059e-17 0.3484375 5.367397299388009e-17 0.528125 0.04687500000000007 0.528125