2 0.2750000000000001 0.8125 0.1687500000000001 0.8125 0.1687500000000001 0.875 0.2750000000000001 0.875
2 0.684375 0.2078125000000001 0.6171875 0.2078125000000001 0.6171875 0.2468750000000001 0.684375 0.2468750000000001
2 0.6406250000000002 0.9234375 0.5515625000000002 0.9234375 0.5515625000000002 0.9921875 0.6406250000000002 0.9921875
2 0.76875 0.5671875000000001 0.7109375 0.5671875 0.7109375 0.6375000000000001 0.76875 0.6375000000000002
2 0.678125 0.5015625 0.596875 0.5015625 0.596875 0.609375 0.678125 0.609375
2 0.2640625 0.035937500000000025 0.121875 0.03593750000000001 0.121875 0.16718750000000002 0.2640625 0.16718750000000004
2 0.85625 0.5687500000000002 0.7890625 0.5687500000000002 0.7890625 0.6421875000000001 0.85625 0.6421875000000001
2 0.29375000000000007 0.503125 0.2000000000000001 0.503125 0.2000000000000001 0.571875 0.29375000000000007 0.571875
2 0.609375 7.060854201333958e-17 0.54375 6.659016970363734e-17 0.54375 0.02968750000000007 0.609375 0.02968750000000008
2 0.24843750000000003 0.2765625 0.14531250000000004 0.2765625 0.14531250000000004 0.375 0.2484375000000001 0.375
2 0.684375 0.3265625000000001 0.58125 0.3265625000000001 0.58125 0.43125 0.684375 0.43125
2 0.4609375 0.4890625 0.3234375000000001 0.4890625 0.3234375000000001 0.578125 0.4609375 0.578125
2 0.49375 0.5859375 0.44375 0.5859375 0.44375 0.6265625 0.49375 0.6265625
2 0.09531250000000004 0.2671875 3.2721031664718344e-17 0.2671875 4.104480287767301e-17 0.403125 0.09531250000000005 0.403125
2 0.5625000000000001 0.7140625 0.440625 0.7140625 0.4406250000000001 0.940625 0.5625000000000002 0.940625
2 0.8671875 0.4515625000000002 0.7765625 0.4515625000000002 0.7765625 0.5531250000000002 0.8671875 0.5531250000000002
2 0.7953125 0.6125 0.721875 0.6125 0.721875 0.6640625000000001 0.7953125 0.6640625000000002
2 0.6250000000000002 0.8390625 0.5453125000000002 0.8390625 0.5453125000000002 0.909375 0.6250000000000002 0.909375
2 0.7859375 0.1593750000000001 0.70625 0.1593750000000001 0.70625 0.21875000000000008 0.7859375 0.21875000000000008
2 0.603125 0.5140625 0.453125 0.5140625 0.453125 0.6171875 0.603125 0.6171875
2 0.8 0.7046875000000001 0.7578125 0.7046875000000001 0.7578125000000001 0.7546875000000002 0.8 0.7546875000000002
2 0.8125 0.2750000000000001 0.7515625 0.2750000000000001 0.7515625 0.3546875000000001 0.8125 0.3546875000000001
2 0.465625 0.55625 0.3687500000000001 0.55625 0.3687500000000001 0.6015625 0.465625 0.6015625
2 0.821875 0.0500000000000001 0.7609375 0.050000000000000086 0.7609375 0.0984375000000001 0.821875 0.09843750000000011
2 0.7578125 0.026562500000000083 0.590625 0.02656250000000008 0.590625 0.19687500000000008 0.7578125 0.19687500000000008
2 0.440625 0.32812500000000006 0.328125 0.328125 0.32812500000000006 0.3921875 0.440625 0.3921875000000001
2 0.646875 0.25468750000000007 0.578125 0.25468750000000007 0.578125 0.3031250000000001 0.646875 0.3031250000000001
2 0.3140625 0.12500000000000003 0.121875 0.125 0.12187500000000002 0.2828125 0.3140625 0.2828125
2 0.621875 0.20312500000000008 0.509375 0.20312500000000008 0.509375 0.2718750000000001 0.621875 0.2718750000000001
2 1 0.16875000000000012 0.925 0.16875000000000012 0.925 0.22031250000000008 1 0.22031250000000008
2 0.40625 0.4234375 0.2718750000000001 0.4234375 0.2718750000000001 0.521875 0.40625 0.521875
2 0.8140625 0.7984375000000001 0.7843750000000002 0.7984375000000001 0.7843750000000002 0.85 0.8140625 0.85
2 0.6937500000000002 0.8328125 0.6187500000000001 0.8328125 0.6187500000000001 0.915625 0.6937500000000002 0.915625
2 0.8015625 0.6593750000000002 0.7515625 0.6593750000000002 0.7515625 0.7109375000000002 0.8015625 0.7109375000000002
2 0.7203125000000001 0.9015625 0.6265625000000001 0.9015625 0.6265625000000001 0.965625 0.7203125000000001 0.965625
2 0.7375 0.4312500000000001 0.628125 0.43125 0.628125 0.4937500000000001 0.7375 0.4937500000000002
2 0.7703125 0.2765625000000001 0.6984375 0.2765625000000001 0.6984375 0.3984375000000001 0.7703125 0.3984375000000001
2 0.4 0.20000000000000004 0.31875 0.2 0.31875 0.32656250000000003 0.4 0.3265625000000001
2 0.865625 0.8859375 0.7718750000000002 0.8859375 0.7718750000000002 0.9875 0.865625 0.9875
2 0.1546875000000001 0.5109375 6.257179739393508e-17 0.5109375 9.203986099841827e-17 0.9921875 0.15468750000000014 0.9921875
2 0.8546875 0.6578125000000001 0.765625 0.6578125000000001 0.765625 0.7093750000000002 0.8546875 0.7093750000000002
2 0.4125000000000002 0.7734375 0.09218750000000009 0.7734375 0.0921875000000001 0.990625 0.4125000000000002 0.990625
2 0.27031250000000007 0.5578125 0.1281250000000001 0.5578125 0.1281250000000001 0.7828125 0.27031250000000007 0.7828125
2 0.4437500000000001 0.546875 0.2656250000000001 0.546875 0.2656250000000001 0.7359375 0.4437500000000002 0.7359375
2 0.5125 0.3593750000000001 0.4546875 0.3593750000000001 0.4546875 0.4484375 0.5125 0.4484375
2 0.7546875 0.21093750000000008 0.69375 0.21093750000000008 0.69375 0.28593750000000007 0.7546875 0.28593750000000007
2 0.5734375 0.2593750000000001 0.50625 0.2593750000000001 0.50625 0.3156250000000001 0.5734375 0.3156250000000001
2 0.2593750000000001 0.41875 0.19531250000000006 0.41875 0.19531250000000006 0.475 0.2593750000000001 0.475
2 0.8171875 0.41406250000000017 0.7625 0.41406250000000017 0.7625 0.4671875000000002 0.8171875 0.4671875000000002
2 0.34375 3.4538866757202695e-17 0.2203125 2.6980499793715128e-17 0.2203125 0.09062500000000004 0.34375 0.09062500000000004
2 0.34375 0.278125 0.2875 0.278125 0.2875 0.3453125 0.34375 0.3453125
2 0.5140625 0.64375 0.4390625 0.64375 0.4390625 0.7203125 0.5140625 0.7203125
2 0.5140625 0.4765625 0.4109375 0.4765625 0.4109375 0.540625 0.5140625 0.540625
2 0.5046875 0.18750000000000006 0.425 0.18750000000000006 0.425 0.2687500000000001 0.5046875 0.2687500000000001
2 0.7265625 0.5078125000000001 0.6296875 0.5078125 0.6296875 0.5921875000000001 0.7265625 0.5921875000000002
2 0.915625 0.12343750000000012 0.7984375 0.12343750000000009 0.7984375 0.2406250000000001 0.915625 0.2406250000000001
2 0.478125 0.3765625 0.3515625000000001 0.3765625 0.3515625000000001 0.4765625 0.478125 0.4765625
2 1 0.22812500000000008 0.8984375 0.22812500000000008 0.8984375 0.3281250000000001 1 0.3281250000000001
2 0.5921875 0.3281250000000001 0.534375 0.3281250000000001 0.534375 0.3812500000000001 0.5921875 0.3812500000000001
2 0.2328125000000001 0.8453125 0.1140625000000001 0.8453125 0.11406250000000011 0.9640625 0.2328125000000001 0.9640625
2 0.659375 0.4375 0.5828125 0.4375 0.5828125 0.5125 0.659375 0.5125
2 0.27187500000000003 0.353125 0.14375000000000004 0.353125 0.14375000000000004 0.45 0.2718750000000001 0.45
2 0.8171875 0.928125 0.7046875000000001 0.928125 0.7046875000000001 1 0.8171875 1
2 0.8171875 9.385769609090263e-17 0.715625 8.763878656398247e-17 0.715625 0.043750000000000094 0.8171875 0.0437500000000001
2 0.615625 0.6359375 0.4953125 0.6359375 0.4953125 0.7171875 0.615625 0.7171875
2 0.6593750000000002 0.796875 0.5890625000000002 0.796875 0.5890625000000002 0.8578125 0.6593750000000002 0.8578125
2 0.825 0.2015625000000001 0.7515625 0.2015625000000001 0.7515625 0.2765625000000001 0.825 0.2765625000000001
2 0.9921875 0.5937500000000002 0.94375 0.5937500000000002 0.94375 0.6687500000000002 0.9921875 0.6687500000000002
2 0.7921875000000002 0.7968750000000002 0.7468750000000002 0.7968750000000002 0.7468750000000002 0.8515625 0.7921875000000002 0.8515625