2 0.88125 0.7312500000000002 0.821875 0.7312500000000002 0.821875 0.8328125 0.88125 0.8328125
2 0.28437500000000004 0.34375 0.2484375 0.34375 0.24843750000000003 0.40625 0.2843750000000001 0.40625
2 0.9921875 0.3843750000000001 0.928125 0.3843750000000001 0.928125 0.46875000000000017 0.9921875 0.46875000000000017
2 0.6546875 0.26250000000000007 0.5890625 0.26250000000000007 0.5890625 0.31718750000000007 0.6546875 0.31718750000000007
2 0.628125 0.34843750000000007 0.5265625 0.34843750000000007 0.5265625 0.4265625 0.628125 0.4265625
2 0.2093750000000001 0.7421875 0.08437500000000009 0.7421875 0.0843750000000001 0.8765625 0.2093750000000001 0.8765625
2 0.6609375 0.17968750000000008 0.590625 0.17968750000000008 0.590625 0.24375000000000008 0.6609375 0.24375000000000008
2 0.5937500000000001 0.7125 0.528125 0.7125 0.5281250000000001 0.8015625 0.5937500000000002 0.8015625
2 0.07968750000000005 0.378125 4.63069570927593e-17 0.378125 5.2908568744412996e-17 0.4859375 0.07968750000000006 0.4859375
2 0.40625000000000017 0.75625 0.3125000000000001 0.75625 0.3125000000000001 0.8546875 0.40625000000000017 0.8546875
2 0.459375 0.34218750000000003 0.3609375 0.3421875 0.3609375 0.440625 0.459375 0.440625
2 0.5984375 0.5546875 0.5140625 0.5546875 0.5140625 0.6859375 0.5984375 0.6859375
2 0.64375 0.5234375 0.60625 0.5234375 0.60625 0.571875 0.64375 0.571875
2 0.43281250000000016 0.9015625 0.3031250000000001 0.9015625 0.3031250000000001 1 0.43281250000000016 1
2 0.9421875 0.4593750000000002 0.7265625 0.4593750000000002 0.7265625 0.5750000000000002 0.9421875 0.5750000000000002
2 0.575 0.16875000000000007 0.4796875 0.16875000000000004 0.4796875 0.25468750000000007 0.575 0.25468750000000007
2 0.68125 0.2375000000000001 0.63125 0.2375000000000001 0.63125 0.3062500000000001 0.68125 0.3062500000000001
2 0.9125 0.3984375000000001 0.8453125 0.3984375000000001 0.8453125 0.4734375000000002 0.9125 0.4734375000000002
2 0.259375 0.246875 0.203125 0.246875 0.203125 0.321875 0.259375 0.321875
2 0.6375 0.4203125 0.5390625 0.4203125 0.5390625 0.5625 0.6375 0.5625
2 0.7671875 0.2328125000000001 0.7203125 0.2328125000000001 0.7203125 0.2734375000000001 0.7671875 0.2734375000000001
2 0.3875 0.22187500000000004 0.3109375 0.221875 0.3109375 0.27968750000000003 0.3875 0.2796875000000001
2 0.621875 0.55 0.5796875 0.55 0.5796875 0.6421875 0.621875 0.6421875
2 0.14375000000000004 0.2125 0.09687500000000002 0.2125 0.09687500000000002 0.2703125 0.14375000000000004 0.2703125
2 0.23750000000000004 0.2734375 0.07656250000000005 0.2734375 0.07656250000000005 0.43125 0.2375000000000001 0.43125
2 0.4234375 0.5734375 0.3625000000000001 0.5734375 0.3625000000000001 0.68125 0.4234375 0.68125
2 0.3375000000000001 0.378125 0.2921875000000001 0.378125 0.2921875000000001 0.44375 0.3375000000000001 0.44375
2 0.3187500000000001 0.69375 0.1687500000000001 0.69375 0.1687500000000001 0.8765625 0.3187500000000001 0.8765625
2 0.3078125000000001 0.403125 0.24375000000000008 0.403125 0.24375000000000008 0.509375 0.3078125000000001 0.509375
2 0.259375 0.035937500000000025 0.2109375 0.035937500000000025 0.2109375 0.11406250000000004 0.259375 0.11406250000000004
2 0.5468750000000001 0.60625 0.453125 0.60625 0.4531250000000001 0.734375 0.5468750000000002 0.734375
2 0.85625 0.22031250000000008 0.8078125 0.22031250000000008 0.8078125 0.2484375000000001 0.85625 0.2484375000000001
2 0.9203125 0.33281250000000007 0.840625 0.33281250000000007 0.840625 0.4046875000000002 0.9203125 0.4046875000000002
2 0.7265625 0.2312500000000001 0.6765625 0.2312500000000001 0.6765625 0.27812500000000007 0.7265625 0.27812500000000007
2 0.965625 0.30937500000000007 0.9046875 0.30937500000000007 0.9046875 0.3984375000000001 0.965625 0.3984375000000001
2 0.51875 0.2921875000000001 0.459375 0.2921875000000001 0.459375 0.3968750000000001 0.51875 0.3968750000000001
2 0.4296875 0.26093750000000004 0.3140625 0.2609375 0.3140625 0.3296875 0.4296875 0.3296875000000001
2 0.3609375000000001 0.6125 0.2406250000000001 0.6125 0.2406250000000001 0.6890625 0.3609375000000001 0.6890625
2 0.9875 0.17031250000000012 0.890625 0.1703125000000001 0.890625 0.2593750000000001 0.9875 0.2593750000000001
2 0.9984375 0.8453125 0.5343750000000002 0.8453125 0.5343750000000002 1 0.9984375 1
2 0.7234375 0.18125000000000008 0.675 0.18125000000000008 0.675 0.2656250000000001 0.7234375 0.2656250000000001
2 0.057812500000000065 0.484375 5.931882933369991e-17 0.484375 6.343287717458556e-17 0.5515625 0.057812500000000065 0.5515625
2 0.990625 0.6015625000000002 0.784375 0.6015625000000002 0.784375 0.90625 0.990625 0.90625
2 0.7937500000000002 0.7359375000000001 0.5796875000000001 0.7359375 0.5796875000000001 0.8703125 0.7937500000000002 0.8703125
2 0.7484375000000001 0.5703125000000001 0.5703125 0.5703125 0.5703125000000001 0.7390625000000001 0.7484375000000002 0.7390625000000002
2 0.475 0.50625 0.3906250000000001 0.50625 0.3906250000000001 0.5609375 0.475 0.5609375
2 0.321875 0.2765625 0.2515625 0.2765625 0.2515625 0.334375 0.321875 0.334375
2 0.3515625000000001 0.4484375 0.2968750000000001 0.4484375 0.2968750000000001 0.5125 0.3515625000000001 0.5125
2 0.5015625000000001 0.746875 0.44843750000000016 0.746875 0.44843750000000016 0.8078125 0.5015625000000001 0.8078125
2 0.49375 0.2171875000000001 0.44375 0.2171875000000001 0.44375 0.2687500000000001 0.49375 0.2687500000000001
2 0.1375000000000001 0.646875 0.001562500000000079 0.646875 0.0015625000000000875 0.784375 0.1375000000000001 0.784375
2 0.3781250000000001 0.665625 0.3140625000000001 0.665625 0.3140625000000001 0.71875 0.3781250000000001 0.71875
2 0.7328125 0.5046875000000001 0.6609375 0.5046875 0.6609375 0.5765625000000001 0.7328125 0.5765625000000002
2 0.5640625 0.5046875 0.503125 0.5046875 0.503125 0.6015625 0.5640625 0.6015625
2 0.3062500000000001 0.5125 0.2296875000000001 0.5125 0.2296875000000001 0.5875 0.3062500000000001 0.5875
2 0.6125 0.3031250000000001 0.5328125 0.3031250000000001 0.5328125 0.39531250000000007 0.6125 0.39531250000000007
2 0.2796875 0.12343750000000002 0.16875 0.1234375 0.16875 0.234375 0.2796875 0.234375
2 0.5015625 0.5390625 0.40625 0.5390625 0.40625 0.6578125 0.5015625 0.6578125
2 0.3609375 0.02968750000000004 0.2671875 0.029687500000000033 0.2671875 0.13906250000000003 0.3609375 0.13906250000000003
2 0.4125 0.4296875 0.3625000000000001 0.4296875 0.3625000000000001 0.484375 0.4125 0.484375
2 0.9640625 0.7718750000000002 0.8515625 0.7718750000000002 0.8515625 0.884375 0.9640625 0.884375
2 0.5375 0.3656250000000001 0.4671875 0.3656250000000001 0.4671875 0.4390625 0.5375 0.4390625
2 0.47656250000000017 0.734375 0.3859375000000001 0.734375 0.3859375000000001 0.85625 0.47656250000000017 0.85625
2 1 0.2171875000000001 0.93125 0.2171875000000001 0.93125 0.32500000000000007 1 0.32500000000000007
2 0.09218750000000003 0.175 2.143131898507868e-17 0.175 2.994644126040012e-17 0.3140625 0.09218750000000005 0.3140625
2 0.73125 0.4078125000000001 0.6546875 0.4078125 0.6546875 0.5218750000000001 0.73125 0.5218750000000002
2 0.8640625 0.3656250000000001 0.80625 0.3656250000000001 0.80625 0.43281250000000016 0.8640625 0.43281250000000016
2 0.3125 0.209375 0.2421875 0.209375 0.2421875 0.2796875 0.3125 0.2796875
2 0.684375 0.05000000000000008 0.6125 0.050000000000000065 0.6125 0.09687500000000007 0.684375 0.09687500000000009
2 0.8578125 0.2406250000000001 0.80625 0.2406250000000001 0.80625 0.2843750000000001 0.8578125 0.2843750000000001