2 0.8765625 0.7875000000000002 0.8125 0.7875000000000002 0.8125 0.896875 0.8765625 0.896875
2 0.2328125000000001 0.36875 0.19375000000000003 0.36875 0.19375000000000003 0.4375 0.2328125000000001 0.4375
2 0.996875 0.41406250000000017 0.9265625 0.41406250000000017 0.9265625 0.5046875000000002 0.996875 0.5046875000000002
2 0.6328125 0.2812500000000001 0.5609375 0.2812500000000001 0.5609375 0.34062500000000007 0.6328125 0.34062500000000007
2 0.6046875 0.3765625000000001 0.4953125 0.3765625000000001 0.4953125 0.459375 0.6046875 0.459375
2 0.1515625000000001 0.8 0.0171875000000001 0.8 0.01718750000000011 0.9453125 0.15156250000000013 0.9453125
2 0.6390625 0.1937500000000001 0.5640625 0.1937500000000001 0.5640625 0.26250000000000007 0.6390625 0.26250000000000007
2 0.5656250000000002 0.76875 0.49531250000000016 0.76875 0.49531250000000016 0.8640625 0.5656250000000002 0.8640625
2 0.36406250000000007 0.8140625 0.26250000000000007 0.8140625 0.26250000000000007 0.9203125 0.36406250000000007 0.9203125
2 0.421875 0.36718750000000006 0.3156250000000001 0.3671875 0.3156250000000001 0.4734375 0.421875 0.4734375
2 0.5734375 0.596875 0.48125 0.596875 0.48125000000000007 0.7390625 0.5734375000000002 0.7390625
2 0.6203125 0.5640625 0.5796875 0.5640625 0.5796875 0.615625 0.6203125 0.615625
2 0.94375 0.4953125000000001 0.7109375 0.4953125 0.7109375 0.6187500000000001 0.94375 0.6187500000000001
2 0.546875 0.18125000000000008 0.44375 0.18125000000000005 0.44375 0.2750000000000001 0.546875 0.2750000000000001
2 0.6609375 0.25468750000000007 0.6078125 0.25468750000000007 0.6078125 0.3296875000000001 0.6609375 0.3296875000000001
2 0.9109375 0.42968750000000017 0.8390625 0.42968750000000017 0.8390625 0.5109375000000002 0.9109375 0.5109375000000002
2 0.2046875 0.265625 0.14375000000000004 0.265625 0.14375000000000004 0.346875 0.2046875 0.346875
2 0.6140625 0.453125 0.5078125 0.453125 0.5078125 0.60625 0.6140625 0.60625
2 0.753125 0.2500000000000001 0.703125 0.2500000000000001 0.703125 0.29375000000000007 0.753125 0.29375000000000007
2 0.34375 0.2375 0.2609375 0.2375 0.2609375 0.3 0.34375 0.3
2 0.596875 0.5921875 0.55 0.5921875 0.55 0.6921875 0.596875 0.6921875
2 0.08125000000000003 0.228125 0.031250000000000035 0.228125 0.031250000000000035 0.290625 0.08125000000000004 0.290625
2 0.18125000000000005 0.29375 0.007812500000000036 0.29375 0.007812500000000045 0.4640625 0.18125000000000005 0.4640625
2 0.3828125000000001 0.6171875 0.31718750000000007 0.6171875 0.31718750000000007 0.7328125 0.3828125000000001 0.7328125
2 0.2921875000000001 0.4078125 0.24218750000000008 0.4078125 0.24218750000000008 0.478125 0.2921875000000001 0.478125
2 0.27031250000000007 0.746875 0.10937500000000008 0.746875 0.10937500000000011 0.94375 0.27031250000000007 0.94375
2 0.2578125000000001 0.434375 0.18750000000000006 0.434375 0.18750000000000006 0.5484375 0.2578125000000001 0.5484375
2 0.20625 0.03750000000000002 0.153125 0.03750000000000002 0.153125 0.12187500000000002 0.20625 0.12187500000000004
2 0.5156250000000001 0.653125 0.4140625 0.653125 0.4140625000000001 0.790625 0.5156250000000002 0.790625
2 0.85 0.23593750000000008 0.796875 0.23593750000000008 0.796875 0.2671875000000001 0.85 0.2671875000000001
2 0.91875 0.3593750000000001 0.8328125 0.3593750000000001 0.8328125 0.4359375000000002 0.91875 0.4359375000000002
2 0.709375 0.2484375000000001 0.65625 0.2484375000000001 0.65625 0.3000000000000001 0.709375 0.3000000000000001
2 0.96875 0.3312500000000001 0.903125 0.3312500000000001 0.903125 0.4281250000000002 0.96875 0.4281250000000002
2 0.4859375 0.3140625000000001 0.421875 0.3140625000000001 0.421875 0.4265625 0.4859375 0.4265625
2 0.3890625 0.27968750000000003 0.2640625 0.2796875 0.2640625 0.35468750000000004 0.3890625 0.3546875000000001
2 0.3156250000000001 0.659375 0.1859375000000001 0.659375 0.1859375000000001 0.7421875 0.3156250000000001 0.7421875
2 0.990625 0.1828125000000001 0.8859375 0.1828125000000001 0.8859375 0.27812500000000007 0.990625 0.27812500000000007
2 0.88125 0.909375 0.5390625000000002 0.909375 0.5390625000000002 1 0.88125 1
2 0.70625 0.19531250000000008 0.653125 0.19531250000000008 0.653125 0.28593750000000007 0.70625 0.28593750000000007
2 0.9953125 0.6468750000000002 0.7734375 0.6468750000000002 0.7734375000000001 0.975 0.9953125 0.975
2 0.7812500000000002 0.7937500000000001 0.5515625000000002 0.79375 0.5515625000000002 0.9390625 0.7812500000000002 0.9390625
2 0.7328125000000001 0.6140625000000001 0.540625 0.6140625 0.5406250000000001 0.7968750000000001 0.7328125000000002 0.7968750000000002
2 0.4390625 0.5453125 0.3468750000000001 0.5453125 0.3468750000000001 0.6046875 0.4390625 0.6046875
2 0.2734375 0.296875 0.19687500000000005 0.296875 0.19687500000000005 0.359375 0.2734375 0.359375
2 0.3046875000000001 0.48125 0.2468750000000001 0.48125 0.2468750000000001 0.55 0.3046875000000001 0.55
2 0.4671875000000002 0.8046875 0.40937500000000016 0.8046875 0.40937500000000016 0.8703125 0.4671875000000002 0.8703125
2 0.4578125 0.2328125000000001 0.403125 0.2328125000000001 0.403125 0.2890625000000001 0.4578125 0.2890625000000001
2 0.0750000000000001 0.73125 8.955229718765019e-17 0.73125 9.644093543285404e-17 0.84375 0.07500000000000011 0.84375
2 0.3343750000000001 0.7171875 0.2656250000000001 0.7171875 0.2656250000000001 0.775 0.3343750000000001 0.775
2 0.7171875 0.54375 0.6390625 0.54375 0.6390625 0.6203125 0.7171875 0.6203125
2 0.534375 0.54375 0.46875 0.54375 0.46875 0.6484375 0.534375 0.6484375
2 0.2562500000000001 0.5515625 0.17343750000000008 0.5515625 0.17343750000000008 0.6328125 0.2562500000000001 0.6328125
2 0.5875 0.32500000000000007 0.5015625 0.32500000000000007 0.5015625 0.425 0.5875 0.425
2 0.2265625 0.13125000000000003 0.1078125 0.13125 0.10781250000000002 0.2515625 0.2265625 0.2515625
2 0.46875 0.58125 0.3656250000000001 0.58125 0.3656250000000001 0.709375 0.46875 0.709375
2 0.315625 0.03125000000000003 0.2140625 0.03125000000000002 0.2140625 0.15000000000000005 0.315625 0.15000000000000005
2 0.3703125000000001 0.4625 0.3156250000000001 0.4625 0.3156250000000001 0.521875 0.3703125000000001 0.521875
2 0.9671875 0.83125 0.846875 0.83125 0.846875 0.9515625 0.9671875 0.9515625
2 0.50625 0.3937500000000001 0.4296875 0.3937500000000001 0.4296875 0.471875 0.50625 0.471875
2 0.44062500000000016 0.790625 0.3421875000000001 0.790625 0.3421875000000001 0.921875 0.44062500000000016 0.921875
2 1 0.2328125000000001 0.93125 0.2328125000000001 0.93125 0.34843750000000007 1 0.34843750000000007
2 0.7140625 0.4390625 0.63125 0.4390625 0.63125 0.5625 0.7140625 0.5625
2 0.859375 0.3937500000000001 0.796875 0.3937500000000001 0.796875 0.4656250000000002 0.859375 0.4656250000000002
2 0.2640625 0.225 0.18750000000000006 0.225 0.18750000000000006 0.3 0.2640625 0.3
2 0.6640625 0.053125000000000075 0.5875 0.05312500000000007 0.5875 0.10312500000000009 0.6640625 0.10312500000000009
2 0.8515625 0.2578125000000001 0.7953125 0.2578125000000001 0.7953125 0.3046875000000001 0.8515625 0.3046875000000001