2 0.9265625 1.0543443536409245e-16 0.7953125 9.739769074468794e-17 0.7953125 0.0578125000000001 0.9265625 0.057812500000000114
2 0.9578125 0.5515625000000002 0.784375 0.5515625000000002 0.784375 0.7718750000000002 0.9578125 0.7718750000000002
2 0.328125 0.19531250000000006 0.2796875 0.19531250000000006 0.2796875 0.2515625 0.328125 0.2515625
2 0.628125 0.584375 0.4546875 0.584375 0.4546875 0.690625 0.628125 0.690625
2 0.3984375000000001 0.4 0.3203125000000001 0.4 0.3203125000000001 0.5046875 0.3984375000000001 0.5046875
2 0.996875 0.2968750000000001 0.934375 0.2968750000000001 0.934375 0.3671875000000001 0.996875 0.3671875000000001
2 0.36875 0.24375000000000005 0.30625 0.24375 0.30625 0.30781250000000004 0.36875 0.3078125000000001
2 1 0.15000000000000013 0.95 0.15000000000000013 0.95 0.2156250000000001 1 0.2156250000000001
2 0.940625 0.4187500000000002 0.903125 0.4187500000000002 0.903125 0.4734375000000002 0.940625 0.4734375000000002
2 0.8375 0.6140625000000001 0.703125 0.6140625 0.7031250000000001 0.7671875000000001 0.8375 0.7671875000000001
2 0.39375000000000004 0.34375000000000006 0.321875 0.34375 0.321875 0.4140625 0.3937500000000001 0.4140625
2 0.95 0.24375000000000008 0.8765625 0.24375000000000008 0.8765625 0.3687500000000001 0.95 0.3687500000000001
2 0.7359375 0.22812500000000008 0.6828125 0.22812500000000008 0.6828125 0.2968750000000001 0.7359375 0.2968750000000001
2 0.34843750000000007 0.621875 0.2656250000000001 0.621875 0.2656250000000001 0.6890625 0.34843750000000007 0.6890625
2 0.63125 0.07500000000000007 0.4828125 0.07500000000000007 0.4828125 0.2171875000000001 0.63125 0.2171875000000001
2 0.4828125 0.515625 0.4171875 0.515625 0.4171875 0.628125 0.4828125 0.628125
2 0.8078125 0.3703125000000001 0.7625 0.3703125000000001 0.7625 0.4281250000000002 0.8078125 0.4281250000000002
2 0.5546875 0.39531250000000007 0.459375 0.39531250000000007 0.459375 0.4484375 0.5546875 0.4484375
2 0.965625 0.10156250000000011 0.89375 0.10156250000000008 0.89375 0.16093750000000012 0.965625 0.16093750000000012
2 0.6203125 0.3968750000000001 0.5296875 0.3968750000000001 0.5296875 0.4734375 0.6203125 0.4734375
2 0.7375 7.99847440693115e-17 0.56875 6.965178670150572e-17 0.56875 0.1359375000000001 0.7375 0.1359375000000001
2 0.6640625000000001 0.6921875 0.3828125000000001 0.6921875 0.3828125000000001 0.834375 0.6640625000000002 0.834375
2 0.490625 0.3859375000000001 0.3984375000000001 0.3859375000000001 0.3984375000000001 0.4734375 0.490625 0.4734375
2 0.7609375 0.37187500000000007 0.7203125 0.37187500000000007 0.7203125 0.4281250000000001 0.7609375 0.4281250000000002
2 0.434375 0.17187500000000006 0.3609375 0.17187500000000006 0.3609375 0.22812500000000005 0.434375 0.22812500000000008
2 0.3343750000000001 0.5625 0.2656250000000001 0.5625 0.2656250000000001 0.625 0.3343750000000001 0.625
2 0.5625 0.19218750000000007 0.453125 0.19218750000000004 0.453125 0.3109375000000001 0.5625 0.3109375000000001
2 1 0.884375 0.7890625000000002 0.884375 0.7890625000000002 1 1 1
2 0.9453125 0.3687500000000001 0.8609375 0.3687500000000001 0.8609375 0.44531250000000017 0.9453125 0.44531250000000017
2 0.6015625 0.20468750000000008 0.5546875 0.20468750000000008 0.5546875 0.27812500000000007 0.6015625 0.27812500000000007
2 1 0.5468750000000002 0.9578125 0.5468750000000002 0.9578125 0.6015625000000002 1 0.6015625000000002
2 0.565625 0.03750000000000006 0.4953125 0.037500000000000054 0.4953125 0.09218750000000006 0.565625 0.09218750000000006
2 1 0.21250000000000008 0.984375 0.21250000000000008 0.984375 0.2531250000000001 1 0.2531250000000001
2 0.5218750000000002 0.79375 0.4468750000000002 0.79375 0.4468750000000002 0.9265625 0.5218750000000002 0.9265625
2 1 0.9453125 0.94375 0.9453125 0.94375 1 1 1
2 0.459375 0.64375 0.3921875000000001 0.64375 0.3921875000000001 0.7234375 0.459375 0.7234375
2 0.45 0.5484375 0.3437500000000001 0.5484375 0.3437500000000001 0.6484375 0.45 0.6484375
2 0.9265625 0.17812500000000012 0.8828125 0.1781250000000001 0.8828125 0.2500000000000001 0.9265625 0.2500000000000001
2 0.953125 0.029687500000000117 0.8796875 0.02968750000000011 0.8796875 0.11250000000000011 0.953125 0.11250000000000013
2 0.33281250000000007 0.3234375 0.2328125 0.3234375 0.23281250000000003 0.53125 0.33281250000000007 0.53125
2 0.40937500000000016 0.7703125 0.27812500000000007 0.7703125 0.27812500000000007 0.875 0.40937500000000016 0.875
2 0.68125 0.3343750000000001 0.5875 0.3343750000000001 0.5875 0.4078125 0.68125 0.4078125
2 0.18437500000000004 0.36875 0.07968750000000005 0.36875 0.07968750000000005 0.4359375 0.18437500000000004 0.4359375
2 0.35625000000000007 0.66875 0.2750000000000001 0.66875 0.2750000000000001 0.8015625 0.35625000000000007 0.8015625
2 0.396875 0.04531250000000005 0.321875 0.04531250000000005 0.321875 0.11562500000000005 0.396875 0.11562500000000005
2 0.4703125 0.01875000000000005 0.3953125 0.01875000000000005 0.3953125 0.09687500000000006 0.4703125 0.09687500000000007
2 0.23593750000000008 0.5953125 7.290475476174086e-17 0.5953125 9.76847173382381e-17 1 0.23593750000000008 1
2 0.628125 0.2687500000000001 0.51875 0.2687500000000001 0.51875 0.3687500000000001 0.628125 0.3687500000000001
2 0.3953125 0.32343750000000004 0.3453125 0.3234375 0.3453125 0.36250000000000004 0.3953125 0.3625000000000001
2 0.7078125 0.22031250000000008 0.61875 0.22031250000000008 0.61875 0.3375000000000001 0.7078125 0.3375000000000001
2 0.7609375 0.5015625000000001 0.615625 0.5015625 0.615625 0.6718750000000001 0.7609375 0.6718750000000002
2 0.484375 0.4609375 0.4296875 0.4609375 0.4296875 0.5203125 0.484375 0.5203125
2 0.6859375 0.4375 0.559375 0.4375 0.559375 0.5015625 0.6859375 0.5015625
2 0.790625 0.44843750000000016 0.734375 0.44843750000000016 0.734375 0.5015625000000001 0.790625 0.5015625000000001
2 0.4796875 0.3265625000000001 0.409375 0.3265625000000001 0.409375 0.38750000000000007 0.4796875 0.38750000000000007
2 0.4125 0.26093750000000004 0.3421875 0.2609375 0.3421875 0.33281250000000007 0.4125 0.33281250000000007
2 1 0.4265625000000002 0.9359375 0.4265625000000002 0.9359375 0.48750000000000016 1 0.48750000000000016
2 1 0.7109375000000002 0.9375 0.7109375000000002 0.9375 0.934375 1 0.934375
2 0.746875 0.5140625000000001 0.6734375 0.5140625 0.6734375 0.5687500000000001 0.746875 0.5687500000000002
2 0.2484375 2.4110233858213517e-17 0.1453125 1.7795648800109975e-17 0.1453125 0.06875000000000002 0.2484375 0.06875000000000002
2 1 0.4781250000000002 0.875 0.4781250000000002 0.875 0.5578125000000002 1 0.5578125000000002
2 0.8671875 0.1140625000000001 0.6984375 0.1140625000000001 0.6984375 0.2687500000000001 0.8671875 0.2687500000000001
2 1 0.6390625000000002 0.9484375 0.6390625000000002 0.9484375 0.7203125000000001 1 0.7203125000000001
2 0.396875 0.10781250000000005 0.3140625 0.10781250000000005 0.3140625 0.21093750000000006 0.396875 0.21093750000000008
2 0.771875 0.035937500000000094 0.721875 0.03593750000000009 0.721875 0.0984375000000001 0.771875 0.0984375000000001
2 0.9859375 0.22031250000000008 0.9296875 0.22031250000000008 0.9296875 0.3031250000000001 0.9859375 0.3031250000000001
2 0.8984375 0.07656250000000012 0.8359375 0.07656250000000012 0.8359375 0.15625000000000008 0.8984375 0.15625000000000008
2 0.4453125 0.46875 0.3828125000000001 0.46875 0.3828125000000001 0.5515625 0.4453125 0.5515625
2 0.6234375 0.4875 0.5046875 0.4875 0.5046875 0.596875 0.6234375 0.596875
2 0.2750000000000001 0.5953125 0.13437500000000008 0.5953125 0.13437500000000008 0.71875 0.2750000000000001 0.71875
2 0.13593750000000007 0.38125 4.6689659217492845e-17 0.38125 5.979720698961685e-17 0.5953125 0.1359375000000001 0.5953125
2 0.3671875000000001 0.53125 0.2484375000000001 0.53125 0.2484375000000001 0.5875 0.3671875000000001 0.5875