2 1 0.8 0.928125 0.8 0.928125 0.9296875 1 0.9296875
2 0.4468750000000002 0.7875 0.2312500000000001 0.7875 0.2312500000000001 0.9578125 0.4468750000000002 0.9578125
2 0.7953125 0.2953125000000001 0.7390625 0.2953125000000001 0.7390625 0.3421875000000001 0.7953125 0.3421875000000001
2 0.4140625 0.465625 0.30937500000000007 0.465625 0.30937500000000007 0.6359375 0.4140625 0.6359375
2 0.5953125 0.3343750000000001 0.4921875 0.3343750000000001 0.4921875 0.4109375 0.5953125 0.4109375
2 0.6953125000000002 0.934375 0.6265625000000001 0.934375 0.6265625000000001 0.9953125 0.6953125000000002 0.9953125
2 0.7484375 0.3203125000000001 0.6859375 0.3203125000000001 0.6859375 0.3812500000000001 0.7484375 0.3812500000000001
2 0.8390625 0.95 0.7750000000000001 0.95 0.7750000000000001 1 0.8390625 1
2 0.5765625000000002 0.903125 0.5234375000000002 0.903125 0.5234375000000002 0.940625 0.5765625000000002 0.940625
2 0.3859375000000001 0.709375 0.23593750000000008 0.709375 0.23593750000000008 0.840625 0.3859375000000001 0.840625
2 0.6484375 0.3359375000000001 0.58125 0.3359375000000001 0.58125 0.40625 0.6484375 0.40625
2 0.7468750000000002 0.878125 0.6250000000000002 0.878125 0.6250000000000002 0.95 0.7468750000000002 0.95
2 0.7640625000000001 0.6890625000000001 0.696875 0.6890625 0.6968750000000001 0.7406250000000001 0.7640625000000002 0.7406250000000002
2 0.3765625 0.28125000000000006 0.3109375 0.28125 0.3109375 0.36250000000000004 0.3765625 0.3625000000000001
2 0.9125 0.4937500000000002 0.7734375 0.4937500000000002 0.7734375 0.6390625000000002 0.9125 0.6390625000000002
2 0.4828125 0.4296875 0.3734375000000001 0.4296875 0.3734375000000001 0.49375 0.4828125 0.49375
2 0.6234375000000002 0.7671875 0.5671875000000002 0.7671875 0.5671875000000002 0.8125 0.6234375000000002 0.8125
2 0.5984375 0.4703125 0.546875 0.4703125 0.546875 0.5640625 0.5984375 0.5640625
2 0.8875 0.89375 0.8296875 0.89375 0.8296875 0.9640625 0.8875 0.9640625
2 0.596875 0.5390625 0.521875 0.5390625 0.521875 0.628125 0.596875 0.628125
2 0.9859375 0.5781250000000002 0.853125 0.5781250000000002 0.853125 0.7421875000000002 0.9859375 0.7421875000000002
2 0.30937500000000007 0.3953125 0.17031250000000003 0.3953125 0.17031250000000006 0.6703125 0.30937500000000007 0.6703125
2 0.6078125 0.4125 0.521875 0.4125 0.521875 0.5015625 0.6078125 0.5015625
2 0.6218750000000002 0.7265625 0.5671875000000002 0.7265625 0.5671875000000002 0.765625 0.6218750000000002 0.765625
2 0.81875 0.3750000000000001 0.7640625 0.3750000000000001 0.7640625 0.4468750000000002 0.81875 0.4468750000000002
2 0.4359375 0.2812500000000001 0.375 0.2812500000000001 0.375 0.34843750000000007 0.4359375 0.34843750000000007
2 0.796875 0.4640625000000001 0.68125 0.4640625 0.68125 0.5718750000000001 0.796875 0.5718750000000001
2 0.12187500000000011 0.79375 9.720633968232116e-17 0.79375 1.0983550979852825e-16 1 0.12187500000000014 1
2 0.6265625000000001 0.8625 0.5515625000000002 0.8625 0.5515625000000002 0.9453125 0.6265625000000001 0.9453125
2 0.7859375 0.5640625000000001 0.7140625 0.5640625 0.7140625 0.6093750000000001 0.7859375 0.6093750000000002
2 0.4515625000000002 0.9578125 0.3984375000000001 0.9578125 0.3984375000000001 1 0.4515625000000002 1
2 0.9484375 0.5062500000000002 0.8953125 0.5062500000000002 0.8953125 0.5750000000000002 0.9484375 0.5750000000000002
2 0.7781250000000002 0.9828125 0.7390625000000002 0.9828125 0.7390625000000002 1 0.7781250000000002 1
2 0.21093750000000008 0.459375 0.07968750000000006 0.459375 0.07968750000000006 0.5328125 0.21093750000000008 0.5328125
2 0.06250000000000012 0.94375 1.1557604166953146e-16 0.94375 1.190203607921334e-16 1 0.06250000000000014 1
2 0.3578125000000001 0.4046875 0.2796875000000001 0.4046875 0.2796875000000001 0.4703125 0.3578125000000001 0.4703125
2 0.45 0.35781250000000003 0.3515625 0.3578125 0.35156250000000006 0.4609375 0.45 0.4609375
2 0.8125 0.884375 0.7421875000000002 0.884375 0.7421875000000002 0.928125 0.8125 0.928125
2 0.95625 0.88125 0.875 0.88125 0.875 0.953125 0.95625 0.953125
2 0.66875 0.2484375000000001 0.465625 0.2484375000000001 0.465625 0.3468750000000001 0.66875 0.3468750000000001
2 0.23281250000000003 0.29375 0.13125000000000003 0.29375 0.13125000000000003 0.421875 0.2328125000000001 0.421875
2 0.6578125 0.5953125 0.5859375 0.5953125 0.5859375 0.6875 0.6578125 0.6875
2 0.625 0.10000000000000009 0.559375 0.10000000000000009 0.559375 0.2015625000000001 0.625 0.2015625000000001
2 0.33281250000000007 0.290625 0.2015625 0.290625 0.20156250000000003 0.36875 0.33281250000000007 0.36875
2 0.940625 0.3359375000000001 0.871875 0.3359375000000001 0.871875 0.40937500000000016 0.940625 0.40937500000000016
2 0.9671875 0.40937500000000016 0.890625 0.40937500000000016 0.890625 0.4828125000000002 0.9671875 0.4828125000000002
2 0.428125 2.6215095544248028e-17 0 0 1.5499436051708692e-17 0.25312500000000004 0.428125 0.2531250000000001
2 0.7234375 0.528125 0.625 0.528125 0.625 0.634375 0.7234375 0.634375
2 0.6703125 0.3593750000000001 0.63125 0.3593750000000001 0.63125 0.4078125 0.6703125 0.4078125
2 0.7703125 0.6250000000000001 0.65625 0.625 0.65625 0.7125000000000001 0.7703125 0.7125000000000001
2 0.4953125000000001 0.6234375 0.3281250000000001 0.6234375 0.3281250000000001 0.765625 0.49531250000000016 0.765625
2 0.534375 0.440625 0.4765625 0.440625 0.4765625 0.49375 0.534375 0.49375
2 0.559375 0.5671875 0.496875 0.5671875 0.496875 0.690625 0.559375 0.690625
2 0.5468750000000002 0.7390625 0.4937500000000002 0.7390625 0.4937500000000002 0.7953125 0.5468750000000002 0.7953125
2 0.665625 0.421875 0.60625 0.421875 0.60625 0.490625 0.665625 0.490625
2 0.7296875 0.35625000000000007 0.659375 0.35625000000000007 0.659375 0.4250000000000001 0.7296875 0.42500000000000016
2 0.5687500000000002 0.9359375 0.5093750000000001 0.9359375 0.5093750000000001 1 0.5687500000000002 1
2 0.2906250000000001 0.9390625 0.0718750000000001 0.9390625 0.07187500000000012 1 0.2906250000000001 1
2 0.4828125000000001 0.6796875 0.4296875 0.6796875 0.4296875000000001 0.7515625 0.4828125000000002 0.7515625
2 1 0.16406250000000014 0.9171875 0.16406250000000014 0.9171875 0.2640625000000001 1 0.2640625000000001
2 0.5187500000000002 0.8765625 0.44062500000000016 0.8765625 0.44062500000000016 1 0.5187500000000002 1
2 0.875 0.7031250000000001 0.7234375 0.703125 0.7234375000000001 0.86875 0.875 0.86875
2 0.3609375000000001 0.9484375 0.2812500000000001 0.9484375 0.2812500000000001 1 0.3609375000000001 1
2 0.88125 0.3281250000000001 0.78125 0.3281250000000001 0.78125 0.40937500000000016 0.88125 0.40937500000000016
2 0.9515625 0.7265625000000002 0.890625 0.7265625000000002 0.890625 0.7750000000000001 0.9515625 0.7750000000000001
2 0.7718750000000002 0.93125 0.6906250000000002 0.93125 0.6906250000000002 0.9859375 0.7718750000000002 0.9859375
2 0.9109375 0.8375 0.8328125 0.8375 0.8328125 0.8984375 0.9109375 0.8984375
2 0.528125 0.3968750000000001 0.446875 0.3968750000000001 0.446875 0.4578125 0.528125 0.4578125
2 0.509375 0.515625 0.4015625 0.515625 0.4015625 0.63125 0.509375 0.63125
2 0.403125 0.15312500000000004 0.2828125 0.15312500000000004 0.2828125 0.290625 0.403125 0.2906250000000001
2 0.6265625 6.295449951866863e-17 0.4015625 4.91772230282609e-17 0.4015625 0.15468750000000006 0.6265625 0.1546875000000001
2 0.4671875 0.2640625000000001 0.4125 0.2640625000000001 0.4125 0.3812500000000001 0.4671875 0.3812500000000001