2 1 0.7828125000000001 0.9015625 0.7828125000000001 0.9015625 0.9078125 1 0.9078125
2 0.43281250000000016 0.7703125 0.2234375000000001 0.7703125 0.2234375000000001 0.9359375 0.43281250000000016 0.9359375
2 0.771875 0.2921875000000001 0.7171875 0.2921875000000001 0.7171875 0.3375000000000001 0.771875 0.3375000000000001
2 0.4015625 0.4578125 0.3000000000000001 0.4578125 0.3000000000000001 0.6234375 0.4015625 0.6234375
2 0.5765625 0.3296875000000001 0.4765625 0.3296875000000001 0.4765625 0.403125 0.5765625 0.403125
2 0.6734375000000001 0.9125 0.6078125000000002 0.9125 0.6078125000000002 0.971875 0.6734375000000001 0.971875
2 0.725 0.3156250000000001 0.6640625 0.3156250000000001 0.6640625 0.3750000000000001 0.725 0.3750000000000001
2 0.8140625 0.928125 0.7515625000000001 0.928125 0.7515625000000001 1 0.8140625 1
2 0.5578125000000002 0.8828125 0.5062500000000002 0.8828125 0.5062500000000002 0.91875 0.5578125000000002 0.91875
2 0.3734375000000001 0.69375 0.22812500000000008 0.69375 0.22812500000000008 0.821875 0.3734375000000001 0.821875
2 0.6296875 0.3312500000000001 0.5640625 0.3312500000000001 0.5640625 0.4 0.6296875 0.4
2 0.7250000000000002 0.859375 0.6062500000000002 0.859375 0.6062500000000002 0.928125 0.7250000000000002 0.928125
2 0.740625 0.675 0.675 0.675 0.675 0.7250000000000001 0.740625 0.7250000000000002
2 0.365625 0.27656250000000004 0.3015625 0.2765625 0.3015625 0.35468750000000004 0.365625 0.3546875000000001
2 0.8859375 0.48437500000000017 0.75 0.48437500000000017 0.75 0.6250000000000002 0.8859375 0.6250000000000002
2 0.4671875 0.421875 0.3609375000000001 0.421875 0.3609375000000001 0.484375 0.4671875 0.484375
2 0.6046875000000002 0.75 0.5500000000000002 0.75 0.5500000000000002 0.79375 0.6046875000000002 0.79375
2 0.58125 0.4609375 0.53125 0.4609375 0.53125 0.5515625 0.58125 0.5515625
2 0.8609375 0.875 0.8046875 0.875 0.8046875 0.9421875 0.8609375 0.9421875
2 0.578125 0.528125 0.50625 0.528125 0.50625 0.615625 0.578125 0.615625
2 0.95625 0.5671875000000002 0.8265625 0.5671875000000002 0.8265625 0.7265625000000002 0.95625 0.7265625000000002
2 0.2984375000000001 0.3875 0.16406250000000006 0.3875 0.16406250000000006 0.65625 0.2984375000000001 0.65625
2 0.5890625 0.4046875 0.50625 0.4046875 0.50625 0.4921875 0.5890625 0.4921875
2 0.6031250000000001 0.709375 0.55 0.709375 0.55 0.7484375 0.6031250000000001 0.7484375
2 0.79375 0.3687500000000001 0.740625 0.3687500000000001 0.740625 0.4390625000000002 0.79375 0.4390625000000002
2 0.4234375 0.27812500000000007 0.3640625 0.27812500000000007 0.3640625 0.3437500000000001 0.4234375 0.3437500000000001
2 0.7734375 0.4546875000000001 0.6609375 0.4546875 0.6609375 0.5593750000000001 0.7734375 0.5593750000000002
2 0.11562500000000012 0.7765625 9.510147799628666e-17 0.7765625 1.0753929705012696e-16 0.9796875 0.11562500000000013 0.9796875
2 0.6062500000000002 0.84375 0.5328125000000001 0.84375 0.5328125000000001 0.925 0.6062500000000002 0.925
2 0.7625 0.5531250000000001 0.6921875 0.553125 0.6921875 0.596875 0.7625 0.5968750000000002
2 0.43750000000000017 0.9359375 0.3843750000000001 0.9359375 0.3843750000000001 1 0.43750000000000017 1
2 0.9203125 0.4968750000000002 0.86875 0.4968750000000002 0.86875 0.5640625000000001 0.9203125 0.5640625000000001
2 0.7578125000000002 0.9609375 0.7156250000000002 0.9609375 0.7156250000000002 0.9953125 0.7578125000000002 0.9953125
2 0.20312500000000008 0.4515625 0.07656250000000005 0.4515625 0.07656250000000006 0.521875 0.20312500000000008 0.521875
2 0.060937500000000124 0.921875 1.1289712679639661e-16 0.921875 1.1768090335556595e-16 1 0.06093750000000013 1
2 0.3453125000000001 0.3984375 0.27031250000000007 0.3984375 0.27031250000000007 0.4625 0.3453125000000001 0.4625
2 0.4359375 0.35156250000000006 0.340625 0.3515625 0.34062500000000007 0.4515625 0.4359375 0.4515625
2 0.7875000000000002 0.8640625 0.7187500000000002 0.8640625 0.7187500000000002 0.90625 0.7875000000000002 0.90625
2 0.928125 0.8625 0.85 0.8625 0.85 0.93125 0.928125 0.93125
2 0.6484375 0.2453125000000001 0.45 0.2453125000000001 0.45 0.34062500000000007 0.6484375 0.34062500000000007
2 0.22343750000000004 0.2890625 0.12500000000000006 0.2890625 0.12500000000000006 0.4140625 0.2234375000000001 0.4140625
2 0.6390625 0.584375 0.56875 0.584375 0.56875 0.6734375 0.6390625 0.6734375
2 0.60625 0.10156250000000007 0.5421875 0.10156250000000004 0.5421875 0.2000000000000001 0.60625 0.2000000000000001
2 0.3203125 0.2859375 0.19375000000000003 0.2859375 0.19375000000000003 0.3625 0.3203125 0.3625
2 0.9125 0.3312500000000001 0.8453125 0.3312500000000001 0.8453125 0.40156250000000016 0.9125 0.40156250000000016
2 0.9390625 0.40156250000000016 0.8640625 0.40156250000000016 0.8640625 0.4734375000000002 0.9390625 0.4734375000000002
2 0.41875 2.5641042357147705e-17 0 0 1.5308084989341918e-17 0.25000000000000006 0.41875 0.2500000000000001
2 0.7015625 0.5171875 0.60625 0.5171875 0.60625 0.6203125 0.7015625 0.6203125
2 0.6484375 0.3531250000000001 0.6109375 0.3531250000000001 0.6109375 0.4015625 0.6484375 0.4015625
2 0.746875 0.6125 0.6359375 0.6125 0.6359375 0.6968750000000001 0.746875 0.6968750000000001
2 0.4796875000000001 0.609375 0.31718750000000007 0.609375 0.31718750000000007 0.7484375 0.47968750000000016 0.7484375
2 0.51875 0.4328125 0.4625 0.4328125 0.4625 0.484375 0.51875 0.484375
2 0.5421875 0.55625 0.48125 0.55625 0.48125 0.6765625 0.5421875 0.6765625
2 0.5296875000000001 0.7234375 0.478125 0.7234375 0.4781250000000001 0.778125 0.5296875000000002 0.778125
2 0.6453125 0.415625 0.5875 0.415625 0.5875 0.48125 0.6453125 0.48125
2 0.7078125 0.3500000000000001 0.640625 0.3500000000000001 0.640625 0.4171875 0.7078125 0.4171875
2 0.5515625000000002 0.915625 0.4937500000000002 0.915625 0.4937500000000002 0.9828125 0.5515625000000002 0.9828125
2 0.2812500000000001 0.9171875 0.05937500000000011 0.9171875 0.05937500000000012 1 0.2812500000000001 1
2 0.4671875000000001 0.6640625 0.415625 0.6640625 0.4156250000000001 0.734375 0.4671875000000002 0.734375
2 0.978125 0.1640625000000001 0.890625 0.16406250000000008 0.890625 0.2609375000000001 0.978125 0.2609375000000001
2 0.5031250000000002 0.8578125 0.4265625000000002 0.8578125 0.4265625000000002 0.9796875 0.5031250000000002 0.9796875
2 0.8484375 0.6875000000000001 0.7015625 0.6875 0.7015625000000001 0.8484375 0.8484375 0.8484375
2 0.3546875000000001 0.9265625 0.27031250000000007 0.9265625 0.27031250000000007 1 0.3546875000000001 1
2 0.8546875 0.3234375000000001 0.75625 0.3234375000000001 0.75625 0.4031250000000002 0.8546875 0.4031250000000002
2 0.9234375 0.7109375000000002 0.8640625 0.7109375000000002 0.8640625 0.7578125000000002 0.9234375 0.7578125000000002
2 0.7484375000000002 0.909375 0.6687500000000002 0.909375 0.6687500000000002 0.9625 0.7484375000000002 0.9625
2 0.884375 0.81875 0.809375 0.81875 0.809375 0.878125 0.884375 0.878125
2 0.5109375 0.3890625000000001 0.43125 0.3890625000000001 0.43125 0.4484375 0.5109375 0.4484375
2 0.49375 0.5046875 0.3890625000000001 0.5046875 0.3890625000000001 0.6171875 0.49375 0.6171875
2 0.390625 0.15156250000000004 0.2734375 0.15156250000000004 0.2734375 0.28593750000000007 0.390625 0.28593750000000007
2 0.6078125 6.09453133638175e-17 0.3875 4.7455063466959936e-17 0.3875 0.15468750000000006 0.6078125 0.1546875000000001
2 1 0.3140625000000001 0.9671875 0.3140625000000001 0.9671875 0.37968750000000007 1 0.37968750000000007
2 0.4515625 0.2609375000000001 0.3984375 0.2609375000000001 0.39843750000000006 0.3750000000000001 0.4515625 0.3750000000000001