2 0.39531250000000007 0.31093750000000003 0.359375 0.3109375 0.35937500000000006 0.36406250000000007 0.39531250000000007 0.36406250000000007
2 0.59375 0.2468750000000001 0.5609375 0.2468750000000001 0.5609375 0.2765625000000001 0.59375 0.2765625000000001
2 0.6921875000000001 0.709375 0.653125 0.709375 0.6531250000000001 0.7484375 0.6921875000000002 0.7484375
2 0.15937500000000002 0.153125 0.07968750000000002 0.153125 0.07968750000000002 0.2171875 0.15937500000000004 0.2171875
2 0.3546875000000001 0.8859375 0.2843750000000001 0.8859375 0.2843750000000001 0.9375 0.3546875000000001 0.9375
2 0.3843750000000001 0.4421875 0.2734375000000001 0.4421875 0.2734375000000001 0.5390625 0.3843750000000001 0.5390625
2 0.5171875 0.23593750000000008 0.4359375 0.23593750000000008 0.4359375 0.3000000000000001 0.5171875 0.3000000000000001
2 0.3843750000000001 0.4109375 0.3156250000000001 0.4109375 0.3156250000000001 0.45625 0.3843750000000001 0.45625
2 0.3500000000000001 0.5625 0.23437500000000008 0.5625 0.23437500000000008 0.6734375 0.3500000000000001 0.6734375
2 0.4437500000000002 0.7859375 0.3906250000000001 0.7859375 0.3906250000000001 0.8375 0.4437500000000002 0.8375
2 0.2875000000000001 0.7375 0.1468750000000001 0.7375 0.14687500000000012 0.9125 0.2875000000000001 0.9125
2 0.440625 0.4875 0.3656250000000001 0.4875 0.3656250000000001 0.5796875 0.440625 0.5796875
2 0.15156250000000002 0.1171875 0.06406250000000002 0.1171875 0.06406250000000002 0.2078125 0.15156250000000004 0.2078125
2 0.22031250000000008 0.559375 0.13437500000000008 0.559375 0.13437500000000008 0.6484375 0.22031250000000008 0.6484375
2 0.3984375000000001 0.821875 0.3578125000000001 0.821875 0.3578125000000001 0.8703125 0.3984375000000001 0.8703125
2 0.459375 0.4484375 0.4015625 0.4484375 0.4015625 0.4953125 0.459375 0.4953125
2 0.2984375000000001 0.9 0.2453125000000001 0.9 0.2453125000000001 0.9484375 0.2984375000000001 0.9484375
2 0.3781250000000001 0.9015625 0.32500000000000007 0.9015625 0.32500000000000007 0.9828125 0.3781250000000001 0.9828125
2 0.4078125000000001 0.7140625 0.3156250000000001 0.7140625 0.3156250000000001 0.8359375 0.4078125000000002 0.8359375
2 0.7453125 0.06250000000000008 0.671875 0.06250000000000008 0.671875 0.12343750000000009 0.7453125 0.12343750000000009
2 0.6203125 0.2531250000000001 0.5640625 0.2531250000000001 0.5640625 0.32500000000000007 0.6203125 0.32500000000000007
2 0.39375000000000004 0.22500000000000003 0.13593750000000004 0.225 0.13593750000000004 0.4546875 0.3937500000000001 0.4546875
2 0.4140625 0.39062500000000006 0.3625000000000001 0.390625 0.3625000000000001 0.4265625 0.4140625 0.4265625
2 0.44531250000000017 0.9578125 0.3781250000000001 0.9578125 0.3781250000000001 0.9921875 0.44531250000000017 0.9921875
2 0.8 0.7203125000000001 0.753125 0.7203125000000001 0.753125 0.7578125000000002 0.8 0.7578125000000002
2 0.3343750000000001 0.95 0.2890625000000001 0.95 0.2890625000000001 1 0.3343750000000001 1
2 0.459375 0.3843750000000001 0.3890625000000001 0.3843750000000001 0.3890625000000001 0.4453125 0.459375 0.4453125
2 0.60625 0.11718750000000008 0.5484375 0.11718750000000008 0.5484375 0.1593750000000001 0.60625 0.1593750000000001
2 0.8359375 0.88125 0.7890625000000002 0.88125 0.7890625000000002 0.9234375 0.8359375 0.9234375
2 0.2171875000000001 0.646875 0.1546875000000001 0.646875 0.1546875000000001 0.7375 0.2171875000000001 0.7375
2 0.571875 0.19375000000000006 0.5265625 0.19375000000000003 0.5265625 0.2687500000000001 0.571875 0.2687500000000001
2 0.7171875 0.3421875000000001 0.6734375 0.3421875000000001 0.6734375 0.3906250000000001 0.7171875 0.3906250000000001
2 0.5390625 0.29375000000000007 0.4796875 0.29375000000000007 0.4796875 0.3312500000000001 0.5390625 0.3312500000000001
2 0.525 0.3375000000000001 0.4734375 0.3375000000000001 0.4734375 0.3859375000000001 0.525 0.3859375000000001
2 0.58125 0.5921875 0.51875 0.5921875 0.51875 0.6484375 0.58125 0.6484375
2 0.15000000000000008 0.590625 0.10468750000000009 0.590625 0.10468750000000009 0.65625 0.15000000000000008 0.65625
2 0.6609375000000002 0.7765625 0.6203125000000002 0.7765625 0.6203125000000002 0.8140625 0.6609375000000002 0.8140625
2 0.859375 0.10000000000000009 0.7625 0.10000000000000009 0.7625 0.17343750000000008 0.859375 0.17343750000000008
2 0.5203125000000002 0.7859375 0.4578125000000002 0.7859375 0.4578125000000002 0.8296875 0.5203125000000002 0.8296875
2 0.196875 0.04218750000000002 0.1109375 0.04218750000000001 0.1109375 0.12500000000000003 0.196875 0.12500000000000006
2 0.7250000000000002 0.7296875 0.6718750000000002 0.7296875 0.6718750000000002 0.771875 0.7250000000000002 0.771875
2 0.284375 2.784157957436561e-17 0.1703125 2.085726579797836e-17 0.1703125 0.08906250000000003 0.284375 0.08906250000000004
2 0.39843750000000006 0.34375000000000006 0.334375 0.34375 0.33437500000000003 0.39687500000000003 0.3984375000000001 0.3968750000000001
2 0.8765625 0.86875 0.8296875 0.86875 0.8296875 0.9109375 0.8765625 0.9109375
2 0.23750000000000004 0.2234375 0.09062500000000002 0.2234375 0.09062500000000004 0.3671875 0.2375000000000001 0.3671875
2 0.571875 0.15312500000000007 0.534375 0.15312500000000004 0.534375 0.19687500000000008 0.571875 0.19687500000000008
2 0.8125 0.8 0.7734375000000002 0.8 0.7734375000000002 0.84375 0.8125 0.84375
2 0.4703125000000002 0.88125 0.4265625000000002 0.88125 0.4265625000000002 0.9140625 0.4703125000000002 0.9140625
2 0.6859375000000002 0.7453125 0.6468750000000002 0.7453125 0.6468750000000002 0.79375 0.6859375000000002 0.79375
2 0.6484375000000002 0.74375 0.6218750000000002 0.74375 0.6218750000000002 0.778125 0.6484375000000002 0.778125
2 0.746875 0.034375000000000086 0.69375 0.034375000000000086 0.69375 0.0750000000000001 0.746875 0.0750000000000001
2 0.4203125 0.3109375000000001 0.3921875 0.3109375000000001 0.3921875 0.3703125000000001 0.4203125 0.3703125000000001
2 0.4953125 0.3078125000000001 0.4546875 0.3078125000000001 0.4546875 0.34843750000000007 0.4953125 0.34843750000000007
2 0.5765625 4.6115606030392513e-17 0.1765625 2.1622670047445454e-17 0.1765625 0.25000000000000006 0.5765625 0.2500000000000001
2 0.43437500000000007 0.6125 0.2718750000000001 0.6125 0.2718750000000001 0.7484375 0.4343750000000002 0.7484375
2 0.37187500000000007 0.5328125 0.32500000000000007 0.5328125 0.32500000000000007 0.6125 0.37187500000000007 0.6125
2 0.578125 0.490625 0.534375 0.490625 0.534375 0.54375 0.578125 0.54375
2 0.5765625 0.4578125 0.546875 0.4578125 0.546875 0.49375 0.5765625 0.49375
2 0.6125 0.565625 0.5703125 0.565625 0.5703125 0.60625 0.6125 0.60625
2 0.678125 0.05937500000000008 0.6109375 0.05937500000000007 0.6109375 0.1390625000000001 0.678125 0.1390625000000001