2 0.678125 0.6265625 0.6390625 0.6265625 0.6390625 0.684375 0.678125 0.684375
2 0.4593750000000001 0.721875 0.4234375 0.721875 0.4234375000000001 0.7546875 0.4593750000000002 0.7546875
2 0.3578125 0.2046875 0.3140625 0.2046875 0.3140625 0.246875 0.3578125 0.246875
2 0.9859375 0.7859375000000002 0.8984375 0.7859375000000002 0.8984375 0.85625 0.9859375 0.85625
2 0.7609375 8.849986634463295e-17 0.684375 8.381176531664698e-17 0.684375 0.05468750000000009 0.7609375 0.05468750000000009
2 0.7734375 0.43437500000000007 0.6515625 0.434375 0.6515625 0.5390625000000001 0.7734375 0.5390625000000002
2 0.5953125000000001 0.696875 0.50625 0.696875 0.5062500000000001 0.765625 0.5953125000000001 0.765625
2 0.7265625 0.5250000000000001 0.6515625 0.525 0.6515625 0.5750000000000001 0.7265625 0.5750000000000002
2 0.815625 0.2875000000000001 0.6890625 0.2875000000000001 0.6890625 0.4093750000000001 0.815625 0.40937500000000016
2 0.6453125 0.10781250000000009 0.5875 0.10781250000000009 0.5875 0.16406250000000008 0.6453125 0.16406250000000008
2 0.9109375 0.0250000000000001 0.7578125 0.025000000000000088 0.7578125 0.2156250000000001 0.9109375 0.2156250000000001
2 0.6703125 0.3890625000000001 0.5890625 0.3890625000000001 0.5890625 0.490625 0.6703125 0.490625
2 1 0.7968750000000002 0.9078125 0.7968750000000002 0.9078125 0.8953125 1 0.8953125
2 0.925 0.3140625000000001 0.83125 0.3140625000000001 0.83125 0.4109375000000002 0.925 0.4109375000000002
2 0.68125 0.07187500000000009 0.6359375 0.07187500000000009 0.6359375 0.12500000000000008 0.68125 0.12500000000000008
2 0.6328125 0.48125 0.56875 0.48125 0.56875 0.5328125 0.6328125 0.5328125
2 0.803125 9.510147799628666e-17 0.75 9.18485099360515e-17 0.75 0.0390625000000001 0.803125 0.0390625000000001
2 0.7015625 8.37160897854636e-17 0.665625 8.15155525682457e-17 0.665625 0.03593750000000008 0.7015625 0.03593750000000009
2 0.7265625 0.10781250000000009 0.6265625 0.10781250000000009 0.6265625 0.24218750000000008 0.7265625 0.24218750000000008
2 0.3375000000000001 0.8890625 0.2562500000000001 0.8890625 0.2562500000000001 0.9546875 0.3375000000000001 0.9546875
2 0.4546875000000001 0.66875 0.3937500000000001 0.66875 0.3937500000000001 0.746875 0.4546875000000002 0.746875
2 0.9234375 0.5265625 0.6421875 0.5265625 0.6421875000000001 0.7781250000000001 0.9234375 0.7781250000000002
2 0.675 0.55625 0.6171875 0.55625 0.6171875 0.5953125 0.675 0.5953125
2 0.246875 0.19375000000000003 0.19531250000000006 0.19375000000000003 0.19531250000000006 0.234375 0.246875 0.234375
2 0.6484375 0.5359375 0.5703125 0.5359375 0.5703125 0.603125 0.6484375 0.603125
2 0.47187500000000016 0.85 0.40937500000000016 0.85 0.40937500000000016 0.8953125 0.47187500000000016 0.8953125
2 0.2078125 0.014062500000000023 0.15625 0.014062500000000016 0.15625 0.06093750000000002 0.2078125 0.06093750000000002
2 0.903125 0.2171875000000001 0.8359375 0.2171875000000001 0.8359375 0.3156250000000001 0.903125 0.3156250000000001
2 0.49531250000000016 0.7296875 0.44531250000000017 0.7296875 0.44531250000000017 0.8109375 0.49531250000000016 0.8109375
2 0.3359375000000001 0.596875 0.2875000000000001 0.596875 0.2875000000000001 0.65 0.3359375000000001 0.65
2 0.546875 0.6609375 0.4828125 0.6609375 0.4828125 0.7015625 0.546875 0.7015625
2 0.553125 0.6015625 0.4953125 0.6015625 0.4953125 0.6546875 0.553125 0.6546875
2 0.503125 0.3156250000000001 0.4359375 0.3156250000000001 0.4359375 0.3765625000000001 0.503125 0.3765625000000001
2 0.959375 0.3046875000000001 0.909375 0.3046875000000001 0.909375 0.3765625000000001 0.959375 0.3765625000000001
2 0.3921875 0.13281250000000006 0.3484375 0.13281250000000006 0.3484375 0.17343750000000005 0.3921875 0.17343750000000005
2 0.2375000000000001 0.834375 0.1312500000000001 0.834375 0.13125000000000012 0.9140625 0.2375000000000001 0.9140625
2 0.5703125 0.11562500000000006 0.5015625 0.11562500000000005 0.5015625 0.16250000000000006 0.5703125 0.1625000000000001
2 0.9515625 0.8875 0.85625 0.8875 0.85625 0.978125 0.9515625 0.978125
2 0.3359375 0.17812500000000003 0.2765625 0.17812500000000003 0.2765625 0.225 0.3359375 0.225
2 0.8828125 0.9265625 0.7750000000000001 0.9265625 0.7750000000000001 1 0.8828125 1
2 0.7078125 0.590625 0.6375 0.590625 0.6375 0.6484375 0.7078125 0.6484375
2 0.1640625 0.026562500000000017 0.1125 0.02656250000000001 0.1125 0.07343750000000002 0.1640625 0.07343750000000002
2 0.9734375 0.6234375000000002 0.8125 0.6234375000000002 0.8125 0.7796875000000002 0.9734375 0.7796875000000002
2 0.48750000000000016 0.8078125 0.4468750000000002 0.8078125 0.4468750000000002 0.85625 0.48750000000000016 0.85625
2 0.225 0.09843750000000002 0.1828125 0.09843750000000002 0.1828125 0.14687500000000003 0.225 0.14687500000000003
2 0.60625 0.02343750000000007 0.5578125 0.023437500000000066 0.5578125 0.05937500000000007 0.60625 0.05937500000000007
2 0.3640625 0.15468750000000003 0.321875 0.15468750000000003 0.321875 0.20781250000000004 0.3640625 0.2078125000000001
2 0.390625 0.17187500000000006 0.3625 0.17187500000000006 0.3625 0.20937500000000003 0.390625 0.2093750000000001
2 0.3125000000000001 0.940625 0.25468750000000007 0.940625 0.25468750000000007 0.9859375 0.3125000000000001 0.9859375
2 0.64375 0.61875 0.6125 0.61875 0.6125 0.6828125 0.64375 0.6828125
2 0.5734375 0.64375 0.5296875 0.64375 0.5296875 0.6875 0.5734375 0.6875
2 0.8796875 0.7500000000000001 0.44843750000000016 0.75 0.44843750000000016 1 0.8796875 1
2 0.775 0.2062500000000001 0.596875 0.2062500000000001 0.596875 0.3546875000000001 0.775 0.3546875000000001
2 0.7171875 0.3531250000000001 0.665625 0.3531250000000001 0.665625 0.4390625 0.7171875 0.4390625
2 0.4859375 0.4296875 0.4375 0.4296875 0.4375 0.4875 0.4859375 0.4875
2 0.4734375 0.484375 0.440625 0.484375 0.440625 0.5234375 0.4734375 0.5234375
2 0.446875 0.3609375000000001 0.4 0.3609375000000001 0.4 0.40625 0.446875 0.40625
2 0.4031250000000002 0.871875 0.3296875000000001 0.871875 0.3296875000000001 0.959375 0.4031250000000002 0.959375