2 0.4046875 0.27812500000000007 0.365625 0.27812500000000007 0.365625 0.3343750000000001 0.4046875 0.3343750000000001
2 0.6140625 0.2078125000000001 0.5796875 0.2078125000000001 0.5796875 0.2406250000000001 0.6140625 0.2406250000000001
2 0.7203125000000001 0.7046875 0.678125 0.7046875 0.6781250000000001 0.7453125 0.7203125000000001 0.7453125
2 0.1515625 0.109375 0.06562500000000002 0.109375 0.06562500000000002 0.178125 0.1515625 0.178125
2 0.3593750000000001 0.890625 0.2843750000000001 0.890625 0.2843750000000001 0.946875 0.3593750000000001 0.946875
2 0.3921875000000001 0.4171875 0.2734375000000001 0.4171875 0.2734375000000001 0.5203125 0.3921875000000001 0.5203125
2 0.534375 0.19843750000000004 0.446875 0.19843750000000004 0.446875 0.2656250000000001 0.534375 0.2656250000000001
2 0.3906250000000001 0.384375 0.31718750000000007 0.384375 0.31718750000000007 0.4328125 0.3906250000000001 0.4328125
2 0.3546875000000001 0.5453125 0.2312500000000001 0.5453125 0.2312500000000001 0.6640625 0.3546875000000001 0.6640625
2 0.4546875000000002 0.7859375 0.3984375000000001 0.7859375 0.3984375000000001 0.840625 0.4546875000000002 0.840625
2 0.2875000000000001 0.734375 0.1375000000000001 0.734375 0.13750000000000012 0.9203125 0.2875000000000001 0.9203125
2 0.4515625 0.465625 0.37187500000000007 0.465625 0.37187500000000007 0.5640625 0.4515625 0.5640625
2 0.1421875 0.07031250000000001 0.04843750000000001 0.0703125 0.048437500000000015 0.1671875 0.1421875 0.1671875
2 0.2156250000000001 0.54375 0.12500000000000006 0.54375 0.12500000000000006 0.6390625 0.2156250000000001 0.6390625
2 0.4078125000000002 0.8234375 0.36406250000000007 0.8234375 0.36406250000000007 0.8765625 0.4078125000000002 0.8765625
2 0.471875 0.425 0.409375 0.425 0.409375 0.475 0.471875 0.475
2 0.3000000000000001 0.9078125 0.24375000000000008 0.9078125 0.24375000000000008 0.959375 0.3000000000000001 0.959375
2 0.3843750000000001 0.909375 0.3281250000000001 0.909375 0.3281250000000001 0.9953125 0.3843750000000001 0.9953125
2 0.4156250000000001 0.709375 0.31718750000000007 0.709375 0.31718750000000007 0.840625 0.4156250000000002 0.840625
2 0.778125 0.014062500000000089 0.6984375 0.014062500000000084 0.6984375 0.07812500000000008 0.778125 0.07812500000000008
2 0.64375 0.2156250000000001 0.584375 0.2156250000000001 0.584375 0.2921875000000001 0.64375 0.2921875000000001
2 0.4015625 0.18593750000000003 0.12656250000000005 0.1859375 0.12656250000000005 0.43125 0.4015625 0.43125
2 0.425 0.36406250000000007 0.3687500000000001 0.36406250000000007 0.3687500000000001 0.4015625 0.425 0.4015625
2 0.45625000000000016 0.96875 0.3843750000000001 0.96875 0.3843750000000001 1 0.45625000000000016 1
2 0.8375 0.7156250000000002 0.7875 0.7156250000000002 0.7875000000000001 0.7546875000000002 0.8375 0.7546875000000002
2 0.3390625000000001 0.9609375 0.2906250000000001 0.9609375 0.2906250000000001 1 0.3390625000000001 1
2 0.471875 0.35625000000000007 0.396875 0.35625000000000007 0.39687500000000003 0.421875 0.471875 0.421875
2 0.628125 0.07031250000000007 0.5671875 0.07031250000000007 0.5671875 0.11562500000000009 0.628125 0.11562500000000009
2 0.875 0.8859375 0.825 0.8859375 0.825 0.93125 0.875 0.93125
2 0.21250000000000008 0.6375 0.1468750000000001 0.6375 0.1468750000000001 0.734375 0.21250000000000008 0.734375
2 0.5921875 0.15312500000000007 0.54375 0.15312500000000004 0.54375 0.2328125000000001 0.5921875 0.2328125000000001
2 0.746875 0.3109375000000001 0.7 0.3109375000000001 0.7 0.3625000000000001 0.746875 0.3625000000000001
2 0.55625 0.2609375000000001 0.49375 0.2609375000000001 0.49375 0.3000000000000001 0.55625 0.3000000000000001
2 0.54375 0.3062500000000001 0.4875 0.3062500000000001 0.4875 0.3593750000000001 0.54375 0.3593750000000001
2 0.6015625 0.5765625 0.5359375 0.5765625 0.5359375 0.6375 0.6015625 0.6375
2 0.14062500000000008 0.5765625 0.09218750000000006 0.5765625 0.09218750000000007 0.646875 0.14062500000000008 0.646875
2 0.6875000000000002 0.7765625 0.6437500000000002 0.7765625 0.6437500000000002 0.815625 0.6875000000000002 0.815625
2 0.8984375 0.0531250000000001 0.7953125 0.05312500000000009 0.7953125 0.1312500000000001 0.8984375 0.1312500000000001
2 0.5375000000000002 0.7859375 0.4703125000000002 0.7859375 0.4703125000000002 0.8328125 0.5375000000000002 0.8328125
2 0.190625 1.769997326892659e-17 0.0984375 1.2055116929106758e-17 0.0984375 0.07812500000000003 0.190625 0.07812500000000003
2 0.7562500000000001 0.7250000000000001 0.6984375 0.725 0.6984375 0.7703125000000001 0.7562500000000002 0.7703125000000002
2 0.40625 0.31250000000000006 0.3375 0.3125 0.3375 0.36875 0.40625 0.3687500000000001
2 0.9171875 0.8734375 0.8671875 0.8734375 0.8671875 0.91875 0.9171875 0.91875
2 0.234375 0.184375 0.07812500000000003 0.184375 0.07812500000000003 0.3375 0.234375 0.3375
2 0.5921875 0.10937500000000008 0.553125 0.10937500000000008 0.553125 0.15625000000000008 0.5921875 0.15625000000000008
2 0.85 0.8015625 0.8078125 0.8015625 0.8078125 0.8484375 0.85 0.8484375
2 0.4828125000000002 0.8859375 0.4359375000000002 0.8859375 0.4359375000000002 0.921875 0.4828125000000002 0.921875
2 0.7140625000000002 0.7421875 0.6718750000000002 0.7421875 0.6718750000000002 0.79375 0.7140625000000002 0.79375
2 0.6734375000000001 0.740625 0.6453125000000002 0.740625 0.6453125000000002 0.7765625 0.6734375000000001 0.7765625
2 0.7765625 9.18485099360515e-17 0.7234375 8.859554187581634e-17 0.7234375 0.026562500000000093 0.7765625 0.0265625000000001
2 0.4296875 0.2796875000000001 0.3984375 0.2796875000000001 0.3984375 0.3421875000000001 0.4296875 0.3421875000000001
2 0.5109375 0.2734375000000001 0.4671875 0.2734375000000001 0.4671875 0.31718750000000007 0.5109375 0.31718750000000007
2 0.578125 4.5732903905658965e-17 0.16875 2.0665914735611586e-17 0.16875 0.21250000000000005 0.578125 0.21250000000000008
2 0.4453125000000001 0.6 0.2718750000000001 0.6 0.2718750000000001 0.7453125 0.44531250000000017 0.7453125
2 0.37968750000000007 0.515625 0.3281250000000001 0.515625 0.3281250000000001 0.6 0.37968750000000007 0.6
2 0.6 0.46875 0.553125 0.46875 0.553125 0.5265625 0.6 0.5265625
2 0.596875 0.434375 0.565625 0.434375 0.565625 0.471875 0.596875 0.471875
2 0.6359375 0.5484375 0.590625 0.5484375 0.590625 0.5921875 0.6359375 0.5921875
2 0.7046875 0.009375000000000081 0.6328125 0.009375000000000078 0.6328125 0.09375000000000008 0.7046875 0.09375000000000008