2 0.7640625 0.4140625000000001 0.725 0.4140625 0.725 0.4718750000000001 0.7640625 0.47187500000000016
2 0.8296875 9.012635037475052e-17 0.6421875 7.864528663274409e-17 0.6421875 0.13437500000000008 0.8296875 0.13437500000000008
2 1 0.5812500000000002 0.9375 0.5812500000000002 0.9375 0.6500000000000001 1 0.6500000000000001
2 0.20468750000000008 0.65 0.12343750000000009 0.65 0.12343750000000009 0.7453125 0.20468750000000008 0.7453125
2 0.41875 0.490625 0.2968750000000001 0.490625 0.2968750000000001 0.528125 0.41875 0.528125
2 0.3750000000000001 0.521875 0.2984375000000001 0.521875 0.2984375000000001 0.5578125 0.3750000000000001 0.5578125
2 0.8265625 0.7343750000000001 0.7062500000000002 0.734375 0.7062500000000002 0.8328125 0.8265625 0.8328125
2 0.2593750000000001 0.56875 0.1906250000000001 0.56875 0.1906250000000001 0.6296875 0.2593750000000001 0.6296875
2 0.6328125 0.13437500000000008 0.45 0.13437500000000005 0.45 0.25468750000000007 0.6328125 0.25468750000000007
2 0.5 0.33281250000000007 0.4015625 0.33281250000000007 0.4015625 0.4296875 0.5 0.4296875
2 0.7234375 0.3968750000000001 0.621875 0.3968750000000001 0.621875 0.509375 0.7234375 0.509375
2 0.709375 0.25468750000000007 0.5546875 0.25468750000000007 0.5546875 0.4359375 0.709375 0.4359375
2 0.3515625000000001 0.425 0.18906250000000005 0.425 0.18906250000000008 0.5484375 0.3515625000000001 0.5484375
2 0.2953125000000001 0.6328125 0.24218750000000008 0.6328125 0.24218750000000008 0.68125 0.2953125000000001 0.68125
2 0.3968750000000001 0.421875 0.3500000000000001 0.421875 0.3500000000000001 0.4921875 0.3968750000000001 0.4921875
2 0.7640625 0.2562500000000001 0.7046875 0.2562500000000001 0.7046875 0.31718750000000007 0.7640625 0.31718750000000007
2 0.40312500000000007 0.703125 0.3609375000000001 0.703125 0.3609375000000001 0.75 0.4031250000000002 0.75
2 0.5625 0.3265625000000001 0.471875 0.3265625000000001 0.471875 0.4328125 0.5625 0.4328125
2 0.9640625 1.0897443001787775e-16 0.815625 9.9885254555456e-17 0.815625 0.0906250000000001 0.9640625 0.09062500000000011
2 0.6296875 0.4203125 0.578125 0.4203125 0.578125 0.490625 0.6296875 0.490625
2 0.7421875 0.3453125000000001 0.690625 0.3453125000000001 0.690625 0.3906250000000001 0.7421875 0.3906250000000001
2 0.7953125 0.5546875000000002 0.7484375 0.5546875000000002 0.7484375 0.6078125000000002 0.7953125 0.6078125000000002
2 1 0.47656250000000017 0.8046875 0.47656250000000017 0.8046875 0.6640625000000002 1 0.6640625000000002
2 0.3359375000000001 0.5890625 0.2765625000000001 0.5890625 0.2765625000000001 0.6421875 0.3359375000000001 0.6421875
2 0.3031250000000001 0.559375 0.2468750000000001 0.559375 0.2468750000000001 0.61875 0.3031250000000001 0.61875
2 0.521875 0.2890625000000001 0.4484375 0.2890625000000001 0.4484375 0.3390625000000001 0.521875 0.3390625000000001
2 0.3765625000000001 0.9359375 0.3156250000000001 0.9359375 0.3156250000000001 1 0.3765625000000001 1
2 0.484375 0.14218750000000005 0.1828125 0.14218750000000005 0.18281250000000002 0.4421875 0.484375 0.4421875
2 0.6828125 6.496368567351975e-17 0.378125 4.63069570927593e-17 0.378125 0.15312500000000007 0.6828125 0.1531250000000001
2 1 0.34843750000000007 0.925 0.34843750000000007 0.925 0.46875000000000017 1 0.46875000000000017
2 0.6078125 0.2562500000000001 0.5140625 0.2562500000000001 0.5140625 0.3781250000000001 0.6078125 0.3781250000000001
2 0.4750000000000001 0.690625 0.41875 0.690625 0.41875000000000007 0.73125 0.4750000000000002 0.73125
2 0.2062500000000001 0.54375 0.07500000000000007 0.54375 0.07500000000000008 0.70625 0.2062500000000001 0.70625
2 0.5843750000000002 0.753125 0.5078125000000002 0.753125 0.5078125000000002 0.821875 0.5843750000000002 0.821875
2 0.909375 0.7312500000000002 0.80625 0.7312500000000002 0.80625 0.815625 0.909375 0.815625
2 0.7250000000000002 0.9328125 0.6062500000000002 0.9328125 0.6062500000000002 1 0.7250000000000002 1
2 0.4781250000000002 0.89375 0.4125000000000002 0.89375 0.4125000000000002 0.95625 0.4781250000000002 0.95625
2 0.5984375000000001 0.6859375 0.5328125 0.6859375 0.5328125000000001 0.753125 0.5984375000000002 0.753125
2 0.7046875000000001 0.6171875 0.575 0.6171875 0.5750000000000001 0.796875 0.7046875000000001 0.796875
2 0.5234375000000001 0.7 0.4296875 0.7 0.4296875000000001 0.8 0.5234375000000002 0.8
2 0.5859375 0.5734375 0.5484375 0.5734375 0.5484375 0.6421875 0.5859375 0.6421875
2 0.453125 0.428125 0.3859375000000001 0.428125 0.3859375000000001 0.4890625 0.453125 0.4890625
2 0.8375 0.12343750000000009 0.59375 0.12343750000000009 0.59375 0.2531250000000001 0.8375 0.2531250000000001
2 0.865625 0.9265625 0.7578125000000002 0.9265625 0.7578125000000002 1 0.865625 1
2 0.6703125 0.565625 0.5703125 0.565625 0.5703125 0.678125 0.6703125 0.678125
2 0.8609375 0.80625 0.7656250000000002 0.80625 0.7656250000000002 0.921875 0.8609375 0.921875
2 0.915625 0.0718750000000001 0.815625 0.07187500000000009 0.815625 0.1640625000000001 0.915625 0.16406250000000014
2 0.8234375 0.3750000000000001 0.7578125 0.3750000000000001 0.7578125 0.4343750000000002 0.8234375 0.4343750000000002
2 0.80625 0.3296875000000001 0.753125 0.3296875000000001 0.753125 0.3828125000000001 0.80625 0.3828125000000001
2 0.5953125 0.5078125 0.5359375 0.5078125 0.5359375 0.5828125 0.5953125 0.5828125
2 0.503125 0.6296875 0.428125 0.6296875 0.428125 0.6890625 0.503125 0.6890625
2 0.50625 0.5703125 0.4515625 0.5703125 0.4515625 0.6171875 0.50625 0.6171875