2 0.27031250000000007 0.5453125 0.2328125000000001 0.5453125 0.2328125000000001 0.6015625 0.27031250000000007 0.6015625
2 0.3515625000000001 0.8703125 0.1703125000000001 0.8703125 0.17031250000000012 1 0.3515625000000001 1
2 0.06406250000000005 0.371875 4.55415528432922e-17 0.371875 4.9559925152994457e-17 0.4375 0.06406250000000005 0.4375
2 0.8546875 0.2812500000000001 0.775 0.2812500000000001 0.775 0.3734375000000001 0.8546875 0.3734375000000001
2 0.6859375 0.490625 0.56875 0.490625 0.56875 0.5265625 0.6859375 0.5265625
2 0.684375 0.4609375 0.6109375 0.4609375 0.6109375 0.4953125 0.684375 0.4953125
2 0.2890625 0.19531250000000003 0.17187500000000006 0.1953125 0.17187500000000006 0.290625 0.2890625 0.290625
2 0.7875 0.3921875000000001 0.721875 0.3921875000000001 0.721875 0.4515625000000001 0.7875 0.4515625000000002
2 0.5375000000000002 0.7546875 0.3609375000000001 0.7546875 0.3609375000000001 0.871875 0.5375000000000002 0.871875
2 0.584375 0.5859375 0.4890625 0.5859375 0.4890625 0.6796875 0.584375 0.6796875
2 0.37187500000000007 0.509375 0.2734375000000001 0.509375 0.2734375000000001 0.6171875 0.37187500000000007 0.6171875
2 0.4375000000000001 0.5796875 0.2875000000000001 0.5796875 0.2875000000000001 0.7546875 0.43750000000000017 0.7546875
2 0.790625 0.4703125000000001 0.634375 0.4703125 0.634375 0.5890625 0.790625 0.5890625000000002
2 0.7390625 0.3421875000000001 0.6875 0.3421875000000001 0.6875 0.3890625000000001 0.7390625 0.3890625000000001
2 0.634375 0.525 0.5890625 0.525 0.5890625 0.59375 0.634375 0.59375
2 0.2906250000000001 0.69375 0.2328125000000001 0.69375 0.2328125000000001 0.753125 0.2906250000000001 0.753125
2 0.625 0.2750000000000001 0.5828125 0.2750000000000001 0.5828125 0.3203125000000001 0.625 0.3203125000000001
2 0.5171875 0.5828125 0.4296875 0.5828125 0.4296875 0.684375 0.5171875 0.684375
2 0.18281250000000013 0.9125 0.03906250000000011 0.9125 0.03906250000000012 1 0.18281250000000013 1
2 0.4140625 0.525 0.36406250000000007 0.525 0.36406250000000007 0.59375 0.4140625 0.59375
2 0.3046875000000001 0.6234375 0.25468750000000007 0.6234375 0.25468750000000007 0.6671875 0.3046875000000001 0.6671875
2 0.2484375000000001 0.4140625 0.20312500000000008 0.4140625 0.20312500000000008 0.465625 0.2484375000000001 0.465625
2 0.19218750000000004 0.3578125 4.3819393281991234e-17 0.3578125 5.501343043044751e-17 0.540625 0.19218750000000004 0.540625
2 0.7046875 0.37968750000000007 0.6484375 0.37968750000000007 0.6484375 0.43125 0.7046875 0.43125
2 0.734375 0.40312500000000007 0.6796875 0.403125 0.6796875 0.4609375000000001 0.734375 0.46093750000000017
2 0.540625 0.6734375 0.46875 0.6734375 0.46875 0.721875 0.540625 0.721875
2 0.6671875 0.014062500000000078 0.6078125 0.014062500000000071 0.6078125 0.09531250000000008 0.6671875 0.09531250000000009
2 0.7968750000000001 0.5734375 0.5046875 0.5734375 0.5046875000000001 0.8640625 0.7968750000000002 0.8640625
2 0.6062500000000002 0.853125 0.3125000000000001 0.853125 0.3125000000000001 1 0.6062500000000002 1
2 0.07656250000000007 0.546875 6.697287182837088e-17 0.546875 7.405286113594152e-17 0.6625 0.07656250000000009 0.6625
2 0.4765625000000001 0.634375 0.3843750000000001 0.634375 0.3843750000000001 0.753125 0.47656250000000017 0.753125
2 0.56875 0.29375000000000007 0.5140625 0.29375000000000007 0.5140625 0.33281250000000007 0.56875 0.33281250000000007
2 0.9 0.3187500000000001 0.7734375 0.3187500000000001 0.7734375 0.47656250000000017 0.9 0.47656250000000017
2 0.48125 0.2062500000000001 0.40625 0.2062500000000001 0.40625 0.2734375000000001 0.48125 0.2734375000000001
2 0.19375000000000003 0.2125 0.09375000000000003 0.2125 0.09375000000000003 0.29375 0.19375000000000003 0.29375
2 0.390625 4.0375074159389303e-17 0.26875 3.2912382727085115e-17 0.26875 0.09687500000000003 0.390625 0.09687500000000004
2 0.5734375 0.07500000000000007 0.5109375 0.07500000000000007 0.5109375 0.13593750000000007 0.5734375 0.1359375000000001
2 0.4578125 0.2718750000000001 0.39375 0.2718750000000001 0.39375 0.3375000000000001 0.4578125 0.3375000000000001
2 0.415625 0.22968750000000004 0.290625 0.2296875 0.290625 0.403125 0.415625 0.403125
2 0.5578125 0.22656250000000008 0.4671875 0.22656250000000008 0.4671875 0.3234375000000001 0.5578125 0.3234375000000001
2 0.4421875 0.37968750000000007 0.40625 0.37968750000000007 0.40625 0.446875 0.4421875 0.446875
2 0.3078125 3.2721031664718344e-17 0.2265625 2.7745904043182222e-17 0.2265625 0.023437500000000035 0.3078125 0.023437500000000038
2 0.6 0.528125 0.5359375 0.528125 0.5359375 0.5875 0.6 0.5875
2 0.3984375000000001 0.75625 0.1625000000000001 0.75625 0.1625000000000001 0.88125 0.3984375000000001 0.88125
2 0.2390625 2.2866451952829482e-17 0.134375 1.6456191363542558e-17 0.134375 0.10312500000000002 0.2390625 0.10312500000000005
2 0.421875 0.34375000000000006 0.325 0.34375 0.32500000000000007 0.453125 0.421875 0.453125
2 0.2328125 0.10937500000000003 0.140625 0.109375 0.14062500000000003 0.2203125 0.2328125 0.2203125
2 0.1828125000000001 0.84375 0.08593750000000011 0.84375 0.08593750000000011 0.9328125 0.18281250000000013 0.9328125
2 0.2406250000000001 0.58125 0.1765625000000001 0.58125 0.1765625000000001 0.6390625 0.2406250000000001 0.6390625
2 0.2453125000000001 0.6296875 0.1937500000000001 0.6296875 0.1937500000000001 0.68125 0.2453125000000001 0.68125
2 0.4546875 0.4390625 0.3968750000000001 0.4390625 0.3968750000000001 0.5109375 0.4546875 0.5109375
2 0.559375 0.3343750000000001 0.4859375 0.3343750000000001 0.4859375 0.3921875000000001 0.559375 0.3921875000000001
2 0.5359375 0.403125 0.4828125 0.403125 0.4828125 0.4484375 0.5359375 0.4484375