2 0.6109375000000001 0.7375 0.5515625000000002 0.7375 0.5515625000000002 0.7765625 0.6109375000000001 0.7765625
2 1 0.6515625000000002 0.8953125 0.6515625000000002 0.8953125 0.8421875 1 0.8421875
2 0.4390625000000002 0.953125 0.3703125000000001 0.953125 0.3703125000000001 1 0.4390625000000002 1
2 0.371875 0.12500000000000006 0.275 0.12500000000000006 0.275 0.20781250000000004 0.371875 0.2078125000000001
2 0.5328125 0.30156250000000007 0.4953125 0.30156250000000007 0.4953125 0.425 0.5328125 0.425
2 0.5 0.30156250000000007 0.4640625 0.30156250000000007 0.4640625 0.37968750000000007 0.5 0.37968750000000007
2 0.2843750000000001 0.71875 0.1843750000000001 0.71875 0.1843750000000001 0.8421875 0.2843750000000001 0.8421875
2 0.453125 0.19375000000000003 0.3921875 0.19375000000000003 0.3921875 0.2640625000000001 0.453125 0.2640625000000001
2 0.896875 0.4578125000000002 0.7734375 0.4578125000000002 0.7734375 0.6437500000000002 0.896875 0.6437500000000002
2 0.69375 0.4078125 0.5953125 0.4078125 0.5953125 0.5078125 0.69375 0.5078125
2 0.628125 0.6328125 0.5140625 0.6328125 0.5140625000000001 0.7359375 0.6281250000000002 0.7359375
2 0.771875 0.5625000000000001 0.5875 0.5625 0.5875 0.7203125000000001 0.771875 0.7203125000000001
2 0.6 0.19062500000000007 0.475 0.19062500000000004 0.475 0.35625000000000007 0.6 0.35625000000000007
2 0.3890625 0.24531250000000004 0.3390625 0.2453125 0.3390625 0.2984375 0.3890625 0.2984375000000001
2 0.603125 0.3546875000000001 0.53125 0.3546875000000001 0.53125 0.403125 0.603125 0.403125
2 0.7718750000000001 0.7156250000000001 0.709375 0.715625 0.7093750000000001 0.7765625 0.7718750000000002 0.7765625000000002
2 0.3156250000000001 0.365625 0.2671875000000001 0.365625 0.2671875000000001 0.409375 0.3156250000000001 0.409375
2 0.7 0.478125 0.5921875 0.478125 0.5921875 0.5703125 0.7 0.5703125
2 1 0.8296875 0.9390625 0.8296875 0.9390625 0.971875 1 0.971875
2 0.603125 0.5875 0.53125 0.5875 0.53125 0.6390625 0.603125 0.6390625
2 0.6812500000000001 0.703125 0.634375 0.703125 0.6343750000000001 0.7546875 0.6812500000000001 0.7546875
2 0.4671875000000002 0.7609375 0.41406250000000017 0.7609375 0.41406250000000017 0.8078125 0.4671875000000002 0.8078125
2 0.5484375000000001 0.81875 0.35625000000000007 0.81875 0.35625000000000007 1 0.5484375000000001 1
2 0.4328125 0.2812500000000001 0.378125 0.2812500000000001 0.378125 0.34062500000000007 0.4328125 0.34062500000000007
2 0.4640625 0.2500000000000001 0.403125 0.2500000000000001 0.403125 0.3078125000000001 0.4640625 0.3078125000000001
2 0.7375 0.4546875000000001 0.6859375 0.4546875 0.6859375 0.5296875000000001 0.7375 0.5296875000000002
2 0.07968750000000005 0.3203125 3.922696778518866e-17 0.3203125 4.305398903252414e-17 0.3828125 0.07968750000000005 0.3828125
2 0.8875 0.1843750000000001 0.5828125 0.1843750000000001 0.5828125 0.4921875000000001 0.8875 0.49218750000000017
2 1 0.3843750000000001 0.875 0.3843750000000001 0.875 0.6671875000000002 1 0.6671875000000002
2 0.6765625000000002 0.940625 0.5546875000000002 0.940625 0.5546875000000002 1 0.6765625000000002 1
2 0.771875 0.5203125000000001 0.646875 0.5203125 0.646875 0.6171875000000001 0.771875 0.6171875000000002
2 0.3296875000000001 0.425 0.2890625000000001 0.425 0.2890625000000001 0.4828125 0.3296875000000001 0.4828125
2 0.4796875 0.07656250000000006 0.3140625 0.07656250000000005 0.3140625 0.20937500000000003 0.4796875 0.2093750000000001
2 0.2656250000000001 0.515625 0.19531250000000006 0.515625 0.19531250000000006 0.59375 0.2656250000000001 0.59375
2 0.2875000000000001 0.81875 0.2015625000000001 0.81875 0.2015625000000001 0.9234375 0.2875000000000001 0.9234375
2 0.08125000000000007 0.6125 7.500961644777538e-17 0.6125 8.285501000481311e-17 0.740625 0.08125000000000009 0.740625
2 0.12187500000000004 0.4203125 0.057812500000000044 0.4203125 0.05781250000000006 0.4859375 0.12187500000000004 0.4859375
2 0.3343750000000001 0.540625 0.2656250000000001 0.540625 0.2656250000000001 0.6078125 0.3343750000000001 0.6078125
2 0.4046875 0.5859375 0.2218750000000001 0.5859375 0.2218750000000001 0.7171875 0.4046875 0.7171875
2 0.3203125000000001 0.4359375 0.21875000000000008 0.4359375 0.21875000000000008 0.53125 0.3203125000000001 0.53125
2 0.4484375 0.5578125 0.3781250000000001 0.5578125 0.3781250000000001 0.5953125 0.4484375 0.5953125
2 0.596875 0.3921875000000001 0.534375 0.3921875000000001 0.534375 0.459375 0.596875 0.459375
2 0.90625 0.6031250000000001 0.775 0.6031250000000001 0.7750000000000001 0.8515625 0.90625 0.8515625
2 0.0875000000000001 0.7703125 9.433607374681956e-17 0.7703125 1.0103336092965665e-16 0.8796875 0.0875000000000001 0.8796875
2 0.45625 0.578125 0.3421875000000001 0.578125 0.3421875000000001 0.6796875 0.45625 0.6796875
2 0.21093750000000008 0.778125 0.09375000000000008 0.778125 0.0937500000000001 0.875 0.21093750000000008 0.875
2 0.959375 0.8296875 0.865625 0.8296875 0.865625 0.93125 0.959375 0.93125
2 0.6500000000000001 0.7703125 0.5890625000000002 0.7703125 0.5890625000000002 0.8375 0.6500000000000001 0.8375
2 0.6968750000000001 0.7640625 0.6421875000000001 0.7640625 0.6421875000000001 0.81875 0.6968750000000001 0.81875
2 0.515625 0.54375 0.4390625 0.54375 0.4390625 0.6046875 0.515625 0.6046875
2 0.3906250000000001 0.434375 0.3296875000000001 0.434375 0.3296875000000001 0.5109375 0.3906250000000001 0.5109375
2 0.4515625 0.459375 0.4046875 0.459375 0.4046875 0.515625 0.4515625 0.515625