2 0.44375 0.2828125000000001 0.378125 0.2828125000000001 0.378125 0.3593750000000001 0.44375 0.3593750000000001
2 0.7734375 0.2406250000000001 0.6828125 0.2406250000000001 0.6828125 0.3140625000000001 0.7734375 0.3140625000000001
2 0.6515625 0.15781250000000008 0.5875 0.15781250000000008 0.5875 0.20312500000000008 0.6515625 0.20312500000000008
2 0.765625 0.3703125000000001 0.6859375 0.3703125000000001 0.6859375 0.4687500000000001 0.765625 0.46875000000000017
2 0.684375 0.4109375 0.625 0.4109375 0.625 0.4765625 0.684375 0.4765625
2 0.59375 0.40625 0.5140625 0.40625 0.5140625 0.4765625 0.59375 0.4765625
2 0.53125 0.3000000000000001 0.4546875 0.3000000000000001 0.4546875 0.37187500000000007 0.53125 0.37187500000000007
2 0.3109375000000001 0.80625 0.2000000000000001 0.80625 0.2000000000000001 0.9625 0.3109375000000001 0.9625
2 0.86875 0.040625000000000105 0.7765625 0.0406250000000001 0.7765625 0.1515625000000001 0.86875 0.1515625000000001
2 0.6421875 0.3203125000000001 0.5828125 0.3203125000000001 0.5828125 0.3968750000000001 0.6421875 0.3968750000000001
2 0.8953125 1.0533875983290905e-16 0.825 1.0103336092965664e-16 0.825 0.046875000000000104 0.8953125 0.04687500000000011
2 0.4890625 0.12812500000000004 0.43125 0.12812500000000004 0.43125 0.18906250000000005 0.4890625 0.18906250000000005
2 0.55625 0.48125 0.4875 0.48125 0.4875 0.5515625 0.55625 0.5515625
2 0.59375 6.812097820257152e-17 0.51875 6.352855270576895e-17 0.51875 0.05468750000000007 0.59375 0.05468750000000007
2 0.9234375 0.9328125 0.8140625 0.9328125 0.8140625 1 0.9234375 1
2 0.8140625 0.9609375 0.7234375000000002 0.9609375 0.7234375000000002 1 0.8140625 1
2 0.734375 0.1781250000000001 0.6078125 0.1781250000000001 0.6078125 0.2656250000000001 0.734375 0.2656250000000001
2 0.915625 0.0875000000000001 0.8734375 0.0875000000000001 0.8734375 0.17031250000000012 0.915625 0.17031250000000014
2 0.5828125 0.2171875000000001 0.5328125 0.2171875000000001 0.5328125 0.2796875000000001 0.5828125 0.2796875000000001
2 0.5625 0.6109375 0.4828125 0.6109375 0.4828125 0.696875 0.5625 0.696875
2 0.390625 0.17343750000000005 0.334375 0.17343750000000005 0.334375 0.24531250000000004 0.390625 0.2453125000000001
2 0.5921875 0.27031250000000007 0.5296875 0.27031250000000007 0.5296875 0.3437500000000001 0.5921875 0.3437500000000001
2 0.7718750000000001 0.6656250000000001 0.7171875 0.665625 0.7171875000000001 0.7328125000000001 0.7718750000000002 0.7328125000000002
2 0.8171875 0.8875 0.7656250000000002 0.8875 0.7656250000000002 0.95625 0.8171875 0.95625
2 0.4640625 0.3781250000000001 0.3937500000000001 0.3781250000000001 0.3937500000000001 0.4375 0.4640625 0.4375
2 0.5890625 0.3359375000000001 0.5390625 0.3359375000000001 0.5390625 0.4109375 0.5890625 0.4109375
2 0.49218750000000017 0.878125 0.2828125000000001 0.878125 0.2828125000000001 0.9953125 0.49218750000000017 0.9953125
2 0.7640625 0.5796875000000001 0.6890625 0.5796875 0.6890625 0.6390625000000001 0.7640625 0.6390625000000002
2 0.6640625 0.04375000000000008 0.621875 0.04375000000000008 0.621875 0.09062500000000008 0.6640625 0.0906250000000001
2 0.93125 0.6984375000000002 0.828125 0.6984375000000002 0.828125 0.7937500000000002 0.93125 0.7937500000000002
2 0.8328125 9.510147799628666e-17 0.7203125 8.82128397510828e-17 0.7203125 0.0703125000000001 0.8328125 0.07031250000000011
2 0.7234375000000002 0.8171875 0.5125000000000002 0.8171875 0.5125000000000002 1 0.7234375000000002 1
2 0.6484375000000001 0.653125 0.5625 0.653125 0.5625000000000001 0.75625 0.6484375000000002 0.75625
2 0.4859375 0.4859375 0.4171875 0.4859375 0.4171875 0.55625 0.4859375 0.55625
2 0.9234375 0.2968750000000001 0.8515625 0.2968750000000001 0.8515625 0.3781250000000001 0.9234375 0.3781250000000001
2 0.2609375 0.228125 0.2265625 0.228125 0.2265625 0.278125 0.2609375 0.278125
2 0.7640625 0.503125 0.5375 0.503125 0.5375 0.64375 0.7640625 0.6437500000000002
2 0.8984375 0.11718750000000008 0.8328125 0.11718750000000008 0.8328125 0.1984375000000001 0.8984375 0.1984375000000001
2 0.5125 5.855342508423283e-17 0.44375 5.43437017121638e-17 0.44375 0.03906250000000006 0.5125 0.03906250000000007
2 0.715625 0.33281250000000007 0.6296875 0.33281250000000007 0.6296875 0.4203125 0.715625 0.4203125
2 0.5875000000000001 0.90625 0.4734375000000002 0.90625 0.4734375000000002 1 0.5875000000000001 1
2 0.48437500000000017 0.7296875 0.2953125000000001 0.7296875 0.2953125000000001 0.9 0.48437500000000017 0.9
2 0.11562500000000005 0.4109375 0.07968750000000005 0.4109375 0.07968750000000005 0.4921875 0.11562500000000005 0.4921875
2 0.37031250000000004 0.31562500000000004 0.284375 0.315625 0.28437500000000004 0.37031250000000004 0.3703125000000001 0.3703125000000001
2 0.8453125 0.3390625000000001 0.753125 0.3390625000000001 0.753125 0.42500000000000016 0.8453125 0.42500000000000016
2 0.7203125 0.06250000000000008 0.6703125 0.06250000000000008 0.6703125 0.11093750000000009 0.7203125 0.11093750000000009
2 0.6421875 0.3890625000000001 0.590625 0.3890625000000001 0.590625 0.434375 0.6421875 0.434375
2 0.959375 0.3890625000000001 0.7546875 0.3890625000000001 0.7546875 0.5843750000000002 0.959375 0.5843750000000002
2 0.4703125 0.55625 0.4125 0.55625 0.4125 0.6078125 0.4703125 0.6078125
2 0.4703125 0.3187500000000001 0.4078125 0.3187500000000001 0.4078125 0.3812500000000001 0.4703125 0.3812500000000001
2 0.31718750000000007 0.4640625 0.2640625000000001 0.4640625 0.2640625000000001 0.521875 0.31718750000000007 0.521875
2 0.5843750000000001 0.715625 0.5 0.715625 0.5000000000000001 0.76875 0.5843750000000002 0.76875
2 0.8640625 0.2000000000000001 0.7640625 0.2000000000000001 0.7640625 0.2796875000000001 0.8640625 0.2796875000000001