2 0.7171875 0.3828125000000001 0.640625 0.3828125000000001 0.640625 0.45 0.7171875 0.45
2 0.7593750000000001 0.6921875000000001 0.684375 0.6921875 0.6843750000000001 0.784375 0.7593750000000001 0.7843750000000002
2 0.8453125 0.5953125000000001 0.7984375 0.5953125000000001 0.7984375 0.6593750000000002 0.8453125 0.6593750000000002
2 0.628125 0.6953125 0.528125 0.6953125 0.5281250000000001 0.775 0.6281250000000002 0.775
2 0.5875 0.634375 0.521875 0.634375 0.521875 0.69375 0.5875 0.69375
2 0.5921875 0.521875 0.521875 0.521875 0.521875 0.6015625 0.5921875 0.6015625
2 0.7 0.4609375 0.6265625 0.4609375 0.6265625 0.5375 0.7 0.5375
2 0.18750000000000006 0.203125 0.029687500000000023 0.203125 0.029687500000000026 0.315625 0.18750000000000006 0.315625
2 0.9609375 0.7875000000000002 0.85 0.7875000000000002 0.85 0.8796875 0.9609375 0.8796875
2 0.6796875 0.590625 0.603125 0.590625 0.603125 0.65 0.6796875 0.65
2 1 0.834375 0.9546875 0.834375 0.9546875 0.9046875 1 0.9046875
2 0.875 0.43750000000000017 0.8125 0.43750000000000017 0.8125 0.49531250000000016 0.875 0.49531250000000016
2 0.515625 0.4953125 0.4453125 0.4953125 0.4453125 0.5640625 0.515625 0.5640625
2 1 0.5265625000000002 0.946875 0.5265625000000002 0.946875 0.6015625000000002 1 0.6015625000000002
2 0.057812500000000114 0.825 1.0103336092965664e-16 0.825 1.0773064811249373e-16 0.934375 0.057812500000000114 0.934375
2 0.0312500000000001 0.7375 9.031770143711729e-17 0.7375 9.567553118338696e-17 0.825 0.0312500000000001 0.825
2 0.821875 0.6156250000000002 0.734375 0.6156250000000002 0.7343750000000001 0.7437500000000001 0.821875 0.7437500000000001
2 0.9140625 0.884375 0.83125 0.884375 0.83125 0.9265625 0.9140625 0.9265625
2 0.7828125 0.5406250000000001 0.71875 0.540625 0.71875 0.5906250000000001 0.7828125 0.5906250000000002
2 0.3859375000000001 0.4890625 0.2984375000000001 0.4890625 0.2984375000000001 0.5703125 0.3859375000000001 0.5703125
2 0.828125 0.3390625000000001 0.7546875 0.3390625000000001 0.7546875 0.3968750000000001 0.828125 0.3968750000000001
2 0.7296875 0.5375000000000001 0.65625 0.5375 0.65625 0.6015625000000001 0.7296875 0.6015625000000002
2 0.3296875000000001 0.7265625 0.26250000000000007 0.7265625 0.26250000000000007 0.78125 0.3296875000000001 0.78125
2 0.1062500000000001 0.7765625 0.0359375000000001 0.7765625 0.0359375000000001 0.828125 0.1062500000000001 0.828125
2 0.6203125 0.4 0.5609375 0.4 0.5609375 0.471875 0.6203125 0.471875
2 0.6640625 0.546875 0.5875 0.546875 0.5875 0.596875 0.6640625 0.596875
2 0.11406250000000004 0.2875 3.5208595475486407e-17 0.2875 4.812479218524365e-17 0.4984375 0.11406250000000004 0.4984375
2 0.4171875000000001 0.696875 0.35625000000000007 0.696875 0.35625000000000007 0.7734375 0.41718750000000016 0.7734375
2 0.959375 0.6296875000000002 0.9109375 0.6296875000000002 0.9109375 0.6718750000000002 0.959375 0.6718750000000002
2 0.2968750000000001 0.8375 0.2000000000000001 0.8375 0.2000000000000001 0.9421875 0.2968750000000001 0.9421875
2 1 0.7296875000000002 0.93125 0.7296875000000002 0.93125 0.8421875 1 0.8421875
2 0.17656250000000007 0.51875 6.352855270576895e-17 0.51875 7.654042494670957e-17 0.73125 0.1765625000000001 0.73125
2 0.3421875000000001 0.56875 0.2390625000000001 0.56875 0.2390625000000001 0.65625 0.3421875000000001 0.65625
2 0.5125 0.421875 0.440625 0.421875 0.440625 0.4921875 0.5125 0.4921875
2 0.7031250000000002 0.8625 0.6218750000000002 0.8625 0.6218750000000002 0.9359375 0.7031250000000002 0.9359375
2 0.7734375 0.2312500000000001 0.7234375 0.2312500000000001 0.7234375 0.2656250000000001 0.7734375 0.2656250000000001
2 0.4937500000000001 0.5453125 0.3515625000000001 0.5453125 0.3515625000000001 0.7734375 0.4937500000000002 0.7734375
2 0.8859375 0.84375 0.803125 0.84375 0.803125 0.909375 0.8859375 0.909375
2 1 0.4500000000000002 0.9640625 0.4500000000000002 0.9640625 0.5171875000000001 1 0.5171875000000001
2 0.6671875 0.6375 0.5796875 0.6375 0.5796875 0.725 0.6671875 0.725
2 0.08593750000000007 0.4796875 5.87447761465996e-17 0.4796875 6.582476545417023e-17 0.5953125 0.08593750000000007 0.5953125
2 0.26406250000000003 0.3 0.09218750000000005 0.3 0.09218750000000006 0.4921875 0.2640625000000001 0.4921875
2 0.5875 0.08125000000000007 0.5046875 0.08125000000000007 0.5046875 0.11718750000000007 0.5875 0.11718750000000008
2 0.6828125 0.2906250000000001 0.628125 0.2906250000000001 0.628125 0.3765625000000001 0.6828125 0.3765625000000001
2 0.6609375000000002 0.7625 0.5734375000000002 0.7625 0.5734375000000002 0.85625 0.6609375000000002 0.85625
2 0.940625 0.6796875000000002 0.890625 0.6796875000000002 0.890625 0.7296875000000002 0.940625 0.7296875000000002
2 0.609375 0.5984375 0.5640625 0.5984375 0.5640625 0.6515625 0.609375 0.6515625
2 0.6093750000000002 0.7640625 0.4125000000000002 0.7640625 0.4125000000000002 0.9703125 0.6093750000000002 0.9703125
2 0.440625 0.41875 0.3890625000000001 0.41875 0.3890625000000001 0.478125 0.440625 0.478125
2 0.6796875 0.4140625 0.6171875 0.4140625 0.6171875 0.4765625 0.6796875 0.4765625
2 0.534375 0.2687500000000001 0.475 0.2687500000000001 0.475 0.3218750000000001 0.534375 0.3218750000000001
2 0.2796875000000001 0.50625 0.2250000000000001 0.50625 0.2250000000000001 0.5921875 0.2796875000000001 0.5921875
2 0.8 0.7750000000000001 0.7203125000000001 0.775 0.7203125000000001 0.875 0.8 0.875