2 0.715625 0.3671875000000001 0.6375 0.3671875000000001 0.6375 0.434375 0.715625 0.434375
2 0.7593750000000001 0.6796875000000001 0.684375 0.6796875 0.6843750000000001 0.7734375000000001 0.7593750000000001 0.7734375000000002
2 0.8453125 0.5828125000000002 0.7984375 0.5828125000000002 0.7984375 0.6484375000000002 0.8453125 0.6484375000000002
2 0.6250000000000001 0.684375 0.5234375 0.684375 0.5234375000000001 0.765625 0.6250000000000002 0.765625
2 0.584375 0.621875 0.5171875 0.621875 0.5171875 0.6828125 0.584375 0.6828125
2 0.5890625 0.50625 0.5171875 0.50625 0.5171875 0.5875 0.5890625 0.5875
2 0.6984375 0.4453125 0.625 0.4453125 0.625 0.5234375 0.6984375 0.5234375
2 0.17812500000000003 0.1828125 0.017187500000000022 0.1828125 0.01718750000000003 0.296875 0.17812500000000003 0.296875
2 0.9640625 0.7765625000000002 0.8515625 0.7765625000000002 0.8515625 0.8703125 0.9640625 0.8703125
2 0.678125 0.578125 0.6 0.578125 0.6 0.6390625 0.678125 0.6390625
2 1 0.825 0.9578125 0.825 0.9578125 0.8953125 1 0.8953125
2 0.875 0.42187500000000017 0.8125 0.42187500000000017 0.8125 0.4812500000000002 0.875 0.4812500000000002
2 0.5125 0.4796875 0.440625 0.4796875 0.440625 0.55 0.5125 0.55
2 1 0.5109375000000002 0.95 0.5109375000000002 0.95 0.5875000000000001 1 0.5875000000000001
2 0.046875000000000104 0.815625 9.9885254555456e-17 0.815625 1.0667821726947646e-16 0.9265625 0.04687500000000011 0.9265625
2 0.018750000000000093 0.734375 8.993499931238375e-17 0.734375 9.491012693391986e-17 0.815625 0.0187500000000001 0.815625
2 0.8234375 0.6031250000000001 0.734375 0.6031250000000001 0.7343750000000001 0.7328125000000002 0.8234375 0.7328125000000002
2 0.9171875 0.875 0.8328125 0.875 0.8328125 0.91875 0.9171875 0.91875
2 0.7828125 0.5265625 0.71875 0.5265625 0.71875 0.5765625000000001 0.7828125 0.5765625000000002
2 0.37968750000000007 0.475 0.2906250000000001 0.475 0.2906250000000001 0.55625 0.37968750000000007 0.55625
2 0.828125 0.3218750000000001 0.753125 0.3218750000000001 0.753125 0.37968750000000007 0.828125 0.37968750000000007
2 0.7296875 0.5234375000000001 0.6546875 0.5234375 0.6546875 0.5875000000000001 0.7296875 0.5875000000000001
2 0.3234375000000001 0.715625 0.25468750000000007 0.715625 0.25468750000000007 0.771875 0.3234375000000001 0.771875
2 0.0937500000000001 0.765625 0.023437500000000094 0.765625 0.023437500000000097 0.81875 0.09375000000000011 0.81875
2 0.61875 0.3828125000000001 0.5578125 0.3828125000000001 0.5578125 0.45625 0.61875 0.45625
2 0.6625 0.5328125 0.5859375 0.5328125 0.5859375 0.584375 0.6625 0.584375
2 0.10468750000000004 0.26875 3.2912382727085115e-17 0.26875 4.6115606030392513e-17 0.484375 0.10468750000000004 0.484375
2 0.41093750000000007 0.6859375 0.3500000000000001 0.6859375 0.3500000000000001 0.7625 0.4109375000000002 0.7625
2 0.9625 0.6171875000000002 0.9140625 0.6171875000000002 0.9140625 0.6609375000000002 0.9625 0.6609375000000002
2 0.2890625000000001 0.828125 0.1906250000000001 0.828125 0.1906250000000001 0.934375 0.2890625000000001 0.934375
2 1 0.7171875000000002 0.9328125 0.7171875000000002 0.9328125 0.8296875 1 0.8296875
2 0.16718750000000007 0.5046875 6.180639314446799e-17 0.5046875 7.4913940916592e-17 0.71875 0.1671875000000001 0.71875
2 0.3359375000000001 0.5546875 0.2296875000000001 0.5546875 0.2296875000000001 0.64375 0.3359375000000001 0.64375
2 0.5078125 0.40625 0.434375 0.40625 0.434375 0.4765625 0.5078125 0.4765625
2 0.7015625000000002 0.8546875 0.6187500000000001 0.8546875 0.6187500000000001 0.928125 0.7015625000000002 0.928125
2 0.7734375 0.21093750000000008 0.721875 0.21093750000000008 0.721875 0.2453125000000001 0.7734375 0.2453125000000001
2 0.48906250000000007 0.53125 0.3437500000000001 0.53125 0.3437500000000001 0.7640625 0.4890625000000002 0.7640625
2 0.8875 0.834375 0.803125 0.834375 0.803125 0.9015625 0.8875 0.9015625
2 1 0.4343750000000002 0.9671875 0.4343750000000002 0.9671875 0.5000000000000002 1 0.5000000000000002
2 0.665625 0.625 0.5765625 0.625 0.5765625 0.7140625 0.665625 0.7140625
2 0.07343750000000007 0.465625 5.702261658529863e-17 0.465625 6.410260589286927e-17 0.58125 0.07343750000000007 0.58125
2 0.25625000000000003 0.28125 0.08125000000000004 0.28125 0.08125000000000006 0.4765625 0.2562500000000001 0.4765625
2 0.584375 0.06093750000000007 0.5 0.06093750000000007 0.5 0.09687500000000007 0.584375 0.09687500000000007
2 0.6828125 0.2718750000000001 0.6265625 0.2718750000000001 0.6265625 0.3593750000000001 0.6828125 0.3593750000000001
2 0.6593750000000002 0.7515625 0.5703125000000002 0.7515625 0.5703125000000002 0.846875 0.6593750000000002 0.846875
2 0.94375 0.6671875000000002 0.89375 0.6671875000000002 0.89375 0.7187500000000002 0.94375 0.7187500000000002
2 0.6078125 0.584375 0.5609375 0.584375 0.5609375 0.6375 0.6078125 0.6375
2 0.6062500000000002 0.753125 0.40625000000000017 0.753125 0.40625000000000017 0.9625 0.6062500000000002 0.9625
2 0.4359375 0.4015625 0.3828125000000001 0.4015625 0.3828125000000001 0.4609375 0.4359375 0.4609375
2 0.6796875 0.3984375000000001 0.615625 0.3984375000000001 0.615625 0.4625 0.6796875 0.4625
2 0.5296875 0.2484375000000001 0.4703125 0.2484375000000001 0.4703125 0.3031250000000001 0.5296875 0.3031250000000001
2 0.2718750000000001 0.490625 0.2171875000000001 0.490625 0.2171875000000001 0.578125 0.2718750000000001 0.578125
2 0.8 0.7656250000000001 0.7187500000000002 0.765625 0.7187500000000002 0.8671875 0.8 0.8671875