2 0.30156250000000007 0.6921875 0.2000000000000001 0.6921875 0.2000000000000001 0.821875 0.30156250000000007 0.821875
2 0.7109375000000002 0.8515625 0.6000000000000002 0.8515625 0.6000000000000002 0.9703125 0.7109375000000002 0.9703125
2 0.4765625 0.5 0.4375 0.5 0.4375 0.55 0.4765625 0.55
2 0.86875 0.884375 0.8109375 0.884375 0.8109375 0.9390625 0.86875 0.9390625
2 0.2687500000000001 0.4 0.2312500000000001 0.4 0.2312500000000001 0.4328125 0.2687500000000001 0.4328125
2 0.3968750000000001 0.5984375 0.3234375000000001 0.5984375 0.3234375000000001 0.6671875 0.3968750000000001 0.6671875
2 0.5875 0.5859375 0.509375 0.5859375 0.509375 0.6390625 0.5875 0.6390625
2 0.27343750000000006 0.2875 0.07187500000000005 0.2875 0.07187500000000005 0.440625 0.2734375000000001 0.440625
2 0.459375 0.2453125000000001 0.378125 0.2453125000000001 0.378125 0.34062500000000007 0.459375 0.34062500000000007
2 0.296875 0.19843750000000004 0.18437500000000004 0.19843750000000004 0.18437500000000004 0.275 0.296875 0.275
2 0.38750000000000007 0.471875 0.32500000000000007 0.471875 0.32500000000000007 0.5234375 0.38750000000000007 0.5234375
2 0.8703125 0.4359375000000002 0.7765625 0.4359375000000002 0.7765625 0.6109375000000001 0.8703125 0.6109375000000001
2 0.11562500000000009 0.546875 0.07343750000000007 0.546875 0.07343750000000007 0.603125 0.11562500000000009 0.603125
2 0.9515625 0.6328125000000002 0.740625 0.6328125000000002 0.7406250000000001 0.8453125 0.9515625 0.8453125
2 0.2875000000000001 0.44375 0.2406250000000001 0.44375 0.2406250000000001 0.490625 0.2875000000000001 0.490625
2 0.7000000000000002 0.7453125 0.5828125000000002 0.7453125 0.5828125000000002 0.846875 0.7000000000000002 0.846875
2 0.521875 0.515625 0.478125 0.515625 0.478125 0.5625 0.521875 0.5625
2 0.3593750000000001 0.4046875 0.3062500000000001 0.4046875 0.3062500000000001 0.43125 0.3593750000000001 0.43125
2 0.5671875000000001 0.6828125 0.4765625 0.6828125 0.4765625000000001 0.775 0.5671875000000002 0.775
2 0.07187500000000004 0.271875 0.014062500000000033 0.271875 0.014062500000000039 0.34375 0.07187500000000005 0.34375
2 0.17187500000000006 0.215625 0.08906250000000002 0.215625 0.08906250000000003 0.290625 0.17187500000000006 0.290625
2 0.3734375000000001 0.4328125 0.2984375000000001 0.4328125 0.2984375000000001 0.4890625 0.3734375000000001 0.4890625
2 0.3578125000000001 0.53125 0.16562500000000005 0.53125 0.16562500000000008 0.7421875 0.3578125000000001 0.7421875
2 0.8265625 0.9328125 0.6968750000000001 0.9328125 0.6968750000000001 1 0.8265625 1
2 0.228125 0.2359375 0.16406250000000006 0.2359375 0.16406250000000006 0.3109375 0.228125 0.3109375
2 0.4625 0.446875 0.409375 0.446875 0.409375 0.51875 0.4625 0.51875
2 0.45 0.4140625 0.4140625 0.4140625 0.4140625 0.4546875 0.45 0.4546875
2 0.20468750000000008 0.6515625 0.08593750000000008 0.6515625 0.08593750000000008 0.7546875 0.20468750000000008 0.7546875
2 0.38750000000000007 0.34218750000000003 0.34375 0.3421875 0.34375000000000006 0.38906250000000003 0.38750000000000007 0.3890625000000001
2 0.790625 0.51875 0.709375 0.51875 0.709375 0.5796875000000001 0.790625 0.5796875000000001
2 0.30937500000000007 0.40625 0.26250000000000007 0.40625 0.26250000000000007 0.4515625 0.30937500000000007 0.4515625
2 0.58125 0.628125 0.5109375 0.628125 0.5109375 0.7453125 0.5812500000000002 0.7453125
2 0.3921875000000001 0.38281250000000006 0.3500000000000001 0.3828125 0.3500000000000001 0.425 0.3921875000000001 0.425
2 0.05781250000000001 0.0609375 7.462691432304185e-18 0.0609375 1.0907010554906114e-17 0.1171875 0.057812500000000024 0.1171875
2 0.79375 0.47343750000000007 0.7140625 0.4734375 0.7140625 0.5375000000000001 0.79375 0.5375000000000002
2 0.2156250000000001 0.4796875 0.12500000000000006 0.4796875 0.12500000000000006 0.609375 0.2156250000000001 0.609375
2 0.4875 0.578125 0.409375 0.578125 0.409375 0.6453125 0.4875 0.6453125
2 0.3828125 0.22656250000000006 0.303125 0.2265625 0.303125 0.2828125 0.3828125 0.2828125000000001
2 0.32500000000000007 0.3578125 0.2734375 0.3578125 0.27343750000000006 0.4109375 0.32500000000000007 0.4109375
2 0.75 0.4140625000000001 0.6453125 0.4140625 0.6453125 0.48906250000000007 0.75 0.4890625000000002
2 0.4890625000000002 0.7875 0.3781250000000001 0.7875 0.3781250000000001 0.9109375 0.4890625000000002 0.9109375
2 0.53125 0.403125 0.45625 0.403125 0.45625 0.44375 0.53125 0.44375
2 0.4687500000000001 0.71875 0.2921875000000001 0.71875 0.2921875000000001 0.8640625 0.46875000000000017 0.8640625
2 0.07031250000000003 0.1515625 1.8561053049577072e-17 0.1515625 2.583239341951448e-17 0.2703125 0.07031250000000003 0.2703125
2 0.825 0.2156250000000001 0.53125 0.2156250000000001 0.53125 0.4625000000000001 0.825 0.4625000000000002
2 0.5875 0.4328125 0.5171875 0.4328125 0.5171875 0.5 0.5875 0.5
2 0.853125 0.6046875000000002 0.7484375 0.6046875000000002 0.7484375 0.7140625000000002 0.853125 0.7140625000000002
2 0.7078125 0.4875 0.5515625 0.4875 0.5515625 0.6 0.7078125 0.6
2 0.3421875000000001 0.909375 0.19843750000000013 0.909375 0.19843750000000013 0.9984375 0.3421875000000001 0.9984375
2 0.4203125 0.5265625 0.3421875000000001 0.5265625 0.3421875000000001 0.5953125 0.4203125 0.5953125
2 0.753125 0.6062500000000001 0.65625 0.60625 0.65625 0.6656250000000001 0.753125 0.6656250000000001
2 0.4859375 0.3578125000000001 0.4546875 0.3578125000000001 0.4546875 0.3984375000000001 0.4859375 0.3984375000000001
2 0.5578125 0.534375 0.496875 0.534375 0.496875 0.5921875 0.5578125 0.5921875
2 0.11718750000000004 0.415625 0.06406250000000005 0.415625 0.06406250000000005 0.4828125 0.11718750000000004 0.4828125
2 0.1796875000000001 0.8984375 0.03125000000000011 0.8984375 0.03125000000000012 0.996875 0.17968750000000014 0.996875
2 0.3671875 0.3140625 0.3234375 0.3140625 0.3234375 0.35468750000000004 0.3671875 0.3546875000000001
2 0.6000000000000002 0.76875 0.47187500000000016 0.76875 0.47187500000000016 1 0.6000000000000002 1
2 0.278125 0.334375 0.2453125 0.334375 0.2453125 0.359375 0.278125 0.359375
2 0.4859375000000001 0.6359375 0.3656250000000001 0.6359375 0.3656250000000001 0.7578125 0.4859375000000002 0.7578125
2 0.53125 0.6 0.4859375 0.6 0.4859375 0.653125 0.53125 0.653125
2 0.503125 0.5484375 0.4359375 0.5484375 0.4359375 0.6109375 0.503125 0.6109375
2 0.515625 0.471875 0.48125 0.471875 0.48125 0.50625 0.515625 0.50625
2 0.5375 0.3109375000000001 0.4765625 0.3109375000000001 0.4765625 0.39531250000000007 0.5375 0.39531250000000007
2 0.2296875 0.14218750000000002 0.18125 0.1421875 0.18125000000000002 0.2 0.2296875 0.2
2 0.6468750000000002 0.7296875 0.5859375000000002 0.7296875 0.5859375000000002 0.79375 0.6468750000000002 0.79375
2 0.4125 0.44375 0.3656250000000001 0.44375 0.3656250000000001 0.503125 0.4125 0.503125
2 1 0.4281250000000002 0.865625 0.4281250000000002 0.865625 0.6187500000000001 1 0.6187500000000001
2 0.3359375 0.2734375 0.2890625 0.2734375 0.2890625 0.33125 0.3359375 0.33125
2 0.80625 0.803125 0.6203125000000002 0.803125 0.6203125000000002 0.9359375 0.80625 0.9359375