2 0.540625 0.6234375 0.509375 0.6234375 0.509375 0.665625 0.540625 0.665625
2 0.4609375 0.415625 0.4203125 0.415625 0.4203125 0.459375 0.4609375 0.459375
2 0.4671875 0.43125 0.3890625000000001 0.43125 0.3890625000000001 0.5078125 0.4671875 0.5078125
2 0.15312500000000004 0.2171875 0.07656250000000002 0.2171875 0.07656250000000003 0.2796875 0.15312500000000004 0.2796875
2 0.029687500000000012 0.0546875 6.6972871828370884e-18 0.0546875 1.1002686086089501e-17 0.125 0.029687500000000012 0.125
2 1 0.4359375000000002 0.96875 0.4359375000000002 0.96875 0.5015625000000001 1 0.5015625000000001
2 0.384375 0.25625000000000003 0.17812500000000003 0.25625 0.17812500000000003 0.4078125 0.3843750000000001 0.4078125
2 0.3328125 0.08750000000000004 0.20625 0.08750000000000002 0.20625 0.25625 0.3328125 0.25625
2 0.5578125 0.584375 0.509375 0.584375 0.509375 0.634375 0.5578125 0.634375
2 0.8046875 0.5140625000000001 0.71875 0.5140625 0.71875 0.6062500000000001 0.8046875 0.6062500000000002
2 0.4562500000000001 0.6828125 0.4 0.6828125 0.4000000000000001 0.7296875 0.45625000000000016 0.7296875
2 0.32500000000000007 0.7125 0.2656250000000001 0.7125 0.2656250000000001 0.79375 0.32500000000000007 0.79375
2 0.6734375 0.3843750000000001 0.596875 0.3843750000000001 0.596875 0.48125 0.6734375 0.48125
2 0.27812500000000007 0.5125 0.2312500000000001 0.5125 0.2312500000000001 0.565625 0.27812500000000007 0.565625
2 0.5531250000000002 0.75625 0.5109375000000002 0.75625 0.5109375000000002 0.8 0.5531250000000002 0.8
2 0.08593750000000003 0.209375 0.035937500000000025 0.209375 0.035937500000000025 0.2640625 0.08593750000000003 0.2640625
2 0.18281250000000004 0.2984375 0.12812500000000004 0.2984375 0.12812500000000004 0.353125 0.18281250000000004 0.353125
2 0.865625 0.5750000000000002 0.81875 0.5750000000000002 0.81875 0.6203125000000002 0.865625 0.6203125000000002
2 0.51875 0.5515625 0.453125 0.5515625 0.453125 0.615625 0.51875 0.615625
2 0.2750000000000001 0.4375 0.16250000000000003 0.4375 0.16250000000000003 0.5125 0.2750000000000001 0.5125
2 0.9046875 0.22812500000000008 0.7328125 0.22812500000000008 0.7328125 0.35625000000000007 0.9046875 0.35625000000000007
2 0.5109375 0.4859375 0.44375 0.4859375 0.44375 0.565625 0.5109375 0.565625
2 0.2140625 0.21875 0.16718750000000004 0.21875 0.16718750000000004 0.265625 0.2140625 0.265625
2 0.68125 0.534375 0.58125 0.534375 0.58125 0.6234375 0.68125 0.6234375
2 0.13437500000000005 0.184375 0.057812500000000024 0.184375 0.057812500000000024 0.2421875 0.13437500000000005 0.2421875
2 0.12656250000000002 0.1625 0.07500000000000002 0.1625 0.07500000000000002 0.2015625 0.12656250000000005 0.2015625
2 0.18437500000000004 0.2046875 0.14843750000000006 0.2046875 0.14843750000000006 0.253125 0.18437500000000004 0.253125
2 0.18437500000000004 0.36875 0.13906250000000003 0.36875 0.13906250000000003 0.4 0.18437500000000004 0.4
2 0.035937500000000025 0.190625 2.3344829608746423e-17 0.190625 2.784157957436561e-17 0.2640625 0.03593750000000003 0.2640625
2 0.11875 0.03437500000000001 0.0484375 0.03437500000000001 0.04843750000000001 0.1015625 0.11875 0.1015625
2 0.79375 0.6156250000000001 0.6546875 0.615625 0.6546875 0.6953125000000001 0.79375 0.6953125000000002
2 0.3671875000000001 0.65625 0.3203125000000001 0.65625 0.3203125000000001 0.7140625 0.3671875000000001 0.7140625
2 0.6453125 0.578125 0.5609375 0.578125 0.5609375 0.63125 0.6453125 0.63125
2 0.5234375000000001 0.6859375 0.4453125 0.6859375 0.4453125000000001 0.775 0.5234375000000002 0.775
2 0.8265625 0.3906250000000001 0.6875 0.3906250000000001 0.6875 0.4765625000000001 0.8265625 0.47656250000000017
2 0.278125 2.286645195282949e-17 0.0953125 1.1672414804373211e-17 0.09531250000000001 0.1765625 0.278125 0.17656250000000004
2 0.459375 0.571875 0.4 0.571875 0.4 0.634375 0.459375 0.634375
2 1 0.37968750000000007 0.9515625 0.37968750000000007 0.9515625 0.44843750000000016 1 0.44843750000000016
2 0.46875 0.665625 0.425 0.665625 0.425 0.70625 0.46875 0.70625
2 0.5609375 0.4671875 0.50625 0.4671875 0.50625 0.53125 0.5609375 0.53125
2 0.5640625 0.17656250000000007 0.4453125 0.17656250000000004 0.4453125 0.2734375000000001 0.5640625 0.2734375000000001
2 0.5546875 0.4078125 0.4859375 0.4078125 0.4859375 0.471875 0.5546875 0.471875
2 0.3921875 0.22031250000000005 0.340625 0.2203125 0.340625 0.29375000000000007 0.3921875 0.29375000000000007
2 0.4468750000000001 0.7171875 0.40625 0.7171875 0.4062500000000001 0.753125 0.4468750000000002 0.753125
2 0.10625 0.1078125 0.02343750000000001 0.1078125 0.023437500000000017 0.1796875 0.10625 0.1796875
2 0.12656250000000005 0.2859375 0.057812500000000044 0.2859375 0.057812500000000044 0.3296875 0.12656250000000005 0.3296875
2 0.07187500000000002 0.16875 0.009375000000000019 0.16875 0.009375000000000022 0.2125 0.07187500000000002 0.2125
2 0.578125 0.53125 0.5140625 0.53125 0.5140625 0.5953125 0.578125 0.5953125
2 0.5593750000000001 0.7140625 0.5125 0.7140625 0.5125000000000001 0.7703125 0.5593750000000002 0.7703125
2 0.7109375 0.5921875 0.6453125 0.5921875 0.6453125 0.6515625 0.7109375 0.6515625
2 0.515625 0.2609375000000001 0.4484375 0.2609375000000001 0.4484375 0.3203125000000001 0.515625 0.3203125000000001
2 0.09375000000000001 0.05937500000000001 0.02656250000000001 0.059375 0.02656250000000001 0.128125 0.09375000000000003 0.128125
2 0.5937500000000001 0.6890625 0.5390625 0.6890625 0.5390625000000001 0.7625 0.5937500000000002 0.7625
2 0.15000000000000005 0.2734375 0.09062500000000004 0.2734375 0.09062500000000004 0.309375 0.15000000000000005 0.309375
2 0.65625 7.730582919617668e-17 0.60625 7.424421219830829e-17 0.60625 0.06406250000000008 0.65625 0.06406250000000009
2 1 0.22656250000000008 0.884375 0.22656250000000008 0.884375 0.3812500000000001 1 0.3812500000000001
2 0.6734375000000001 0.6953125 0.6 0.6953125 0.6000000000000001 0.7625 0.6734375000000001 0.7625
2 0.8953125 0.4781250000000002 0.7546875 0.4781250000000002 0.7546875 0.5625000000000002 0.8953125 0.5625000000000002
2 0.459375 0.528125 0.425 0.528125 0.425 0.5859375 0.459375 0.5859375
2 0.5796875 0.30156250000000007 0.503125 0.30156250000000007 0.503125 0.3828125000000001 0.5796875 0.3828125000000001
2 0.578125 0.3500000000000001 0.484375 0.3500000000000001 0.484375 0.4203125 0.578125 0.4203125
2 0.19218750000000004 0.253125 0.14375000000000004 0.253125 0.14375000000000004 0.303125 0.19218750000000004 0.303125
2 0.03750000000000002 0.1203125 1.4734031802241592e-17 0.1203125 1.8369701987210297e-17 0.1796875 0.03750000000000002 0.1796875
2 0.6046875 0.659375 0.5171875 0.659375 0.5171875000000001 0.7265625 0.6046875000000002 0.7265625
2 0.2953125000000001 0.3953125 0.2312500000000001 0.3953125 0.2312500000000001 0.46875 0.2953125000000001 0.46875
2 0.1609375 0.1015625 0.09218750000000002 0.1015625 0.09218750000000002 0.165625 0.1609375 0.165625
2 0.07500000000000005 0.3875 4.7455063466959936e-17 0.3875 5.2525866619679453e-17 0.4703125 0.07500000000000007 0.4703125
2 0.3703125000000001 0.4125 0.2875000000000001 0.4125 0.2875000000000001 0.490625 0.3703125000000001 0.490625
2 1 0.6359375000000002 0.8421875 0.6359375000000002 0.8421875 0.7750000000000001 1 0.7750000000000001
2 0.4375 0.38750000000000007 0.409375 0.38750000000000007 0.409375 0.4296875 0.4375 0.4296875
2 0.7203125000000001 0.6921875 0.6640625 0.6921875 0.6640625000000001 0.73125 0.7203125000000001 0.73125
2 0.909375 0.6265625000000001 0.8203125 0.6265625000000001 0.8203125 0.7234375000000002 0.909375 0.7234375000000002
2 0.684375 0.3421875000000001 0.6109375 0.3421875000000001 0.6109375 0.3984375000000001 0.684375 0.3984375000000001
2 0.628125 0.2375000000000001 0.496875 0.2375000000000001 0.496875 0.3296875000000001 0.628125 0.3296875000000001
2 0.703125 0.31718750000000007 0.625 0.31718750000000007 0.625 0.3906250000000001 0.703125 0.3906250000000001
2 0.509375 0.59375 0.465625 0.59375 0.465625 0.6609375 0.509375 0.6609375
2 0.8953125 0.42968750000000017 0.796875 0.42968750000000017 0.796875 0.5015625000000001 0.8953125 0.5015625000000001
2 0.803125 0.4562500000000001 0.7078125 0.45625 0.7078125 0.5156250000000001 0.803125 0.5156250000000002
2 0.8875 0.5312500000000002 0.83125 0.5312500000000002 0.83125 0.5843750000000002 0.8875 0.5843750000000002
2 0.225 0.2734375 0.18437500000000004 0.2734375 0.18437500000000004 0.3078125 0.225 0.3078125
2 0.6687500000000001 0.6453125 0.609375 0.6453125 0.6093750000000001 0.7265625 0.6687500000000002 0.7265625
2 0.13125000000000003 0.3640625 0.08750000000000005 0.3640625 0.08750000000000005 0.4 0.13125000000000003 0.4