2 0.38750000000000007 0.5 0.3453125000000001 0.5 0.3453125000000001 0.53125 0.38750000000000007 0.53125
2 0.590625 0.4125 0.546875 0.4125 0.546875 0.4515625 0.590625 0.4515625
2 0.575 0.3812500000000001 0.5 0.3812500000000001 0.5 0.4578125 0.575 0.4578125
2 0.784375 0.0750000000000001 0.7234375 0.0750000000000001 0.7234375 0.15000000000000008 0.784375 0.15000000000000008
2 0.9421875 1.1117496723509566e-16 0.8734375 1.0696524386302664e-16 0.8734375 0.02968750000000011 0.9421875 0.02968750000000011
2 0.5718750000000001 0.9484375 0.4984375000000002 0.9484375 0.4984375000000002 1 0.5718750000000001 1
2 0.7453125 0.1750000000000001 0.596875 0.1750000000000001 0.596875 0.3781250000000001 0.7453125 0.3781250000000001
2 0.9109375 0.2015625000000001 0.746875 0.2015625000000001 0.746875 0.3265625000000001 0.9109375 0.3265625000000001
2 0.425 0.4984375 0.3765625000000001 0.4984375 0.3765625000000001 0.546875 0.425 0.546875
2 0.4921875000000001 0.7046875 0.403125 0.7046875 0.40312500000000007 0.7890625 0.49218750000000017 0.7890625
2 0.3281250000000001 0.39375 0.2828125000000001 0.39375 0.2828125000000001 0.4484375 0.3281250000000001 0.4484375
2 0.2984375 0.2609375 0.21875 0.2609375 0.21875 0.3203125 0.2984375 0.3203125
2 0.6203125 0.584375 0.525 0.584375 0.525 0.659375 0.6203125 0.659375
2 0.4953125 0.22812500000000008 0.44375 0.22812500000000008 0.44375 0.2734375000000001 0.4953125 0.2734375000000001
2 0.2562500000000001 0.5015625 0.2140625000000001 0.5015625 0.2140625000000001 0.54375 0.2562500000000001 0.54375
2 0.7921875 0.035937500000000094 0.7375 0.03593750000000009 0.7375 0.08437500000000009 0.7921875 0.08437500000000009
2 0.703125 0.12656250000000008 0.65 0.12656250000000008 0.65 0.17968750000000008 0.703125 0.17968750000000008
2 0.4343750000000002 0.803125 0.3890625000000001 0.803125 0.3890625000000001 0.8484375 0.4343750000000002 0.8484375
2 0.4578125 0.44375 0.3937500000000001 0.44375 0.3937500000000001 0.5078125 0.4578125 0.5078125
2 0.56875 0.16093750000000007 0.4953125 0.16093750000000004 0.4953125 0.27031250000000007 0.56875 0.27031250000000007
2 0.7734375000000001 0.7187500000000001 0.6484375 0.71875 0.6484375000000001 0.8875 0.7734375000000002 0.8875
2 0.521875 0.434375 0.44375 0.434375 0.44375 0.5 0.521875 0.5
2 0.7828125 0.16406250000000008 0.7375 0.16406250000000008 0.7375 0.21093750000000008 0.7828125 0.21093750000000008
2 0.4734375 0.56875 0.3859375000000001 0.56875 0.3859375000000001 0.6671875 0.4734375 0.6671875
2 0.8171875 0.0562500000000001 0.7609375 0.05625000000000009 0.7609375 0.1312500000000001 0.8171875 0.1312500000000001
2 0.8390625 0.0734375000000001 0.8 0.07343750000000009 0.8 0.12500000000000008 0.8390625 0.12500000000000008
2 0.796875 0.1468750000000001 0.7484375 0.1468750000000001 0.7484375 0.1828125000000001 0.796875 0.1828125000000001
2 0.634375 0.1375000000000001 0.6046875 0.1375000000000001 0.6046875 0.18125000000000008 0.634375 0.18125000000000008
2 0.8109375 9.491012693391986e-17 0.7390625 9.050905249948406e-17 0.7390625 0.035937500000000094 0.8109375 0.0359375000000001
2 0.9625 0.04843750000000012 0.896875 0.04843750000000011 0.896875 0.11718750000000011 0.9625 0.11718750000000014
2 0.3937500000000001 0.6421875 0.3156250000000001 0.6421875 0.3156250000000001 0.778125 0.3937500000000001 0.778125
2 0.3546875 0.3140625 0.296875 0.3140625 0.296875 0.3609375 0.3546875 0.3609375
2 0.43125 0.55 0.3781250000000001 0.55 0.3781250000000001 0.6328125 0.43125 0.6328125
2 0.3234375000000001 0.4375 0.2375000000000001 0.4375 0.2375000000000001 0.5140625 0.3234375000000001 0.5140625
2 0.6156250000000001 0.6734375 0.53125 0.6734375 0.5312500000000001 0.8109375 0.6156250000000002 0.8109375
2 1 0.09375000000000012 0.8234375 0.09375000000000011 0.8234375 0.2734375000000001 1 0.2734375000000001
2 0.4375 0.3921875000000001 0.3765625000000001 0.3921875000000001 0.3765625000000001 0.45 0.4375 0.45
2 0.6234375000000002 0.934375 0.5562500000000001 0.934375 0.5562500000000001 0.98125 0.6234375000000002 0.98125
2 0.3437500000000001 0.4171875 0.3046875000000001 0.4171875 0.3046875000000001 0.459375 0.3437500000000001 0.459375
2 0.5390625 0.496875 0.4765625 0.496875 0.4765625 0.5515625 0.5390625 0.5515625
2 0.8234375 0.43750000000000017 0.7296875 0.43750000000000017 0.7296875 0.5531250000000002 0.8234375 0.5531250000000002
2 0.596875 0.4765625 0.534375 0.4765625 0.534375 0.54375 0.596875 0.54375
2 0.78125 0.3343750000000001 0.709375 0.3343750000000001 0.709375 0.3843750000000001 0.78125 0.3843750000000001
2 0.2953125000000001 0.3984375 0.2593750000000001 0.3984375 0.2593750000000001 0.4375 0.2953125000000001 0.4375
2 0.890625 0.023437500000000104 0.8203125 0.0234375000000001 0.8203125 0.10468750000000009 0.890625 0.10468750000000009
2 0.71875 0.05625000000000009 0.675 0.05625000000000009 0.675 0.12343750000000009 0.71875 0.12343750000000009
2 0.8328125 0.0093750000000001 0.7890625 0.009375000000000097 0.7890625 0.0703125000000001 0.8328125 0.07031250000000011
2 0.4765625 0.503125 0.4140625 0.503125 0.4140625 0.5671875 0.4765625 0.5671875
2 0.2968750000000001 0.5015625 0.24218750000000008 0.5015625 0.24218750000000008 0.5484375 0.2968750000000001 0.5484375
2 0.4171875 0.6328125 0.3593750000000001 0.6328125 0.3593750000000001 0.696875 0.4171875 0.696875
2 0.740625 0.4390625000000001 0.6828125 0.4390625 0.6828125 0.5062500000000001 0.740625 0.5062500000000002
2 0.9375 0.02656250000000011 0.8703125 0.02656250000000011 0.8703125 0.09218750000000012 0.9375 0.09218750000000012
2 0.3218750000000001 0.528125 0.2500000000000001 0.528125 0.2500000000000001 0.5828125 0.3218750000000001 0.5828125
2 0.7296875 0.08906250000000009 0.69375 0.08906250000000009 0.69375 0.1468750000000001 0.7296875 0.1468750000000001
2 0.9984375 0.5937500000000002 0.934375 0.5937500000000002 0.934375 0.6421875000000001 0.9984375 0.6421875000000001
2 0.7781250000000002 0.8671875 0.6218750000000002 0.8671875 0.6218750000000002 1 0.7781250000000002 1
2 0.3156250000000001 0.5890625 0.2500000000000001 0.5890625 0.2500000000000001 0.6609375 0.3156250000000001 0.6609375
2 0.5281250000000002 0.7390625 0.44531250000000017 0.7390625 0.44531250000000017 0.8765625 0.5281250000000002 0.8765625
2 0.48125 0.415625 0.4234375 0.415625 0.4234375 0.45 0.48125 0.45
2 0.7015625 0.49375 0.621875 0.49375 0.621875 0.56875 0.7015625 0.56875
2 0.653125 0.475 0.584375 0.475 0.584375 0.5671875 0.653125 0.5671875
2 0.75 0.14218750000000008 0.7 0.14218750000000008 0.7 0.18906250000000008 0.75 0.18906250000000008
2 0.8796875 1.0409497792752504e-16 0.8203125 1.0045930774255631e-16 0.8203125 0.0375000000000001 0.8796875 0.03750000000000011
2 0.3515625000000001 0.5078125 0.28593750000000007 0.5078125 0.28593750000000007 0.59375 0.3515625000000001 0.59375
2 0.609375 0.22656250000000008 0.5375 0.22656250000000008 0.5375 0.2890625000000001 0.609375 0.2890625000000001
2 0.896875 0.09218750000000012 0.8328125 0.09218750000000012 0.8328125 0.1593750000000001 0.896875 0.1593750000000001
2 0.6171875 7.060854201333958e-17 0.5359375 6.563341439180346e-17 0.5359375 0.07500000000000007 0.6171875 0.07500000000000007
2 0.5921875 0.2828125000000001 0.515625 0.2828125000000001 0.515625 0.36406250000000007 0.5921875 0.36406250000000007
2 0.3734375000000001 0.8265625 0.2375000000000001 0.8265625 0.2375000000000001 0.990625 0.3734375000000001 0.990625
2 0.61875 0.4015625 0.5765625 0.4015625 0.5765625 0.4296875 0.61875 0.4296875
2 0.3187500000000001 0.6515625 0.2812500000000001 0.6515625 0.2812500000000001 0.70625 0.3187500000000001 0.70625
2 0.3843750000000001 0.8046875 0.2890625000000001 0.8046875 0.2890625000000001 0.890625 0.3843750000000001 0.890625
2 0.6609375 0.5984375 0.60625 0.5984375 0.60625 0.6703125 0.6609375 0.6703125
2 0.765625 0.4875000000000001 0.675 0.4875 0.675 0.6156250000000001 0.765625 0.6156250000000002
2 0.6859375 0.6125 0.6140625 0.6125 0.6140625 0.6890625 0.6859375 0.6890625
2 0.4140625 0.45625 0.34843750000000007 0.45625 0.34843750000000007 0.5 0.4140625 0.5
2 0.5750000000000002 0.7796875 0.5046875000000002 0.7796875 0.5046875000000002 0.8765625 0.5750000000000002 0.8765625
2 0.55 0.6953125 0.4921875 0.6953125 0.4921875000000001 0.7875 0.5500000000000002 0.7875
2 0.4750000000000002 0.8140625 0.4234375000000002 0.8140625 0.4234375000000002 0.86875 0.4750000000000002 0.86875
2 0.7296875 0.18125000000000008 0.6953125 0.18125000000000008 0.6953125 0.2218750000000001 0.7296875 0.2218750000000001
2 0.3656250000000001 0.596875 0.28593750000000007 0.596875 0.28593750000000007 0.6546875 0.3656250000000001 0.6546875
2 0.6390625 0.08593750000000008 0.6046875 0.08593750000000007 0.6046875 0.1296875000000001 0.6390625 0.1296875000000001