2 0.6609375 0.4765625 0.61875 0.4765625 0.61875 0.5078125 0.6609375 0.5078125
2 0.4546875 0.55625 0.4109375 0.55625 0.4109375 0.596875 0.4546875 0.596875
2 0.503125 0.55 0.4265625 0.55 0.4265625 0.628125 0.503125 0.628125
2 0.2750000000000001 0.8640625 0.21250000000000008 0.8640625 0.21250000000000008 0.940625 0.2750000000000001 0.940625
2 0.11406250000000014 0.9859375 0.05156250000000011 0.9859375 0.05156250000000012 1 0.11406250000000014 1
2 0.5046875 5.72139676476654e-17 0.4296875 5.262154215086284e-17 0.4296875 0.04687500000000006 0.5046875 0.04687500000000007
2 0.4046875000000001 0.6328125 0.2531250000000001 0.6328125 0.2531250000000001 0.8390625 0.4046875000000002 0.8390625
2 0.2515625000000001 0.684375 0.0828125000000001 0.684375 0.0828125000000001 0.8109375 0.2515625000000001 0.8109375
2 0.6296875 0.459375 0.5796875 0.459375 0.5796875 0.5078125 0.6296875 0.5078125
2 0.6015625 0.21250000000000008 0.509375 0.21250000000000008 0.509375 0.2984375000000001 0.6015625 0.2984375000000001
2 0.725 0.559375 0.678125 0.559375 0.678125 0.615625 0.725 0.615625
2 0.7890625000000001 0.690625 0.7078125 0.690625 0.7078125000000001 0.7500000000000001 0.7890625000000002 0.7500000000000002
2 0.4765625 0.3437500000000001 0.3796875 0.3437500000000001 0.37968750000000007 0.4203125 0.4765625 0.4203125
2 0.5609375000000002 0.7390625 0.5078125000000002 0.7390625 0.5078125000000002 0.7859375 0.5609375000000002 0.7859375
2 0.7953125 0.4625000000000002 0.7515625 0.4625000000000002 0.7515625 0.5046875000000002 0.7953125 0.5046875000000002
2 0.2593750000000001 0.93125 0.20468750000000008 0.93125 0.20468750000000008 0.98125 0.2593750000000001 0.98125
2 0.3500000000000001 0.834375 0.2953125000000001 0.834375 0.2953125000000001 0.8890625 0.3500000000000001 0.8890625
2 0.615625 0.1515625000000001 0.5703125 0.1515625000000001 0.5703125 0.1984375000000001 0.615625 0.1984375000000001
2 0.6109375 0.4984375 0.546875 0.4984375 0.546875 0.5640625 0.6109375 0.5640625
2 0.5078125000000002 0.7421875 0.43281250000000016 0.7421875 0.43281250000000016 0.8546875 0.5078125000000002 0.8546875
2 0.3515625 0.11250000000000004 0.2234375 0.11250000000000004 0.2234375 0.284375 0.3515625 0.284375
2 0.5609375 0.50625 0.48125 0.50625 0.48125 0.5734375 0.5609375 0.5734375
2 0.2609375000000001 0.803125 0.2140625000000001 0.803125 0.2140625000000001 0.85 0.2609375000000001 0.85
2 0.61875 0.3359375000000001 0.5296875 0.3359375000000001 0.5296875 0.4359375 0.61875 0.4359375
2 0.2375000000000001 0.8828125 0.17968750000000008 0.8828125 0.1796875000000001 0.959375 0.2375000000000001 0.959375
2 0.1968750000000001 0.890625 0.15781250000000008 0.890625 0.1578125000000001 0.9421875 0.19687500000000013 0.9421875
2 0.2484375000000001 0.8328125 0.2000000000000001 0.8328125 0.2000000000000001 0.86875 0.2484375000000001 0.86875
2 0.39531250000000007 0.8328125 0.36406250000000007 0.8328125 0.36406250000000007 0.878125 0.39531250000000007 0.878125
2 0.2578125000000001 0.9796875 0.19062500000000013 0.9796875 0.19062500000000013 1 0.2578125000000001 1
2 0.09687500000000011 0.8984375 0.02968750000000011 0.8984375 0.029687500000000117 0.96875 0.09687500000000011 0.96875
2 0.690625 0.2234375000000001 0.6109375 0.2234375000000001 0.6109375 0.3625000000000001 0.690625 0.3625000000000001
2 0.709375 0.65 0.6515625 0.65 0.6515625 0.696875 0.709375 0.696875
2 0.6265625 0.37187500000000007 0.5734375 0.37187500000000007 0.5734375 0.45625 0.6265625 0.45625
2 0.7703125 0.4937500000000001 0.68125 0.49375 0.68125 0.5718750000000001 0.7703125 0.5718750000000001
2 0.471875 0.19062500000000004 0.3859375 0.19062500000000004 0.3859375 0.3296875000000001 0.471875 0.3296875000000001
2 0.1718750000000001 0.7375 9.031770143711729e-17 0.7375 1.0151173858557357e-16 0.9203125 0.17187500000000014 0.9203125
2 0.6296875 0.5578125 0.5671875 0.5578125 0.5671875 0.6171875 0.6296875 0.6171875
2 0.4453125 0.01562500000000005 0.3765625 0.015625000000000045 0.3765625 0.06406250000000005 0.4453125 0.06406250000000005
2 0.7015625 0.5484375 0.6609375 0.5484375 0.6609375 0.5921875 0.7015625 0.5921875
2 0.528125 0.4546875 0.4640625 0.4546875 0.4640625 0.509375 0.528125 0.509375
2 0.2687500000000001 0.453125 0.17187500000000006 0.453125 0.17187500000000006 0.571875 0.2687500000000001 0.571875
2 0.4671875 0.4625 0.403125 0.4625 0.403125 0.53125 0.4671875 0.53125
2 0.2890625000000001 0.625 0.2156250000000001 0.625 0.2156250000000001 0.6765625 0.2890625000000001 0.6765625
2 0.7484375 0.5703125000000001 0.7125 0.5703125 0.7125 0.6109375000000001 0.7484375 0.6109375000000001
2 0.17500000000000013 0.9109375 0.10312500000000013 0.9109375 0.10312500000000013 0.99375 0.17500000000000013 0.99375
2 0.32500000000000007 0.890625 0.2812500000000001 0.890625 0.2812500000000001 0.959375 0.32500000000000007 0.959375
2 0.2078125000000001 0.9453125 0.16406250000000014 0.9453125 0.16406250000000014 1 0.2078125000000001 1
2 0.590625 0.4390625 0.5265625 0.4390625 0.5265625 0.503125 0.590625 0.503125
2 0.765625 0.45781250000000007 0.709375 0.4578125 0.709375 0.5046875000000001 0.765625 0.5046875000000002
2 0.646875 0.3046875000000001 0.5875 0.3046875000000001 0.5875 0.3703125000000001 0.646875 0.3703125000000001
2 0.3156250000000001 0.5015625 0.2562500000000001 0.5015625 0.2562500000000001 0.56875 0.3156250000000001 0.56875
2 0.12500000000000014 0.9234375 0.05625000000000011 0.9234375 0.05625000000000011 0.990625 0.12500000000000014 0.990625
2 0.7578125 0.4234375000000001 0.684375 0.4234375 0.684375 0.4781250000000001 0.7578125 0.4781250000000002
2 0.3046875000000001 0.8671875 0.2687500000000001 0.8671875 0.2687500000000001 0.9265625 0.3046875000000001 0.9265625
2 0.059375000000000046 0.3609375 4.420209540672478e-17 0.3609375 4.7263712404593165e-17 0.4109375 0.059375000000000046 0.4109375
2 0.378125 3.664372844323721e-17 0.2203125 2.6980499793715128e-17 0.2203125 0.13125000000000003 0.378125 0.13125000000000003
2 0.7578125 0.3437500000000001 0.690625 0.3437500000000001 0.690625 0.4171875000000001 0.7578125 0.41718750000000016
2 0.5578125 0.12187500000000007 0.4734375 0.12187500000000004 0.4734375 0.26250000000000007 0.5578125 0.26250000000000007
2 0.58125 0.5578125 0.5234375 0.5578125 0.5234375 0.5921875 0.58125 0.5921875
2 0.3781250000000001 0.4375 0.2968750000000001 0.4375 0.2968750000000001 0.5140625 0.3781250000000001 0.5140625
2 0.415625 0.4390625 0.3453125000000001 0.4390625 0.3453125000000001 0.5328125 0.415625 0.5328125
2 0.2984375000000001 0.825 0.2484375000000001 0.825 0.2484375000000001 0.8734375 0.2984375000000001 0.8734375
2 0.17187500000000014 0.9796875 0.11562500000000013 0.9796875 0.11562500000000013 1 0.17187500000000014 1
2 0.721875 0.4125 0.6546875 0.4125 0.6546875 0.5 0.721875 0.5
2 0.4640625000000001 0.721875 0.3906250000000001 0.721875 0.3906250000000001 0.7859375 0.46406250000000016 0.7859375
2 0.16093750000000012 0.8546875 0.09687500000000011 0.8546875 0.09687500000000011 0.9234375 0.16093750000000012 0.9234375
2 0.4656250000000002 0.940625 0.3828125000000001 0.940625 0.3828125000000001 1 0.4656250000000002 1
2 0.4859375000000001 0.646875 0.4078125 0.646875 0.4078125000000001 0.7296875 0.4859375000000002 0.7296875
2 0.7703125 0.006250000000000086 0.63125 0.0062500000000000775 0.63125 0.17343750000000008 0.7703125 0.17343750000000008
2 0.425 0.5796875 0.3828125000000001 0.5796875 0.3828125000000001 0.6078125 0.425 0.6078125
2 0.7265625 0.2968750000000001 0.6875 0.2968750000000001 0.6875 0.3531250000000001 0.7265625 0.3531250000000001
2 0.71875 0.1062500000000001 0.621875 0.1062500000000001 0.621875 0.19531250000000008 0.71875 0.19531250000000008
2 0.39375000000000004 0.33281250000000007 0.3375 0.3328125 0.3375 0.40625 0.3937500000000001 0.40625
2 0.32500000000000007 0.3890625 0.2328125000000001 0.3890625 0.2328125000000001 0.5203125 0.32500000000000007 0.5203125
2 0.38593750000000004 0.3140625 0.3125 0.3140625 0.31250000000000006 0.3921875 0.3859375000000001 0.3921875000000001
2 0.6578125 0.5078125 0.590625 0.5078125 0.590625 0.5515625 0.6578125 0.5515625
2 0.4984375 0.12187500000000004 0.4265625 0.12187500000000004 0.4265625 0.22031250000000008 0.4984375 0.22031250000000008
2 0.5109375 0.21250000000000008 0.4515625 0.21250000000000008 0.4515625 0.3078125000000001 0.5109375 0.3078125000000001
2 0.58125 0.12968750000000007 0.528125 0.12968750000000004 0.528125 0.18593750000000006 0.58125 0.1859375000000001
2 0.3031250000000001 0.7921875 0.2687500000000001 0.7921875 0.2687500000000001 0.8328125 0.3031250000000001 0.8328125
2 0.721875 0.34843750000000007 0.640625 0.34843750000000007 0.640625 0.4078125 0.721875 0.4078125
2 0.39531250000000007 0.8859375 0.3593750000000001 0.8859375 0.3593750000000001 0.9296875 0.39531250000000007 0.9296875