2 0.03750000000000004 0.315625 3.865291459808834e-17 0.315625 4.4202095406724777e-17 0.40625 0.03750000000000005 0.40625
2 0.2906250000000001 0.4453125 0.2015625000000001 0.4453125 0.2015625000000001 0.528125 0.2906250000000001 0.528125
2 0.153125 0.006250000000000015 0.0953125 0.006250000000000011 0.0953125 0.051562500000000025 0.153125 0.051562500000000025
2 0.15312500000000004 0.428125 0.08750000000000005 0.428125 0.08750000000000005 0.4875 0.15312500000000004 0.4875
2 0.9375 0.5125000000000002 0.8625 0.5125000000000002 0.8625 0.5765625000000002 0.9375 0.5765625000000002
2 0.884375 0.871875 0.821875 0.871875 0.821875 0.9484375 0.884375 0.9484375
2 0.19843750000000004 0.4734375 0.11250000000000004 0.4734375 0.11250000000000004 0.5375 0.19843750000000004 0.5375
2 0.08906250000000007 0.6109375 0.03281250000000008 0.6109375 0.032812500000000085 0.6828125 0.08906250000000009 0.6828125
2 0.7875 0.4671875000000001 0.665625 0.4671875 0.665625 0.5484375000000001 0.7875 0.5484375000000001
2 0.17500000000000007 0.4578125 0.020312500000000056 0.4578125 0.020312500000000063 0.5875 0.1750000000000001 0.5875
2 0.08593750000000004 0.315625 0.03437500000000003 0.315625 0.03437500000000004 0.3671875 0.08593750000000004 0.3671875
2 0.4828125 0.17968750000000006 0.4375 0.17968750000000006 0.4375 0.2468750000000001 0.4828125 0.2468750000000001
2 0.659375 0.65 0.5171875 0.65 0.5171875000000001 0.9046875 0.6593750000000002 0.9046875
2 0.2484375 0.2171875 0.19843750000000004 0.2171875 0.19843750000000004 0.2546875 0.2484375 0.2546875
2 0.2796875000000001 0.528125 0.17656250000000004 0.528125 0.17656250000000007 0.628125 0.2796875000000001 0.628125
2 0.4984375 0.4765625 0.4 0.4765625 0.4 0.6125 0.4984375 0.6125
2 0.453125 0.2843750000000001 0.4203125 0.2843750000000001 0.4203125 0.3375000000000001 0.453125 0.3375000000000001
2 0.19062500000000004 0.3203125 0.15000000000000005 0.3203125 0.15000000000000005 0.3609375 0.19062500000000004 0.3609375
2 0.32500000000000007 0.5796875 0.1390625000000001 0.5796875 0.1390625000000001 0.775 0.32500000000000007 0.775
2 0.44375 0.17812500000000003 0.384375 0.17812500000000003 0.384375 0.2375000000000001 0.44375 0.2375000000000001
2 0.8875 0.4812500000000002 0.7953125 0.4812500000000002 0.7953125 0.5890625000000002 0.8875 0.5890625000000002
2 0.7546875 0.5234375000000001 0.659375 0.5234375 0.659375 0.6421875000000001 0.7546875 0.6421875000000001
2 0.4265625 0.2609375000000001 0.3765625 0.2609375000000001 0.3765625 0.30937500000000007 0.4265625 0.30937500000000007
2 0.3828125 0.11875000000000005 0.2875 0.11875000000000005 0.2875 0.24375000000000005 0.3828125 0.24375000000000008
2 0.4703125 4.831614324761042e-17 0.31875 3.903561672282188e-17 0.31875 0.12812500000000004 0.4703125 0.12812500000000004
2 0.928125 0.40625000000000017 0.8 0.40625000000000017 0.8 0.5171875000000001 0.928125 0.5171875000000001
2 0.9203125 0.1906250000000001 0.8984375 0.1906250000000001 0.8984375 0.2296875000000001 0.9203125 0.2296875000000001
2 0.671875 0.484375 0.490625 0.484375 0.490625 0.6703125 0.671875 0.6703125
2 0.10625000000000004 0.403125 4.9368574090627673e-17 0.403125 5.79793718971325e-17 0.54375 0.10625000000000004 0.54375
2 0.12187500000000004 0.290625 0.07656250000000005 0.290625 0.07656250000000005 0.34375 0.12187500000000004 0.34375
2 0.3390625000000001 0.5125 0.2468750000000001 0.5125 0.2468750000000001 0.596875 0.3390625000000001 0.596875
2 0.546875 0.2171875000000001 0.4609375 0.2171875000000001 0.4609375 0.3437500000000001 0.546875 0.3437500000000001
2 0.7171875 0.2234375000000001 0.5921875 0.2234375000000001 0.5921875 0.428125 0.7171875 0.428125
2 0.45625 0.13593750000000004 0.3875 0.13593750000000004 0.3875 0.18437500000000004 0.45625 0.18437500000000004
2 0.2515625 0.16562500000000002 0.1265625 0.165625 0.12656250000000002 0.228125 0.2515625 0.228125
2 0.671875 0.45 0.6234375 0.45 0.6234375 0.521875 0.671875 0.521875
2 0.7 0.60625 0.6375 0.60625 0.6375 0.7015625 0.7 0.7015625
2 0.5828125 0.2921875000000001 0.540625 0.2921875000000001 0.540625 0.33281250000000007 0.5828125 0.33281250000000007
2 0.3453125 0.246875 0.275 0.246875 0.275 0.3171875 0.3453125 0.3171875
2 0.19062500000000004 0.359375 0.08593750000000004 0.359375 0.08593750000000004 0.4046875 0.19062500000000004 0.4046875
2 0.403125 0.30937500000000007 0.2640625 0.309375 0.26406250000000003 0.37031250000000004 0.403125 0.3703125000000001
2 0.05156250000000008 0.540625 6.620746757890377e-17 0.540625 7.587069622842586e-17 0.6984375 0.05156250000000009 0.6984375
2 0.7859375000000002 0.7500000000000001 0.7046875000000001 0.75 0.7046875000000001 0.80625 0.7859375000000002 0.80625
2 0.309375 0.21875 0.2578125 0.21875 0.2578125 0.2953125 0.309375 0.2953125
2 1 0.7140625000000002 0.921875 0.7140625000000002 0.921875 0.803125 1 0.803125
2 0.95625 0.5687500000000002 0.853125 0.5687500000000002 0.853125 0.6421875000000001 0.95625 0.6421875000000001
2 0.7453125 0.4203125000000001 0.7125 0.4203125 0.7125 0.4718750000000001 0.7453125 0.47187500000000016
2 0.3843750000000001 0.459375 0.2656250000000001 0.459375 0.2656250000000001 0.559375 0.3843750000000001 0.559375
2 0.590625 0.3609375000000001 0.55625 0.3609375000000001 0.55625 0.4 0.590625 0.4
2 0.2734375000000001 0.4 0.19687500000000005 0.4 0.19687500000000005 0.4796875 0.2734375000000001 0.4796875
2 1 0.5265625000000002 0.9296875 0.5265625000000002 0.9296875 0.5812500000000002 1 0.5812500000000002
2 0.821875 0.2578125000000001 0.690625 0.2578125000000001 0.690625 0.4296875000000001 0.821875 0.42968750000000017
2 0.9875 0.25468750000000007 0.8703125 0.25468750000000007 0.8703125 0.3609375000000001 0.9875 0.3609375000000001
2 0.7875000000000001 0.6453125000000001 0.6875 0.6453125 0.6875000000000001 0.7328125000000001 0.7875000000000002 0.7328125000000002
2 0.5515625 0.34687500000000004 0.3296875 0.346875 0.3296875 0.5125 0.5515625 0.5125
2 0.5781250000000001 0.6203125 0.3359375000000001 0.6203125 0.3359375000000001 0.9984375 0.5781250000000002 0.9984375
2 0.4890625 0.3125000000000001 0.4375 0.3125000000000001 0.4375 0.35625000000000007 0.4890625 0.35625000000000007
2 0.765625 0.40625000000000017 0.7328125 0.40625000000000017 0.7328125 0.43750000000000017 0.765625 0.43750000000000017
2 0.628125 0.37968750000000007 0.5515625 0.37968750000000007 0.5515625 0.45625 0.628125 0.45625
2 0.10781250000000005 0.259375 0.05625000000000002 0.259375 0.056250000000000036 0.296875 0.10781250000000005 0.296875
2 0.371875 0.21875000000000006 0.3234375 0.21875 0.3234375 0.26562500000000006 0.371875 0.2656250000000001
2 1 0.5843750000000002 0.95625 0.5843750000000002 0.95625 0.6343750000000001 1 0.6343750000000001
2 0.6203125 0.23593750000000008 0.55 0.23593750000000008 0.55 0.2906250000000001 0.6203125 0.2906250000000001
2 0.15781250000000008 0.5765625 0.08750000000000006 0.5765625 0.08750000000000008 0.6390625 0.15781250000000008 0.6390625
2 0.15937500000000004 0.3984375 0.11562500000000005 0.3984375 0.11562500000000005 0.4484375 0.15937500000000004 0.4484375
2 0.4984375 0.16093750000000004 0.4703125 0.16093750000000004 0.4703125 0.19375000000000003 0.4984375 0.19375000000000003
2 0.6015625 0.3265625000000001 0.5578125 0.3265625000000001 0.5578125 0.3765625000000001 0.6015625 0.3765625000000001