2 1 0.6453125000000002 0.965625 0.6453125000000002 0.965625 0.7140625000000002 1 0.7140625000000002
2 0.3593750000000001 0.4609375 0.3109375000000001 0.4609375 0.3109375000000001 0.5265625 0.3593750000000001 0.5265625
2 0.653125 0.11718750000000007 0.5390625 0.11718750000000004 0.5390625 0.2218750000000001 0.653125 0.2218750000000001
2 0.7375 0.10000000000000009 0.659375 0.10000000000000009 0.659375 0.1765625000000001 0.7375 0.1765625000000001
2 0.3500000000000001 0.3640625 0.2515625000000001 0.3640625 0.2515625000000001 0.4578125 0.3500000000000001 0.4578125
2 0.3078125 0.225 0.2515625 0.225 0.2515625 0.275 0.3078125 0.275
2 0.525 0.25468750000000007 0.465625 0.25468750000000007 0.465625 0.3140625000000001 0.525 0.3140625000000001
2 0.6828125 0.3968750000000001 0.653125 0.3968750000000001 0.653125 0.446875 0.6828125 0.446875
2 1 0.4671875000000002 0.9328125 0.4671875000000002 0.9328125 0.5468750000000002 1 0.5468750000000002
2 0.9203125 0.05312500000000011 0.8375 0.05312500000000011 0.8375 0.12187500000000011 0.9203125 0.12187500000000014
2 0.8328125 0.3843750000000001 0.7 0.3843750000000001 0.7 0.46562500000000007 0.8328125 0.4656250000000002
2 0.725 0.23593750000000008 0.575 0.23593750000000008 0.575 0.4453125 0.725 0.4453125
2 0.04687500000000008 0.6625 8.113285044351215e-17 0.6625 8.534257381558118e-17 0.73125 0.04687500000000009 0.73125
2 0.19531250000000006 0.359375 0.03281250000000004 0.359375 0.03281250000000006 0.5171875 0.19531250000000006 0.5171875
2 0.2812500000000001 0.79375 0.2062500000000001 0.79375 0.2062500000000001 0.8546875 0.2812500000000001 0.8546875
2 0.94375 0.09687500000000011 0.853125 0.09687500000000011 0.853125 0.17656250000000012 0.94375 0.17656250000000012
2 0.18125 1.2055116929106758e-17 0.015625 1.9135106236677394e-18 0.01562500000000001 0.178125 0.18125 0.178125
2 0.24375000000000008 0.5421875 0.13281250000000006 0.5421875 0.13281250000000006 0.6453125 0.24375000000000008 0.6453125
2 0.846875 0.3375000000000001 0.75625 0.3375000000000001 0.75625 0.4078125000000002 0.846875 0.4078125000000002
2 0.465625 0.3375000000000001 0.40625 0.3375000000000001 0.40625 0.4484375 0.465625 0.4484375
2 0.5578125 0.17031250000000006 0.496875 0.17031250000000003 0.496875 0.2406250000000001 0.5578125 0.2406250000000001
2 0.5703125 0.5171875 0.4453125 0.5171875 0.4453125 0.621875 0.5703125 0.621875
2 0.2687500000000001 0.8796875 0.2171875000000001 0.8796875 0.2171875000000001 0.9453125 0.2687500000000001 0.9453125
2 0.3921875000000001 0.7078125 0.34062500000000007 0.7078125 0.34062500000000007 0.7578125 0.3921875000000001 0.7578125
2 0.3281250000000001 0.4640625 0.27812500000000007 0.4640625 0.27812500000000007 0.509375 0.3281250000000001 0.509375
2 0.50625 0.2312500000000001 0.43125 0.2312500000000001 0.43125 0.2968750000000001 0.50625 0.2968750000000001
2 0.615625 0.2156250000000001 0.5234375 0.2156250000000001 0.5234375 0.3218750000000001 0.615625 0.3218750000000001
2 0.5109375 0.6125 0.4609375 0.6125 0.4609375 0.665625 0.5109375 0.665625
2 0.7625000000000002 0.8515625 0.7093750000000002 0.8515625 0.7093750000000002 0.9078125 0.7625000000000002 0.9078125
2 0.8546875 0.0765625000000001 0.709375 0.07656250000000009 0.709375 0.1984375000000001 0.8546875 0.1984375000000001
2 0.24218750000000006 0.309375 0.17031250000000003 0.309375 0.17031250000000003 0.3921875 0.24218750000000008 0.3921875
2 0.834375 0.7390625000000002 0.7750000000000001 0.7390625000000002 0.7750000000000001 0.8171875 0.834375 0.8171875
2 0.10312500000000006 0.4421875 5.415235064979703e-17 0.4421875 6.276314845630185e-17 0.5828125 0.10312500000000009 0.5828125
2 0.628125 0.6359375 0.5671875 0.6359375 0.5671875 0.6859375 0.628125 0.6859375
2 0.026562500000000093 0.7171875 8.783013762634924e-17 0.7171875 9.146580781131795e-17 0.7765625 0.0265625000000001 0.7765625
2 0.584375 0.08281250000000007 0.4984375 0.08281250000000007 0.4984375 0.17031250000000006 0.584375 0.1703125000000001
2 0.75 0.3125000000000001 0.6984375 0.3125000000000001 0.6984375 0.3625000000000001 0.75 0.3625000000000001
2 0.16093750000000012 0.7828125 9.586688224575374e-17 0.7828125 1.041906534587084e-16 0.91875 0.16093750000000012 0.91875
2 0.8765625 0.6484375000000002 0.803125 0.6484375000000002 0.803125 0.7406250000000002 0.8765625 0.7406250000000002
2 0.3875 0.23125000000000004 0.3328125 0.23125 0.3328125 0.29218750000000004 0.3875 0.2921875000000001
2 0.40625 0.3828125000000001 0.37187500000000007 0.3828125000000001 0.37187500000000007 0.4359375 0.40625 0.4359375
2 0.828125 0.1671875000000001 0.6984375 0.1671875000000001 0.6984375 0.3078125000000001 0.828125 0.3078125000000001
2 0.95625 0.6265625000000001 0.896875 0.6265625000000001 0.896875 0.6843750000000002 0.95625 0.6843750000000002
2 0.6156250000000001 0.7109375 0.575 0.7109375 0.5750000000000001 0.759375 0.6156250000000002 0.759375
2 0.6671875 0.7171875 0.60625 0.7171875 0.6062500000000001 0.7640625 0.6671875000000002 0.7640625
2 0.5765625 0.026562500000000062 0.4703125 0.026562500000000055 0.4703125 0.12500000000000006 0.5765625 0.12500000000000008
2 0.790625 0.4859375000000001 0.7203125 0.4859375 0.7203125 0.5828125000000001 0.790625 0.5828125000000002
2 0.6828125 0.6109375 0.6359375 0.6109375 0.6359375 0.65625 0.6828125 0.65625
2 1 0.5437500000000002 0.9015625 0.5437500000000002 0.9015625 0.6468750000000002 1 0.6468750000000002
2 0.89375 0.45312500000000017 0.8125 0.45312500000000017 0.8125 0.5093750000000001 0.89375 0.5093750000000001
2 0.15468750000000006 0.5125 0.10312500000000005 0.5125 0.10312500000000006 0.5828125 0.1546875000000001 0.5828125
2 0.6640625 0.18750000000000008 0.6 0.18750000000000008 0.6 0.2593750000000001 0.6640625 0.2593750000000001
2 0.578125 0.440625 0.496875 0.440625 0.496875 0.534375 0.578125 0.534375
2 0.5078125000000001 0.6375 0.3968750000000001 0.6375 0.3968750000000001 0.74375 0.5078125000000002 0.74375
2 0.965625 0.13906250000000012 0.8390625 0.1390625000000001 0.8390625 0.3500000000000001 0.965625 0.3500000000000001
2 0.30937500000000007 0.65625 0.2078125000000001 0.65625 0.2078125000000001 0.8 0.30937500000000007 0.8
2 0.5796875 0.3390625000000001 0.53125 0.3390625000000001 0.53125 0.403125 0.5796875 0.403125
2 0.4484375 0.5015625 0.415625 0.5015625 0.415625 0.5375 0.4484375 0.5375
2 0.5046875 0.13125000000000003 0.4046875 0.13125000000000003 0.4046875 0.2468750000000001 0.5046875 0.2468750000000001
2 0.6859375000000002 0.809375 0.6187500000000001 0.809375 0.6187500000000001 0.8609375 0.6859375000000002 0.8609375
2 0.2000000000000001 0.653125 0.14218750000000008 0.653125 0.14218750000000008 0.6984375 0.2000000000000001 0.6984375
2 0.5703125000000001 0.69375 0.4984375 0.69375 0.4984375000000001 0.7640625 0.5703125000000002 0.7640625
2 0.575 0.6203125 0.5140625 0.6203125 0.5140625 0.66875 0.575 0.66875
2 0.2156250000000001 0.525 0.15000000000000005 0.525 0.15000000000000008 0.578125 0.2156250000000001 0.578125
2 0.7234375 0.60625 0.678125 0.60625 0.678125 0.671875 0.7234375 0.671875
2 0.4984375 0.48125 0.4578125 0.48125 0.4578125 0.5203125 0.4984375 0.5203125
2 0.3625000000000001 0.7375 0.2796875000000001 0.7375 0.2796875000000001 0.821875 0.3625000000000001 0.821875
2 1 0.7171875000000002 0.840625 0.7171875000000002 0.840625 0.840625 1 0.840625
2 0.3921875000000001 0.6515625 0.3140625000000001 0.6515625 0.3140625000000001 0.715625 0.3921875000000001 0.715625