2 0.05625000000000004 0.2859375 3.501724441311963e-17 0.2859375 4.1236153940039786e-17 0.3875 0.05625000000000004 0.3875
2 0.7046875 0.471875 0.6578125 0.471875 0.6578125 0.5375 0.7046875 0.5375
2 0.47968750000000016 0.7734375 0.3671875000000001 0.7734375 0.3671875000000001 0.8765625 0.47968750000000016 0.8765625
2 0.3625000000000001 0.8171875 0.2843750000000001 0.8171875 0.2843750000000001 0.89375 0.3625000000000001 0.89375
2 0.7640625 0.5406250000000001 0.665625 0.540625 0.665625 0.6328125000000001 0.7640625 0.6328125000000002
2 0.7640625000000001 0.7203125000000001 0.7078125 0.7203125 0.7078125000000001 0.7703125000000001 0.7640625000000002 0.7703125000000002
2 0.5515625000000001 0.68125 0.4921875 0.68125 0.4921875000000001 0.740625 0.5515625000000002 0.740625
2 0.3656250000000001 0.5515625 0.3375000000000001 0.5515625 0.3375000000000001 0.6 0.3656250000000001 0.6
2 0.09062500000000005 0.453125 0.010937500000000055 0.453125 0.01093750000000006 0.53125 0.09062500000000007 0.53125
2 0.18437500000000012 0.871875 0.10312500000000009 0.871875 0.1031250000000001 0.940625 0.18437500000000012 0.940625
2 0.3203125000000001 0.5328125 0.18906250000000005 0.5328125 0.18906250000000008 0.6125 0.3203125000000001 0.6125
2 0.4437500000000001 0.553125 0.2953125000000001 0.553125 0.2953125000000001 0.759375 0.4437500000000002 0.759375
2 1 0.2687500000000001 0.9671875 0.2687500000000001 0.9671875 0.3312500000000001 1 0.3312500000000001
2 0.98125 0.4812500000000002 0.8203125 0.4812500000000002 0.8203125 0.6375000000000002 0.98125 0.6375000000000002
2 0.809375 0.14843750000000008 0.734375 0.14843750000000008 0.734375 0.2078125000000001 0.809375 0.2078125000000001
2 0.1687500000000001 0.8171875 0.0796875000000001 0.8171875 0.0796875000000001 0.896875 0.1687500000000001 0.896875
2 0.9984375 0.815625 0.834375 0.815625 0.834375 1 0.9984375 1
2 0.8828125 0.3546875000000001 0.771875 0.3546875000000001 0.771875 0.45625000000000016 0.8828125 0.45625000000000016
2 0.2656250000000001 0.5890625 0.1750000000000001 0.5890625 0.1750000000000001 0.6578125 0.2656250000000001 0.6578125
2 0.6125 0.55 0.553125 0.55 0.553125 0.659375 0.6125 0.659375
2 0.5218750000000002 0.7546875 0.46093750000000017 0.7546875 0.46093750000000017 0.8234375 0.5218750000000002 0.8234375
2 0.5734375 0.3781250000000001 0.45 0.3781250000000001 0.45 0.48125 0.5734375 0.48125
2 0.7984375 0.057812500000000086 0.746875 0.057812500000000086 0.746875 0.12343750000000009 0.7984375 0.12343750000000009
2 0.6765625 0.24375000000000008 0.6265625 0.24375000000000008 0.6265625 0.2921875000000001 0.6765625 0.2921875000000001
2 0.7375 0.48906250000000007 0.6890625 0.4890625 0.6890625 0.534375 0.7375 0.5343750000000002
2 0.5875000000000001 0.7 0.5140625 0.7 0.5140625000000001 0.765625 0.5875000000000001 0.765625
2 0.4953125000000001 0.675 0.403125 0.675 0.40312500000000007 0.78125 0.49531250000000016 0.78125
2 0.5578125 0.3343750000000001 0.5078125 0.3343750000000001 0.5078125 0.3859375000000001 0.5578125 0.3859375000000001
2 0.3109375 0.09531250000000004 0.259375 0.09531250000000002 0.259375 0.15156250000000004 0.3109375 0.15156250000000004
2 0.3109375000000001 0.796875 0.1671875000000001 0.796875 0.1671875000000001 0.9171875 0.3109375000000001 0.9171875
2 0.8453125 0.6046875000000002 0.7734375 0.6046875000000002 0.7734375 0.6875000000000002 0.8453125 0.6875000000000002
2 0.246875 0.18437500000000004 0.18750000000000006 0.18437500000000004 0.18750000000000006 0.2609375 0.246875 0.2609375
2 1 0.4156250000000002 0.9109375 0.4156250000000002 0.9109375 0.5546875000000002 1 0.5546875000000002
2 0.4515625 0.3156250000000001 0.3921875 0.3156250000000001 0.3921875 0.36406250000000007 0.4515625 0.36406250000000007
2 1 0.2406250000000001 0.9859375 0.2406250000000001 0.9859375 0.2765625000000001 1 0.2765625000000001
2 0.5203125000000002 0.825 0.4359375000000002 0.825 0.4359375000000002 0.9109375 0.5203125000000002 0.9109375
2 0.3218750000000001 0.634375 0.27031250000000007 0.634375 0.27031250000000007 0.684375 0.3218750000000001 0.684375
2 1 0.08437500000000012 0.853125 0.08437500000000012 0.853125 0.21875000000000008 1 0.21875000000000008
2 0.21875 0.2609375 0.14531250000000004 0.2609375 0.14531250000000004 0.3515625 0.21875 0.3515625
2 0.6843750000000001 0.7046875 0.6296875 0.7046875 0.6296875000000001 0.7640625 0.6843750000000002 0.7640625
2 0.6453125 0.5625 0.6109375 0.5625 0.6109375 0.615625 0.6453125 0.615625
2 0.3218750000000001 0.6875 0.1937500000000001 0.6875 0.1937500000000001 0.8265625 0.3218750000000001 0.8265625
2 0.12656250000000005 0.315625 0.06718750000000004 0.315625 0.06718750000000004 0.3734375 0.12656250000000005 0.3734375
2 0.44375 0.2406250000000001 0.4046875 0.2406250000000001 0.4046875 0.2890625000000001 0.44375 0.2890625000000001
2 0.4125 0.23750000000000004 0.353125 0.2375 0.353125 0.2828125 0.4125 0.2828125000000001
2 0.5484375000000001 0.8671875 0.4421875000000002 0.8671875 0.4421875000000002 0.965625 0.5484375000000001 0.965625
2 0.3000000000000001 0.4171875 0.2296875000000001 0.4171875 0.2296875000000001 0.5125 0.3000000000000001 0.5125
2 0.38281250000000006 0.34375000000000006 0.3359375 0.34375 0.33593750000000006 0.38750000000000007 0.3828125000000001 0.38750000000000007
2 0.12031250000000004 0.3515625 0.004687500000000043 0.3515625 0.004687500000000049 0.4546875 0.12031250000000004 0.4546875
2 0.2093750000000001 0.4890625 0.12812500000000004 0.4890625 0.12812500000000007 0.5453125 0.2093750000000001 0.5453125
2 0.9109375 0.4156250000000002 0.8609375 0.4156250000000002 0.8609375 0.4859375000000002 0.9109375 0.4859375000000002
2 0.4187500000000002 0.7359375 0.35625000000000007 0.7359375 0.35625000000000007 0.80625 0.4187500000000002 0.80625
2 0.521875 0.4640625 0.4421875 0.4640625 0.4421875 0.5578125 0.521875 0.5578125
2 0.6203125 0.2562500000000001 0.5109375 0.2562500000000001 0.5109375 0.3609375000000001 0.6203125 0.3609375000000001
2 0.18125000000000008 0.6484375 0.05625000000000009 0.6484375 0.0562500000000001 0.85625 0.18125000000000008 0.85625
2 0.8078125 0.2015625000000001 0.70625 0.2015625000000001 0.70625 0.3437500000000001 0.8078125 0.3437500000000001
2 0.4875 0.5953125 0.4390625 0.5953125 0.4390625 0.6578125 0.4875 0.6578125
2 0.6015625 0.4625 0.56875 0.4625 0.56875 0.496875 0.6015625 0.496875
2 0.6125000000000002 0.75 0.5140625000000002 0.75 0.5140625000000002 0.8640625 0.6125000000000002 0.8640625
2 0.4015625 0.14218750000000005 0.334375 0.14218750000000005 0.334375 0.19218750000000004 0.4015625 0.19218750000000004
2 0.871875 0.30156250000000007 0.815625 0.30156250000000007 0.815625 0.3468750000000001 0.871875 0.3468750000000001
2 0.5203125 0.2375000000000001 0.45 0.2375000000000001 0.45 0.3062500000000001 0.5203125 0.3062500000000001
2 0.5046875 0.3312500000000001 0.44375 0.3312500000000001 0.44375 0.37968750000000007 0.5046875 0.37968750000000007
2 0.865625 0.42187500000000017 0.8 0.42187500000000017 0.8 0.4734375000000002 0.865625 0.4734375000000002
2 0.34218750000000003 0.328125 0.296875 0.328125 0.29687500000000006 0.39375 0.3421875000000001 0.39375
2 0.5609375 0.478125 0.521875 0.478125 0.521875 0.5171875 0.5609375 0.5171875
2 0.7359375 0.17968750000000008 0.6546875 0.17968750000000008 0.6546875 0.26250000000000007 0.7359375 0.26250000000000007
2 0.18125000000000002 0.1609375 0.01093750000000002 0.1609375 0.010937500000000027 0.2859375 0.18125000000000005 0.2859375
2 0.703125 0.2843750000000001 0.625 0.2843750000000001 0.625 0.34843750000000007 0.703125 0.34843750000000007