2 0.7578125 8.916959506291665e-17 0.6984375 8.553392487794795e-17 0.6984375 0.02187500000000009 0.7578125 0.021875000000000096
2 0.5671875 0.65625 0.4984375 0.65625 0.4984375 0.70625 0.5671875 0.70625
2 0.24843750000000003 0.3515625 0.13906250000000003 0.3515625 0.13906250000000003 0.4703125 0.2484375000000001 0.4703125
2 0.2015625 0.2625 0.12031250000000004 0.2625 0.12031250000000004 0.3453125 0.2015625 0.3453125
2 0.4937500000000001 0.6671875 0.3968750000000001 0.6671875 0.3968750000000001 0.7703125 0.4937500000000002 0.7703125
2 0.3031250000000001 0.7109375 0.2515625000000001 0.7109375 0.2515625000000001 0.7703125 0.3031250000000001 0.7703125
2 0.3453125000000001 0.4828125 0.2828125000000001 0.4828125 0.2828125000000001 0.5453125 0.3453125000000001 0.5453125
2 0.4828125 0.3187500000000001 0.43125 0.3187500000000001 0.43125 0.3500000000000001 0.4828125 0.3500000000000001
2 0.5875 6.687719629718749e-17 0.5046875 6.180639314446799e-17 0.5046875 0.057812500000000065 0.5875 0.057812500000000065
2 0.14375 0.07187500000000001 0.071875 0.071875 0.07187500000000001 0.1578125 0.14375 0.1578125
2 0.503125 0.16250000000000003 0.41875 0.16250000000000003 0.41875 0.30156250000000007 0.503125 0.30156250000000007
2 0.48125 0.275 0.2625 0.275 0.26250000000000007 0.43125 0.48125 0.43125
2 0.7796875000000002 0.984375 0.7296875000000002 0.984375 0.7296875000000002 1 0.7796875000000002 1
2 0.5578125000000002 0.828125 0.3921875000000001 0.828125 0.3921875000000001 0.9984375 0.5578125000000002 0.9984375
2 0.909375 0.7375000000000002 0.8453125 0.7375000000000002 0.8453125 0.8171875 0.909375 0.8171875
2 0.2015625 0.046875000000000014 0.1171875 0.046875000000000014 0.1171875 0.14062500000000003 0.2015625 0.14062500000000006
2 0.20312500000000008 0.84375 0.009375000000000102 0.84375 0.009375000000000112 1 0.20312500000000008 1
2 0.6906250000000002 0.778125 0.5843750000000002 0.778125 0.5843750000000002 0.8953125 0.6906250000000002 0.8953125
2 0.44375 0.14843750000000006 0.3703125 0.14843750000000006 0.3703125 0.24375000000000008 0.44375 0.24375000000000008
2 0.484375 0.546875 0.3687500000000001 0.546875 0.3687500000000001 0.609375 0.484375 0.609375
2 0.2671875000000001 0.4484375 0.19375000000000003 0.4484375 0.19375000000000003 0.5125 0.2671875000000001 0.5125
2 0.665625 0.4375 0.55625 0.4375 0.55625 0.56875 0.665625 0.56875
2 1 0.7531250000000002 0.934375 0.7531250000000002 0.934375 0.80625 1 0.80625
2 0.8078125 0.6234375000000002 0.75625 0.6234375000000002 0.75625 0.6765625000000002 0.8078125 0.6765625000000002
2 0.5484375000000001 0.690625 0.5 0.690625 0.5000000000000001 0.7421875 0.5484375000000001 0.7421875
2 0.3265625000000001 0.5046875 0.2578125000000001 0.5046875 0.2578125000000001 0.5828125 0.3265625000000001 0.5828125
2 0.3515625000000001 0.3890625 0.2406250000000001 0.3890625 0.2406250000000001 0.4859375 0.3515625000000001 0.4859375
2 0.7125 0.4984375 0.6578125 0.4984375 0.6578125 0.55 0.7125 0.55
2 0.965625 0.23593750000000008 0.90625 0.23593750000000008 0.90625 0.2906250000000001 0.965625 0.2906250000000001
2 0.225 0.13906250000000003 0.09687500000000002 0.1390625 0.09687500000000003 0.290625 0.225 0.290625
2 0.4265625000000002 0.78125 0.3390625000000001 0.78125 0.3390625000000001 0.85625 0.4265625000000002 0.85625
2 0.8703125 0.1609375000000001 0.7890625 0.1609375000000001 0.7890625 0.2234375000000001 0.8703125 0.2234375000000001
2 0.6250000000000002 0.925 0.4890625000000002 0.925 0.4890625000000002 1 0.6250000000000002 1
2 0.7328125 0.3781250000000001 0.68125 0.3781250000000001 0.68125 0.4406250000000001 0.7328125 0.44062500000000016
2 0.19375000000000003 0.4234375 0.10312500000000005 0.4234375 0.10312500000000005 0.5125 0.19375000000000003 0.5125
2 0.3953125 0.24843750000000003 0.3421875 0.2484375 0.3421875 0.30312500000000003 0.3953125 0.3031250000000001
2 0.9765625 0.8640625 0.834375 0.8640625 0.834375 1 0.9765625 1
2 0.790625 0.11562500000000009 0.69375 0.11562500000000009 0.69375 0.1921875000000001 0.790625 0.1921875000000001
2 0.3203125000000001 0.6265625 0.2578125000000001 0.6265625 0.2578125000000001 0.684375 0.3203125000000001 0.684375
2 0.471875 0.6078125 0.415625 0.6078125 0.415625 0.64375 0.471875 0.64375
2 0.3390625 0.16718750000000004 0.190625 0.16718750000000004 0.19062500000000002 0.303125 0.3390625 0.303125
2 0.73125 0.034375000000000086 0.6703125 0.03437500000000008 0.6703125 0.09687500000000009 0.73125 0.09687500000000009
2 0.8109375 0.3890625000000001 0.759375 0.3890625000000001 0.759375 0.4312500000000002 0.8109375 0.4312500000000002
2 0.815625 0.3359375000000001 0.7671875 0.3359375000000001 0.7671875 0.3984375000000001 0.815625 0.3984375000000001
2 0.14843750000000006 0.4296875 0.045312500000000054 0.4296875 0.04531250000000006 0.5421875 0.14843750000000006 0.5421875
2 0.625 0.2062500000000001 0.525 0.2062500000000001 0.525 0.2796875000000001 0.625 0.2796875000000001
2 0.703125 0.3187500000000001 0.65625 0.3187500000000001 0.65625 0.3687500000000001 0.703125 0.3687500000000001
2 0.690625 7.807123344564376e-17 0.584375 7.156529732517345e-17 0.584375 0.09062500000000008 0.690625 0.0906250000000001
2 0.5484375 0.09843750000000007 0.4890625 0.09843750000000007 0.4890625 0.18437500000000007 0.5484375 0.1843750000000001
2 0.6250000000000002 0.871875 0.5515625000000002 0.871875 0.5515625000000002 0.925 0.6250000000000002 0.925
2 0.28750000000000003 0.3390625 0.2125 0.3390625 0.21250000000000005 0.40625 0.2875000000000001 0.40625
2 0.575 0.4296875 0.4765625 0.4296875 0.4765625 0.5140625 0.575 0.5140625
2 0.79375 0.503125 0.6828125 0.503125 0.6828125 0.6187500000000001 0.79375 0.6187500000000001
2 0.38125 0.023437500000000035 0.1609375 0.02343750000000002 0.1609375 0.15468750000000003 0.38125 0.15468750000000003
2 0.853125 0.7093750000000001 0.703125 0.709375 0.7031250000000001 0.815625 0.853125 0.815625
2 0.4375 0.4265625 0.3703125000000001 0.4265625 0.3703125000000001 0.478125 0.4375 0.478125
2 0.578125 0.5640625 0.540625 0.5640625 0.540625 0.5984375 0.578125 0.5984375
2 0.2734375000000001 0.50625 0.15312500000000004 0.50625 0.15312500000000007 0.6109375 0.2734375000000001 0.6109375
2 0.915625 0.3156250000000001 0.8625 0.3156250000000001 0.8625 0.3859375000000001 0.915625 0.3859375000000001
2 0.7468750000000002 0.8234375 0.7000000000000002 0.8234375 0.7000000000000002 0.884375 0.7468750000000002 0.884375
2 0.8140625 0.43750000000000017 0.740625 0.43750000000000017 0.740625 0.5125000000000002 0.8140625 0.5125000000000002
2 0.715625 0.43125 0.6640625 0.43125 0.6640625 0.4953125 0.715625 0.4953125
2 0.6203125000000002 0.8078125 0.5656250000000002 0.8078125 0.5656250000000002 0.8765625 0.6203125000000002 0.8765625
2 0.71875 0.2765625000000001 0.65 0.2765625000000001 0.65 0.3234375000000001 0.71875 0.3234375000000001
2 0.5609375 0.5125 0.5203125 0.5125 0.5203125 0.5546875 0.5609375 0.5546875
2 0.875 0.6546875000000002 0.7875 0.6546875000000002 0.7875000000000001 0.7406250000000002 0.875 0.7406250000000002
2 0.8953125 1.0189444071030711e-16 0.76875 9.414472268445279e-17 0.76875 0.1531250000000001 0.8953125 0.1531250000000001
2 0.7640625 0.6234375000000001 0.696875 0.6234375 0.696875 0.70625 0.7640625 0.7062500000000002