2 0.5 0.15312500000000004 0.3296875 0.15312500000000004 0.3296875 0.275 0.5 0.2750000000000001
2 0.05781250000000008 0.621875 7.615772282197602e-17 0.621875 8.122852597469554e-17 0.7046875 0.057812500000000086 0.7046875
2 0.6734375000000001 0.6625 0.565625 0.6625 0.565625 0.8421875 0.6734375000000001 0.8421875
2 0.7781250000000002 0.8625 0.6765625000000002 0.8625 0.6765625000000002 0.94375 0.7781250000000002 0.94375
2 0.5484375 0.3781250000000001 0.4921875 0.3781250000000001 0.4921875 0.415625 0.5484375 0.415625
2 0.2921875000000001 0.6 0.19687500000000008 0.6 0.19687500000000008 0.7109375 0.2921875000000001 0.7109375
2 0.43750000000000017 0.78125 0.3984375000000001 0.78125 0.3984375000000001 0.8296875 0.43750000000000017 0.8296875
2 0.6375000000000001 0.5109375 0.409375 0.5109375 0.4093750000000001 0.740625 0.6375000000000002 0.740625
2 0.78125 0.6328125000000001 0.709375 0.6328125 0.709375 0.6968750000000001 0.78125 0.6968750000000001
2 0.28593750000000007 0.3234375 0.221875 0.3234375 0.22187500000000004 0.3859375 0.28593750000000007 0.3859375
2 0.39531250000000007 0.28750000000000003 0.3328125 0.2875 0.33281250000000007 0.36406250000000007 0.39531250000000007 0.36406250000000007
2 0.915625 0.4000000000000002 0.8875 0.4000000000000002 0.8875 0.42968750000000017 0.915625 0.42968750000000017
2 0.20468750000000008 0.921875 0.06562500000000011 0.921875 0.06562500000000013 1 0.20468750000000008 1
2 0.8421875 0.3765625000000001 0.778125 0.3765625000000001 0.778125 0.44062500000000016 0.8421875 0.44062500000000016
2 0.48125 0.4734375 0.3812500000000001 0.4734375 0.3812500000000001 0.5640625 0.48125 0.5640625
2 0.30937500000000007 0.7125 0.1984375000000001 0.7125 0.1984375000000001 0.8 0.30937500000000007 0.8
2 0.95625 0.47656250000000017 0.9125 0.47656250000000017 0.9125 0.5062500000000002 0.95625 0.5062500000000002
2 0.66875 0.3593750000000001 0.628125 0.3593750000000001 0.628125 0.403125 0.66875 0.403125
2 0.3906250000000001 0.690625 0.3453125000000001 0.690625 0.3453125000000001 0.715625 0.3906250000000001 0.715625
2 0.36406250000000007 0.30468750000000006 0.2828125 0.3046875 0.2828125 0.38125000000000003 0.36406250000000007 0.3812500000000001
2 0.11562500000000012 0.8359375 0.050000000000000114 0.8359375 0.050000000000000114 0.9171875 0.11562500000000013 0.9171875
2 0.5421875 0.4375 0.484375 0.4375 0.484375 0.50625 0.5421875 0.50625
2 0.4703125 0.5859375 0.3359375000000001 0.5859375 0.3359375000000001 0.69375 0.4703125 0.69375
2 0.3984375000000001 0.721875 0.3625000000000001 0.721875 0.3625000000000001 0.7640625 0.3984375000000001 0.7640625
2 0.9515625 0.3968750000000001 0.9109375 0.3968750000000001 0.9109375 0.4468750000000002 0.9515625 0.4468750000000002
2 0.2984375000000001 0.9375 0.19062500000000013 0.9375 0.19062500000000013 1 0.2984375000000001 1
2 0.484375 0.3781250000000001 0.40625 0.3781250000000001 0.40625 0.484375 0.484375 0.484375
2 0.671875 0.2593750000000001 0.5703125 0.2593750000000001 0.5703125 0.3593750000000001 0.671875 0.3593750000000001
2 0.4968750000000002 0.9015625 0.44062500000000016 0.9015625 0.44062500000000016 0.9578125 0.4968750000000002 0.9578125
2 0.3453125000000001 0.6859375 0.27812500000000007 0.6859375 0.27812500000000007 0.725 0.3453125000000001 0.725
2 0.7640625000000002 0.7859375000000001 0.7109375000000002 0.7859375 0.7109375000000002 0.8328125 0.7640625000000002 0.8328125
2 0.7265625000000002 0.9171875 0.6750000000000002 0.9171875 0.6750000000000002 0.984375 0.7265625000000002 0.984375
2 0.8328125 0.3187500000000001 0.7734375 0.3187500000000001 0.7734375 0.3593750000000001 0.8328125 0.3593750000000001
2 0.4828125000000001 0.725 0.4421875 0.725 0.44218750000000007 0.7578125 0.4828125000000002 0.7578125
2 0.5468750000000002 0.9875 0.4937500000000002 0.9875 0.4937500000000002 1 0.5468750000000002 1
2 0.271875 0.20625 0.18593750000000003 0.20625 0.18593750000000003 0.3078125 0.271875 0.3078125
2 0.7375 0.3125000000000001 0.65 0.3125000000000001 0.65 0.3906250000000001 0.7375 0.3906250000000001
2 0.22812500000000008 0.6 0.14062500000000008 0.6 0.14062500000000008 0.6578125 0.22812500000000008 0.6578125
2 0.884375 0.7125000000000001 0.7421875 0.7125000000000001 0.7421875000000001 0.9 0.884375 0.9
2 0.721875 0.5609375 0.6640625 0.5609375 0.6640625 0.5953125 0.721875 0.5953125
2 0.446875 0.3375 0.3625 0.3375 0.36250000000000004 0.44375 0.446875 0.44375
2 0.840625 0.34843750000000007 0.8 0.34843750000000007 0.8 0.37968750000000007 0.840625 0.37968750000000007
2 0.6171875000000002 0.9578125 0.5062500000000002 0.9578125 0.5062500000000002 1 0.6171875000000002 1
2 0.56875 0.07343750000000007 0.4625 0.07343750000000007 0.4625 0.17500000000000007 0.56875 0.1750000000000001
2 0.3828125000000001 0.37968750000000007 0.2093750000000001 0.3796875 0.2093750000000001 0.509375 0.3828125000000001 0.509375
2 0.1765625000000001 0.8046875 0.09218750000000009 0.8046875 0.0921875000000001 0.903125 0.1765625000000001 0.903125
2 0.5015625 0.37968750000000007 0.45625 0.37968750000000007 0.45625 0.415625 0.5015625 0.415625
2 0.7265625 0.2593750000000001 0.6625 0.2593750000000001 0.6625 0.3062500000000001 0.7265625 0.3062500000000001
2 0.2687500000000001 0.4765625 0.13906250000000003 0.4765625 0.13906250000000006 0.5703125 0.2687500000000001 0.5703125
2 0.7109375000000002 0.76875 0.6546875000000002 0.76875 0.6546875000000002 0.846875 0.7109375000000002 0.846875
2 0.7359375000000001 0.6703125000000001 0.6671875 0.6703125 0.6671875 0.7718750000000001 0.7359375000000001 0.7718750000000002
2 0.846875 0.6062500000000002 0.790625 0.6062500000000002 0.790625 0.6437500000000002 0.846875 0.6437500000000002
2 0.3578125000000001 0.7875 0.1593750000000001 0.7875 0.1593750000000001 0.9171875 0.3578125000000001 0.9171875
2 0.3906250000000001 0.5046875 0.3000000000000001 0.5046875 0.3000000000000001 0.5890625 0.3906250000000001 0.5890625
2 0.565625 0.721875 0.48125 0.721875 0.48125000000000007 0.80625 0.5656250000000002 0.80625
2 0.546875 0.17500000000000007 0.484375 0.17500000000000004 0.484375 0.2171875000000001 0.546875 0.2171875000000001