2 0.55 0.18125000000000008 0.3953125 0.18125000000000005 0.3953125 0.2921875000000001 0.55 0.2921875000000001
2 0.14843750000000008 0.60625 0.08906250000000007 0.60625 0.08906250000000007 0.68125 0.14843750000000008 0.68125
2 0.7078125000000001 0.64375 0.609375 0.64375 0.6093750000000001 0.80625 0.7078125000000002 0.80625
2 0.803125 0.8265625 0.7109375000000002 0.8265625 0.7109375000000002 0.9 0.803125 0.9
2 0.5953125 0.3843750000000001 0.54375 0.3843750000000001 0.54375 0.41875 0.5953125 0.41875
2 0.3609375000000001 0.5875 0.2734375000000001 0.5875 0.2734375000000001 0.6875 0.3609375000000001 0.6875
2 0.4937500000000002 0.7515625 0.4578125000000002 0.7515625 0.4578125000000002 0.796875 0.4937500000000002 0.796875
2 0.675 0.5046875 0.46875 0.5046875 0.46875 0.7140625 0.675 0.7140625
2 0.80625 0.6156250000000002 0.740625 0.6156250000000002 0.740625 0.6734375000000001 0.80625 0.6734375000000001
2 0.35468750000000004 0.3359375 0.296875 0.3359375 0.29687500000000006 0.3921875 0.3546875000000001 0.3921875
2 0.45625 0.3031250000000001 0.3984375 0.3031250000000001 0.39843750000000006 0.37187500000000007 0.45625 0.37187500000000007
2 0.928125 0.4046875000000002 0.9015625 0.4046875000000002 0.9015625 0.4312500000000002 0.928125 0.4312500000000002
2 0.2812500000000001 0.8796875 0.14218750000000008 0.8796875 0.1421875000000001 1 0.2812500000000001 1
2 0.8609375 0.3828125000000001 0.8015625 0.3828125000000001 0.8015625 0.44062500000000016 0.8609375 0.44062500000000016
2 0.5328125 0.471875 0.4421875 0.471875 0.4421875 0.5546875 0.5328125 0.5546875
2 0.3765625000000001 0.6890625 0.2750000000000001 0.6890625 0.2750000000000001 0.76875 0.3765625000000001 0.76875
2 0.9640625 0.4750000000000002 0.925 0.4750000000000002 0.925 0.5015625000000001 0.9640625 0.5015625000000001
2 0.703125 0.3687500000000001 0.665625 0.3687500000000001 0.665625 0.4078125 0.703125 0.4078125
2 0.4515625 0.66875 0.4109375 0.66875 0.4109375 0.6921875 0.4515625 0.6921875
2 0.059375000000000046 0.203125 2.487563810768061e-17 0.203125 4.314966456370752e-17 0.5015625 0.05937500000000007 0.5015625
2 0.4265625 0.31875000000000003 0.3515625 0.31875 0.35156250000000006 0.38750000000000007 0.4265625 0.38750000000000007
2 0.2015625000000001 0.8 0.14218750000000008 0.8 0.14218750000000008 0.875 0.2015625000000001 0.875
2 0.5875 0.4390625 0.534375 0.4390625 0.534375 0.5015625 0.5875 0.5015625
2 0.5234375 0.575 0.4015625 0.575 0.4015625 0.6734375 0.5234375 0.6734375
2 0.45781250000000007 0.6984375 0.425 0.6984375 0.4250000000000001 0.7359375 0.4578125000000002 0.7359375
2 0.9609375 0.40156250000000016 0.9234375 0.40156250000000016 0.9234375 0.4468750000000002 0.9609375 0.4468750000000002
2 0.4156250000000002 0.89375 0.24375000000000008 0.89375 0.24375000000000008 1 0.4156250000000002 1
2 0.534375 0.3859375000000001 0.4640625 0.3859375000000001 0.4640625 0.4828125 0.534375 0.4828125
2 0.70625 0.2765625000000001 0.6140625 0.2765625000000001 0.6140625 0.3687500000000001 0.70625 0.3687500000000001
2 0.5468750000000002 0.8609375 0.49531250000000016 0.8609375 0.49531250000000016 0.9125 0.5468750000000002 0.9125
2 0.08906250000000007 0.5828125 0.03750000000000007 0.5828125 0.037500000000000075 0.6765625 0.08906250000000009 0.6765625
2 0.409375 0.665625 0.34843750000000007 0.665625 0.34843750000000007 0.7 0.409375 0.7
2 0.7890625000000002 0.7562500000000002 0.7406250000000002 0.7562500000000002 0.7406250000000002 0.7984375000000001 0.7890625000000002 0.7984375000000001
2 0.7546875000000002 0.875 0.7078125000000002 0.875 0.7078125000000002 0.9359375 0.7546875000000002 0.9359375
2 0.853125 0.3312500000000001 0.8 0.3312500000000001 0.8 0.3687500000000001 0.853125 0.3687500000000001
2 0.534375 0.7 0.496875 0.7 0.49687500000000007 0.7296875 0.5343750000000002 0.7296875
2 0.6015625000000002 0.940625 0.5437500000000002 0.940625 0.5437500000000002 0.9796875 0.6015625000000002 0.9796875
2 0.3421875 0.228125 0.2640625 0.228125 0.2640625 0.3203125 0.3421875 0.3203125
2 0.765625 0.32500000000000007 0.6875 0.32500000000000007 0.6875 0.3968750000000001 0.765625 0.3968750000000001
2 0.43750000000000017 0.95625 0.3859375000000001 0.95625 0.3859375000000001 1 0.43750000000000017 1
2 0.3031250000000001 0.5859375 0.2234375000000001 0.5859375 0.2234375000000001 0.6390625 0.3031250000000001 0.6390625
2 0.8984375 0.6890625000000001 0.76875 0.6890625000000001 0.76875 0.859375 0.8984375 0.859375
2 0.7515625 0.5515625000000001 0.6984375 0.5515625 0.6984375 0.5828125000000001 0.7515625 0.5828125000000002
2 0.5015625 0.3468750000000001 0.425 0.3468750000000001 0.425 0.44375 0.5015625 0.44375
2 0.859375 0.3593750000000001 0.821875 0.3593750000000001 0.821875 0.38750000000000007 0.859375 0.38750000000000007
2 0.6562500000000002 0.9125 0.5562500000000001 0.9125 0.5562500000000001 0.9875 0.6562500000000002 0.9875
2 0.6109375 0.10781250000000006 0.515625 0.10781250000000005 0.515625 0.2000000000000001 0.6109375 0.2000000000000001
2 0.44375 0.38593750000000004 0.28593750000000007 0.3859375 0.28593750000000007 0.5046875 0.44375 0.5046875
2 0.2562500000000001 0.7734375 0.17968750000000008 0.7734375 0.17968750000000008 0.8625 0.2562500000000001 0.8625
2 0.5515625 0.3859375000000001 0.5109375 0.3859375000000001 0.5109375 0.41875 0.5515625 0.41875
2 0.75625 0.2765625000000001 0.6984375 0.2765625000000001 0.6984375 0.3187500000000001 0.75625 0.3187500000000001
2 0.3390625000000001 0.475 0.2218750000000001 0.475 0.2218750000000001 0.5609375 0.3390625000000001 0.5609375
2 0.7421875000000002 0.7406250000000001 0.6906250000000002 0.740625 0.6906250000000002 0.8109375 0.7421875000000002 0.8109375
2 0.7656250000000001 0.6500000000000001 0.703125 0.65 0.7031250000000001 0.7421875000000001 0.7656250000000002 0.7421875000000002
2 0.865625 0.5921875000000002 0.8140625 0.5921875000000002 0.8140625 0.6265625000000001 0.865625 0.6265625000000001
2 0.4203125000000002 0.7578125 0.2406250000000001 0.7578125 0.2406250000000001 0.8765625 0.4203125000000002 0.8765625
2 0.45 0.5 0.3671875000000001 0.5 0.3671875000000001 0.5765625 0.45 0.5765625
2 0.6093750000000001 0.696875 0.53125 0.696875 0.5312500000000001 0.775 0.6093750000000002 0.775
2 0.5921875 0.2000000000000001 0.534375 0.2000000000000001 0.534375 0.2375000000000001 0.5921875 0.2375000000000001