2 0.2906250000000001 0.4578125 0.17812500000000003 0.4578125 0.17812500000000006 0.6140625 0.2906250000000001 0.6140625
2 0.6843750000000002 0.8625 0.6078125000000002 0.8625 0.6078125000000002 0.9234375 0.6843750000000002 0.9234375
2 0.809375 0.2984375000000001 0.6453125 0.2984375000000001 0.6453125 0.3968750000000001 0.809375 0.3968750000000001
2 0.9046875 0.2015625000000001 0.8296875 0.2015625000000001 0.8296875 0.2953125000000001 0.9046875 0.2953125000000001
2 0.41875 0.4125 0.3843750000000001 0.4125 0.3843750000000001 0.4640625 0.41875 0.4640625
2 0.690625 0.6484375 0.5890625 0.6484375 0.5890625 0.7359375 0.6906250000000002 0.7359375
2 0.8 0.5156250000000002 0.7546875 0.5156250000000002 0.7546875 0.5515625000000002 0.8 0.5515625000000002
2 0.7171875 0.3312500000000001 0.50625 0.3312500000000001 0.50625 0.540625 0.7171875 0.540625
2 0.6765625 0.1984375000000001 0.61875 0.1984375000000001 0.61875 0.2656250000000001 0.6765625 0.2656250000000001
2 0.3921875000000001 0.6546875 0.3343750000000001 0.6546875 0.3343750000000001 0.7125 0.3921875000000001 0.7125
2 0.3703125000000001 0.553125 0.3000000000000001 0.553125 0.3000000000000001 0.6109375 0.3703125000000001 0.6109375
2 0.43125 0.07500000000000004 0.4046875 0.07500000000000004 0.4046875 0.10156250000000004 0.43125 0.10156250000000004
2 1 0.7281250000000001 0.884375 0.7281250000000001 0.884375 0.86875 1 0.86875
2 0.440625 0.14375000000000004 0.3828125 0.14375000000000004 0.3828125 0.20312500000000008 0.440625 0.20312500000000008
2 0.55625 0.475 0.4734375 0.475 0.4734375 0.5671875 0.55625 0.5671875
2 0.7718750000000001 0.6312500000000001 0.6921875 0.63125 0.6921875000000001 0.7343750000000001 0.7718750000000002 0.7343750000000002
2 0.5015625 0.03906250000000006 0.475 0.039062500000000056 0.475 0.07968750000000006 0.5015625 0.07968750000000006
2 0.4078125 0.3031250000000001 0.3671875 0.3031250000000001 0.3671875 0.34062500000000007 0.4078125 0.34062500000000007
2 0.6953125 0.55625 0.671875 0.55625 0.671875 0.5984375 0.6953125 0.5984375
2 0.4812500000000002 0.953125 0.2078125000000001 0.953125 0.2078125000000001 1 0.4812500000000002 1
2 0.38750000000000007 0.5828125 0.31718750000000007 0.5828125 0.31718750000000007 0.6578125 0.38750000000000007 0.6578125
2 0.8796875 0.809375 0.8046875 0.809375 0.8046875 0.86875 0.8796875 0.86875
2 0.5015625 0.41875 0.4375 0.41875 0.4375 0.471875 0.5015625 0.471875
2 0.675 0.484375 0.575 0.484375 0.575 0.6078125 0.675 0.6078125
2 0.7390625 0.5515625000000001 0.7 0.5515625 0.7 0.5843750000000001 0.7390625 0.5843750000000002
2 0.446875 0.04218750000000005 0.4015625 0.042187500000000044 0.4015625 0.07968750000000005 0.446875 0.07968750000000005
2 1 0.6031250000000001 0.8984375 0.6031250000000001 0.8984375 0.7671875000000001 1 0.7671875000000001
2 0.4828125 0.471875 0.3843750000000001 0.471875 0.3843750000000001 0.54375 0.4828125 0.54375
2 0.36718750000000006 0.30000000000000004 0.275 0.3 0.275 0.39375000000000004 0.3671875000000001 0.3937500000000001
2 0.9171875 0.46093750000000017 0.865625 0.46093750000000017 0.865625 0.5125000000000002 0.9171875 0.5125000000000002
2 0.6796875000000002 0.921875 0.5843750000000002 0.921875 0.5843750000000002 0.975 0.6796875000000002 0.975
2 0.703125 0.6 0.6671875 0.6 0.6671875 0.6625 0.703125 0.6625
2 0.8015625 0.2156250000000001 0.759375 0.2156250000000001 0.759375 0.2640625000000001 0.8015625 0.2640625000000001
2 0.940625 0.2500000000000001 0.8796875 0.2500000000000001 0.8796875 0.2968750000000001 0.940625 0.2968750000000001
2 0.3671875 0.15156250000000004 0.3296875 0.15156250000000004 0.3296875 0.20468750000000005 0.3671875 0.20468750000000008
2 0.7328125 0.47343750000000007 0.703125 0.4734375 0.703125 0.5109375 0.7328125 0.5109375000000002
2 0.9859375 0.4046875000000002 0.9453125 0.4046875000000002 0.9453125 0.4625000000000002 0.9859375 0.4625000000000002
2 0.3187500000000001 0.6671875 0.22656250000000008 0.6671875 0.22656250000000008 0.7453125 0.3187500000000001 0.7453125
2 0.3953125 0.23906250000000004 0.3234375 0.2390625 0.3234375 0.31875000000000003 0.3953125 0.3187500000000001
2 1 0.5718750000000001 0.9609375 0.5718750000000001 0.9609375 0.6234375000000002 1 0.6234375000000002
2 0.6421875000000001 0.70625 0.5890625 0.70625 0.5890625 0.7859375 0.6421875000000001 0.7859375
2 0.8640625 0.10468750000000009 0.6921875 0.10468750000000009 0.6921875 0.23593750000000008 0.8640625 0.23593750000000008
2 0.584375 0.2531250000000001 0.553125 0.2531250000000001 0.553125 0.3062500000000001 0.584375 0.3062500000000001
2 0.44375 0.50625 0.3453125000000001 0.50625 0.3453125000000001 0.584375 0.44375 0.584375
2 0.3859375 0.14375000000000004 0.3578125 0.14375000000000004 0.3578125 0.18125000000000005 0.3859375 0.18125000000000005
2 0.9921875 0.3500000000000001 0.9171875 0.3500000000000001 0.9171875 0.4515625000000002 0.9921875 0.4515625000000002
2 0.19843750000000004 0.3953125 0.10468750000000004 0.3953125 0.10468750000000004 0.4921875 0.19843750000000004 0.4921875
2 0.5046875 0.565625 0.3843750000000001 0.565625 0.3843750000000001 0.725 0.5046875 0.725
2 0.8671875 0.7546875000000002 0.7765625000000002 0.7546875000000002 0.7765625000000002 0.83125 0.8671875 0.83125
2 0.41875 0.45625 0.3859375000000001 0.45625 0.3859375000000001 0.496875 0.41875 0.496875
2 0.3171875 0.2484375 0.275 0.2484375 0.275 0.30625 0.3171875 0.30625
2 0.5625000000000001 0.6703125 0.475 0.6703125 0.4750000000000001 0.7890625 0.5625000000000002 0.7890625
2 0.8140625 0.2640625000000001 0.7421875 0.2640625000000001 0.7421875 0.3156250000000001 0.8140625 0.3156250000000001
2 0.746875 0.2406250000000001 0.653125 0.2406250000000001 0.653125 0.3031250000000001 0.746875 0.3031250000000001
2 0.6296875 0.1375000000000001 0.5953125 0.1375000000000001 0.5953125 0.1906250000000001 0.6296875 0.1906250000000001
2 0.8796875 0.5875000000000001 0.7609375 0.5875000000000001 0.7609375 0.7703125000000002 0.8796875 0.7703125000000002
2 0.5796875 0.5578125 0.5015625 0.5578125 0.5015625 0.6421875 0.5796875 0.6421875
2 0.778125 0.3968750000000001 0.7 0.3968750000000001 0.7 0.4750000000000001 0.778125 0.4750000000000002
2 0.23593750000000008 0.4140625 0.19843750000000004 0.4140625 0.19843750000000004 0.471875 0.23593750000000008 0.471875