2 0.540625 0.6296875 0.5015625 0.6296875 0.5015625 0.6765625 0.540625 0.6765625
2 0.4890625 0.4171875 0.3531250000000001 0.4171875 0.3531250000000001 0.51875 0.4890625 0.51875
2 0.14062500000000003 0.14375 0.07187500000000002 0.14375 0.07187500000000002 0.20625 0.14062500000000006 0.20625
2 0.5421875 0.3421875000000001 0.44375 0.3421875000000001 0.44375 0.3843750000000001 0.5421875 0.3843750000000001
2 0.02968750000000009 0.69375 8.495987169084762e-17 0.69375 8.897824400054988e-17 0.759375 0.02968750000000009 0.759375
2 0.575 0.15156250000000007 0.5125 0.15156250000000004 0.5125 0.2312500000000001 0.575 0.2312500000000001
2 0.6640625 0.15781250000000008 0.6328125 0.15781250000000008 0.6328125 0.1984375000000001 0.6640625 0.1984375000000001
2 0.646875 0.4515625 0.584375 0.4515625 0.584375 0.490625 0.646875 0.490625
2 0.3843750000000001 0.6296875 0.3437500000000001 0.6296875 0.3437500000000001 0.66875 0.3843750000000001 0.66875
2 0.9484375 0.890625 0.890625 0.890625 0.890625 0.9359375 0.9484375 0.9359375
2 0.6109375 0.33281250000000007 0.571875 0.33281250000000007 0.571875 0.3765625000000001 0.6109375 0.3765625000000001
2 0.5703125000000001 0.6765625 0.4578125 0.6765625 0.45781250000000007 0.7328125 0.5703125000000002 0.7328125
2 0.496875 0.4515625 0.459375 0.4515625 0.459375 0.49375 0.496875 0.49375
2 0.35625000000000007 0.6875 0.2406250000000001 0.6875 0.2406250000000001 0.7546875 0.35625000000000007 0.7546875
2 0.12500000000000006 0.20625 0.08593750000000003 0.20625 0.08593750000000003 0.246875 0.12500000000000006 0.246875
2 0.11718750000000007 0.35625 4.362804221962446e-17 0.35625 5.539613255518106e-17 0.5484375 0.11718750000000008 0.5484375
2 0.4312500000000002 0.9203125 0.3125000000000001 0.9203125 0.3125000000000001 1 0.4312500000000002 1
2 0.7796875 0.08125000000000009 0.690625 0.08125000000000009 0.690625 0.12500000000000008 0.7796875 0.12500000000000008
2 0.3750000000000001 0.65 0.3187500000000001 0.65 0.3187500000000001 0.721875 0.3750000000000001 0.721875
2 0.8234375 0.014062500000000097 0.790625 0.014062500000000094 0.790625 0.0609375000000001 0.8234375 0.06093750000000011
2 0.3500000000000001 0.9421875 0.3125000000000001 0.9421875 0.3125000000000001 0.9765625 0.3500000000000001 0.9765625
2 0.79375 0.017187500000000095 0.7421875 0.017187500000000088 0.7421875 0.07968750000000009 0.79375 0.07968750000000009
2 0.5500000000000002 0.9625 0.5000000000000002 0.9625 0.5000000000000002 1 0.5500000000000002 1
2 0.3906250000000001 0.4515625 0.3140625000000001 0.4515625 0.3140625000000001 0.5140625 0.3906250000000001 0.5140625
2 0.4515625000000002 0.9625 0.4078125000000002 0.9625 0.4078125000000002 1 0.4515625000000002 1
2 0.06718750000000011 0.875 1.0715659492539341e-16 0.875 1.1184469595337938e-16 0.9515625 0.06718750000000011 0.9515625
2 0.3796875 0.18437500000000004 0.284375 0.18437500000000004 0.284375 0.24843750000000003 0.3796875 0.2484375000000001
2 0.578125 0.584375 0.528125 0.584375 0.528125 0.64375 0.578125 0.64375
2 0.25468750000000007 0.784375 0.10781250000000009 0.784375 0.10781250000000012 0.95625 0.25468750000000007 0.95625
2 0.5421875 0.2890625000000001 0.4671875 0.2890625000000001 0.4671875 0.3453125000000001 0.5421875 0.3453125000000001
2 0.7703125 8.706473337688214e-17 0.6515625 7.979339300694473e-17 0.6515625 0.07187500000000009 0.7703125 0.07187500000000009
2 0.3906250000000001 0.40625 0.34843750000000007 0.40625 0.34843750000000007 0.4453125 0.3906250000000001 0.4453125
2 0.6890625 0.25468750000000007 0.6390625 0.25468750000000007 0.6390625 0.2953125000000001 0.6890625 0.2953125000000001
2 0.4656250000000002 0.85625 0.4156250000000002 0.85625 0.4156250000000002 0.9140625 0.4656250000000002 0.9140625
2 0.7046875 0.1984375000000001 0.65 0.1984375000000001 0.65 0.2593750000000001 0.7046875 0.2593750000000001
2 0.8921875 0.11562500000000009 0.846875 0.11562500000000009 0.846875 0.1515625000000001 0.8921875 0.1515625000000001
2 0.8875 0.04375000000000011 0.84375 0.0437500000000001 0.84375 0.07812500000000011 0.8875 0.07812500000000011
2 0.6546875 0.09218750000000007 0.5984375 0.09218750000000006 0.5984375 0.16406250000000008 0.6546875 0.16406250000000008
2 0.5765625000000002 0.728125 0.46093750000000017 0.728125 0.46093750000000017 0.809375 0.5765625000000002 0.809375
2 0.4437500000000002 0.75 0.3281250000000001 0.75 0.3281250000000001 0.846875 0.4437500000000002 0.846875
2 0.2296875 0.16406250000000003 0.1671875 0.1640625 0.16718750000000002 0.2375 0.2296875 0.2375
2 0.5375 0.2156250000000001 0.4765625 0.2156250000000001 0.4765625 0.2812500000000001 0.5375 0.2812500000000001
2 0.55625 0.5234375 0.5265625 0.5234375 0.5265625 0.571875 0.55625 0.571875
2 0.2921875000000001 0.946875 0.2375000000000001 0.946875 0.2375000000000001 0.996875 0.2921875000000001 0.996875
2 0.55 0.4171875 0.5171875 0.4171875 0.5171875 0.4546875 0.55 0.4546875
2 0.5515625 0.446875 0.509375 0.446875 0.509375 0.4828125 0.5515625 0.4828125
2 0.24375000000000008 0.475 0.15000000000000005 0.475 0.15000000000000008 0.5984375 0.24375000000000008 0.5984375
2 0.32500000000000007 0.7375 0.2656250000000001 0.7375 0.2656250000000001 0.7796875 0.32500000000000007 0.7796875
2 0.5640625 0.50625 0.5375 0.50625 0.5375 0.5375 0.5640625 0.5375
2 0.521875 0.4375 0.484375 0.4375 0.484375 0.4671875 0.521875 0.4671875
2 0.37968750000000007 0.5125 0.29375000000000007 0.5125 0.29375000000000007 0.5984375 0.37968750000000007 0.5984375
2 0.2906250000000001 0.6234375 0.2296875000000001 0.6234375 0.2296875000000001 0.6953125 0.2906250000000001 0.6953125
2 0.703125 8.199393022416264e-17 0.6359375 7.787988238327699e-17 0.6359375 0.05937500000000009 0.703125 0.05937500000000009
2 0.4671875000000002 0.91875 0.4281250000000002 0.91875 0.4281250000000002 0.9578125 0.4671875000000002 0.9578125
2 0.271875 0.16875000000000004 0.2203125 0.16875000000000004 0.2203125 0.2296875 0.271875 0.2296875
2 0.74375 0.050000000000000086 0.6921875 0.050000000000000086 0.6921875 0.08437500000000009 0.74375 0.08437500000000009
2 0.1828125000000001 0.7109375 0.12031250000000009 0.7109375 0.12031250000000009 0.775 0.1828125000000001 0.775
2 0.5 0.5328125 0.4578125 0.5328125 0.4578125 0.575 0.5 0.575
2 0.9828125 0.921875 0.90625 0.921875 0.90625 0.9703125 0.9828125 0.9703125
2 0.2593750000000001 0.678125 0.21093750000000008 0.678125 0.21093750000000008 0.7140625 0.2593750000000001 0.7140625
2 0.628125 7.022583988860603e-17 0.51875 6.352855270576895e-17 0.51875 0.06875000000000006 0.628125 0.06875000000000006
2 0.440625 0.5546875 0.3656250000000001 0.5546875 0.3656250000000001 0.6140625 0.440625 0.6140625
2 0.2078125000000001 0.6265625 0.1359375000000001 0.6265625 0.1359375000000001 0.6765625 0.2078125000000001 0.6765625
2 0.803125 0.06875000000000009 0.7578125 0.06875000000000009 0.7578125 0.11718750000000008 0.803125 0.11718750000000008
2 0.4671875000000001 0.721875 0.3812500000000001 0.721875 0.3812500000000001 0.809375 0.4671875000000002 0.809375
2 0.7234375 0.2515625000000001 0.66875 0.2515625000000001 0.66875 0.3265625000000001 0.7234375 0.3265625000000001
2 0.2906250000000001 0.80625 0.23593750000000008 0.80625 0.23593750000000008 0.8703125 0.2906250000000001 0.8703125
2 0.6984375 0.48125 0.5515625 0.48125 0.5515625 0.6390625 0.6984375 0.6390625
2 0.9484375 1.1184469595337938e-16 0.878125 1.0753929705012696e-16 0.878125 0.057812500000000114 0.9484375 0.057812500000000114
2 0.3468750000000001 0.5796875 0.2750000000000001 0.5796875 0.2750000000000001 0.6515625 0.3468750000000001 0.6515625
2 0.4046875 0.3031250000000001 0.365625 0.3031250000000001 0.365625 0.33281250000000007 0.4046875 0.33281250000000007
2 0.41718750000000016 0.840625 0.36406250000000007 0.840625 0.36406250000000007 0.8953125 0.41718750000000016 0.8953125
2 0.5125000000000002 0.878125 0.47187500000000016 0.878125 0.47187500000000016 0.946875 0.5125000000000002 0.946875
2 0.71875 0.09687500000000009 0.64375 0.09687500000000009 0.64375 0.15625000000000008 0.71875 0.15625000000000008
2 0.9625 0.10000000000000012 0.89375 0.10000000000000009 0.89375 0.1593750000000001 0.9625 0.15937500000000013
2 0.590625 0.45625 0.5546875 0.45625 0.5546875 0.496875 0.590625 0.496875
2 0.6921875 0.3593750000000001 0.634375 0.3593750000000001 0.634375 0.421875 0.6921875 0.421875
2 0.528125 0.575 0.45 0.575 0.45 0.671875 0.528125 0.671875
2 0.584375 0.4078125 0.5421875 0.4078125 0.5421875 0.4421875 0.584375 0.4421875
2 0.4859375 0.6515625 0.4265625 0.6515625 0.4265625 0.7 0.4859375 0.7
2 0.5390625 0.4953125 0.5140625 0.4953125 0.5140625 0.5234375 0.5390625 0.5234375
2 0.4312500000000002 0.8734375 0.36406250000000007 0.8734375 0.36406250000000007 0.925 0.4312500000000002 0.925