2 0.5390625 0.3343750000000001 0.4984375 0.3343750000000001 0.4984375 0.3843750000000001 0.5390625 0.3843750000000001
2 0.696875 0.503125 0.553125 0.503125 0.553125 0.6109375 0.696875 0.6109375
2 0.99375 0.834375 0.921875 0.834375 0.921875 0.9015625 0.99375 0.9015625
2 0.6 0.6453125 0.4953125 0.6453125 0.4953125 0.690625 0.6 0.690625
2 0.5281250000000002 0.80625 0.46093750000000017 0.80625 0.46093750000000017 0.8921875 0.5281250000000002 0.8921875
2 0.40156250000000016 0.8421875 0.3671875000000001 0.8421875 0.3671875000000001 0.8859375 0.40156250000000016 0.8859375
2 0.45 0.53125 0.3843750000000001 0.53125 0.3843750000000001 0.5734375 0.45 0.5734375
2 0.70625 0.3437500000000001 0.6640625 0.3437500000000001 0.6640625 0.3843750000000001 0.70625 0.3843750000000001
2 0.128125 0.06093750000000001 0.065625 0.0609375 0.06562500000000002 0.1078125 0.128125 0.1078125
2 0.465625 0.6546875 0.4234375 0.6546875 0.4234375 0.7015625 0.465625 0.7015625
2 0.5859375 0.2750000000000001 0.465625 0.2750000000000001 0.465625 0.3359375000000001 0.5859375 0.3359375000000001
2 0.584375 0.5296875 0.54375 0.5296875 0.54375 0.5734375 0.584375 0.5734375
2 0.8140625 0.2531250000000001 0.6921875 0.2531250000000001 0.6921875 0.3234375000000001 0.8140625 0.3234375000000001
2 0.98125 0.7906250000000001 0.9390625 0.7906250000000001 0.9390625 0.8328125 0.98125 0.8328125
2 1 0.4937500000000002 0.9453125 0.4937500000000002 0.9453125 0.6656250000000001 1 0.6656250000000001
2 0.7390625 8.285501000481311e-17 0.6140625 7.520096751014216e-17 0.6140625 0.07656250000000007 0.7390625 0.07656250000000009
2 0.3390625000000001 0.9203125 0.24375000000000008 0.9203125 0.24375000000000008 0.965625 0.3390625000000001 0.965625
2 0.7328125 0.2890625000000001 0.671875 0.2890625000000001 0.671875 0.36406250000000007 0.7328125 0.36406250000000007
2 0.7390625 0.017187500000000085 0.7 0.017187500000000085 0.7 0.05468750000000009 0.7390625 0.05468750000000009
2 0.28593750000000007 0.9671875 0.24375000000000008 0.9671875 0.24375000000000008 1 0.28593750000000007 1
2 0.540625 6.295449951866863e-17 0.4875 5.970153145843348e-17 0.4875 0.03125000000000006 0.540625 0.03125000000000007
2 0.7375 0.5062500000000001 0.65625 0.50625 0.65625 0.5734375 0.7375 0.5734375000000002
2 0.6375 7.529664304132553e-17 0.5921875 7.252205263700732e-17 0.5921875 0.03281250000000008 0.6375 0.03281250000000008
2 0.7687500000000002 0.7875000000000001 0.6687500000000002 0.7875 0.6687500000000002 0.85625 0.7687500000000002 0.85625
2 0.5109375 0.3703125000000001 0.4578125 0.3703125000000001 0.4578125 0.4328125 0.5109375 0.4328125
2 0.95625 0.03906250000000011 0.8015625 0.0390625000000001 0.8015625 0.22031250000000008 0.95625 0.22031250000000008
2 0.5765625000000001 0.6859375 0.496875 0.6859375 0.49687500000000007 0.7453125 0.5765625000000002 0.7453125
2 0.3781250000000001 0.975 0.2890625000000001 0.975 0.2890625000000001 1 0.3781250000000001 1
2 0.7 0.58125 0.6546875 0.58125 0.6546875 0.621875 0.7 0.621875
2 0.3937500000000001 0.7390625 0.34062500000000007 0.7390625 0.34062500000000007 0.78125 0.3937500000000001 0.78125
2 0.6296875 0.08437500000000006 0.5765625 0.08437500000000006 0.5765625 0.1453125000000001 0.6296875 0.1453125000000001
2 0.3828125000000001 0.7765625 0.32500000000000007 0.7765625 0.32500000000000007 0.840625 0.3828125000000001 0.840625
2 0.1750000000000001 0.8921875 0.12656250000000008 0.8921875 0.1265625000000001 0.93125 0.17500000000000013 0.93125
2 0.17812500000000014 0.96875 0.13125000000000014 0.96875 0.13125000000000014 1 0.17812500000000014 1
2 0.43750000000000017 0.878125 0.3781250000000001 0.878125 0.3781250000000001 0.953125 0.43750000000000017 0.953125
2 0.5828125 0.19531250000000006 0.459375 0.19531250000000006 0.459375 0.2812500000000001 0.5828125 0.2812500000000001
2 0.721875 0.15625000000000008 0.6 0.15625000000000008 0.6 0.2578125000000001 0.721875 0.2578125000000001
2 0.89375 0.8015625 0.828125 0.8015625 0.828125 0.8796875 0.89375 0.8796875
2 0.5656250000000002 0.75625 0.5015625000000001 0.75625 0.5015625000000001 0.825 0.5656250000000002 0.825
2 0.5125 0.4453125 0.48125 0.4453125 0.48125 0.496875 0.5125 0.496875
2 0.81875 9.672796202640423e-17 0.7609375 9.318796737261892e-17 0.7609375 0.04843750000000009 0.81875 0.0484375000000001
2 0.521875 0.56875 0.4875 0.56875 0.4875 0.609375 0.521875 0.609375
2 0.5296875 0.5421875 0.4859375 0.5421875 0.4859375 0.5796875 0.5296875 0.5796875
2 0.9109375 0.4187500000000002 0.8125 0.4187500000000002 0.8125 0.5500000000000002 0.9109375 0.5500000000000002
2 0.7890625 0.2250000000000001 0.7265625 0.2250000000000001 0.7265625 0.27031250000000007 0.7890625 0.27031250000000007
2 0.5 0.4828125 0.471875 0.4828125 0.471875 0.515625 0.5 0.515625
2 0.5578125 0.5578125 0.5171875 0.5578125 0.5171875 0.5890625 0.5578125 0.5890625
2 0.759375 0.41875000000000007 0.66875 0.41875 0.66875 0.5093750000000001 0.759375 0.5093750000000001
2 0.8265625 0.3140625000000001 0.7625 0.3140625000000001 0.7625 0.3906250000000001 0.8265625 0.3906250000000001
2 0.615625 0.035937500000000074 0.575 0.03593750000000007 0.575 0.07812500000000007 0.615625 0.07812500000000007
2 0.8375 0.809375 0.7828125000000001 0.809375 0.7828125000000001 0.8734375 0.8375 0.8734375
2 0.3375000000000001 0.9625 0.2828125000000001 0.9625 0.2828125000000001 1 0.3375000000000001 1
2 0.94375 0.2312500000000001 0.8765625 0.2312500000000001 0.8765625 0.3000000000000001 0.94375 0.3000000000000001
2 0.5859375 0.4421875 0.5421875 0.4421875 0.5421875 0.4875 0.5859375 0.4875
2 0.1109375 0.023437500000000007 0.0296875 0.023437500000000007 0.029687500000000006 0.07500000000000001 0.1109375 0.07500000000000002
2 0.846875 0.2953125000000001 0.7953125 0.2953125000000001 0.7953125 0.3343750000000001 0.846875 0.3343750000000001
2 0.684375 0.4015625 0.6046875 0.4015625 0.6046875 0.4640625 0.684375 0.4640625
2 0.9265625 0.3343750000000001 0.85 0.3343750000000001 0.85 0.38750000000000007 0.9265625 0.38750000000000007
2 0.2687500000000001 0.928125 0.22031250000000008 0.928125 0.22031250000000008 0.9796875 0.2687500000000001 0.9796875
2 0.6671875 0.1937500000000001 0.5765625 0.1937500000000001 0.5765625 0.28593750000000007 0.6671875 0.28593750000000007
2 0.3625000000000001 0.70625 0.3046875000000001 0.70625 0.3046875000000001 0.7859375 0.3625000000000001 0.7859375
2 0.8203125 0.1296875000000001 0.7625 0.1296875000000001 0.7625 0.1984375000000001 0.8203125 0.1984375000000001
2 0.4859375 0.37500000000000006 0.3312500000000001 0.375 0.3312500000000001 0.5421875 0.4859375 0.5421875
2 0.7796875 0.3625000000000001 0.703125 0.3625000000000001 0.703125 0.4375000000000001 0.7796875 0.43750000000000017
2 0.6828125 0.6984375 0.6421875 0.6984375 0.6421875000000001 0.7296875 0.6828125000000002 0.7296875
2 0.684375 0.10468750000000009 0.628125 0.10468750000000009 0.628125 0.1625000000000001 0.684375 0.1625000000000001
2 0.5703125 0.050000000000000065 0.528125 0.050000000000000065 0.528125 0.12187500000000007 0.5703125 0.1218750000000001
2 0.38750000000000007 0.8875 0.30937500000000007 0.8875 0.30937500000000007 0.95 0.38750000000000007 0.95
2 0.12343750000000012 0.8828125 0.050000000000000114 0.8828125 0.050000000000000114 0.9453125 0.12343750000000013 0.9453125
2 0.4828125 0.525 0.44375 0.525 0.44375 0.5671875 0.4828125 0.5671875
2 0.3984375000000001 0.60625 0.3375000000000001 0.60625 0.3375000000000001 0.671875 0.3984375000000001 0.671875
2 0.59375 0.3390625000000001 0.5109375 0.3390625000000001 0.5109375 0.4421875 0.59375 0.4421875
2 0.496875 0.5828125 0.453125 0.5828125 0.453125 0.6203125 0.496875 0.6203125
2 0.6171875 0.3125000000000001 0.5546875 0.3125000000000001 0.5546875 0.3625000000000001 0.6171875 0.3625000000000001
2 0.525 0.496875 0.4984375 0.496875 0.4984375 0.5265625 0.525 0.5265625
2 0.684375 0.07187500000000008 0.6125 0.07187500000000006 0.6125 0.12656250000000008 0.684375 0.12656250000000008