2 0.64375 0.459375 0.5953125 0.459375 0.5953125 0.4984375 0.64375 0.4984375
2 0.48125 0.5125 0.3765625000000001 0.5125 0.3765625000000001 0.653125 0.48125 0.653125
2 0.1578125000000001 0.8703125 0.09375000000000011 0.8703125 0.09375000000000011 0.940625 0.15781250000000013 0.940625
2 0.3421875000000001 0.4578125 0.2984375000000001 0.4578125 0.2984375000000001 0.559375 0.3421875000000001 0.559375
2 0.18593750000000003 0.425 0.10312500000000005 0.425 0.10312500000000005 0.4890625 0.18593750000000003 0.4890625
2 0.15000000000000005 0.3328125 0.10781250000000005 0.3328125 0.10781250000000005 0.365625 0.15000000000000005 0.365625
2 0.4515625 0.34843750000000007 0.4109375 0.34843750000000007 0.4109375 0.4125 0.4515625 0.4125
2 0.634375 0.6203125 0.59375 0.6203125 0.59375 0.6609375 0.634375 0.6609375
2 0.909375 0.04062500000000011 0.8640625 0.04062500000000011 0.8640625 0.10000000000000012 0.909375 0.10000000000000013
2 0.33281250000000007 0.3875 0.2875000000000001 0.3875 0.2875000000000001 0.428125 0.33281250000000007 0.428125
2 0.7 0.428125 0.6421875 0.428125 0.6421875 0.54375 0.7 0.54375
2 0.4546875 0.5046875 0.4109375 0.5046875 0.4109375 0.54375 0.4546875 0.54375
2 0.7234375000000001 0.6484375 0.6546875 0.6484375 0.6546875000000001 0.7671875 0.7234375000000002 0.7671875
2 0.2015625000000001 0.8875 0.1593750000000001 0.8875 0.1593750000000001 0.928125 0.2015625000000001 0.928125
2 0.5109375000000002 0.89375 0.3125000000000001 0.89375 0.3125000000000001 1 0.5109375000000002 1
2 0.9828125 0.5718750000000001 0.89375 0.5718750000000001 0.89375 0.6937500000000002 0.9828125 0.6937500000000002
2 0.07500000000000004 0.2125 0.029687500000000023 0.2125 0.029687500000000026 0.3046875 0.07500000000000004 0.3046875
2 0.6890625 0.628125 0.615625 0.628125 0.615625 0.6859375 0.6890625 0.6859375
2 0.9515625 0.6562500000000002 0.915625 0.6562500000000002 0.915625 0.6937500000000002 0.9515625 0.6937500000000002
2 0.029687500000000026 0.2140625 2.6215095544248028e-17 0.2140625 2.86069838238327e-17 0.253125 0.029687500000000033 0.253125
2 0.98125 0.44843750000000016 0.9375 0.44843750000000016 0.9375 0.5000000000000002 0.98125 0.5000000000000002
2 0.4765625 0.6125 0.4125 0.6125 0.4125 0.6921875 0.4765625 0.6921875
2 0.9828125 0.5500000000000002 0.9359375 0.5500000000000002 0.9359375 0.5953125000000001 0.9828125 0.5953125000000001
2 0.9265625 0.9453125 0.8484375 0.9453125 0.8484375 1 0.9265625 1
2 0.20312500000000008 0.625 0.1359375000000001 0.625 0.1359375000000001 0.7234375 0.20312500000000008 0.7234375
2 0.609375 0.4203125 0.5484375 0.4203125 0.5484375 0.471875 0.609375 0.471875
2 0.93125 0.7531250000000002 0.7546875000000002 0.7531250000000002 0.7546875000000002 0.903125 0.93125 0.903125
2 0.30156250000000007 0.4578125 0.24375000000000008 0.4578125 0.24375000000000008 0.534375 0.30156250000000007 0.534375
2 0.02031250000000004 0.2625 3.214697847761802e-17 0.2625 3.6930755036787366e-17 0.340625 0.020312500000000046 0.340625
2 0.4046875 0.6125 0.36406250000000007 0.6125 0.36406250000000007 0.65625 0.4046875 0.65625
2 0.25 0.30625 0.2078125 0.30625 0.2078125 0.3578125 0.25 0.3578125
2 0.8859375 0.5359375000000002 0.8265625 0.5359375000000002 0.8265625 0.5875000000000001 0.8859375 0.5875000000000001
2 0.2140625 0.290625 0.15156250000000004 0.290625 0.15156250000000004 0.346875 0.2140625 0.346875
2 0.1015625 0.09843750000000001 0.06406250000000002 0.0984375 0.06406250000000002 0.1453125 0.1015625 0.1453125
2 0.026562500000000017 0.103125 1.262917011620708e-17 0.103125 1.54037605205253e-17 0.1484375 0.026562500000000024 0.1484375
2 0.11562500000000005 0.3421875 0.042187500000000044 0.3421875 0.042187500000000044 0.4 0.11562500000000005 0.4
2 0.778125 0.4234375000000001 0.6953125 0.4234375 0.6953125 0.5421875 0.778125 0.5421875000000002
2 0.8171875 0.5593750000000001 0.71875 0.559375 0.71875 0.6781250000000001 0.8171875 0.6781250000000002
2 0.1906250000000001 0.7796875 0.11562500000000009 0.7796875 0.11562500000000009 0.84375 0.1906250000000001 0.84375
2 0.23437500000000008 0.4625 0.16718750000000004 0.4625 0.16718750000000004 0.525 0.23437500000000008 0.525
2 0.5359375 0.4421875 0.4859375 0.4421875 0.4859375 0.4734375 0.5359375 0.4734375
2 0.971875 0.7140625000000002 0.9203125 0.7140625000000002 0.9203125 0.7703125000000002 0.971875 0.7703125000000002
2 0.415625 0.4484375 0.3765625000000001 0.4484375 0.3765625000000001 0.48125 0.415625 0.48125
2 0.4421875 0.446875 0.40625 0.446875 0.40625 0.490625 0.4421875 0.490625
2 0.5625000000000002 0.7640625 0.4359375000000002 0.7640625 0.4359375000000002 0.859375 0.5625000000000002 0.859375
2 0.7500000000000001 0.6812500000000001 0.70625 0.68125 0.70625 0.7421875000000001 0.7500000000000002 0.7421875000000002
2 0.5 0.434375 0.4671875 0.434375 0.4671875 0.4625 0.5 0.4625
2 0.4265625 0.478125 0.3968750000000001 0.478125 0.3968750000000001 0.5171875 0.4265625 0.5171875
2 0.5625 0.625 0.475 0.625 0.475 0.7140625 0.5625 0.7140625
2 0.6625000000000001 0.7171875 0.5890625 0.7171875 0.5890625 0.7796875 0.6625000000000002 0.7796875
2 0.9328125 0.5343750000000002 0.8921875 0.5343750000000002 0.8921875 0.5750000000000002 0.9328125 0.5750000000000002
2 0.1828125000000001 0.7359375 0.12031250000000009 0.7359375 0.12031250000000009 0.7890625 0.1828125000000001 0.7890625
2 0.032812500000000036 0.25 3.061616997868383e-17 0.25 3.386913803891899e-17 0.303125 0.032812500000000036 0.303125
2 0.7437500000000001 0.8265625 0.6765625000000002 0.8265625 0.6765625000000002 0.8921875 0.7437500000000001 0.8921875
2 0.5390625 0.5015625 0.4953125 0.5015625 0.4953125 0.54375 0.5390625 0.54375
2 0.9453125 0.004687500000000113 0.8953125 0.00468750000000011 0.8953125 0.08281250000000011 0.9453125 0.08281250000000011
2 0.6812500000000001 0.7484375 0.6437500000000002 0.7484375 0.6437500000000002 0.7984375 0.6812500000000001 0.7984375
2 0.578125 0.5625 0.5171875 0.5625 0.5171875 0.6390625 0.578125 0.6390625
2 0.6437500000000002 0.8 0.5921875000000002 0.8 0.5921875000000002 0.875 0.6437500000000002 0.875
2 0.06718750000000002 0.1890625 0.017187500000000022 0.1890625 0.017187500000000026 0.2359375 0.06718750000000002 0.2359375
2 0.7796875 0.5359375000000001 0.6890625 0.5359375 0.6890625 0.6234375000000001 0.7796875 0.6234375000000002
2 0.2828125 0.271875 0.2046875 0.271875 0.2046875 0.328125 0.2828125 0.328125
2 0.8421875 0.7156250000000002 0.775 0.7156250000000002 0.7750000000000001 0.7718750000000002 0.8421875 0.7718750000000002
2 0.6046875 0.2984375000000001 0.4421875 0.2984375000000001 0.4421875 0.4484375 0.6046875 0.4484375
2 0.6156250000000001 0.659375 0.5421875 0.659375 0.5421875 0.7328125 0.6156250000000002 0.7328125
2 0.2906250000000001 0.5984375 0.2593750000000001 0.5984375 0.2593750000000001 0.6390625 0.2906250000000001 0.6390625
2 0.8671875 0.5859375000000002 0.8109375 0.5859375000000002 0.8109375 0.6406250000000002 0.8671875 0.6406250000000002
2 0.9203125 0.48750000000000016 0.85 0.48750000000000016 0.85 0.5281250000000002 0.9203125 0.5281250000000002
2 0.10625000000000004 0.2765625 0.04531250000000003 0.2765625 0.04531250000000004 0.353125 0.10625000000000004 0.353125
2 0.1109375 0.023437500000000007 0.05 0.023437500000000007 0.05000000000000001 0.09531250000000001 0.1109375 0.09531250000000002
2 0.4578125 0.4078125 0.4171875 0.4078125 0.4171875 0.4453125 0.4578125 0.4453125
2 0.38125 0.30312500000000003 0.3171875 0.303125 0.3171875 0.36250000000000004 0.38125 0.3625000000000001
2 0.6390625 0.471875 0.5390625 0.471875 0.5390625 0.5515625 0.6390625 0.5515625
2 0.4015625 0.415625 0.3656250000000001 0.415625 0.3656250000000001 0.4578125 0.4015625 0.4578125
2 0.6671875 0.5140625 0.6171875 0.5140625 0.6171875 0.575 0.6671875 0.575
2 0.4859375 0.459375 0.45625 0.459375 0.45625 0.4859375 0.4859375 0.4859375
2 0.8984375 0.5703125000000002 0.8453125 0.5703125000000002 0.8453125 0.6406250000000002 0.8984375 0.6406250000000002