2 0.5484375 0.621875 0.4390625 0.621875 0.4390625 0.709375 0.5484375 0.709375
2 0.496875 0.4140625 0.4265625 0.4140625 0.4265625 0.4625 0.496875 0.4625
2 0.978125 0.7156250000000002 0.9296875 0.7156250000000002 0.9296875 0.7593750000000001 0.978125 0.7593750000000001
2 1 0.8875 0.9734375 0.8875 0.9734375 0.9390625 1 0.9390625
2 0.21406250000000004 0.3078125 0.10937500000000004 0.3078125 0.10937500000000004 0.4296875 0.2140625000000001 0.4296875
2 0.45625000000000016 0.846875 0.4031250000000002 0.846875 0.4031250000000002 0.8859375 0.45625000000000016 0.8859375
2 0.9296875 0.6640625000000002 0.896875 0.6640625000000002 0.896875 0.7015625000000002 0.9296875 0.7015625000000002
2 0.51875 0.5578125 0.446875 0.5578125 0.446875 0.603125 0.51875 0.603125
2 0.3437500000000001 0.490625 0.2906250000000001 0.490625 0.2906250000000001 0.5359375 0.3437500000000001 0.5359375
2 0.12343750000000012 0.89375 0.06875000000000012 0.89375 0.06875000000000012 0.9546875 0.12343750000000013 0.9546875
2 0.478125 0.5203125 0.4046875 0.5203125 0.4046875 0.5828125 0.478125 0.5828125
2 0.6421875 0.4046875 0.6125 0.4046875 0.6125 0.446875 0.6421875 0.446875
2 0.2484375000000001 0.9390625 0.17968750000000014 0.9390625 0.17968750000000014 1 0.2484375000000001 1
2 0.6828125 0.4640625 0.6328125 0.4640625 0.6328125 0.528125 0.6828125 0.528125
2 0.12343750000000013 0.925 0.006250000000000114 0.925 0.006250000000000118 0.9953125 0.12343750000000013 0.9953125
2 0.36406250000000007 0.5484375 0.33281250000000007 0.5484375 0.33281250000000007 0.5796875 0.36406250000000007 0.5796875
2 0.728125 0.6265625000000001 0.659375 0.6265625 0.659375 0.675 0.728125 0.6750000000000002
2 0.30937500000000007 0.603125 0.2671875000000001 0.603125 0.2671875000000001 0.6625 0.30937500000000007 0.6625
2 0.5484375 0.3578125000000001 0.5046875 0.3578125000000001 0.5046875 0.409375 0.5484375 0.409375
2 0.434375 0.3656250000000001 0.3765625000000001 0.3656250000000001 0.3765625000000001 0.409375 0.434375 0.409375
2 0.5109375 0.4546875 0.4734375 0.4546875 0.4734375 0.4921875 0.5109375 0.4921875
2 0.2921875000000001 0.6359375 0.21250000000000008 0.6359375 0.21250000000000008 0.6953125 0.2921875000000001 0.6953125
2 0.37968750000000007 0.5078125 0.3421875000000001 0.5078125 0.3421875000000001 0.5515625 0.37968750000000007 0.5515625
2 0.5828125 0.525 0.5328125 0.525 0.5328125 0.6 0.5828125 0.6
2 0.3296875000000001 0.525 0.3031250000000001 0.525 0.3031250000000001 0.5578125 0.3296875000000001 0.5578125
2 0.6234375 0.3500000000000001 0.5703125 0.3500000000000001 0.5703125 0.41875 0.6234375 0.41875
2 0.26250000000000007 0.55625 0.1859375000000001 0.55625 0.1859375000000001 0.6515625 0.26250000000000007 0.6515625
2 0.3609375000000001 0.665625 0.2968750000000001 0.665625 0.2968750000000001 0.7640625 0.3609375000000001 0.7640625
2 0.846875 0.7406250000000002 0.7796875000000002 0.7406250000000002 0.7796875000000002 0.7984375000000001 0.846875 0.7984375000000001
2 0.27031250000000007 0.853125 0.1937500000000001 0.853125 0.19375000000000012 0.91875 0.27031250000000007 0.91875
2 0.4421875 0.56875 0.3687500000000001 0.56875 0.3687500000000001 0.6421875 0.4421875 0.6421875
2 0.5062500000000001 0.6703125 0.3843750000000001 0.6703125 0.3843750000000001 0.775 0.5062500000000002 0.775
2 0.9296875 0.7328125000000002 0.8546875 0.7328125000000002 0.8546875 0.8015625 0.9296875 0.8015625
2 0.5390625000000001 0.7203125 0.49375 0.7203125 0.4937500000000001 0.7765625 0.5390625000000002 0.7765625
2 0.6343750000000001 0.653125 0.5265625 0.653125 0.5265625 0.753125 0.6343750000000001 0.753125
2 0.19375000000000003 0.5015625 0.14843750000000006 0.5015625 0.14843750000000006 0.5359375 0.19375000000000003 0.5359375
2 0.6265625 0.465625 0.58125 0.465625 0.58125 0.4984375 0.6265625 0.4984375
2 0.721875 0.5359375 0.6890625 0.5359375 0.6890625 0.56875 0.721875 0.56875
2 0.7921875 0.7046875000000001 0.715625 0.7046875 0.7156250000000001 0.7640625000000001 0.7921875000000002 0.7640625000000002
2 0.2562500000000001 0.8859375 0.1390625000000001 0.8859375 0.13906250000000012 0.9703125 0.2562500000000001 0.9703125
2 0.09375000000000006 0.4015625 4.91772230282609e-17 0.4015625 5.702261658529863e-17 0.5296875 0.09375000000000007 0.5296875
2 0.2593750000000001 0.759375 0.12031250000000009 0.759375 0.12031250000000009 0.878125 0.2593750000000001 0.878125
2 0.503125 0.3531250000000001 0.4546875 0.3531250000000001 0.4546875 0.3968750000000001 0.503125 0.3968750000000001
2 0.17187500000000008 0.7203125 0.1296875000000001 0.7203125 0.1296875000000001 0.7515625 0.17187500000000008 0.7515625
2 0.5515625 0.5875 0.4359375 0.5875 0.4359375 0.64375 0.5515625 0.64375
2 0.39531250000000007 0.4125 0.3437500000000001 0.4125 0.3437500000000001 0.475 0.39531250000000007 0.475
2 0.2687500000000001 0.8015625 0.1781250000000001 0.8015625 0.1781250000000001 0.871875 0.2687500000000001 0.871875
2 0.8578125 0.5890625000000002 0.8140625 0.5890625000000002 0.8140625 0.6343750000000001 0.8578125 0.6343750000000001
2 0.7171875 0.3281250000000001 0.6609375 0.3281250000000001 0.6609375 0.3906250000000001 0.7171875 0.3906250000000001
2 0.7203125 0.3968750000000001 0.678125 0.3968750000000001 0.678125 0.4421875 0.7203125 0.4421875
2 0.715625 0.5609375 0.6625 0.5609375 0.6625 0.6359375 0.715625 0.6359375
2 0.2828125000000001 0.709375 0.17343750000000008 0.709375 0.17343750000000008 0.784375 0.2828125000000001 0.784375
2 1 0.7234375000000002 0.984375 0.7234375000000002 0.984375 0.7515625000000001 1 0.7515625000000001
2 0.3968750000000001 0.5375 0.3531250000000001 0.5375 0.3531250000000001 0.5890625 0.3968750000000001 0.5890625
2 0.440625 0.3078125000000001 0.403125 0.3078125000000001 0.403125 0.3468750000000001 0.440625 0.3468750000000001
2 0.953125 0.7390625000000002 0.90625 0.7390625000000002 0.90625 0.840625 0.953125 0.840625
2 0.41718750000000016 0.728125 0.3265625000000001 0.728125 0.3265625000000001 0.8328125 0.41718750000000016 0.8328125
2 0.884375 0.5546875000000002 0.809375 0.5546875000000002 0.809375 0.6109375000000001 0.884375 0.6109375000000001
2 0.58125 0.4734375 0.509375 0.4734375 0.509375 0.55 0.58125 0.55
2 0.05312500000000011 0.8265625 1.0122471199202341e-16 0.8265625 1.0667821726947646e-16 0.915625 0.05312500000000011 0.915625
2 0.578125 0.38750000000000007 0.525 0.38750000000000007 0.525 0.446875 0.578125 0.446875
2 0.3765625000000001 0.5796875 0.32500000000000007 0.5796875 0.32500000000000007 0.6390625 0.3765625000000001 0.6390625
2 0.26093750000000004 0.3625 0.18593750000000003 0.3625 0.18593750000000003 0.446875 0.2609375000000001 0.446875
2 1 0.7937500000000002 0.990625 0.7937500000000002 0.990625 0.89375 1 0.89375
2 0.625 0.58125 0.5609375 0.58125 0.5609375 0.6546875 0.625 0.6546875
2 0.7609375 0.6171875000000002 0.7265625 0.6171875000000002 0.7265625 0.6500000000000001 0.7609375 0.6500000000000001
2 0.4468750000000002 0.7578125 0.40937500000000016 0.7578125 0.40937500000000016 0.821875 0.4468750000000002 0.821875
2 0.6703125 0.6203125 0.6109375 0.6203125 0.6109375 0.6734375 0.6703125 0.6734375
2 0.625 0.3000000000000001 0.534375 0.3000000000000001 0.534375 0.3656250000000001 0.625 0.3656250000000001
2 0.3265625000000001 0.7515625 0.2578125000000001 0.7515625 0.2578125000000001 0.809375 0.3265625000000001 0.809375
2 0.503125 0.490625 0.4203125 0.490625 0.4203125 0.55625 0.503125 0.55625
2 0.07968750000000005 0.3578125 0.020312500000000046 0.3578125 0.020312500000000046 0.409375 0.07968750000000005 0.409375
2 0.821875 0.5750000000000002 0.7578125 0.5750000000000002 0.7578125 0.6296875000000002 0.821875 0.6296875000000002
2 0.6390625 0.49375 0.5828125 0.49375 0.5828125 0.54375 0.6390625 0.54375
2 0.728125 0.5562500000000001 0.69375 0.55625 0.69375 0.6046875 0.728125 0.6046875000000002
2 0.68125 0.5046875 0.6453125 0.5046875 0.6453125 0.58125 0.68125 0.58125
2 0.3359375000000001 0.56875 0.2921875000000001 0.56875 0.2921875000000001 0.621875 0.3359375000000001 0.621875
2 0.9828125 0.5843750000000002 0.925 0.5843750000000002 0.925 0.6359375000000002 0.9828125 0.6359375000000002