2 0.5296875000000001 0.684375 0.4125 0.684375 0.4125000000000001 0.778125 0.5296875000000002 0.778125
2 0.475 0.4609375 0.4 0.4609375 0.4 0.5125 0.475 0.5125
2 0.990625 0.7843750000000002 0.9390625 0.7843750000000002 0.9390625 0.83125 0.990625 0.83125
2 0.17187500000000006 0.3484375 0.059375000000000046 0.3484375 0.05937500000000005 0.478125 0.17187500000000006 0.478125
2 0.4312500000000002 0.925 0.3750000000000001 0.925 0.3750000000000001 0.9671875 0.4312500000000002 0.9671875
2 0.9375 0.7296875000000002 0.903125 0.7296875000000002 0.903125 0.7703125000000002 0.9375 0.7703125000000002
2 0.496875 0.615625 0.4203125 0.615625 0.4203125 0.6640625 0.496875 0.6640625
2 0.3109375000000001 0.5421875 0.25468750000000007 0.5421875 0.25468750000000007 0.590625 0.3109375000000001 0.590625
2 0.06406250000000012 0.9734375 0.018750000000000117 0.9734375 0.01875000000000012 1 0.06406250000000013 1
2 0.4546875 0.575 0.3750000000000001 0.575 0.3750000000000001 0.6421875 0.4546875 0.6421875
2 0.63125 0.45 0.6 0.45 0.6 0.4953125 0.63125 0.4953125
2 0.675 0.5140625 0.6203125 0.5140625 0.6203125 0.5828125 0.675 0.5828125
2 0.33281250000000007 0.60625 0.3000000000000001 0.60625 0.3000000000000001 0.640625 0.33281250000000007 0.640625
2 0.721875 0.6890625 0.6484375 0.6890625 0.6484375000000001 0.7421875 0.7218750000000002 0.7421875
2 0.2750000000000001 0.6640625 0.2296875000000001 0.6640625 0.2296875000000001 0.728125 0.2750000000000001 0.728125
2 0.5296875 0.4015625 0.4828125 0.4015625 0.4828125 0.4578125 0.5296875 0.4578125
2 0.4078125 0.409375 0.3468750000000001 0.409375 0.3468750000000001 0.45625 0.4078125 0.45625
2 0.4890625 0.5046875 0.4484375 0.5046875 0.4484375 0.5453125 0.4890625 0.5453125
2 0.25468750000000007 0.6984375 0.1703125000000001 0.6984375 0.1703125000000001 0.7625 0.25468750000000007 0.7625
2 0.34843750000000007 0.5609375 0.30937500000000007 0.5609375 0.30937500000000007 0.6078125 0.34843750000000007 0.6078125
2 0.5671875 0.58125 0.5140625 0.58125 0.5140625 0.6609375 0.5671875 0.6609375
2 0.2953125000000001 0.58125 0.2671875000000001 0.58125 0.2671875000000001 0.615625 0.2953125000000001 0.615625
2 0.6109375 0.3937500000000001 0.5546875 0.3937500000000001 0.5546875 0.4671875 0.6109375 0.4671875
2 0.2250000000000001 0.6125 0.14218750000000008 0.6125 0.14218750000000008 0.715625 0.2250000000000001 0.715625
2 0.3296875000000001 0.73125 0.2609375000000001 0.73125 0.2609375000000001 0.8359375 0.3296875000000001 0.8359375
2 0.85 0.8109375 0.7781250000000002 0.8109375 0.7781250000000002 0.8734375 0.85 0.8734375
2 0.2328125000000001 0.9296875 0.15156250000000013 0.9296875 0.15156250000000013 1 0.2328125000000001 1
2 0.4171875 0.6265625 0.3375000000000001 0.6265625 0.3375000000000001 0.7046875 0.4171875 0.7046875
2 0.48437500000000017 0.7375 0.3531250000000001 0.7375 0.3531250000000001 0.8484375 0.48437500000000017 0.8484375
2 0.9390625 0.803125 0.8578125 0.803125 0.8578125 0.8765625 0.9390625 0.8765625
2 0.5203125000000002 0.7890625 0.47187500000000016 0.7890625 0.47187500000000016 0.85 0.5203125000000002 0.85
2 0.6218750000000001 0.7171875 0.50625 0.7171875 0.5062500000000001 0.825 0.6218750000000002 0.825
2 0.1515625000000001 0.55625 0.10312500000000009 0.55625 0.10312500000000009 0.5921875 0.1515625000000001 0.5921875
2 0.6125 0.5171875 0.5640625 0.5171875 0.5640625 0.5515625 0.6125 0.5515625
2 0.715625 0.5921875 0.6796875 0.5921875 0.6796875 0.628125 0.715625 0.628125
2 0.7921875000000002 0.7734375000000001 0.7109375000000002 0.7734375 0.7109375000000002 0.8375 0.7921875000000002 0.8375
2 0.2140625000000001 0.9671875 0.0953125000000001 0.9671875 0.09531250000000012 1 0.2140625000000001 1
2 0.04375000000000006 0.446875 5.472640383689735e-17 0.446875 6.132801548855105e-17 0.5546875 0.04375000000000007 0.5546875
2 0.22031250000000008 0.8328125 0.0718750000000001 0.8328125 0.0718750000000001 0.959375 0.22031250000000008 0.959375
2 0.4828125 0.39531250000000007 0.43125 0.39531250000000007 0.43125 0.4421875 0.4828125 0.4421875
2 0.12656250000000008 0.7890625 0.0828125000000001 0.7890625 0.0828125000000001 0.8234375 0.12656250000000008 0.8234375
2 0.534375 0.646875 0.409375 0.646875 0.409375 0.7078125 0.534375 0.7078125
2 0.3671875000000001 0.459375 0.3109375000000001 0.459375 0.3109375000000001 0.5265625 0.3671875000000001 0.5265625
2 0.2312500000000001 0.8765625 0.13437500000000008 0.8765625 0.1343750000000001 0.9515625 0.2312500000000001 0.9515625
2 0.8609375 0.6484375000000002 0.8140625 0.6484375000000002 0.8140625 0.6968750000000001 0.8609375 0.6968750000000001
2 0.7109375 0.3687500000000001 0.65 0.3687500000000001 0.65 0.4359375 0.7109375 0.4359375
2 0.7140625 0.4421875 0.66875 0.4421875 0.66875 0.490625 0.7140625 0.490625
2 0.709375 0.6171875 0.6515625 0.6171875 0.6515625 0.6984375 0.709375 0.6984375
2 0.2468750000000001 0.778125 0.1296875000000001 0.778125 0.1296875000000001 0.8578125 0.2468750000000001 0.8578125
2 0.3671875000000001 0.59375 0.3203125000000001 0.59375 0.3203125000000001 0.6484375 0.3671875000000001 0.6484375
2 0.4140625 0.3468750000000001 0.3734375 0.3468750000000001 0.37343750000000003 0.3890625000000001 0.4140625 0.3890625000000001
2 0.9640625 0.809375 0.9140625 0.809375 0.9140625 0.9171875 0.9640625 0.9171875
2 0.3890625000000001 0.796875 0.2921875000000001 0.796875 0.2921875000000001 0.909375 0.3890625000000001 0.909375
2 0.890625 0.6109375000000001 0.8109375 0.6109375000000001 0.8109375 0.6703125000000002 0.890625 0.6703125000000002
2 0.565625 0.525 0.4890625 0.525 0.4890625 0.60625 0.565625 0.60625
2 0.5625 0.4328125 0.50625 0.4328125 0.50625 0.496875 0.5625 0.496875
2 0.3468750000000001 0.6390625 0.2921875000000001 0.6390625 0.2921875000000001 0.703125 0.3468750000000001 0.703125
2 0.2234375000000001 0.40625 0.14218750000000005 0.40625 0.14218750000000005 0.496875 0.2234375000000001 0.496875
2 0.6140625 0.640625 0.5453125 0.640625 0.5453125 0.71875 0.6140625 0.71875
2 0.759375 0.6781250000000001 0.721875 0.678125 0.721875 0.7140625 0.759375 0.7140625000000002
2 0.4203125000000002 0.8296875 0.3812500000000001 0.8296875 0.3812500000000001 0.8984375 0.4203125000000002 0.8984375
2 0.6625000000000001 0.68125 0.5984375 0.68125 0.5984375000000001 0.7375 0.6625000000000002 0.7375
2 0.6140625 0.3390625000000001 0.515625 0.3390625000000001 0.515625 0.409375 0.6140625 0.409375
2 0.29375000000000007 0.8234375 0.22031250000000008 0.8234375 0.22031250000000008 0.8859375 0.29375000000000007 0.8859375
2 0.48125 0.54375 0.3921875000000001 0.54375 0.3921875000000001 0.6140625 0.48125 0.6140625
2 0.02812500000000005 0.403125 4.9368574090627673e-17 0.403125 5.185613790139574e-17 0.44375 0.028125000000000056 0.44375
2 0.821875 0.6343750000000001 0.753125 0.6343750000000001 0.753125 0.6921875000000002 0.821875 0.6921875000000002
2 0.628125 0.5453125 0.5671875 0.5453125 0.5671875 0.6 0.628125 0.6
2 0.7234375 0.6140625 0.6875 0.6140625 0.6875 0.665625 0.7234375 0.665625
2 0.671875 0.5578125 0.634375 0.5578125 0.634375 0.640625 0.671875 0.640625
2 0.3031250000000001 0.6265625 0.2562500000000001 0.6265625 0.2562500000000001 0.6828125 0.3031250000000001 0.6828125
2 0.996875 0.6437500000000002 0.934375 0.6437500000000002 0.934375 0.6984375000000002 0.996875 0.6984375000000002