2 0.73125 0.4875000000000001 0.640625 0.4875 0.640625 0.6000000000000001 0.73125 0.6000000000000002
2 0.475 0.540625 0.425 0.540625 0.425 0.6125 0.475 0.6125
2 0.7828125 0.043750000000000094 0.7375 0.04375000000000009 0.7375 0.09375000000000008 0.7828125 0.09375000000000008
2 0.9703125 1.1548036613834807e-16 0.915625 1.1213172254692953e-16 0.915625 0.04687500000000012 0.9703125 0.046875000000000125
2 0.4421875000000002 0.8328125 0.31718750000000007 0.8328125 0.31718750000000007 0.9421875 0.4421875000000002 0.9421875
2 0.9140625 0.5828125000000002 0.8734375 0.5828125000000002 0.8734375 0.6375000000000002 0.9140625 0.6375000000000002
2 0.7234375 0.09375000000000008 0.684375 0.09375000000000008 0.684375 0.1281250000000001 0.7234375 0.1281250000000001
2 0.6203125 0.51875 0.5734375 0.51875 0.5734375 0.59375 0.6203125 0.59375
2 0.5515625000000001 0.6984375 0.5046875 0.6984375 0.5046875000000001 0.753125 0.5515625000000002 0.753125
2 0.984375 0.9265625 0.9203125 0.9265625 0.9203125 0.9828125 0.984375 0.9828125
2 0.6 0.559375 0.5359375 0.559375 0.5359375 0.6359375 0.6 0.6359375
2 0.459375 0.3906250000000001 0.415625 0.3906250000000001 0.415625 0.4203125 0.459375 0.4203125
2 1 0.7968750000000002 0.96875 0.7968750000000002 0.96875 0.853125 1 0.853125
2 0.54375 0.3468750000000001 0.478125 0.3468750000000001 0.478125 0.3984375000000001 0.54375 0.3984375000000001
2 1 0.928125 0.9546875 0.928125 0.9546875 1 1 1
2 0.5984375 0.678125 0.565625 0.678125 0.565625 0.709375 0.5984375 0.709375
2 0.6953125 0.30156250000000007 0.6453125 0.30156250000000007 0.6453125 0.3734375000000001 0.6953125 0.3734375000000001
2 0.6828125000000002 0.7328125 0.6203125000000002 0.7328125 0.6203125000000002 0.7765625 0.6828125000000002 0.7765625
2 0.421875 0.4875 0.3671875000000001 0.4875 0.3671875000000001 0.5328125 0.421875 0.5328125
2 0.4203125 0.60625 0.3750000000000001 0.60625 0.3750000000000001 0.665625 0.4203125 0.665625
2 0.50625 0.5265625 0.4671875 0.5265625 0.4671875 0.565625 0.50625 0.565625
2 0.7156250000000002 0.753125 0.6546875000000002 0.753125 0.6546875000000002 0.834375 0.7156250000000002 0.834375
2 0.5671875 0.6625 0.521875 0.6625 0.521875 0.7015625 0.5671875 0.7015625
2 0.61875 0.4515625 0.5421875 0.4515625 0.5421875 0.503125 0.61875 0.503125
2 0.5750000000000001 0.7140625 0.5421875 0.7140625 0.5421875 0.7421875 0.5750000000000002 0.7421875
2 0.43125 0.409375 0.3609375000000001 0.409375 0.3609375000000001 0.4640625 0.43125 0.4640625
2 0.6718750000000002 0.7828125 0.5734375000000002 0.7828125 0.5734375000000002 0.8625 0.6718750000000002 0.8625
2 0.7875000000000001 0.6812500000000001 0.6859375 0.68125 0.6859375000000001 0.7484375000000001 0.7875000000000002 0.7484375000000002
2 0.821875 0.17968750000000008 0.7625 0.17968750000000008 0.7625 0.2484375000000001 0.821875 0.2484375000000001
2 0.946875 0.7734375000000002 0.878125 0.7734375000000002 0.878125 0.853125 0.946875 0.853125
2 0.6609375 0.596875 0.584375 0.596875 0.584375 0.6734375 0.6609375 0.6734375
2 0.8 0.5312500000000001 0.6921875 0.53125 0.6921875 0.6578125000000001 0.8 0.6578125000000001
2 0.8265625 0.0937500000000001 0.75625 0.09375000000000008 0.75625 0.17187500000000008 0.8265625 0.17187500000000008
2 0.8015625 0.4968750000000002 0.74375 0.4968750000000002 0.74375 0.5437500000000002 0.8015625 0.5437500000000002
2 0.7765625 0.3984375000000001 0.6734375 0.3984375000000001 0.6734375 0.5093750000000001 0.7765625 0.5093750000000001
2 0.5531250000000002 0.853125 0.5171875000000001 0.853125 0.5171875000000001 0.9 0.5531250000000002 0.9
2 0.5140625 0.4078125 0.4796875 0.4078125 0.4796875 0.4546875 0.5140625 0.4546875
2 0.5859375 0.3078125000000001 0.5515625 0.3078125000000001 0.5515625 0.3421875000000001 0.5859375 0.3421875000000001
2 0.7890625 0.23437500000000008 0.7265625 0.23437500000000008 0.7265625 0.3125000000000001 0.7890625 0.3125000000000001
2 1 0.7906250000000001 0.9140625 0.7906250000000001 0.9140625 0.9109375 1 0.9109375
2 0.5156250000000002 0.95625 0.4125000000000002 0.95625 0.4125000000000002 1 0.5156250000000002 1
2 0.90625 0.7859375000000002 0.7843750000000002 0.7859375000000002 0.7843750000000002 0.9296875 0.90625 0.9296875
2 0.4078125 0.5328125 0.3625000000000001 0.5328125 0.3625000000000001 0.5828125 0.4078125 0.5828125
2 0.7750000000000001 0.8765625 0.7421875000000002 0.8765625 0.7421875000000002 0.91875 0.7750000000000001 0.91875
2 0.6625 0.4828125 0.6046875 0.4828125 0.6046875 0.603125 0.6625 0.603125
2 0.4890625 0.6453125 0.425 0.6453125 0.425 0.6984375 0.4890625 0.6984375
2 0.8984375 0.7750000000000001 0.825 0.7750000000000001 0.825 0.86875 0.8984375 0.86875
2 0.653125 0.1671875000000001 0.60625 0.1671875000000001 0.60625 0.21250000000000008 0.653125 0.21250000000000008
2 0.4015625 0.31250000000000006 0.3375 0.3125 0.3375 0.37031250000000004 0.4015625 0.3703125000000001
2 0.4546875 0.30937500000000007 0.4078125 0.30937500000000007 0.4078125 0.3531250000000001 0.4546875 0.3531250000000001
2 0.6546875 0.3156250000000001 0.5765625 0.3156250000000001 0.5765625 0.3703125000000001 0.6546875 0.3703125000000001
2 0.8078125 0.7609375000000002 0.7312500000000002 0.7609375000000002 0.7312500000000002 0.8734375 0.8078125 0.8734375
2 0.7859375 9.376202055971923e-17 0.7453125 9.127445674895118e-17 0.7453125 0.035937500000000094 0.7859375 0.0359375000000001
2 0.6078125 0.64375 0.5546875 0.64375 0.5546875 0.6890625 0.6078125 0.6890625
2 0.35625000000000007 0.5984375 0.3156250000000001 0.5984375 0.3156250000000001 0.6375 0.35625000000000007 0.6375
2 0.865625 0.0687500000000001 0.7609375 0.06875000000000009 0.7609375 0.11718750000000008 0.865625 0.11718750000000008
2 0.8578125 0.6234375000000002 0.75 0.6234375000000002 0.75 0.7171875000000002 0.8578125 0.7171875000000002
2 0.628125 0.14062500000000008 0.5703125 0.14062500000000008 0.5703125 0.2171875000000001 0.628125 0.2171875000000001
2 0.565625 0.453125 0.4875 0.453125 0.4875 0.528125 0.565625 0.528125
2 0.459375 0.45625 0.3968750000000001 0.45625 0.3968750000000001 0.5109375 0.459375 0.5109375
2 0.659375 0.6640625 0.5984375 0.6640625 0.5984375 0.7171875 0.659375 0.7171875
2 0.4593750000000002 0.784375 0.37187500000000007 0.784375 0.37187500000000007 0.8625 0.4593750000000002 0.8625
2 0.9421875 1.0753929705012696e-16 0.8140625 9.969390349308921e-17 0.8140625 0.029687500000000106 0.9421875 0.02968750000000011
2 0.675 0.4078125 0.5984375 0.4078125 0.5984375 0.4734375 0.675 0.4734375
2 0.66875 0.2671875000000001 0.634375 0.2671875000000001 0.634375 0.3031250000000001 0.66875 0.3031250000000001
2 0.8484375 0.5921875000000002 0.78125 0.5921875000000002 0.78125 0.6312500000000002 0.8484375 0.6312500000000002
2 0.69375 0.3609375000000001 0.6390625 0.3609375000000001 0.6390625 0.421875 0.69375 0.421875
2 0.3765625000000001 0.4078125 0.3078125000000001 0.4078125 0.3078125000000001 0.5015625 0.3765625000000001 0.5015625
2 0.834375 0.7156250000000002 0.775 0.7156250000000002 0.7750000000000001 0.7875000000000002 0.834375 0.7875000000000002
2 0.571875 0.534375 0.5046875 0.534375 0.5046875 0.6203125 0.571875 0.6203125
2 0.40937500000000016 0.971875 0.3687500000000001 0.971875 0.3687500000000001 1 0.40937500000000016 1
2 0.6484375 0.20468750000000008 0.5921875 0.20468750000000008 0.5921875 0.27031250000000007 0.6484375 0.27031250000000007
2 0.559375 0.3921875000000001 0.5078125 0.3921875000000001 0.5078125 0.4515625 0.559375 0.4515625
2 0.6234375 0.30156250000000007 0.5734375 0.30156250000000007 0.5734375 0.3359375000000001 0.6234375 0.3359375000000001
2 0.5984375 0.3500000000000001 0.51875 0.3500000000000001 0.51875 0.3859375000000001 0.5984375 0.3859375000000001
2 0.6406250000000001 0.70625 0.5859375 0.70625 0.5859375000000001 0.7515625 0.6406250000000002 0.7515625
2 0.6546875 0.037500000000000075 0.6015625 0.037500000000000075 0.6015625 0.09687500000000007 0.6546875 0.09687500000000009