2 0.69375 0.3375000000000001 0.6140625 0.3375000000000001 0.6140625 0.4421875 0.69375 0.4421875
2 0.753125 0.3890625000000001 0.675 0.3890625000000001 0.675 0.46562500000000007 0.753125 0.4656250000000002
2 0.3859375000000001 0.8375 0.3062500000000001 0.8375 0.3062500000000001 0.896875 0.3859375000000001 0.896875
2 0.2250000000000001 0.640625 0.15781250000000008 0.640625 0.15781250000000008 0.725 0.2250000000000001 0.725
2 0.978125 0.6140625000000002 0.8265625 0.6140625000000002 0.8265625 0.7031250000000002 0.978125 0.7031250000000002
2 0.44062500000000016 0.7328125 0.37187500000000007 0.7328125 0.37187500000000007 0.7796875 0.44062500000000016 0.7796875
2 0.6453125000000002 0.79375 0.6062500000000002 0.79375 0.6062500000000002 0.8453125 0.6453125000000002 0.8453125
2 0.634375 0.43125 0.4046875 0.43125 0.4046875 0.7 0.634375 0.7
2 0.94375 0.6734375000000001 0.871875 0.6734375000000001 0.871875 0.7500000000000002 0.94375 0.7500000000000002
2 0.425 0.5609375 0.34843750000000007 0.5609375 0.34843750000000007 0.634375 0.425 0.634375
2 0.353125 0.3234375 0.29375 0.3234375 0.29375000000000007 0.39375 0.3531250000000001 0.39375
2 0.3828125000000001 0.37812500000000004 0.3343750000000001 0.378125 0.3343750000000001 0.40625 0.3828125000000001 0.40625
2 0.8875 0.7859375000000002 0.7609375000000002 0.7859375000000002 0.7609375000000002 0.90625 0.8875 0.90625
2 0.984375 0.41406250000000017 0.8984375 0.41406250000000017 0.8984375 0.4593750000000002 0.984375 0.4593750000000002
2 1 0.7375000000000002 0.884375 0.7375000000000002 0.884375 0.9484375 1 0.9484375
2 0.1562500000000001 0.85 0.09218750000000012 0.85 0.09218750000000012 0.9171875 0.15625000000000014 0.9171875
2 0.5250000000000001 0.7296875 0.3812500000000001 0.7296875 0.3812500000000001 0.90625 0.5250000000000001 0.90625
2 1 0.6046875000000002 0.9765625 0.6046875000000002 0.9765625 0.6609375000000002 1 0.6609375000000002
2 0.6171875 0.3828125000000001 0.521875 0.3828125000000001 0.521875 0.4578125 0.6171875 0.4578125
2 0.875 0.6062500000000002 0.8234375 0.6062500000000002 0.8234375 0.6593750000000002 0.875 0.6593750000000002
2 0.2906250000000001 0.565625 0.2312500000000001 0.565625 0.2312500000000001 0.625 0.2906250000000001 0.625
2 0.709375 0.5421875 0.628125 0.5421875 0.628125 0.625 0.709375 0.625
2 0.2968750000000001 0.66875 0.21250000000000008 0.66875 0.21250000000000008 0.7640625 0.2968750000000001 0.7640625
2 0.6296875000000001 0.6359375 0.54375 0.6359375 0.5437500000000001 0.7765625 0.6296875000000002 0.7765625
2 0.9375 0.4937500000000002 0.859375 0.4937500000000002 0.859375 0.6078125000000002 0.9375 0.6078125000000002
2 0.5687500000000002 0.7921875 0.5218750000000002 0.7921875 0.5218750000000002 0.884375 0.5687500000000002 0.884375
2 0.2484375000000001 0.7234375 0.17187500000000008 0.7234375 0.17187500000000008 0.7921875 0.2484375000000001 0.7921875
2 0.240625 0.2484375 0.2140625 0.2484375 0.2140625 0.309375 0.240625 0.309375
2 0.7468750000000002 0.8734375 0.6921875000000002 0.8734375 0.6921875000000002 0.9671875 0.7468750000000002 0.9671875
2 0.4765625000000001 0.6171875 0.3687500000000001 0.6171875 0.3687500000000001 0.7328125 0.47656250000000017 0.7328125
2 0.6109375 0.3343750000000001 0.5484375 0.3343750000000001 0.5484375 0.4015625 0.6109375 0.4015625
2 0.3046875000000001 0.7546875 0.2156250000000001 0.7546875 0.2156250000000001 0.8359375 0.3046875000000001 0.8359375
2 0.5484375000000001 0.715625 0.459375 0.715625 0.4593750000000001 0.7953125 0.5484375000000001 0.7953125
2 0.31718750000000007 0.8640625 0.15781250000000008 0.8640625 0.1578125000000001 0.9546875 0.31718750000000007 0.9546875
2 0.7640625 0.6203125 0.6953125 0.6203125 0.6953125 0.6875000000000001 0.7640625 0.6875000000000002
2 0.7390625000000002 0.8109375 0.6468750000000002 0.8109375 0.6468750000000002 0.8984375 0.7390625000000002 0.8984375
2 0.58125 0.2312500000000001 0.425 0.2312500000000001 0.425 0.3843750000000001 0.58125 0.3843750000000001
2 0.3734375000000001 0.39843750000000006 0.33281250000000007 0.3984375 0.33281250000000007 0.4328125 0.3734375000000001 0.4328125
2 0.6421875 0.2562500000000001 0.5765625 0.2562500000000001 0.5765625 0.3500000000000001 0.6421875 0.3500000000000001
2 0.27812500000000007 0.421875 0.2375000000000001 0.421875 0.2375000000000001 0.5140625 0.27812500000000007 0.5140625
2 0.6296875000000002 0.83125 0.5500000000000002 0.83125 0.5500000000000002 0.9640625 0.6296875000000002 0.9640625
2 0.1609375000000001 0.6765625 0.08125000000000009 0.6765625 0.08125000000000009 0.7921875 0.1609375000000001 0.7921875
2 0.2156250000000001 0.603125 0.1703125000000001 0.603125 0.1703125000000001 0.65625 0.2156250000000001 0.65625
2 0.30156250000000007 0.628125 0.2250000000000001 0.628125 0.2250000000000001 0.6828125 0.30156250000000007 0.6828125
2 0.3968750000000001 0.7734375 0.30156250000000007 0.7734375 0.30156250000000007 0.840625 0.3968750000000001 0.840625
2 0.4296875 0.46875 0.3781250000000001 0.46875 0.3781250000000001 0.521875 0.4296875 0.521875
2 0.5109375 0.3687500000000001 0.3671875000000001 0.3687500000000001 0.3671875000000001 0.49375 0.5109375 0.49375
2 0.3203125000000001 0.5015625 0.2796875000000001 0.5015625 0.2796875000000001 0.5578125 0.3203125000000001 0.5578125
2 0.7125000000000001 0.7203125 0.584375 0.7203125 0.5843750000000001 0.8046875 0.7125000000000001 0.8046875