2 0.6890625 0.634375 0.59375 0.634375 0.59375 0.7078125 0.6890625 0.7078125
2 0.6421875000000001 0.690625 0.571875 0.690625 0.5718750000000001 0.7625 0.6421875000000001 0.7625
2 0.22968750000000004 0.35 0.17500000000000004 0.35 0.17500000000000004 0.4234375 0.2296875000000001 0.4234375
2 0.409375 0.21406250000000004 0.3328125 0.2140625 0.3328125 0.27656250000000004 0.409375 0.2765625000000001
2 0.4359375000000002 0.8296875 0.3531250000000001 0.8296875 0.3531250000000001 0.9703125 0.4359375000000002 0.9703125
2 0.32500000000000007 0.4109375 0.2828125000000001 0.4109375 0.2828125000000001 0.475 0.32500000000000007 0.475
2 0.27031250000000007 0.628125 0.2234375000000001 0.628125 0.2234375000000001 0.6640625 0.27031250000000007 0.6640625
2 0.603125 0.4421875 0.35625000000000007 0.4421875 0.35625000000000007 0.653125 0.603125 0.653125
2 0.3812500000000001 0.871875 0.3109375000000001 0.871875 0.3109375000000001 0.9375 0.3812500000000001 0.9375
2 0.484375 0.3906250000000001 0.415625 0.3906250000000001 0.415625 0.4609375 0.484375 0.4609375
2 0.703125 0.3390625000000001 0.6375 0.3390625000000001 0.6375 0.3937500000000001 0.703125 0.3937500000000001
2 0.653125 0.3765625000000001 0.6265625 0.3765625000000001 0.6265625 0.421875 0.653125 0.421875
2 0.2765625000000001 0.76875 0.16562500000000008 0.76875 0.16562500000000008 0.8859375 0.2765625000000001 0.8859375
2 0.6187500000000001 0.896875 0.5765625000000002 0.896875 0.5765625000000002 0.9765625 0.6187500000000001 0.9765625
2 0.3203125000000001 0.8828125 0.11562500000000009 0.8828125 0.11562500000000012 1 0.3203125000000001 1
2 0.21875 0.15468750000000003 0.15625 0.1546875 0.15625000000000003 0.2140625 0.21875 0.2140625
2 0.3281250000000001 0.4203125 0.16562500000000005 0.4203125 0.16562500000000008 0.5515625 0.3281250000000001 0.5515625
2 0.4515625000000002 0.96875 0.3921875000000001 0.96875 0.3921875000000001 1 0.4515625000000002 1
2 0.6484375 0.55 0.5796875 0.55 0.5796875 0.6375 0.6484375 0.6375
2 0.4421875000000002 0.8265625 0.3937500000000001 0.8265625 0.3937500000000001 0.875 0.4421875000000002 0.875
2 0.4796875 0.2828125000000001 0.425 0.2828125000000001 0.425 0.3375000000000001 0.4796875 0.3375000000000001
2 0.5015625 0.646875 0.425 0.646875 0.425 0.721875 0.5015625 0.721875
2 0.3859375 0.26406250000000003 0.2984375 0.2640625 0.2984375 0.34218750000000003 0.3859375 0.3421875000000001
2 0.415625 0.5703125 0.28593750000000007 0.5703125 0.28593750000000007 0.6484375 0.415625 0.6484375
2 0.5468750000000002 0.8609375 0.4421875000000002 0.8609375 0.4421875000000002 0.9328125 0.5468750000000002 0.9328125
2 0.27031250000000007 0.55 0.1859375000000001 0.55 0.1859375000000001 0.59375 0.27031250000000007 0.59375
2 0.334375 0.228125 0.2703125 0.228125 0.2703125 0.2984375 0.334375 0.2984375
2 0.771875 0.2656250000000001 0.715625 0.2656250000000001 0.715625 0.2906250000000001 0.771875 0.2906250000000001
2 0.19687500000000008 0.70625 0.11093750000000009 0.70625 0.11093750000000009 0.75625 0.19687500000000008 0.75625
2 0.43125 0.4078125 0.32500000000000007 0.4078125 0.32500000000000007 0.5078125 0.43125 0.5078125
2 0.6921875 0.575 0.63125 0.575 0.63125 0.63125 0.6921875 0.63125
2 0.30625 0.2671875 0.23125 0.2671875 0.23125 0.35 0.30625 0.35
2 0.3421875000000001 0.4921875 0.2687500000000001 0.4921875 0.2687500000000001 0.575 0.3421875000000001 0.575
2 0.2046875 0.215625 0.12187500000000004 0.215625 0.12187500000000004 0.3625 0.2046875 0.3625
2 0.4296875000000001 0.709375 0.3687500000000001 0.709375 0.3687500000000001 0.771875 0.42968750000000017 0.771875
2 0.25468750000000007 0.665625 0.17343750000000008 0.665625 0.17343750000000008 0.75 0.25468750000000007 0.75
2 0.6109375 6.879070692085523e-17 0.5125 6.276314845630185e-17 0.5125 0.07968750000000006 0.6109375 0.07968750000000006
2 0.7875 0.4609375000000001 0.646875 0.4609375 0.646875 0.6046875 0.7875 0.6046875000000002
2 0.6328125 0.3750000000000001 0.6015625 0.3750000000000001 0.6015625 0.4125 0.6328125 0.4125
2 0.7640625 0.6000000000000001 0.678125 0.6 0.678125 0.659375 0.7640625 0.6593750000000002
2 0.6125 0.2875000000000001 0.528125 0.2875000000000001 0.528125 0.32500000000000007 0.6125 0.32500000000000007
2 0.23437500000000008 0.5765625 0.11250000000000009 0.5765625 0.11250000000000009 0.65 0.23437500000000008 0.65
2 0.3796875 0.14375000000000004 0.271875 0.14375000000000004 0.271875 0.21718750000000003 0.3796875 0.2171875000000001
2 0.44375 0.22656250000000008 0.3953125 0.22656250000000008 0.3953125 0.2671875000000001 0.44375 0.2671875000000001
2 0.4234375 0.2765625000000001 0.3734375 0.2765625000000001 0.3734375 0.3468750000000001 0.4234375 0.3468750000000001
2 0.671875 0.023437500000000076 0.6015625 0.023437500000000073 0.6015625 0.08125000000000007 0.671875 0.08125000000000009
2 0.28906250000000006 0.346875 0.228125 0.346875 0.22812500000000005 0.434375 0.2890625000000001 0.434375
2 0.5703125 0.4171875 0.5203125 0.4171875 0.5203125 0.4640625 0.5703125 0.4640625
2 0.6609375 0.4078125 0.5453125 0.4078125 0.5453125 0.540625 0.6609375 0.540625
2 0.5390625 0.32500000000000007 0.4859375 0.32500000000000007 0.4859375 0.3625000000000001 0.5390625 0.3625000000000001
2 0.3375000000000001 0.6078125 0.2593750000000001 0.6078125 0.2593750000000001 0.725 0.3375000000000001 0.725