2 0.7015625 0.30156250000000007 0.628125 0.30156250000000007 0.628125 0.3984375000000001 0.7015625 0.3984375000000001
2 0.7578125 0.3500000000000001 0.684375 0.3500000000000001 0.684375 0.4218750000000001 0.7578125 0.42187500000000017
2 0.41406250000000017 0.76875 0.34062500000000007 0.76875 0.34062500000000007 0.8234375 0.41406250000000017 0.8234375
2 0.2640625000000001 0.5859375 0.2015625000000001 0.5859375 0.2015625000000001 0.6640625 0.2640625000000001 0.6640625
2 0.96875 0.5593750000000002 0.8265625 0.5593750000000002 0.8265625 0.6421875000000001 0.96875 0.6421875000000001
2 0.465625 0.671875 0.4015625 0.671875 0.4015625 0.715625 0.465625 0.715625
2 0.6578125000000001 0.728125 0.6218750000000002 0.728125 0.6218750000000002 0.7765625 0.6578125000000001 0.7765625
2 0.646875 0.3890625000000001 0.4328125 0.3890625000000001 0.4328125 0.640625 0.646875 0.640625
2 0.9359375 0.6156250000000002 0.86875 0.6156250000000002 0.86875 0.6875000000000002 0.9359375 0.6875000000000002
2 0.4515625 0.5109375 0.37968750000000007 0.5109375 0.37968750000000007 0.5796875 0.4515625 0.5796875
2 0.384375 0.28906250000000006 0.328125 0.2890625 0.328125 0.35468750000000004 0.384375 0.3546875000000001
2 0.4125 0.3390625000000001 0.3671875 0.3390625000000001 0.36718750000000006 0.3656250000000001 0.4125 0.3656250000000001
2 0.884375 0.7203125000000001 0.765625 0.7203125000000001 0.7656250000000001 0.8328125 0.884375 0.8328125
2 0.975 0.3734375000000001 0.89375 0.3734375000000001 0.89375 0.4156250000000002 0.975 0.4156250000000002
2 1 0.6765625000000002 0.88125 0.6765625000000002 0.88125 0.8859375 1 0.8859375
2 0.2000000000000001 0.7796875 0.14062500000000008 0.7796875 0.14062500000000008 0.8421875 0.2000000000000001 0.8421875
2 0.5453125000000001 0.66875 0.4109375 0.66875 0.41093750000000007 0.8328125 0.5453125000000002 0.8328125
2 1 0.5437500000000002 0.9671875 0.5437500000000002 0.9671875 0.6031250000000001 1 0.6031250000000001
2 0.63125 0.3437500000000001 0.5421875 0.3437500000000001 0.5421875 0.4140625 0.63125 0.4140625
2 0.871875 0.5515625000000002 0.8234375 0.5515625000000002 0.8234375 0.6015625000000002 0.871875 0.6015625000000002
2 0.32500000000000007 0.5140625 0.27031250000000007 0.5140625 0.27031250000000007 0.5703125 0.32500000000000007 0.5703125
2 0.7171875 0.4921875 0.640625 0.4921875 0.640625 0.5703125 0.7171875 0.5703125
2 0.33281250000000007 0.6109375 0.2531250000000001 0.6109375 0.2531250000000001 0.7 0.33281250000000007 0.7
2 0.6421875 0.5796875 0.5625 0.5796875 0.5625 0.7109375 0.6421875 0.7109375
2 0.9296875 0.4468750000000002 0.8578125 0.4468750000000002 0.8578125 0.5546875000000002 0.9296875 0.5546875000000002
2 0.5859375000000002 0.7265625 0.5421875000000002 0.7265625 0.5421875000000002 0.8125 0.5859375000000002 0.8125
2 0.28593750000000007 0.6625 0.2156250000000001 0.6625 0.2156250000000001 0.7265625 0.28593750000000007 0.7265625
2 0.278125 0.21875 0.253125 0.21875 0.253125 0.275 0.278125 0.275
2 0.7515625000000001 0.8015625 0.7000000000000002 0.8015625 0.7000000000000002 0.8890625 0.7515625000000001 0.8890625
2 0.5 0.5640625 0.3984375000000001 0.5640625 0.3984375000000001 0.671875 0.5 0.671875
2 0.625 0.2984375000000001 0.5671875 0.2984375000000001 0.5671875 0.3609375000000001 0.625 0.3609375000000001
2 0.3390625000000001 0.690625 0.2562500000000001 0.690625 0.2562500000000001 0.7671875 0.3390625000000001 0.7671875
2 0.5671875000000001 0.6546875 0.4828125 0.6546875 0.4828125000000001 0.7296875 0.5671875000000002 0.7296875
2 0.3515625000000001 0.79375 0.20312500000000008 0.79375 0.20312500000000008 0.878125 0.3515625000000001 0.878125
2 0.76875 0.565625 0.7046875 0.565625 0.7046875 0.628125 0.76875 0.6281250000000002
2 0.7453125000000002 0.7437500000000001 0.6593750000000002 0.74375 0.6593750000000002 0.825 0.7453125000000002 0.825
2 0.06562500000000006 0.38125 4.6689659217492845e-17 0.38125 5.2717217682046225e-17 0.4796875 0.06562500000000007 0.4796875
2 0.5984375 0.20312500000000008 0.4515625 0.20312500000000008 0.4515625 0.3453125000000001 0.5984375 0.3453125000000001
2 0.403125 0.3578125000000001 0.365625 0.3578125000000001 0.36562500000000003 0.3906250000000001 0.403125 0.3906250000000001
2 0.653125 0.22656250000000008 0.5921875 0.22656250000000008 0.5921875 0.3140625000000001 0.653125 0.3140625000000001
2 0.3140625000000001 0.38125 0.2765625000000001 0.38125 0.2765625000000001 0.4671875 0.3140625000000001 0.4671875
2 0.6437500000000002 0.7640625 0.5687500000000002 0.7640625 0.5687500000000002 0.8875 0.6437500000000002 0.8875
2 0.20468750000000008 0.6171875 0.1296875000000001 0.6171875 0.1296875000000001 0.7265625 0.20468750000000008 0.7265625
2 0.2562500000000001 0.55 0.2140625000000001 0.55 0.2140625000000001 0.6 0.2562500000000001 0.6
2 0.3359375000000001 0.5734375 0.2640625000000001 0.5734375 0.2640625000000001 0.6234375 0.3359375000000001 0.6234375
2 0.06718750000000004 0.31875 0.007812500000000038 0.31875 0.007812500000000043 0.390625 0.06718750000000004 0.390625
2 0.4250000000000001 0.7078125 0.3359375000000001 0.7078125 0.3359375000000001 0.7703125 0.42500000000000016 0.7703125
2 0.4546875 0.4234375 0.4078125 0.4234375 0.4078125 0.4734375 0.4546875 0.4734375
2 0.5328125 0.3312500000000001 0.3984375 0.3312500000000001 0.39843750000000006 0.4484375 0.5328125 0.4484375
2 0.3531250000000001 0.4546875 0.3156250000000001 0.4546875 0.3156250000000001 0.5078125 0.3531250000000001 0.5078125
2 0.7203125000000001 0.659375 0.6015625 0.659375 0.6015625000000001 0.7375 0.7203125000000001 0.7375