2 0.2015625 0.19531250000000003 0.08593750000000003 0.1953125 0.08593750000000003 0.309375 0.2015625 0.309375
2 0.76875 0.17343750000000008 0.68125 0.17343750000000008 0.68125 0.2765625000000001 0.76875 0.2765625000000001
2 0.5375 0.5765625 0.44375 0.5765625 0.44375 0.684375 0.5375 0.684375
2 0.6109375000000001 0.73125 0.4812500000000002 0.73125 0.4812500000000002 0.9 0.6109375000000001 0.9
2 0.7375 0.10937500000000008 0.6109375 0.10937500000000008 0.6109375 0.2015625000000001 0.7375 0.2015625000000001
2 0.48125 0.4296875 0.4125 0.4296875 0.4125 0.5171875 0.48125 0.5171875
2 0.8984375 0.3234375000000001 0.8375 0.3234375000000001 0.8375 0.41406250000000017 0.8984375 0.41406250000000017
2 0.7578125000000001 0.6203125 0.5328125 0.6203125 0.5328125000000001 0.80625 0.7578125000000002 0.80625
2 0.6078125 0.24375000000000008 0.5046875 0.24375000000000008 0.5046875 0.3359375000000001 0.6078125 0.3359375000000001
2 0.3109375000000001 0.496875 0.2593750000000001 0.496875 0.2593750000000001 0.55 0.3109375000000001 0.55
2 1 0.5625000000000002 0.9296875 0.5625000000000002 0.9296875 0.7171875000000002 1 0.7171875000000002
2 0.8921875 0.24218750000000008 0.8421875 0.24218750000000008 0.8421875 0.3031250000000001 0.8921875 0.3031250000000001
2 0.7859375 0.42656250000000007 0.7109375 0.4265625 0.7109375 0.5250000000000001 0.7859375 0.5250000000000001
2 0.3062500000000001 0.790625 0.05468750000000009 0.790625 0.0546875000000001 0.9921875 0.3062500000000001 0.9921875
2 0.3453125000000001 0.5359375 0.2750000000000001 0.5359375 0.2750000000000001 0.6296875 0.3453125000000001 0.6296875
2 0.9828125 0.6406250000000002 0.8296875 0.6406250000000002 0.8296875 0.7812500000000002 0.9828125 0.7812500000000002
2 0.4359375 0.578125 0.3390625000000001 0.578125 0.3390625000000001 0.6609375 0.4359375 0.6609375
2 0.9078125 0.40156250000000016 0.8515625 0.40156250000000016 0.8515625 0.49531250000000016 0.9078125 0.49531250000000016
2 0.5609375000000001 0.6328125 0.4734375 0.6328125 0.47343750000000007 0.7453125 0.5609375000000002 0.7453125
2 0.68125 0.3437500000000001 0.515625 0.3437500000000001 0.515625 0.4578125 0.68125 0.4578125
2 0.12656250000000005 0.3875 0.050000000000000044 0.3875 0.050000000000000044 0.434375 0.12656250000000005 0.434375
2 0.4828125000000001 0.6171875 0.35625000000000007 0.6171875 0.35625000000000007 0.803125 0.4828125000000002 0.803125
2 0.85625 0.4046875000000002 0.7265625 0.4046875000000002 0.7265625 0.49531250000000016 0.85625 0.49531250000000016
2 0.2218750000000001 0.653125 0.12031250000000009 0.653125 0.12031250000000009 0.7265625 0.2218750000000001 0.7265625
2 0.3734375000000001 0.6375 0.20312500000000008 0.6375 0.20312500000000008 0.7203125 0.3734375000000001 0.7203125
2 0.5109375 0.2734375000000001 0.44375 0.2734375000000001 0.44375 0.34843750000000007 0.5109375 0.34843750000000007
2 0.4234375000000002 0.7703125 0.3109375000000001 0.7703125 0.3109375000000001 0.8703125 0.4234375000000002 0.8703125
2 0.984375 0.4859375000000002 0.921875 0.4859375000000002 0.921875 0.5453125000000002 0.984375 0.5453125000000002
2 0.2859375 0.315625 0.25 0.315625 0.25 0.3375 0.2859375 0.3375
2 0.465625 0.4890625 0.3671875000000001 0.4890625 0.3671875000000001 0.59375 0.465625 0.59375
2 0.815625 0.20468750000000008 0.765625 0.20468750000000008 0.765625 0.2562500000000001 0.815625 0.2562500000000001
2 0.5921875 0.16875000000000007 0.5015625 0.16875000000000004 0.5015625 0.2828125000000001 0.5921875 0.2828125000000001
2 0.2578125000000001 0.4546875 0.13125000000000003 0.4546875 0.13125000000000006 0.6046875 0.2578125000000001 0.6046875
2 0.6453125 0.1843750000000001 0.5890625 0.1843750000000001 0.5890625 0.2515625000000001 0.6453125 0.2515625000000001
2 0.4671875 0.20312500000000008 0.3859375 0.20312500000000008 0.3859375 0.2640625000000001 0.4671875 0.2640625000000001
2 0.4390625 0.3890625000000001 0.3671875000000001 0.3890625000000001 0.3671875000000001 0.45625 0.4390625 0.45625
2 0.3734375000000001 0.4796875 0.3078125000000001 0.4796875 0.3078125000000001 0.5640625 0.3734375000000001 0.5640625
2 0.7203125 0.21875000000000008 0.6359375 0.21875000000000008 0.6359375 0.3062500000000001 0.7203125 0.3062500000000001
2 0.853125 0.33281250000000007 0.7953125 0.33281250000000007 0.7953125 0.3937500000000001 0.853125 0.3937500000000001
2 0.9421875 0.5453125000000002 0.846875 0.5453125000000002 0.846875 0.6156250000000002 0.9421875 0.6156250000000002
2 0.18750000000000006 0.465625 0.12968750000000004 0.465625 0.12968750000000004 0.515625 0.18750000000000006 0.515625
2 0.8171875 0.5437500000000001 0.621875 0.54375 0.621875 0.70625 0.8171875 0.7062500000000002
2 0.3750000000000001 0.7 0.1453125000000001 0.7 0.1453125000000001 0.8359375 0.3750000000000001 0.8359375
2 0.7609375 0.503125 0.5625 0.503125 0.5625 0.5687500000000001 0.7609375 0.5687500000000002
2 0.3203125000000001 0.584375 0.18125000000000008 0.584375 0.18125000000000008 0.6734375 0.3203125000000001 0.6734375
2 0.8140625 0.7031250000000002 0.740625 0.7031250000000002 0.7406250000000001 0.803125 0.8140625 0.803125
2 1 0.5031250000000002 0.925 0.5031250000000002 0.925 0.5875000000000001 1 0.5875000000000001
2 0.3515625000000001 0.3671875 0.2796875000000001 0.3671875 0.2796875000000001 0.4421875 0.3515625000000001 0.4421875
2 0.8640625 0.4968750000000002 0.7671875 0.4968750000000002 0.7671875 0.5875000000000001 0.8640625 0.5875000000000001
2 0.7671875 0.3546875000000001 0.665625 0.3546875000000001 0.665625 0.4312500000000001 0.7671875 0.4312500000000002
2 0.8140625 0.3234375000000001 0.7453125 0.3234375000000001 0.7453125 0.37187500000000007 0.8140625 0.37187500000000007
2 0.6984375000000002 0.7703125 0.6125000000000002 0.7703125 0.6125000000000002 0.903125 0.6984375000000002 0.903125
2 0.15000000000000008 0.7109375 0.06562500000000009 0.7109375 0.06562500000000009 0.7859375 0.15000000000000008 0.7859375
2 0.5671875 0.46875 0.4484375 0.46875 0.4484375 0.5875 0.5671875 0.5875
2 0.4296875 0.259375 0.3515625 0.259375 0.3515625 0.35468750000000004 0.4296875 0.3546875000000001
2 0.721875 0.2875000000000001 0.66875 0.2875000000000001 0.66875 0.3375000000000001 0.721875 0.3375000000000001
2 0.30312500000000003 0.3234375 0.2265625 0.3234375 0.22656250000000006 0.3671875 0.3031250000000001 0.3671875
2 0.6359375 0.5546875 0.49375 0.5546875 0.49375 0.65 0.6359375 0.65
2 0.4203125000000002 0.846875 0.3453125000000001 0.846875 0.3453125000000001 0.9125 0.4203125000000002 0.9125
2 0.6125 0.4 0.5078125 0.4 0.5078125 0.496875 0.6125 0.496875
2 0.3390625000000001 0.859375 0.1859375000000001 0.859375 0.18593750000000012 0.9828125 0.3390625000000001 0.9828125
2 0.12656250000000002 0.1328125 1.6264840301175783e-17 0.1328125 2.5354015763597545e-17 0.28125 0.12656250000000005 0.28125
2 0.94375 0.5937500000000002 0.8015625 0.5937500000000002 0.8015625 0.7734375000000002 0.94375 0.7734375000000002
2 0.6390625 0.22031250000000008 0.5796875 0.22031250000000008 0.5796875 0.3109375000000001 0.6390625 0.3109375000000001
2 0.2734375000000001 0.534375 0.19531250000000006 0.534375 0.19531250000000006 0.6171875 0.2734375000000001 0.6171875
2 0.22343750000000004 0.353125 0.17031250000000003 0.353125 0.17031250000000003 0.4390625 0.2234375000000001 0.4390625
2 0.6796875 0.4546875 0.5671875 0.4546875 0.5671875 0.5328125 0.6796875 0.5328125
2 0.3609375000000001 0.9546875 0.2328125000000001 0.9546875 0.2328125000000001 1 0.3609375000000001 1
2 0.415625 0.4515625 0.3671875000000001 0.4515625 0.3671875000000001 0.5046875 0.415625 0.5046875
2 0.7390625 0.4234375000000001 0.7 0.4234375 0.7 0.47343750000000007 0.7390625 0.4734375000000002
2 0.846875 0.3750000000000001 0.7640625 0.3750000000000001 0.7640625 0.4437500000000002 0.846875 0.4437500000000002