2 0.2921875000000001 0.8078125 0.1750000000000001 0.8078125 0.1750000000000001 0.9265625 0.2921875000000001 0.9265625
2 0.2578125 0.225 0.15156250000000004 0.225 0.15156250000000004 0.315625 0.2578125 0.315625
2 0.6765625 0.4625 0.565625 0.4625 0.565625 0.5578125 0.6765625 0.5578125
2 0.8984375 0.3859375000000001 0.725 0.3859375000000001 0.725 0.5203125000000001 0.8984375 0.5203125000000002
2 0.18125000000000005 0.2578125 0.08750000000000002 0.2578125 0.08750000000000004 0.3875 0.18125000000000005 0.3875
2 0.5046875 0.5203125 0.415625 0.5203125 0.415625 0.590625 0.5046875 0.590625
2 0.4 0.09062500000000004 0.30625 0.09062500000000004 0.30625 0.15468750000000003 0.4 0.15468750000000003
2 0.8015625 0.23593750000000008 0.6109375 0.23593750000000008 0.6109375 0.46562500000000007 0.8015625 0.4656250000000002
2 0.3187500000000001 0.390625 0.2250000000000001 0.390625 0.2250000000000001 0.496875 0.3187500000000001 0.496875
2 0.5390625000000001 0.69375 0.484375 0.69375 0.4843750000000001 0.746875 0.5390625000000002 0.746875
2 0.6875 7.606204729079264e-17 0.5546875 6.792962714020475e-17 0.5546875 0.05781250000000008 0.6875 0.057812500000000086
2 0.2859375 0.09687500000000003 0.2234375 0.09687500000000002 0.2234375 0.14843750000000006 0.2859375 0.14843750000000006
2 0.5125 0.2078125000000001 0.4109375 0.2078125000000001 0.4109375 0.2843750000000001 0.5125 0.2843750000000001
2 0.9921875 0.7000000000000002 0.7859375 0.7000000000000002 0.7859375000000001 0.959375 0.9921875 0.959375
2 0.6218750000000001 0.659375 0.525 0.659375 0.5250000000000001 0.73125 0.6218750000000002 0.73125
2 0.7765625 0.006250000000000086 0.6328125 0.0062500000000000775 0.6328125 0.1625000000000001 0.7765625 0.1625000000000001
2 0.653125 0.565625 0.56875 0.565625 0.56875 0.665625 0.653125 0.665625
2 0.4828125 0.08125000000000006 0.3875 0.08125000000000004 0.3875 0.13906250000000003 0.4828125 0.13906250000000003
2 0.7390625 0.4375000000000001 0.6234375 0.4375 0.6234375 0.5281250000000001 0.7390625 0.5281250000000002
2 0.4453125 0.3140625 0.328125 0.3140625 0.32812500000000006 0.484375 0.4453125 0.484375
2 0.4203125000000002 0.884375 0.37187500000000007 0.884375 0.37187500000000007 0.9625 0.4203125000000002 0.9625
2 0.7984375 0.51875 0.6078125 0.51875 0.6078125 0.6484375000000001 0.7984375 0.6484375000000002
2 0.48125 0.13437500000000005 0.3890625 0.13437500000000005 0.3890625 0.2671875000000001 0.48125 0.2671875000000001
2 0.7203125000000001 0.7859375 0.6453125000000002 0.7859375 0.6453125000000002 0.890625 0.7203125000000001 0.890625
2 0.7140625 0.63125 0.628125 0.63125 0.628125 0.80625 0.7140625000000002 0.80625
2 0.33281250000000007 0.4890625 0.25468750000000007 0.4890625 0.25468750000000007 0.5578125 0.33281250000000007 0.5578125
2 0.86875 0.5781250000000002 0.765625 0.5781250000000002 0.765625 0.6937500000000002 0.86875 0.6937500000000002
2 0.534375 0.004687500000000061 0.4734375 0.004687500000000058 0.4734375 0.06875000000000006 0.534375 0.06875000000000006
2 0.3203125000000001 0.7203125 0.2984375000000001 0.7203125 0.2984375000000001 0.75625 0.3203125000000001 0.75625
2 0.584375 0.5359375 0.4765625 0.5359375 0.4765625 0.6359375 0.584375 0.6359375
2 0.2375 0.17656250000000004 0.184375 0.17656250000000004 0.184375 0.228125 0.2375 0.228125
2 0.2640625000000001 0.40625 0.14687500000000003 0.40625 0.14687500000000003 0.4984375 0.2640625000000001 0.4984375
2 0.5953125000000001 0.75 0.44062500000000016 0.75 0.44062500000000016 0.88125 0.5953125000000001 0.88125
2 0.23281250000000003 0.3515625 0.16406250000000006 0.3515625 0.16406250000000006 0.409375 0.2328125000000001 0.409375
2 0.2453125000000001 0.534375 0.18281250000000004 0.534375 0.18281250000000007 0.6171875 0.2453125000000001 0.6171875
2 0.4421875 0.5625 0.3734375000000001 0.5625 0.3734375000000001 0.6359375 0.4421875 0.6359375
2 0.553125 0.63125 0.4671875 0.63125 0.4671875 0.6984375 0.553125 0.6984375
2 0.2890625 0.275 0.2 0.275 0.2 0.3609375 0.2890625 0.3609375
2 0.378125 0.13906250000000003 0.315625 0.13906250000000003 0.315625 0.19843750000000004 0.378125 0.19843750000000004
2 0.6046875 0.04687500000000007 0.5328125 0.04687500000000007 0.5328125 0.14531250000000007 0.6046875 0.1453125000000001
2 0.5031250000000002 0.8203125 0.4515625000000002 0.8203125 0.4515625000000002 0.8796875 0.5031250000000002 0.8796875
2 0.6984375 0.17500000000000007 0.53125 0.17500000000000004 0.53125 0.3765625000000001 0.6984375 0.3765625000000001
2 0.83125 0.6296875000000001 0.690625 0.6296875 0.690625 0.865625 0.83125 0.865625
2 0.5578125 0.2328125000000001 0.490625 0.2328125000000001 0.490625 0.4375 0.5578125 0.4375
2 0.6640625000000001 0.684375 0.5734375 0.684375 0.5734375 0.8265625 0.6640625000000002 0.8265625
2 0.796875 0.1781250000000001 0.6953125 0.1781250000000001 0.6953125 0.25468750000000007 0.796875 0.25468750000000007
2 0.578125 6.553773886062008e-17 0.4921875 6.027558464553379e-17 0.4921875 0.06406250000000006 0.578125 0.06406250000000006
2 0.42656250000000007 0.653125 0.3500000000000001 0.653125 0.3500000000000001 0.7265625 0.4265625000000002 0.7265625
2 0.578125 0.12656250000000008 0.484375 0.12656250000000005 0.484375 0.22656250000000008 0.578125 0.22656250000000008
2 0.4171875 0.22656250000000006 0.3375 0.2265625 0.3375 0.33125000000000004 0.4171875 0.3312500000000001
2 0.35625 0.17812500000000003 0.30625 0.17812500000000003 0.30625 0.2484375 0.35625 0.2484375
2 0.9015625 0.2968750000000001 0.7640625 0.2968750000000001 0.7640625 0.3843750000000001 0.9015625 0.3843750000000001
2 0.7812500000000002 0.8609375 0.7046875000000001 0.8609375 0.7046875000000001 0.946875 0.7812500000000002 0.946875
2 0.578125 0.4328125 0.45625 0.4328125 0.45625 0.5546875 0.578125 0.5546875
2 0.3390625000000001 0.571875 0.2406250000000001 0.571875 0.2406250000000001 0.6515625 0.3390625000000001 0.6515625
2 0.321875 0.2734375 0.2703125 0.2734375 0.2703125 0.328125 0.321875 0.328125
2 0.3515625000000001 0.703125 0.3062500000000001 0.703125 0.3062500000000001 0.78125 0.3515625000000001 0.78125
2 0.640625 0.3625000000000001 0.54375 0.3625000000000001 0.54375 0.5078125 0.640625 0.5078125
2 0.9109375 0.5828125000000002 0.84375 0.5828125000000002 0.84375 0.6593750000000002 0.9109375 0.6593750000000002
2 0.484375 0.3843750000000001 0.3859375000000001 0.3843750000000001 0.3859375000000001 0.4921875 0.484375 0.4921875
2 0.9828125 0.6671875000000002 0.85625 0.6671875000000002 0.85625 0.8234375 0.9828125 0.8234375
2 0.26250000000000007 0.884375 0.10937500000000008 0.884375 0.10937500000000011 1 0.26250000000000007 1
2 0.7671875 0.045312500000000075 0.5828125 0.04531250000000007 0.5828125 0.1906250000000001 0.7671875 0.1906250000000001
2 0.29375000000000007 0.3578125 0.2015625 0.3578125 0.20156250000000003 0.41875 0.29375000000000007 0.41875
2 0.6078125000000002 0.7328125 0.5218750000000002 0.7328125 0.5218750000000002 0.8140625 0.6078125000000002 0.8140625
2 0.4234375000000002 0.7859375 0.3359375000000001 0.7859375 0.3359375000000001 0.840625 0.4234375000000002 0.840625
2 0.5203125 0.3156250000000001 0.440625 0.3156250000000001 0.440625 0.43125 0.5203125 0.43125
2 1 0.6437500000000002 0.953125 0.6437500000000002 0.953125 0.7765625000000002 1 0.7765625000000002
2 0.4921875 0.5875 0.4375 0.5875 0.4375 0.6375 0.4921875 0.6375
2 0.4609375 0.25468750000000007 0.409375 0.25468750000000007 0.409375 0.2953125000000001 0.4609375 0.2953125000000001
2 0.4296875 0.14531250000000004 0.3578125 0.14531250000000004 0.3578125 0.23125000000000004 0.4296875 0.2312500000000001