2 0.8328125 0.0937500000000001 0.70625 0.09375000000000008 0.70625 0.22031250000000008 0.8328125 0.22031250000000008
2 0.85625 0.7468750000000002 0.7437500000000001 0.7468750000000002 0.7437500000000001 0.84375 0.85625 0.84375
2 0.4140625 0.4875 0.2953125000000001 0.4875 0.2953125000000001 0.5890625 0.4140625 0.5890625
2 0.24375000000000008 0.528125 0.057812500000000065 0.528125 0.05781250000000008 0.671875 0.24375000000000008 0.671875
2 0.9265625 0.6703125000000002 0.825 0.6703125000000002 0.825 0.809375 0.9265625 0.809375
2 0.575 0.453125 0.4796875 0.453125 0.4796875 0.528125 0.575 0.528125
2 0.6906250000000002 0.9203125 0.5906250000000002 0.9203125 0.5906250000000002 0.9875 0.6906250000000002 0.9875
2 0.3656250000000001 0.5859375 0.1609375000000001 0.5859375 0.1609375000000001 0.8328125 0.3656250000000001 0.8328125
2 0.778125 0.5531250000000001 0.678125 0.553125 0.678125 0.6671875 0.778125 0.6671875000000002
2 0.5015625 0.28593750000000007 0.4421875 0.28593750000000007 0.4421875 0.3421875000000001 0.5015625 0.3421875000000001
2 0.7796875000000002 0.925 0.7125000000000001 0.925 0.7125000000000001 0.9796875 0.7796875000000002 0.9796875
2 0.5796875000000001 0.78125 0.4703125000000002 0.78125 0.4703125000000002 0.8625 0.5796875000000001 0.8625
2 0.17812500000000003 0.05937500000000001 7.271340369937409e-18 0.059375 2.4205909389396902e-17 0.3359375 0.17812500000000003 0.3359375
2 0.4578125 0.30156250000000007 0.3546875 0.3015625 0.35468750000000004 0.37812500000000004 0.4578125 0.3781250000000001
2 0.3343750000000001 0.9109375 0.18750000000000014 0.9109375 0.18750000000000014 1 0.3343750000000001 1
2 0.4109375 0.37187500000000007 0.3203125000000001 0.371875 0.3203125000000001 0.4796875 0.4109375 0.4796875
2 0.6062500000000002 0.9359375 0.5031250000000002 0.9359375 0.5031250000000002 0.9984375 0.6062500000000002 0.9984375
2 0.3515625000000001 0.5203125 0.22812500000000008 0.5203125 0.22812500000000008 0.6171875 0.3515625000000001 0.6171875
2 0.6687500000000001 0.5671875 0.54375 0.5671875 0.5437500000000001 0.7484375 0.6687500000000002 0.7484375
2 0.6203125 0.05312500000000007 0.56875 0.05312500000000007 0.56875 0.1375000000000001 0.6203125 0.1375000000000001
2 0.3687500000000001 0.39062500000000006 0.16562500000000005 0.390625 0.16562500000000005 0.5296875 0.3687500000000001 0.5296875
2 0.6015625000000002 0.7984375 0.5031250000000002 0.7984375 0.5031250000000002 0.940625 0.6015625000000002 0.940625
2 0.3296875 0.13125000000000003 0.2484375 0.13125000000000003 0.2484375 0.24375 0.3296875 0.24375
2 0.34687500000000004 0.221875 0.2546875 0.221875 0.25468750000000007 0.409375 0.3468750000000001 0.409375
2 0.7453125 0.4875000000000001 0.6625 0.4875 0.6625 0.5609375000000001 0.7453125 0.5609375000000002
2 0.20000000000000004 0.3421875 0.08906250000000004 0.3421875 0.08906250000000006 0.465625 0.2000000000000001 0.465625
2 0.7 0.2750000000000001 0.6765625 0.2750000000000001 0.6765625 0.3140625000000001 0.7 0.3140625000000001
2 0.509375 0.403125 0.3937500000000001 0.403125 0.3937500000000001 0.5109375 0.509375 0.5109375
2 0.821875 0.840625 0.7656250000000002 0.840625 0.7656250000000002 0.8953125 0.821875 0.8953125
2 0.8609375 0.5515625000000002 0.7359375 0.5515625000000002 0.7359375 0.6500000000000001 0.8609375 0.6500000000000001
2 0.546875 0.14375000000000007 0.38125 0.14375000000000004 0.38125 0.2828125000000001 0.546875 0.2828125000000001
2 0.8453125 0.6468750000000002 0.7703125 0.6468750000000002 0.7703125 0.7093750000000002 0.8453125 0.7093750000000002
2 0.8234375 0.4234375000000002 0.75625 0.4234375000000002 0.75625 0.5125000000000002 0.8234375 0.5125000000000002
2 0.61875 0.403125 0.5453125 0.403125 0.5453125 0.4828125 0.61875 0.4828125
2 0.51875 0.3375000000000001 0.4265625 0.3375000000000001 0.4265625 0.409375 0.51875 0.409375
2 0.80625 0.6984375 0.7109375 0.6984375 0.7109375000000001 0.7906250000000001 0.80625 0.7906250000000001
2 0.6812500000000001 0.8734375 0.6140625000000002 0.8734375 0.6140625000000002 0.9375 0.6812500000000001 0.9375
2 0.44843750000000016 0.9296875 0.3781250000000001 0.9296875 0.3781250000000001 1 0.44843750000000016 1
2 0.534375 0.14375000000000004 0.4796875 0.14375000000000004 0.4796875 0.2062500000000001 0.534375 0.2062500000000001
2 0.45000000000000007 0.68125 0.2718750000000001 0.68125 0.2718750000000001 0.896875 0.4500000000000002 0.896875
2 0.27968750000000003 0.15937500000000002 0.1296875 0.159375 0.1296875 0.4109375 0.2796875000000001 0.4109375
2 0.4937500000000001 0.6171875 0.421875 0.6171875 0.4218750000000001 0.8359375 0.4937500000000002 0.8359375
2 0.4046875 0.19843750000000004 0.3078125 0.19843750000000004 0.3078125 0.35156250000000006 0.4046875 0.3515625000000001
2 0.2750000000000001 0.8125 0.16562500000000008 0.8125 0.16562500000000008 0.89375 0.2750000000000001 0.89375
2 0.64375 0.3078125000000001 0.5625 0.3078125000000001 0.5625 0.3859375000000001 0.64375 0.3859375000000001
2 0.5000000000000002 0.8421875 0.4000000000000002 0.8421875 0.4000000000000002 0.9484375 0.5000000000000002 0.9484375
2 0.6578125000000001 0.7296875 0.5734375000000002 0.7296875 0.5734375000000002 0.8421875 0.6578125000000001 0.8421875
2 0.6906250000000002 0.81875 0.6375000000000002 0.81875 0.6375000000000002 0.89375 0.6906250000000002 0.89375
2 0.2015625000000001 0.6734375 0.05468750000000009 0.6734375 0.05468750000000009 0.7671875 0.2015625000000001 0.7671875
2 0.265625 0.07187500000000002 0.1828125 0.07187500000000002 0.1828125 0.16406250000000006 0.265625 0.16406250000000006
2 0.53125 0.4921875 0.4 0.4921875 0.4 0.6234375 0.53125 0.6234375
2 0.7609375 0.3859375000000001 0.65625 0.3859375000000001 0.65625 0.4718750000000001 0.7609375 0.47187500000000016
2 0.7296875000000002 0.7343750000000001 0.6750000000000002 0.734375 0.6750000000000002 0.7921875 0.7296875000000002 0.7921875000000002
2 0.690625 0.2484375000000001 0.6421875 0.2484375000000001 0.6421875 0.33281250000000007 0.690625 0.33281250000000007
2 0.4375 0.5421875 0.3343750000000001 0.5421875 0.3343750000000001 0.6984375 0.4375 0.6984375
2 0.11562500000000005 0.3796875 0.043750000000000046 0.3796875 0.04375000000000005 0.4609375 0.11562500000000005 0.4609375
2 0.6078125 0.5578125 0.5015625 0.5578125 0.5015625 0.6734375 0.6078125 0.6734375
2 0.10156250000000004 0.203125 2.487563810768061e-17 0.203125 3.5112919944303015e-17 0.3703125 0.10156250000000004 0.3703125
2 0.9015625 1.0036363221137293e-16 0.7375 9.031770143711729e-17 0.7375 0.1375000000000001 0.9015625 0.1375000000000001
2 0.39531250000000007 0.8796875 0.1984375000000001 0.8796875 0.1984375000000001 1 0.39531250000000007 1
2 0.8046875 0.6359375 0.7046875 0.6359375 0.7046875 0.7015625000000001 0.8046875 0.7015625000000002
2 0.4609375 0.2140625000000001 0.36875 0.2140625000000001 0.36875 0.3000000000000001 0.4609375 0.3000000000000001
2 0.659375 0.1859375000000001 0.565625 0.1859375000000001 0.565625 0.24375000000000008 0.659375 0.24375000000000008
2 0.5484375000000001 0.621875 0.4625 0.621875 0.4625000000000001 0.746875 0.5484375000000001 0.746875
2 0.5515625 0.4015625 0.49375 0.4015625 0.49375 0.45625 0.5515625 0.45625
2 0.5812500000000002 0.76875 0.5265625000000002 0.76875 0.5265625000000002 0.8125 0.5812500000000002 0.8125
2 0.6359375000000002 0.8375 0.5593750000000002 0.8375 0.5593750000000002 0.9296875 0.6359375000000002 0.9296875