2 0.9140625 0.5796875000000001 0.6265625 0.5796875 0.6265625000000001 0.8078125 0.9140625 0.8078125
2 0.8078125 0.2968750000000001 0.7046875 0.2968750000000001 0.7046875 0.4140625000000001 0.8078125 0.41406250000000017
2 1 0.7890625000000002 0.934375 0.7890625000000002 0.934375 0.8671875 1 0.8671875
2 0.35625000000000007 0.9328125 0.18593750000000014 0.9328125 0.18593750000000014 1 0.35625000000000007 1
2 0.7109375 0.3218750000000001 0.603125 0.3218750000000001 0.603125 0.4265625 0.7109375 0.4265625
2 0.0640625000000001 0.7328125 8.974364825001696e-17 0.7328125 9.60582333081205e-17 0.8359375 0.0640625000000001 0.8359375
2 0.75625 8.419446744138054e-17 0.61875 7.577502069724248e-17 0.61875 0.16406250000000008 0.75625 0.16406250000000008
2 0.3312500000000001 0.75625 0.1984375000000001 0.75625 0.1984375000000001 0.93125 0.3312500000000001 0.93125
2 0.12187500000000004 0.421875 0.059375000000000046 0.421875 0.05937500000000005 0.46875 0.12187500000000004 0.46875
2 0.17812500000000014 0.9078125 0.05312500000000011 0.9078125 0.05312500000000011 0.99375 0.17812500000000014 0.99375
2 0.5515625000000002 0.865625 0.4187500000000002 0.865625 0.4187500000000002 0.9359375 0.5515625000000002 0.9359375
2 0.17343750000000005 0.371875 0.10000000000000005 0.371875 0.10000000000000005 0.4078125 0.17343750000000005 0.4078125
2 0.3265625 3.444319122601931e-17 0.2359375 2.8894010417382865e-17 0.2359375 0.05937500000000003 0.3265625 0.059375000000000046
2 0.23125 2.2292398765729163e-17 0.1328125 1.6264840301175783e-17 0.1328125 0.018750000000000024 0.23125 0.018750000000000027
2 0.7453125 0.6421875000000001 0.3890625000000001 0.6421875 0.3890625000000001 0.9296875 0.7453125000000002 0.9296875
2 0.1703125000000001 0.740625 0.10156250000000008 0.740625 0.10156250000000008 0.7890625 0.1703125000000001 0.7890625
2 0.35156250000000006 0.35625 0.2625 0.35625 0.26250000000000007 0.4109375 0.3515625000000001 0.4109375
2 1 0.8703125 0.896875 0.8703125 0.896875 1 1 1
2 0.38125 0.007812500000000042 0.2921875 0.007812500000000036 0.2921875 0.17343750000000005 0.38125 0.17343750000000005
2 0.5484375 0.5703125 0.4546875 0.5703125 0.4546875 0.6375 0.5484375 0.6375
2 0.0671875 4.783776559169348e-18 0.0109375 1.3394574365674175e-18 0.010937500000000001 0.021875000000000002 0.0671875 0.021875000000000006
2 0.1328125 1.329889883449079e-17 0.084375 1.0332957367805793e-17 0.084375 0.020312500000000015 0.1328125 0.020312500000000018
2 0.4421875 0.2609375000000001 0.3765625 0.2609375000000001 0.3765625 0.3343750000000001 0.4421875 0.3343750000000001
2 0.5546875 0.4046875 0.3687500000000001 0.4046875 0.3687500000000001 0.5078125 0.5546875 0.5078125
2 0.1984375 0.01093750000000002 0.1125 0.010937500000000013 0.1125 0.08750000000000002 0.1984375 0.08750000000000002
2 0.928125 0.2890625000000001 0.771875 0.2890625000000001 0.771875 0.5109375000000002 0.928125 0.5109375000000002
2 0.6953125 0.05156250000000008 0.5265625 0.05156250000000007 0.5265625 0.2171875000000001 0.6953125 0.2171875000000001
2 0.5546875000000002 0.8046875 0.4156250000000002 0.8046875 0.4156250000000002 0.8796875 0.5546875000000002 0.8796875
2 0.384375 0.17812500000000003 0.30625 0.17812500000000003 0.30625 0.27968750000000003 0.384375 0.2796875000000001
2 0.5578125 6.046693570790056e-17 0.4296875 5.262154215086284e-17 0.4296875 0.08281250000000005 0.5578125 0.08281250000000007
2 0.12031250000000004 0.3953125 0.05312500000000005 0.3953125 0.05312500000000005 0.4203125 0.12031250000000004 0.4203125
2 0.2734375 0.10937500000000003 0.175 0.109375 0.17500000000000002 0.2125 0.2734375 0.2125
2 0.6796875 0.3812500000000001 0.58125 0.3812500000000001 0.58125 0.46875 0.6796875 0.46875
2 0.2500000000000001 0.3796875 0.17812500000000003 0.3796875 0.17812500000000003 0.4453125 0.2500000000000001 0.4453125
2 0.3359375 0.046875000000000035 0.1765625 0.04687500000000002 0.1765625 0.2078125 0.3359375 0.2078125
2 1 0.6609375000000002 0.9 0.6609375000000002 0.9 0.7937500000000002 1 0.7937500000000002
2 0.8640625 0.10156250000000008 0.6921875 0.10156250000000008 0.6921875 0.2921875000000001 0.8640625 0.2921875000000001
2 0.4921875 5.185613790139574e-17 0.3546875 4.343669115725768e-17 0.3546875 0.27187500000000003 0.4921875 0.2718750000000001
2 0.4234375000000002 0.8734375 0.33281250000000007 0.8734375 0.33281250000000007 0.928125 0.4234375000000002 0.928125
2 0.4234375 4.448912200027494e-17 0.303125 3.7122106099154144e-17 0.303125 0.028125000000000046 0.4234375 0.028125000000000056
2 0.7421875 0.45000000000000007 0.5765625 0.45 0.5765625 0.6578125000000001 0.7421875 0.6578125000000001
2 1 0.4281250000000002 0.83125 0.4281250000000002 0.83125 0.6796875000000002 1 0.6796875000000002
2 0.9765625 1.0935713214261131e-16 0.809375 9.91198503059889e-17 0.809375 0.12187500000000011 0.9765625 0.12187500000000014
2 0.2640625 0.14062500000000003 0.08750000000000002 0.140625 0.08750000000000004 0.2796875 0.2640625 0.2796875
2 0.5546875000000002 0.9546875 0.4203125000000002 0.9546875 0.4203125000000002 1 0.5546875000000002 1
2 0.915625 0.803125 0.7375000000000002 0.803125 0.7375000000000002 0.9625 0.915625 0.9625
2 0.6890625 0.08906250000000007 0.45625 0.08906250000000007 0.45625 0.3421875000000001 0.6890625 0.3421875000000001
2 0.39531250000000007 0.759375 0.2453125000000001 0.759375 0.2453125000000001 0.8921875 0.39531250000000007 0.8921875
2 0.08125000000000004 0.2859375 0.025000000000000033 0.2859375 0.02500000000000004 0.3703125 0.08125000000000004 0.3703125
2 0.865625 0.0265625000000001 0.71875 0.02656250000000009 0.71875 0.16406250000000008 0.865625 0.16406250000000008