2 0.7765625 0.11875000000000009 0.5578125 0.11875000000000009 0.5578125 0.39531250000000007 0.7765625 0.39531250000000007
2 1 0.2953125000000001 0.953125 0.2953125000000001 0.953125 0.3828125000000001 1 0.3828125000000001
2 0.396875 0.22031250000000005 0.284375 0.2203125 0.284375 0.31875000000000003 0.396875 0.3187500000000001
2 0.84375 9.816309499415503e-17 0.759375 9.299661631025214e-17 0.759375 0.0984375000000001 0.84375 0.09843750000000011
2 1 0.6406250000000002 0.896875 0.6406250000000002 0.896875 0.8546875 1 0.8546875
2 0.4109375 0.31250000000000006 0.309375 0.3125 0.30937500000000007 0.415625 0.4109375 0.415625
2 0.8046875 0.934375 0.7046875000000001 0.934375 0.7046875000000001 1 0.8046875 1
2 0.15781250000000005 0.26875 3.2912382727085115e-17 0.26875 4.104480287767301e-17 0.4015625 0.15781250000000005 0.4015625
2 0.8953125 0.6781250000000002 0.7265625 0.6781250000000002 0.7265625000000001 0.80625 0.8953125 0.80625
2 0.4500000000000002 0.88125 0.40625000000000017 0.88125 0.40625000000000017 0.940625 0.4500000000000002 0.940625
2 0.95625 0.825 0.8734375 0.825 0.8734375 0.9453125 0.95625 0.9453125
2 0.9015625 0.4671875000000002 0.8328125 0.4671875000000002 0.8328125 0.5937500000000002 0.9015625 0.5937500000000002
2 0.3921875000000001 0.83125 0.3578125000000001 0.83125 0.3578125000000001 0.9015625 0.3921875000000001 0.9015625
2 0.05625000000000009 0.6828125 8.362041425428021e-17 0.6828125 8.897824400054988e-17 0.7703125 0.05625000000000009 0.7703125
2 0.0171875000000001 0.775 9.491012693391987e-17 0.775 1.0065065880492311e-16 0.86875 0.017187500000000105 0.86875
2 0.89375 0.2812500000000001 0.6171875 0.2812500000000001 0.6171875 0.6234375000000001 0.89375 0.6234375000000002
2 0.7578125000000002 0.8328125 0.7109375000000002 0.8328125 0.7109375000000002 0.8984375 0.7578125000000002 0.8984375
2 0.39531250000000007 0.659375 0.3421875000000001 0.659375 0.3421875000000001 0.7453125 0.39531250000000007 0.7453125
2 0.9984375 1.1241874914047968e-16 0.8375 1.0256416942859082e-16 0.8375 0.1343750000000001 0.9984375 0.13437500000000013
2 0.1671875000000001 0.63125 0.007812500000000078 0.63125 0.007812500000000083 0.7171875 0.1671875000000001 0.7171875
2 0.6125 0.4703125 0.5484375 0.4703125 0.5484375 0.559375 0.6125 0.559375
2 0.02031250000000012 0.9328125 1.1423658423296405e-16 0.9328125 1.174895522931992e-16 0.9859375 0.020312500000000122 0.9859375
2 0.018750000000000107 0.8703125 1.0658254173829309e-16 0.8703125 1.0935713214261131e-16 0.915625 0.01875000000000011 0.915625
2 0.3218750000000001 0.571875 0.2515625000000001 0.571875 0.2515625000000001 0.634375 0.3218750000000001 0.634375
2 0.4890625 0.4625 0.3890625000000001 0.4625 0.3890625000000001 0.6421875 0.4890625 0.6421875
2 0.0843750000000001 0.80625 0.0109375000000001 0.80625 0.010937500000000103 0.8890625 0.08437500000000012 0.8890625
2 0.490625 0.10468750000000004 0.278125 0.10468750000000004 0.278125 0.25468750000000007 0.490625 0.25468750000000007
2 0.20781250000000004 0.328125 0.04843750000000004 0.328125 0.04843750000000005 0.490625 0.2078125000000001 0.490625
2 0.8453125 0.46406250000000016 0.7734375 0.46406250000000016 0.7734375 0.5984375000000002 0.8453125 0.5984375000000002
2 0.2687500000000001 0.6265625 0.1703125000000001 0.6265625 0.1703125000000001 0.703125 0.2687500000000001 0.703125
2 0.07812500000000007 0.4609375 5.644856339819831e-17 0.4609375 6.400693036168589e-17 0.584375 0.07812500000000007 0.584375
2 0.4031250000000002 0.88125 0.37968750000000007 0.88125 0.37968750000000007 0.9453125 0.4031250000000002 0.9453125
2 0.20312500000000008 0.7359375 0.10468750000000009 0.7359375 0.10468750000000009 0.8296875 0.20312500000000008 0.8296875
2 0.45 0.3437500000000001 0.365625 0.3437500000000001 0.36562500000000003 0.4390625 0.45 0.4390625
2 0.4265625000000002 0.7578125 0.36406250000000007 0.7578125 0.36406250000000007 0.8265625 0.4265625000000002 0.8265625
2 0.2000000000000001 0.675 0.04375000000000008 0.675 0.04375000000000009 0.828125 0.2000000000000001 0.828125
2 0.7640625 0.020312500000000087 0.6359375 0.020312500000000077 0.6359375 0.1312500000000001 0.7640625 0.1312500000000001
2 0.28125 0.16562500000000002 0.09687500000000002 0.165625 0.09687500000000003 0.33125 0.28125 0.33125
2 0.2609375000000001 0.5234375 6.410260589286927e-17 0.5234375 7.213935051227377e-17 0.6546875 0.2609375000000001 0.6546875
2 0.89375 0.5890625000000002 0.840625 0.5890625000000002 0.840625 0.6765625000000002 0.89375 0.6765625000000002
2 0.026562500000000083 0.5921875 7.252205263700732e-17 0.5921875 7.950636641339456e-17 0.70625 0.02656250000000009 0.70625
2 0.6328125 0.2828125000000001 0.4328125 0.2828125000000001 0.4328125 0.4421875 0.6328125 0.4421875
2 0.653125 6.52507122670699e-17 0.4125 5.051668046482832e-17 0.4125 0.19687500000000008 0.653125 0.19687500000000008
2 0.11718750000000003 0.05781250000000001 7.079989307570636e-18 0.0578125 1.6934569019459495e-17 0.21875 0.11718750000000004 0.21875
2 0.2671875000000001 0.7421875 0.13437500000000008 0.7421875 0.1343750000000001 0.9125 0.2671875000000001 0.9125
2 1 0.4625000000000002 0.91875 0.4625000000000002 0.91875 0.6031250000000001 1 0.6031250000000001
2 0.9265625 0.11718750000000011 0.771875 0.11718750000000008 0.771875 0.2890625000000001 0.9265625 0.2890625000000001
2 0.32812500000000006 0.334375 0.08437500000000005 0.334375 0.08437500000000006 0.5578125 0.3281250000000001 0.5578125
2 1 0.16093750000000012 0.9453125 0.16093750000000012 0.9453125 0.2484375000000001 1 0.2484375000000001
2 0.859375 0.6156250000000002 0.73125 0.6156250000000002 0.7312500000000001 0.7609375000000002 0.859375 0.7609375000000002
2 0.35625000000000007 0.91875 0.2750000000000001 0.91875 0.2750000000000001 0.9734375 0.35625000000000007 0.9734375
2 0.15781250000000002 0.1640625 0.025000000000000022 0.1640625 0.02500000000000003 0.3046875 0.15781250000000005 0.3046875