2 0.809375 0.09375000000000008 0.58125 0.09375000000000007 0.58125 0.3812500000000001 0.809375 0.3812500000000001
2 0.415625 0.20000000000000004 0.2984375 0.2 0.2984375 0.30312500000000003 0.415625 0.3031250000000001
2 0.8703125 1.0170308964794034e-16 0.790625 9.682363755758761e-17 0.790625 0.0734375000000001 0.8703125 0.07343750000000011
2 1 0.6515625000000002 0.934375 0.6515625000000002 0.934375 0.81875 1 0.81875
2 0.428125 0.29531250000000003 0.3234375 0.2953125 0.32343750000000004 0.403125 0.428125 0.403125
2 0.8390625 0.9421875 0.7359375000000001 0.9421875 0.7359375000000001 1 0.8390625 1
2 0.16562500000000005 0.2515625 3.080752104105061e-17 0.2515625 3.9226967785188664e-17 0.3890625 0.16562500000000005 0.3890625
2 0.9328125 0.6765625000000002 0.7578125 0.6765625000000002 0.7578125000000001 0.809375 0.9328125 0.809375
2 0.4703125000000002 0.8859375 0.4234375000000002 0.8859375 0.4234375000000002 0.9484375 0.4703125000000002 0.9484375
2 0.996875 0.828125 0.9109375 0.828125 0.9109375 0.953125 0.996875 0.953125
2 0.9390625 0.45625000000000016 0.86875 0.45625000000000016 0.86875 0.5890625000000002 0.9390625 0.5890625000000002
2 0.40937500000000016 0.834375 0.3734375000000001 0.834375 0.3734375000000001 0.9078125 0.40937500000000016 0.9078125
2 0.06093750000000009 0.68125 8.342906319191344e-17 0.68125 8.897824400054988e-17 0.771875 0.06093750000000009 0.771875
2 0.0218750000000001 0.7765625 9.510147799628666e-17 0.7765625 1.0122471199202343e-16 0.8765625 0.021875000000000106 0.8765625
2 0.93125 0.26250000000000007 0.64375 0.26250000000000007 0.64375 0.6187500000000001 0.93125 0.6187500000000001
2 0.7906250000000001 0.8375 0.7421875000000002 0.8375 0.7421875000000002 0.90625 0.7906250000000001 0.90625
2 0.4140625000000001 0.65625 0.3593750000000001 0.65625 0.3593750000000001 0.7453125 0.41406250000000017 0.7453125
2 1 1.1471496188888098e-16 0.8734375 1.0696524386302664e-16 0.8734375 0.10937500000000011 1 0.10937500000000014
2 0.1765625000000001 0.6265625 0.010937500000000077 0.6265625 0.010937500000000083 0.715625 0.1765625000000001 0.715625
2 0.6390625 0.459375 0.571875 0.459375 0.571875 0.553125 0.6390625 0.553125
2 0.023437500000000118 0.940625 1.1519333954479792e-16 0.940625 1.1863765866739982e-16 0.996875 0.02343750000000012 0.996875
2 0.023437500000000108 0.875 1.0715659492539341e-16 0.875 1.1021821192326179e-16 0.925 0.02343750000000011 0.925
2 0.3375000000000001 0.565625 0.2640625000000001 0.565625 0.2640625000000001 0.63125 0.3375000000000001 0.63125
2 0.5109375 0.453125 0.4078125 0.453125 0.4078125 0.6390625 0.5109375 0.6390625
2 0.0906250000000001 0.809375 0.0140625000000001 0.809375 0.014062500000000106 0.8953125 0.09062500000000011 0.8953125
2 0.5125 0.07968750000000005 0.290625 0.07968750000000005 0.290625 0.23593750000000005 0.5125 0.23593750000000008
2 0.21875000000000006 0.3125 0.05312500000000005 0.3125 0.053125000000000054 0.48125 0.21875000000000008 0.48125
2 0.88125 0.45312500000000017 0.80625 0.45312500000000017 0.80625 0.5921875000000002 0.88125 0.5921875000000002
2 0.2812500000000001 0.6234375 0.17968750000000008 0.6234375 0.17968750000000008 0.7015625 0.2812500000000001 0.7015625
2 0.08437500000000006 0.45 5.5109105961630896e-17 0.45 6.305017504985202e-17 0.5796875 0.08437500000000006 0.5796875
2 0.42187500000000017 0.8875 0.3968750000000001 0.8875 0.3968750000000001 0.9546875 0.42187500000000017 0.9546875
2 0.2140625000000001 0.734375 0.11093750000000009 0.734375 0.11093750000000009 0.8328125 0.2140625000000001 0.8328125
2 0.4703125 0.3281250000000001 0.3828125 0.3281250000000001 0.38281250000000006 0.4265625 0.4703125 0.4265625
2 0.4468750000000002 0.7578125 0.3812500000000001 0.7578125 0.3812500000000001 0.8296875 0.4468750000000002 0.8296875
2 0.2093750000000001 0.671875 0.04843750000000008 0.671875 0.04843750000000009 0.83125 0.2093750000000001 0.83125
2 0.7953125 8.926527059410005e-17 0.6625 8.113285044351215e-17 0.6625 0.1062500000000001 0.7953125 0.1062500000000001
2 0.29375 0.14375000000000002 0.103125 0.14375 0.10312500000000002 0.315625 0.29375 0.315625
2 0.2734375000000001 0.5140625 0.0015625000000000632 0.5140625 0.0015625000000000714 0.6515625 0.2734375000000001 0.6515625
2 0.93125 0.5828125000000002 0.8765625 0.5828125000000002 0.8765625 0.6734375000000001 0.93125 0.6734375000000001
2 0.02968750000000008 0.5828125 7.137394626280668e-17 0.5828125 7.902798875747763e-17 0.7078125 0.02968750000000009 0.7078125
2 0.659375 0.2656250000000001 0.4515625 0.2656250000000001 0.4515625 0.43125 0.659375 0.43125
2 0.6828125 6.821665373375491e-17 0.43125 5.281289321322961e-17 0.43125 0.17500000000000007 0.6828125 0.1750000000000001
2 0.12343750000000002 0.03125000000000001 3.827021247335479e-18 0.03125 1.4064303083957884e-17 0.1984375 0.12343750000000005 0.1984375
2 0.2812500000000001 0.7421875 0.14218750000000008 0.7421875 0.1421875000000001 0.91875 0.2812500000000001 0.91875
2 1 0.45312500000000017 0.9578125 0.45312500000000017 0.9578125 0.5859375000000002 1 0.5859375000000002
2 0.9640625 0.0921875000000001 0.8046875 0.09218750000000009 0.8046875 0.27031250000000007 0.9640625 0.27031250000000007
2 0.34375000000000006 0.31875 0.09062500000000004 0.31875 0.09062500000000005 0.5515625 0.3437500000000001 0.5515625
2 0.8953125 0.6125000000000002 0.7625 0.6125000000000002 0.7625000000000001 0.7625000000000002 0.8953125 0.7625000000000002
2 0.37187500000000007 0.9265625 0.2875000000000001 0.9265625 0.2875000000000001 0.9828125 0.37187500000000007 0.9828125
2 0.16562500000000002 0.140625 0.02812500000000002 0.140625 0.02812500000000003 0.2875 0.16562500000000005 0.2875