2 0.471875 0.3578125000000001 0.40625 0.3578125000000001 0.40625 0.4453125 0.471875 0.4453125
2 0.6515625 0.6921875 0.5234375 0.6921875 0.5234375000000001 0.8109375 0.6515625000000002 0.8109375
2 0.8171875 0.5421875000000002 0.75625 0.5421875000000002 0.75625 0.5968750000000002 0.8171875 0.5968750000000002
2 0.396875 0.059375000000000046 0.34375 0.059375000000000046 0.34375 0.15312500000000004 0.396875 0.15312500000000004
2 0.584375 0.409375 0.4421875 0.409375 0.4421875 0.584375 0.584375 0.584375
2 0.10000000000000005 0.2421875 0.03593750000000003 0.2421875 0.03593750000000004 0.325 0.10000000000000005 0.325
2 0.5484375 0.653125 0.45625 0.653125 0.45625 0.7125 0.5484375 0.7125
2 0.70625 0.5640625 0.6359375 0.5640625 0.6359375 0.6453125 0.70625 0.6453125
2 0.95 0.24375000000000008 0.8234375 0.24375000000000008 0.8234375 0.3656250000000001 0.95 0.3656250000000001
2 0.896875 0.8421875 0.8046875 0.8421875 0.8046875 0.903125 0.896875 0.903125
2 0.775 0.17343750000000008 0.659375 0.17343750000000008 0.659375 0.30937500000000007 0.775 0.30937500000000007
2 1 0.4859375000000002 0.8625 0.4859375000000002 0.8625 0.6000000000000002 1 0.6000000000000002
2 0.5203125000000001 0.7125 0.453125 0.7125 0.4531250000000001 0.778125 0.5203125000000002 0.778125
2 0.559375 6.17107176132846e-17 0.4484375 5.4917754899264124e-17 0.4484375 0.05937500000000005 0.559375 0.05937500000000007
2 0.6484375 0.30937500000000007 0.5875 0.30937500000000007 0.5875 0.4140625 0.6484375 0.4140625
2 0.6937500000000001 0.634375 0.5640625 0.634375 0.5640625000000001 0.7265625 0.6937500000000002 0.7265625
2 0.940625 0.0500000000000001 0.759375 0.050000000000000086 0.759375 0.19375000000000012 0.940625 0.19375000000000014
2 0.7453125 0.43437500000000007 0.5765625 0.434375 0.5765625 0.55 0.7453125 0.5500000000000002
2 0.7109375 0.021875000000000082 0.6234375 0.02187500000000008 0.6234375 0.1609375000000001 0.7109375 0.1609375000000001
2 0.4078125 0.4703125 0.22812500000000008 0.4703125 0.22812500000000008 0.6328125 0.4078125 0.6328125
2 0.8109375 0.925 0.7609375000000002 0.925 0.7609375000000002 0.98125 0.8109375 0.98125
2 0.69375 0.1625000000000001 0.5734375 0.1625000000000001 0.5734375 0.26250000000000007 0.69375 0.26250000000000007
2 0.8265625 0.7000000000000002 0.7375 0.7000000000000002 0.7375 0.8484375 0.8265625 0.8484375
2 0.8328125 0.18906250000000008 0.75 0.18906250000000008 0.75 0.2671875000000001 0.8328125 0.2671875000000001
2 0.990625 1.0753929705012696e-16 0.765625 9.376202055971923e-17 0.765625 0.0781250000000001 0.990625 0.07812500000000011
2 0.6515625 0.020312500000000074 0.5234375 0.020312500000000067 0.5234375 0.12031250000000007 0.6515625 0.12031250000000009
2 0.5218750000000002 0.7578125 0.38750000000000007 0.7578125 0.38750000000000007 0.8421875 0.5218750000000002 0.8421875
2 0.940625 0.5843750000000002 0.83125 0.5843750000000002 0.83125 0.7234375000000002 0.940625 0.7234375000000002
2 0.9609375 0.8671875 0.821875 0.8671875 0.821875 0.984375 0.9609375 0.984375
2 0.5828125 0.5625 0.5234375 0.5625 0.5234375 0.665625 0.5828125 0.665625
2 0.5984375 0.2390625000000001 0.5203125 0.2390625000000001 0.5203125 0.33281250000000007 0.5984375 0.33281250000000007
2 0.8421875 0.32500000000000007 0.665625 0.32500000000000007 0.665625 0.4718750000000001 0.8421875 0.47187500000000016
2 0.125 0.06250000000000001 0.039062500000000014 0.0625 0.039062500000000014 0.1640625 0.125 0.1640625
2 0.5203125 0.04531250000000006 0.421875 0.045312500000000054 0.421875 0.15781250000000005 0.5203125 0.15781250000000005
2 0.7671875 0.0671875000000001 0.7 0.0671875000000001 0.7 0.10937500000000008 0.7671875 0.10937500000000008
2 0.5734375000000002 0.8421875 0.4546875000000002 0.8421875 0.4546875000000002 0.9703125 0.5734375000000002 0.9703125
2 0.36406250000000007 0.32656250000000003 0.2953125 0.3265625 0.29531250000000003 0.403125 0.36406250000000007 0.403125