2 0.596875 0.5921875 0.5375 0.5921875 0.5375 0.671875 0.596875 0.671875
2 0.490625 0.2609375000000001 0.375 0.2609375000000001 0.37500000000000006 0.3687500000000001 0.490625 0.3687500000000001
2 0.2812500000000001 0.4546875 0.22656250000000008 0.4546875 0.22656250000000008 0.503125 0.2812500000000001 0.503125
2 0.6546875000000002 0.85625 0.6062500000000002 0.85625 0.6062500000000002 0.940625 0.6546875000000002 0.940625
2 0.565625 0.465625 0.4359375 0.465625 0.4359375 0.6234375 0.565625 0.6234375
2 0.9328125 0.7000000000000002 0.8734375 0.7000000000000002 0.8734375 0.7750000000000001 0.9328125 0.7750000000000001
2 0.553125 0.3500000000000001 0.46875 0.3500000000000001 0.46875 0.403125 0.553125 0.403125
2 0.3906250000000001 0.4109375 0.3265625000000001 0.4109375 0.3265625000000001 0.484375 0.3906250000000001 0.484375
2 0.22031250000000008 0.6640625 0.1062500000000001 0.6640625 0.1062500000000001 0.7734375 0.22031250000000008 0.7734375
2 0.2359375 0.1765625 0.153125 0.1765625 0.153125 0.2328125 0.2359375 0.2328125
2 0.3687500000000001 0.7140625 0.2640625000000001 0.7140625 0.2640625000000001 0.8375 0.3687500000000001 0.8375
2 0.18437500000000007 0.4515625 0.007812500000000056 0.4515625 0.007812500000000062 0.55625 0.1843750000000001 0.55625
2 0.55625 0.2906250000000001 0.4953125 0.2906250000000001 0.4953125 0.3500000000000001 0.55625 0.3500000000000001
2 0.746875 8.342906319191344e-17 0.615625 7.539231857250894e-17 0.615625 0.09375000000000008 0.746875 0.09375000000000008
2 0.5593750000000002 0.940625 0.4593750000000002 0.940625 0.4593750000000002 1 0.5593750000000002 1
2 0.4328125 0.6203125 0.3781250000000001 0.6203125 0.3781250000000001 0.7140625 0.4328125 0.7140625
2 0.4546875 0.3375 0.3375 0.3375 0.3375 0.4203125 0.4546875 0.4203125
2 0.41875 0.001562500000000043 0.2859375 0.0015625000000000348 0.2859375 0.09062500000000004 0.41875 0.09062500000000004
2 0.27812500000000007 0.81875 0.1140625000000001 0.81875 0.11406250000000011 0.9484375 0.27812500000000007 0.9484375
2 0.44375 0.496875 0.2921875000000001 0.496875 0.2921875000000001 0.6015625 0.44375 0.6015625
2 0.40156250000000016 0.85 0.3218750000000001 0.85 0.3218750000000001 0.975 0.40156250000000016 0.975
2 0.759375 0.4218750000000001 0.596875 0.421875 0.596875 0.5687500000000001 0.759375 0.5687500000000002
2 0.2765625 0.10625000000000004 0.23125 0.10625000000000004 0.23125 0.15781250000000005 0.2765625 0.15781250000000005
2 0.4468750000000002 0.7578125 0.3375000000000001 0.7578125 0.3375000000000001 0.8484375 0.4468750000000002 0.8484375
2 0.2984375 0.2265625 0.21875 0.2265625 0.21875 0.3609375 0.2984375 0.3609375
2 0.28593750000000007 0.753125 0.21093750000000008 0.753125 0.21093750000000008 0.8234375 0.28593750000000007 0.8234375
2 0.2828125000000001 0.9234375 0.06875000000000012 0.9234375 0.06875000000000012 1 0.2828125000000001 1
2 0.49218750000000017 0.8859375 0.3765625000000001 0.8859375 0.3765625000000001 0.9765625 0.49218750000000017 0.9765625
2 0.6140625 0.2328125000000001 0.4921875 0.2328125000000001 0.4921875 0.30937500000000007 0.6140625 0.30937500000000007
2 0.21250000000000005 0.3390625 0.11250000000000004 0.3390625 0.11250000000000004 0.465625 0.21250000000000008 0.465625
2 0.221875 0.10312500000000002 0.09531250000000002 0.103125 0.09531250000000002 0.209375 0.221875 0.209375
2 0.4921875 0.3921875000000001 0.4390625 0.3921875000000001 0.4390625 0.4859375 0.4921875 0.4859375
2 0.4937500000000001 0.6921875 0.4234375 0.6921875 0.4234375000000001 0.778125 0.4937500000000002 0.778125
2 0.36406250000000007 0.5671875 0.20312500000000008 0.5671875 0.20312500000000008 0.7 0.36406250000000007 0.7
2 0.9296875 0.846875 0.853125 0.846875 0.853125 0.9390625 0.9296875 0.9390625
2 0.5843750000000002 0.8515625 0.49531250000000016 0.8515625 0.49531250000000016 0.9546875 0.5843750000000002 0.9546875
2 0.25 2.430158492058029e-17 0.146875 1.798699986247675e-17 0.146875 0.06406250000000002 0.25 0.06406250000000002
2 0.33281250000000007 0.8953125 0.2718750000000001 0.8953125 0.2718750000000001 0.934375 0.33281250000000007 0.934375
2 0.553125 0.11718750000000007 0.446875 0.11718750000000004 0.446875 0.2328125000000001 0.553125 0.2328125000000001
2 0.6984375 0.6296875 0.6375 0.6296875 0.6375 0.6984375 0.6984375 0.6984375
2 0.4921875 5.357829746269671e-17 0.3828125 4.6881010279859617e-17 0.3828125 0.05156250000000005 0.4921875 0.05156250000000007