2 0.40625 0.5453125 0.32500000000000007 0.5453125 0.32500000000000007 0.60625 0.40625 0.60625
2 0.7421875 0.3781250000000001 0.6328125 0.3781250000000001 0.6328125 0.49687500000000007 0.7421875 0.4968750000000002
2 0.5453125 0.22656250000000008 0.4953125 0.22656250000000008 0.4953125 0.2828125000000001 0.5453125 0.2828125000000001
2 0.1359375000000001 0.615625 0.050000000000000065 0.615625 0.05000000000000008 0.6640625 0.1359375000000001 0.6640625
2 0.5359375 0.4421875 0.3734375000000001 0.4421875 0.3734375000000001 0.5734375 0.5359375 0.5734375
2 0.29375000000000007 0.8875 0.2171875000000001 0.8875 0.2171875000000001 0.946875 0.29375000000000007 0.946875
2 0.653125 0.475 0.5984375 0.475 0.5984375 0.5609375 0.653125 0.5609375
2 0.590625 0.3296875000000001 0.515625 0.3296875000000001 0.515625 0.3937500000000001 0.590625 0.3937500000000001
2 0.3328125 0.10312500000000005 0.2203125 0.10312500000000005 0.2203125 0.2203125 0.3328125 0.2203125
2 0.8296875 0.1515625000000001 0.771875 0.1515625000000001 0.771875 0.23593750000000008 0.8296875 0.23593750000000008
2 0.27968750000000003 0.265625 0.15468750000000003 0.265625 0.15468750000000003 0.371875 0.2796875000000001 0.371875
2 0.5484375 0.0046875000000000605 0.4421875 0.0046875000000000545 0.4421875 0.18437500000000007 0.5484375 0.1843750000000001
2 0.7140625 0.5 0.653125 0.5 0.653125 0.5625 0.7140625 0.5625
2 1 0.6281250000000002 0.9140625 0.6281250000000002 0.9140625 0.7578125000000002 1 0.7578125000000002
2 0.048437500000000064 0.4640625 5.683126552293186e-17 0.4640625 6.305017504985202e-17 0.565625 0.048437500000000064 0.565625
2 0.3765625000000001 0.38125000000000003 0.2796875000000001 0.38125 0.2796875000000001 0.4375 0.3765625000000001 0.4375
2 0.665625 0.3390625000000001 0.58125 0.3390625000000001 0.58125 0.459375 0.665625 0.459375
2 1 0.2875000000000001 0.9171875 0.2875000000000001 0.9171875 0.40625000000000017 1 0.40625000000000017
2 0.17343750000000002 0.1125 0.04062500000000001 0.1125 0.04062500000000002 0.2796875 0.17343750000000005 0.2796875
2 0.5015625 0.29375000000000007 0.3953125 0.29375000000000007 0.39531250000000007 0.4484375 0.5015625 0.4484375
2 0.14218750000000005 0.3234375 0.014062500000000039 0.3234375 0.014062500000000044 0.4046875 0.14218750000000005 0.4046875
2 0.5796875000000001 0.6046875 0.4296875 0.6046875 0.4296875000000001 0.7703125 0.5796875000000001 0.7703125
2 0.9015625 0.2312500000000001 0.85 0.2312500000000001 0.85 0.27812500000000007 0.9015625 0.27812500000000007
2 0.23593750000000005 0.340625 0.14375000000000004 0.340625 0.14375000000000004 0.4515625 0.23593750000000008 0.4515625
2 0.7796875 0.21875000000000008 0.6421875 0.21875000000000008 0.6421875 0.3000000000000001 0.7796875 0.3000000000000001
2 0.240625 0.2109375 0.16875000000000004 0.2109375 0.16875000000000004 0.2875 0.240625 0.2875
2 0.06562500000000002 0.065625 8.036744619404505e-18 0.065625 2.0091861548511263e-17 0.2625 0.06562500000000002 0.2625
2 0.10625000000000004 0.3796875 0.014062500000000044 0.3796875 0.014062500000000052 0.4984375 0.10625000000000004 0.4984375
2 0.7734375 0.4984375000000001 0.6953125 0.4984375 0.6953125 0.6234375000000001 0.7734375 0.6234375000000002
2 0.6625 0.11093750000000006 0.534375 0.11093750000000005 0.534375 0.21250000000000008 0.6625 0.21250000000000008
2 0.9046875 0.0937500000000001 0.7953125 0.09375000000000008 0.7953125 0.2234375000000001 0.9046875 0.2234375000000001
2 0.609375 0.4421875 0.5140625 0.4421875 0.5140625 0.496875 0.609375 0.496875
2 0.30156250000000007 0.428125 0.2140625000000001 0.428125 0.2140625000000001 0.5 0.30156250000000007 0.5
2 0.4296875 0.20312500000000006 0.29375 0.203125 0.29375000000000007 0.36718750000000006 0.4296875 0.3671875000000001
2 0.14531250000000012 0.865625 0.05156250000000011 0.865625 0.05156250000000011 0.94375 0.14531250000000012 0.94375
2 0.14062500000000006 0.5 0.03593750000000007 0.5 0.035937500000000074 0.590625 0.14062500000000008 0.590625
2 1 0.14531250000000012 0.94375 0.14531250000000012 0.94375 0.2500000000000001 1 0.2500000000000001
2 0.09531250000000005 0.2734375 0.05625000000000004 0.2734375 0.05625000000000004 0.334375 0.09531250000000005 0.334375
2 0.890625 0.4515625000000002 0.7734375 0.4515625000000002 0.7734375 0.5609375000000002 0.890625 0.5609375000000002
2 0.3671875000000001 0.6453125 0.2968750000000001 0.6453125 0.2968750000000001 0.7078125 0.3671875000000001 0.7078125
2 1 0.3859375000000001 0.95625 0.3859375000000001 0.95625 0.4984375000000002 1 0.4984375000000002