2 0.5937500000000001 0.7015625 0.5109375 0.7015625 0.5109375 0.78125 0.5937500000000002 0.78125
2 0.4515625 0.2375000000000001 0.39375 0.2375000000000001 0.39375 0.3218750000000001 0.4515625 0.3218750000000001
2 0.85 0.03281250000000009 0.709375 0.03281250000000009 0.709375 0.0875000000000001 0.85 0.0875000000000001
2 0.4421875 0.11250000000000004 0.3953125 0.11250000000000004 0.3953125 0.18437500000000004 0.4421875 0.18437500000000004
2 0.7875 0.5531250000000001 0.70625 0.553125 0.70625 0.6375000000000001 0.7875 0.6375000000000002
2 0.5515625000000002 0.740625 0.49218750000000017 0.740625 0.49218750000000017 0.8 0.5515625000000002 0.8
2 1 0.6171875000000002 0.934375 0.6171875000000002 0.934375 0.7000000000000002 1 0.7000000000000002
2 0.14062500000000006 0.2390625 0.07656250000000002 0.2390625 0.07656250000000002 0.271875 0.14062500000000006 0.271875
2 0.7109375 8.572527594031472e-17 0.6890625 8.438581850374731e-17 0.6890625 0.034375000000000086 0.7109375 0.034375000000000086
2 0.990625 0.1281250000000001 0.8984375 0.1281250000000001 0.8984375 0.22031250000000008 0.990625 0.22031250000000008
2 0.2453125000000001 0.8453125 0.1625000000000001 0.8453125 0.16250000000000012 1 0.2453125000000001 1
2 0.853125 0.2515625000000001 0.78125 0.2515625000000001 0.78125 0.3375000000000001 0.853125 0.3375000000000001
2 0.9328125 0.2671875000000001 0.8515625 0.2671875000000001 0.8515625 0.3359375000000001 0.9328125 0.3359375000000001
2 0.875 0.37968750000000007 0.76875 0.37968750000000007 0.76875 0.5453125000000002 0.875 0.5453125000000002
2 1 0.5250000000000001 0.9578125 0.5250000000000001 0.9578125 0.6281250000000002 1 0.6281250000000002
2 0.2375000000000001 0.71875 0.09531250000000009 0.71875 0.0953125000000001 0.875 0.2375000000000001 0.875
2 0.1390625000000001 0.559375 6.850368032730508e-17 0.559375 8.00804196004949e-17 0.7484375 0.1390625000000001 0.7484375
2 0.7203125 0.26250000000000007 0.6390625 0.26250000000000007 0.6390625 0.3062500000000001 0.7203125 0.3062500000000001
2 0.95 0.3156250000000001 0.9046875 0.3156250000000001 0.9046875 0.34843750000000007 0.95 0.34843750000000007
2 0.2906250000000001 0.9015625 0.1859375000000001 0.9015625 0.18593750000000012 0.996875 0.2906250000000001 0.996875
2 0.2968750000000001 0.93125 0.18281250000000013 0.93125 0.18281250000000013 1 0.2968750000000001 1
2 1 0.2953125000000001 0.946875 0.2953125000000001 0.946875 0.3546875000000001 1 0.3546875000000001
2 0.5171875 0.06875000000000006 0.4171875 0.06875000000000005 0.4171875 0.2234375000000001 0.5171875 0.2234375000000001
2 0.6234375 0.5703125 0.4890625 0.5703125 0.4890625 0.68125 0.6234375 0.68125
2 0.41875 0.31718750000000007 0.028125000000000032 0.3171875 0.02812500000000006 0.6921875 0.41875 0.6921875
2 0.13906250000000012 0.7453125 9.127445674895118e-17 0.7453125 1.0686956833184325e-16 1 0.13906250000000014 1
2 0.48750000000000016 0.7296875 0.2656250000000001 0.7296875 0.2656250000000001 0.921875 0.48750000000000016 0.921875
2 0.91875 0.1906250000000001 0.809375 0.1906250000000001 0.809375 0.2906250000000001 0.91875 0.2906250000000001
2 0.49687500000000007 0.7140625 0.45 0.7140625 0.45000000000000007 0.7953125 0.4968750000000002 0.7953125
2 0.5953125 0.028125000000000074 0.5390625 0.028125000000000067 0.5390625 0.06875000000000006 0.5953125 0.06875000000000006
2 0.7359375000000001 0.8 0.6656250000000001 0.8 0.6656250000000001 0.88125 0.7359375000000001 0.88125
2 0.865625 0.13437500000000008 0.75625 0.13437500000000008 0.75625 0.2015625000000001 0.865625 0.2015625000000001
2 0.3828125000000001 0.59375 0.21875000000000008 0.59375 0.21875000000000008 0.8296875 0.3828125000000001 0.8296875
2 0.9578125 0.5640625000000001 0.7125 0.5640625 0.7125 0.7140625 0.9578125 0.7140625000000002
2 0.3750000000000001 0.8578125 0.2890625000000001 0.8578125 0.2890625000000001 0.953125 0.3750000000000001 0.953125
2 0.55 0.16718750000000007 0.4515625 0.16718750000000004 0.4515625 0.3187500000000001 0.55 0.3187500000000001
2 0.7421875 0.5000000000000001 0.609375 0.5 0.609375 0.5875000000000001 0.7421875 0.5875000000000001
2 0.16406250000000006 0.2015625 0.09062500000000002 0.2015625 0.09062500000000002 0.2703125 0.16406250000000006 0.2703125
2 0.4890625000000002 0.8421875 0.3750000000000001 0.8421875 0.3750000000000001 0.9140625 0.4890625000000002 0.9140625
2 0.98125 0.2656250000000001 0.9203125 0.2656250000000001 0.9203125 0.3343750000000001 0.98125 0.3343750000000001
2 0.4875 0.4375 0.425 0.4375 0.425 0.4921875 0.4875 0.4921875
2 0.4125 0.2515625 0.2828125 0.2515625 0.2828125 0.33906250000000004 0.4125 0.3390625000000001
2 0.5609375 0.665625 0.478125 0.665625 0.478125 0.7109375 0.5609375 0.7109375
2 0.303125 0.2171875 0.07500000000000002 0.2171875 0.07500000000000004 0.3578125 0.303125 0.3578125
2 0.715625 0.578125 0.653125 0.578125 0.653125 0.65 0.715625 0.65
2 0.8046875 0.1828125000000001 0.753125 0.1828125000000001 0.753125 0.24375000000000008 0.8046875 0.24375000000000008
2 0.49375 0.30781250000000004 0.3625 0.3078125 0.36250000000000004 0.4765625 0.49375 0.4765625
2 0.8328125 0.2015625000000001 0.7734375 0.2015625000000001 0.7734375 0.2734375000000001 0.8328125 0.2734375000000001
2 0.63125 0.2406250000000001 0.534375 0.2406250000000001 0.534375 0.3453125000000001 0.63125 0.3453125000000001
2 0.6046875 0.15625000000000006 0.5046875 0.15625000000000006 0.5046875 0.2515625000000001 0.6046875 0.2515625000000001
2 0.540625 0.27812500000000007 0.475 0.27812500000000007 0.475 0.3359375000000001 0.540625 0.3359375000000001
2 0.625 0.05312500000000007 0.5546875 0.05312500000000007 0.5546875 0.10312500000000009 0.625 0.10312500000000009
2 0.7015625 0.01250000000000008 0.6171875 0.012500000000000077 0.6171875 0.08125000000000007 0.7015625 0.08125000000000009
2 0.65 0.646875 0.578125 0.646875 0.578125 0.7015625 0.65 0.7015625
2 0.446875 0.16875000000000004 0.3671875 0.16875000000000004 0.3671875 0.2671875000000001 0.446875 0.2671875000000001
2 0.10468750000000002 0.1640625 0.02031250000000002 0.1640625 0.02031250000000003 0.2609375 0.10468750000000004 0.2609375
2 0.425 0.02500000000000004 0.1984375 0.025000000000000022 0.19843750000000002 0.21562500000000004 0.425 0.2156250000000001
2 0.51875 0.446875 0.4 0.446875 0.4 0.578125 0.51875 0.578125
2 0.7656250000000002 0.85 0.5500000000000002 0.85 0.5500000000000002 1 0.7656250000000002 1
2 0.6796875000000001 0.703125 0.6328125 0.703125 0.6328125000000001 0.765625 0.6796875000000002 0.765625
2 0.5578125 0.03750000000000006 0.4796875 0.037500000000000054 0.4796875 0.13281250000000006 0.5578125 0.13281250000000008
2 0.5171875000000001 0.8921875 0.34843750000000007 0.8921875 0.34843750000000007 1 0.5171875000000001 1
2 0.721875 0.715625 0.678125 0.715625 0.6781250000000001 0.765625 0.7218750000000002 0.765625
2 0.5328125000000001 0.796875 0.47187500000000016 0.796875 0.47187500000000016 0.9125 0.5328125000000001 0.9125
2 1 0.7421875000000002 0.7625000000000002 0.7421875000000002 0.7625000000000002 1 1 1
2 0.9 0.6640625000000002 0.778125 0.6640625000000002 0.7781250000000001 0.7734375000000002 0.9 0.7734375000000002