2 0.5203125000000001 0.7109375 0.4375 0.7109375 0.4375000000000001 0.790625 0.5203125000000002 0.790625
2 0.3796875 0.25312500000000004 0.321875 0.253125 0.321875 0.33593750000000006 0.3796875 0.3359375000000001
2 0.7734375 0.05000000000000008 0.634375 0.050000000000000065 0.634375 0.10468750000000009 0.7734375 0.10468750000000009
2 0.36875 0.12968750000000004 0.3234375 0.12968750000000004 0.3234375 0.20000000000000004 0.36875 0.2000000000000001
2 0.7125 0.5640625 0.63125 0.5640625 0.63125 0.646875 0.7125 0.646875
2 0.47656250000000017 0.75 0.4187500000000002 0.75 0.4187500000000002 0.809375 0.47656250000000017 0.809375
2 0.9359375 0.6265625000000001 0.85625 0.6265625000000001 0.85625 0.7093750000000002 0.9359375 0.7093750000000002
2 0.07187500000000004 0.253125 0.007812500000000031 0.253125 0.007812500000000033 0.2859375 0.07187500000000005 0.2859375
2 0.634375 0.010937500000000076 0.6125 0.010937500000000076 0.6125 0.05312500000000007 0.634375 0.05312500000000007
2 0.9109375 0.14531250000000012 0.81875 0.1453125000000001 0.81875 0.23593750000000008 0.9109375 0.23593750000000008
2 0.1750000000000001 0.853125 0.09375000000000011 0.853125 0.09375000000000012 1 0.17500000000000013 1
2 0.7765625 0.2656250000000001 0.7046875 0.2656250000000001 0.7046875 0.3515625000000001 0.7765625 0.3515625000000001
2 0.853125 0.2812500000000001 0.7734375 0.2812500000000001 0.7734375 0.34843750000000007 0.853125 0.34843750000000007
2 0.796875 0.3937500000000001 0.6921875 0.3937500000000001 0.6921875 0.5578125 0.796875 0.5578125000000002
2 1 0.5375000000000002 0.8796875 0.5375000000000002 0.8796875 0.6390625000000002 1 0.6390625000000002
2 0.1671875000000001 0.728125 0.02656250000000009 0.728125 0.0265625000000001 0.8828125 0.1671875000000001 0.8828125
2 0.07031250000000008 0.5828125 7.137394626280668e-17 0.5828125 8.189825469297925e-17 0.7546875 0.07031250000000008 0.7546875
2 0.64375 0.2765625000000001 0.5640625 0.2765625000000001 0.5640625 0.3203125000000001 0.64375 0.3203125000000001
2 0.871875 0.3296875000000001 0.8265625 0.3296875000000001 0.8265625 0.3625000000000001 0.871875 0.3625000000000001
2 0.21875000000000008 0.909375 0.11718750000000014 0.909375 0.11718750000000014 1 0.21875000000000008 1
2 0.21875000000000008 0.9390625 0.12031250000000013 0.9390625 0.12031250000000013 1 0.21875000000000008 1
2 0.9328125 0.30937500000000007 0.86875 0.30937500000000007 0.86875 0.3687500000000001 0.9328125 0.3687500000000001
2 0.44375 0.08593750000000004 0.3453125 0.08593750000000004 0.3453125 0.23906250000000004 0.44375 0.2390625000000001
2 0.5484375 0.58125 0.415625 0.58125 0.415625 0.690625 0.5484375 0.690625
2 0.3453125 0.33125 4.0566425221756075e-17 0.33125 6.324152611221879e-17 0.7015625 0.3453125000000001 0.7015625
2 0.07031250000000011 0.7546875 9.242256312315182e-17 0.7546875 1.0744362151894358e-16 1 0.07031250000000014 1
2 0.9921875 0.17031250000000014 0.9109375 0.17031250000000014 0.9109375 0.22812500000000008 0.9921875 0.22812500000000008
2 0.41406250000000017 0.7390625 0.1937500000000001 0.7390625 0.19375000000000012 0.9296875 0.41406250000000017 0.9296875
2 0.975 0.30156250000000007 0.9109375 0.30156250000000007 0.9109375 0.3812500000000001 0.975 0.3812500000000001
2 0.840625 0.20468750000000008 0.7328125 0.20468750000000008 0.7328125 0.3046875000000001 0.840625 0.3046875000000001
2 0.4234375000000001 0.7234375 0.3781250000000001 0.7234375 0.3781250000000001 0.8046875 0.4234375000000002 0.8046875
2 0.521875 0.04687500000000006 0.465625 0.046875000000000056 0.465625 0.08593750000000007 0.521875 0.08593750000000007
2 0.6593750000000002 0.8078125 0.5906250000000002 0.8078125 0.5906250000000002 0.8890625 0.6593750000000002 0.8890625
2 0.7875 0.15000000000000008 0.6796875 0.15000000000000008 0.6796875 0.2171875000000001 0.7875 0.2171875000000001
2 0.3125000000000001 0.6046875 0.15000000000000008 0.6046875 0.15000000000000008 0.8375 0.3125000000000001 0.8375
2 0.878125 0.5750000000000001 0.6359375 0.575 0.6359375 0.7234375000000001 0.878125 0.7234375000000002
2 0.3046875000000001 0.8640625 0.21875000000000008 0.8640625 0.21875000000000008 0.959375 0.3046875000000001 0.959375
2 0.4765625 0.18437500000000004 0.3796875 0.18437500000000004 0.3796875 0.33281250000000007 0.4765625 0.33281250000000007
2 0.6671875 0.5125 0.5359375 0.5125 0.5359375 0.6 0.6671875 0.6
2 0.09375000000000003 0.2171875 0.021875000000000026 0.2171875 0.02187500000000003 0.2859375 0.09375000000000004 0.2859375
2 0.4156250000000002 0.85 0.3031250000000001 0.85 0.3031250000000001 0.921875 0.4156250000000002 0.921875
2 0.903125 0.2812500000000001 0.8421875 0.2812500000000001 0.8421875 0.34843750000000007 0.903125 0.34843750000000007
2 0.4140625 0.4515625 0.3515625000000001 0.4515625 0.3515625000000001 0.5046875 0.4140625 0.5046875
2 0.3390625 0.2671875 0.2109375 0.2671875 0.2109375 0.353125 0.3390625 0.353125
2 0.4875 0.6765625 0.4046875 0.6765625 0.4046875 0.7203125 0.4875 0.7203125
2 0.23281250000000003 0.2328125 0.006250000000000028 0.2328125 0.006250000000000036 0.371875 0.2328125000000001 0.371875
2 0.640625 0.590625 0.578125 0.590625 0.578125 0.6609375 0.640625 0.6609375
2 0.7265625 0.1984375000000001 0.6765625 0.1984375000000001 0.6765625 0.2593750000000001 0.7265625 0.2593750000000001
2 0.4203125 0.32343750000000004 0.290625 0.3234375 0.290625 0.4890625 0.4203125 0.4890625
2 0.7546875 0.2171875000000001 0.6953125 0.2171875000000001 0.6953125 0.2890625000000001 0.7546875 0.2890625000000001
2 0.5546875 0.2562500000000001 0.459375 0.2562500000000001 0.459375 0.3593750000000001 0.5546875 0.3593750000000001
2 0.5296875 0.17343750000000005 0.43125 0.17343750000000005 0.43125 0.2671875000000001 0.5296875 0.2671875000000001
2 0.465625 0.2921875000000001 0.4015625 0.2921875000000001 0.4015625 0.34843750000000007 0.465625 0.34843750000000007
2 0.55 0.07031250000000007 0.48125 0.07031250000000007 0.48125 0.12031250000000007 0.55 0.12031250000000009
2 0.6265625 0.02968750000000007 0.5421875 0.029687500000000068 0.5421875 0.09687500000000007 0.6265625 0.09687500000000007
2 0.575 0.65625 0.5046875 0.65625 0.5046875 0.7109375 0.575 0.7109375
2 0.3734375 0.18437500000000004 0.2953125 0.18437500000000004 0.2953125 0.28125000000000006 0.3734375 0.2812500000000001
2 0.03437500000000003 0.1875 2.2962127484012874e-17 0.1875 2.812860616791577e-17 0.271875 0.03437500000000003 0.271875
2 0.353125 0.043750000000000025 0.128125 0.04375000000000001 0.12812500000000002 0.23125 0.353125 0.23125
2 0.4453125 0.459375 0.3265625000000001 0.459375 0.3265625000000001 0.5890625 0.4453125 0.5890625
2 0.6906250000000002 0.8578125 0.47656250000000017 0.8578125 0.47656250000000017 1 0.6906250000000002 1
2 0.6046875 0.7125 0.5578125 0.7125 0.5578125 0.7734375 0.6046875000000002 0.7734375
2 0.4828125 0.054687500000000056 0.40625 0.05468750000000004 0.40625 0.14843750000000006 0.4828125 0.14843750000000006
2 0.44531250000000017 0.9 0.27812500000000007 0.9 0.27812500000000007 1 0.44531250000000017 1
2 0.6468750000000002 0.7265625 0.6031250000000001 0.7265625 0.6031250000000001 0.775 0.6468750000000002 0.775
2 0.4593750000000002 0.80625 0.3984375000000001 0.80625 0.3984375000000001 0.9203125 0.4593750000000002 0.9203125
2 0.9984375 0.7515625000000001 0.6875000000000002 0.7515625 0.6875000000000002 1 0.9984375 1
2 0.821875 0.675 0.7015625 0.675 0.7015625000000001 0.7828125000000001 0.821875 0.7828125000000001