2 0.7796875 0.4562500000000001 0.7046875 0.45625 0.7046875 0.534375 0.7796875 0.5343750000000002
2 0.3468750000000001 0.5890625 0.2687500000000001 0.5890625 0.2687500000000001 0.64375 0.3468750000000001 0.64375
2 0.12812500000000004 0.2140625 0.07656250000000002 0.2140625 0.07656250000000003 0.346875 0.12812500000000004 0.346875
2 0.21875000000000008 0.5984375 0.1515625000000001 0.5984375 0.1515625000000001 0.6421875 0.21875000000000008 0.6421875
2 0.6453125 0.2734375000000001 0.565625 0.2734375000000001 0.565625 0.3500000000000001 0.6453125 0.3500000000000001
2 0.796875 0.4968750000000002 0.740625 0.4968750000000002 0.740625 0.5515625000000002 0.796875 0.5515625000000002
2 0.703125 0.060937500000000075 0.6234375 0.06093750000000007 0.6234375 0.1359375000000001 0.703125 0.1359375000000001
2 0.30156250000000007 0.88125 0.27031250000000007 0.88125 0.27031250000000007 0.9421875 0.30156250000000007 0.9421875
2 0.07812500000000004 0.346875 0.03906250000000004 0.346875 0.03906250000000004 0.3671875 0.07812500000000004 0.3671875
2 0.253125 0.08281250000000002 0.1671875 0.08281250000000002 0.1671875 0.17031250000000003 0.253125 0.17031250000000003
2 0.9890625 0.7828125000000001 0.840625 0.7828125000000001 0.840625 0.859375 0.9890625 0.859375
2 0.3625 0.2109375 0.28125 0.2109375 0.28125 0.2796875 0.3625 0.2796875
2 0.3609375 0.13750000000000004 0.296875 0.13750000000000004 0.296875 0.2140625 0.3609375 0.2140625
2 0.559375 0.19218750000000007 0.403125 0.19218750000000004 0.403125 0.2921875000000001 0.559375 0.2921875000000001
2 0.6359375 7.1947999449907e-17 0.5390625 6.6016116516537e-17 0.5390625 0.11250000000000007 0.6359375 0.11250000000000009
2 0.8671875 0.7890625000000001 0.7203125000000001 0.7890625 0.7203125000000001 0.9234375 0.8671875 0.9234375
2 0.7500000000000002 0.88125 0.5718750000000001 0.88125 0.5718750000000001 1 0.7500000000000002 1
2 0.33437500000000003 0.3375 0.2921875 0.3375 0.29218750000000004 0.4140625 0.3343750000000001 0.4140625
2 0.3734375 0.12187500000000004 0.3421875 0.12187500000000004 0.3421875 0.16406250000000006 0.3734375 0.16406250000000006
2 0.9828125 0.7421875000000002 0.89375 0.7421875000000002 0.89375 0.8390625 0.9828125 0.8390625
2 1 0.7281250000000001 0.9203125 0.7281250000000001 0.9203125 0.8515625 1 0.8515625
2 0.3796875 0.06250000000000004 0.3234375 0.06250000000000004 0.3234375 0.12343750000000005 0.3796875 0.12343750000000005
2 0.2562500000000001 0.528125 0.11093750000000005 0.528125 0.11093750000000006 0.621875 0.2562500000000001 0.621875
2 0.6859375 0.428125 0.58125 0.428125 0.58125 0.5546875 0.6859375 0.5546875
2 0.6953125000000001 0.621875 0.3437500000000001 0.621875 0.3437500000000001 0.9875 0.6953125000000002 0.9875
2 1 0.8828125 0.7468750000000002 0.8828125 0.7468750000000002 1 1 1
2 0.2453125 0.006250000000000026 0.190625 0.006250000000000022 0.190625 0.08437500000000002 0.2453125 0.08437500000000002
2 0.9125 0.5562500000000001 0.73125 0.5562500000000001 0.7312500000000001 0.7656250000000002 0.9125 0.7656250000000002
2 0.3921875 0.023437500000000045 0.315625 0.023437500000000038 0.315625 0.08437500000000005 0.3921875 0.08437500000000005
2 0.31875 0.15156250000000004 0.225 0.15156250000000004 0.225 0.253125 0.31875 0.253125
2 0.79375 0.5468750000000001 0.7171875 0.546875 0.7171875 0.5906250000000001 0.79375 0.5906250000000002
2 0.11093750000000005 0.453125 0.07343750000000004 0.453125 0.07343750000000006 0.50625 0.11093750000000005 0.50625
2 0.8734375 0.3218750000000001 0.796875 0.3218750000000001 0.796875 0.38750000000000007 0.8734375 0.38750000000000007
2 0.2359375 0.2015625 0.17187500000000006 0.2015625 0.17187500000000006 0.303125 0.2359375 0.303125
2 0.825 0.6531250000000001 0.603125 0.653125 0.6031250000000001 0.8078125 0.825 0.8078125
2 0.7171875 0.1140625000000001 0.5765625 0.1140625000000001 0.5765625 0.3453125000000001 0.7171875 0.3453125000000001
2 0.940625 0.6609375000000002 0.85 0.6609375000000002 0.85 0.7421875000000002 0.940625 0.7421875000000002
2 0.3453125000000001 0.496875 0.20312500000000008 0.496875 0.20312500000000008 0.5890625 0.3453125000000001 0.5890625
2 0.5984375 0.3156250000000001 0.515625 0.3156250000000001 0.515625 0.440625 0.5984375 0.440625
2 0.3000000000000001 0.8609375 0.23437500000000008 0.8609375 0.23437500000000008 0.9296875 0.3000000000000001 0.9296875
2 0.9046875 0.5546875000000002 0.8375 0.5546875000000002 0.8375 0.6609375000000002 0.9046875 0.6609375000000002
2 0.3609375 0.09218750000000005 0.296875 0.09218750000000005 0.296875 0.15000000000000005 0.3609375 0.15000000000000005
2 0.509375 0.55625 0.4578125 0.55625 0.4578125 0.615625 0.509375 0.615625
2 0.36406250000000007 0.6265625 0.2828125000000001 0.6265625 0.2828125000000001 0.7484375 0.36406250000000007 0.7484375
2 0.7140625 0.4875 0.671875 0.4875 0.671875 0.565625 0.7140625 0.565625
2 0.3812500000000001 0.7296875 0.2500000000000001 0.7296875 0.2500000000000001 0.94375 0.3812500000000001 0.94375
2 0.65625 0.3421875000000001 0.5890625 0.3421875000000001 0.5890625 0.4015625 0.65625 0.4015625
2 0.275 0.2578125 0.2171875 0.2578125 0.2171875 0.30625 0.275 0.30625
2 0.49375 0.55 0.3359375000000001 0.55 0.3359375000000001 0.6734375 0.49375 0.6734375
2 0.303125 0.23125 0.2359375 0.23125 0.2359375 0.2875 0.303125 0.2875
2 0.3703125000000001 0.421875 0.2718750000000001 0.421875 0.2718750000000001 0.5125 0.3703125000000001 0.5125
2 0.2828125000000001 0.4453125 0.19375000000000003 0.4453125 0.19375000000000003 0.5390625 0.2828125000000001 0.5390625
2 0.3609375000000001 0.50625 0.3062500000000001 0.50625 0.3062500000000001 0.5671875 0.3609375000000001 0.5671875
2 0.14218750000000005 0.4265625 0.09531250000000005 0.4265625 0.09531250000000005 0.4921875 0.14218750000000005 0.4921875
2 0.12187500000000004 0.3546875 0.057812500000000044 0.3546875 0.057812500000000044 0.434375 0.12187500000000004 0.434375
2 0.7046875 0.403125 0.653125 0.403125 0.653125 0.4703125 0.7046875 0.4703125
2 0.2968750000000001 0.59375 0.20468750000000008 0.59375 0.20468750000000008 0.66875 0.2968750000000001 0.66875
2 0.2906250000000001 0.915625 0.2000000000000001 0.915625 0.2000000000000001 0.9953125 0.2906250000000001 0.9953125
2 0.2484375000000001 0.6140625 0.07031250000000007 0.6140625 0.07031250000000008 0.8265625 0.2484375000000001 0.8265625
2 0.5890625 0.525 0.465625 0.525 0.465625 0.6375 0.5890625 0.6375
2 1 0.29375000000000007 0.84375 0.29375000000000007 0.84375 0.4968750000000002 1 0.4968750000000002
2 0.7640625 0.3750000000000001 0.70625 0.3750000000000001 0.70625 0.41875000000000007 0.7640625 0.4187500000000002
2 0.17031250000000006 0.490625 0.08125000000000007 0.490625 0.08125000000000007 0.5640625 0.1703125000000001 0.5640625
2 1 0.5265625000000002 0.8828125 0.5265625000000002 0.8828125 0.6859375000000002 1 0.6859375000000002
2 0.765625 0.3359375000000001 0.71875 0.3359375000000001 0.71875 0.3765625000000001 0.765625 0.3765625000000001
2 0.903125 0.5140625000000002 0.7953125 0.5140625000000002 0.7953125 0.5718750000000001 0.903125 0.5718750000000001
2 1 1.0677389280065986e-16 0.74375 9.10831056865844e-17 0.74375 0.2968750000000001 1 0.2968750000000001
2 0.771875 0.1671875000000001 0.66875 0.1671875000000001 0.66875 0.2828125000000001 0.771875 0.2828125000000001