2 0.15625000000000006 0.4640625 0.10000000000000005 0.4640625 0.10000000000000005 0.515625 0.15625000000000006 0.515625
2 0.2796875000000001 0.4953125 0.17343750000000005 0.4953125 0.17343750000000008 0.5828125 0.2796875000000001 0.5828125
2 0.3671875000000001 0.5578125 0.3343750000000001 0.5578125 0.3343750000000001 0.584375 0.3671875000000001 0.584375
2 0.31718750000000007 0.5421875 0.27812500000000007 0.5421875 0.27812500000000007 0.5640625 0.31718750000000007 0.5640625
2 0.15000000000000005 0.4453125 0.10468750000000004 0.4453125 0.10468750000000004 0.484375 0.15000000000000005 0.484375
2 0.12656250000000013 0.9703125 0.07343750000000011 0.9703125 0.07343750000000013 1 0.12656250000000013 1
2 0.4234375 0.5078125 0.3765625000000001 0.5078125 0.3765625000000001 0.540625 0.4234375 0.540625
2 0.30156250000000007 0.9140625 0.2484375000000001 0.9140625 0.2484375000000001 1 0.30156250000000007 1
2 0.2531250000000001 0.3765625 0.17812500000000003 0.3765625 0.17812500000000003 0.453125 0.2531250000000001 0.453125
2 0.29375000000000007 0.378125 0.2718750000000001 0.378125 0.2718750000000001 0.40625 0.29375000000000007 0.40625
2 0.5796875 0.34843750000000007 0.5375 0.34843750000000007 0.5375 0.3890625000000001 0.5796875 0.3890625000000001
2 0.565625 0.3750000000000001 0.525 0.3750000000000001 0.525 0.4171875 0.565625 0.4171875
2 0.446875 0.3218750000000001 0.3921875 0.3218750000000001 0.3921875 0.3656250000000001 0.446875 0.3656250000000001
2 0.1484375000000001 0.8921875 0.0796875000000001 0.8921875 0.0796875000000001 0.95625 0.14843750000000014 0.95625
2 0.18906250000000008 0.865625 0.1515625000000001 0.865625 0.1515625000000001 0.903125 0.18906250000000008 0.903125
2 0.21875000000000008 0.9375 0.16562500000000013 0.9375 0.16562500000000013 0.9875 0.21875000000000008 0.9875
2 0.39062500000000006 0.33281250000000007 0.321875 0.3328125 0.321875 0.37812500000000004 0.3906250000000001 0.3781250000000001
2 0.2734375000000001 0.4671875 0.23437500000000008 0.4671875 0.23437500000000008 0.5203125 0.2734375000000001 0.5203125
2 0.3296875000000001 0.8921875 0.27812500000000007 0.8921875 0.27812500000000007 0.9546875 0.3296875000000001 0.9546875
2 0.07812500000000011 0.8859375 0.025000000000000112 0.8859375 0.025000000000000116 0.9625 0.07812500000000011 0.9625
2 0.3265625000000001 0.41875 0.2609375000000001 0.41875 0.2609375000000001 0.4953125 0.3265625000000001 0.4953125
2 0.465625 0.2296875000000001 0.3921875 0.2296875000000001 0.3921875 0.2953125000000001 0.465625 0.2953125000000001
2 0.3437500000000001 0.5828125 0.3109375000000001 0.5828125 0.3109375000000001 0.609375 0.3437500000000001 0.609375
2 0.35625 0.12968750000000004 0.2921875 0.12968750000000004 0.2921875 0.2078125 0.35625 0.2078125
2 0.321875 0.10000000000000005 0.228125 0.10000000000000005 0.228125 0.19843750000000004 0.321875 0.19843750000000004
2 0.2015625000000001 0.3671875 0.12187500000000004 0.3671875 0.12187500000000004 0.503125 0.2015625000000001 0.503125
2 0.2406250000000001 0.465625 0.2140625000000001 0.465625 0.2140625000000001 0.496875 0.2406250000000001 0.496875
2 0.321875 0.19843750000000004 0.246875 0.19843750000000004 0.246875 0.284375 0.321875 0.284375
2 0.15625000000000008 0.8359375 0.10000000000000009 0.8359375 0.10000000000000009 0.890625 0.15625000000000008 0.890625
2 0.740625 0.4484375000000001 0.6640625 0.4484375 0.6640625 0.5046875000000001 0.740625 0.5046875000000002
2 0.36406250000000007 0.4421875 0.3140625000000001 0.4421875 0.3140625000000001 0.5109375 0.36406250000000007 0.5109375
2 0.21875000000000008 0.7828125 0.1531250000000001 0.7828125 0.1531250000000001 0.8609375 0.21875000000000008 0.8609375
2 0.4437500000000001 0.628125 0.3703125000000001 0.628125 0.3703125000000001 0.7515625 0.4437500000000002 0.7515625
2 0.3515625000000001 0.609375 0.29375000000000007 0.609375 0.29375000000000007 0.6609375 0.3515625000000001 0.6609375
2 0.44843750000000016 0.9078125 0.4109375000000002 0.9078125 0.4109375000000002 0.946875 0.44843750000000016 0.946875
2 0.4046875 0.24687500000000004 0.3328125 0.246875 0.3328125 0.30000000000000004 0.4046875 0.3000000000000001
2 0.2750000000000001 0.6625 0.2234375000000001 0.6625 0.2234375000000001 0.7203125 0.2750000000000001 0.7203125
2 0.24531250000000004 0.340625 0.20625 0.340625 0.20625000000000004 0.390625 0.2453125000000001 0.390625
2 0.2234375 0.06406250000000002 0.1796875 0.06406250000000002 0.1796875 0.11562500000000002 0.2234375 0.11562500000000005
2 0.4890625000000002 0.7375 0.4578125000000002 0.7375 0.4578125000000002 0.7640625 0.4890625000000002 0.7640625
2 0.4078125 0.10781250000000005 0.3578125 0.10781250000000005 0.3578125 0.13750000000000004 0.4078125 0.13750000000000004
2 0.2484375 0.12343750000000005 0.1984375 0.12343750000000005 0.1984375 0.15625000000000006 0.2484375 0.15625000000000006
2 0.3078125 0.2609375 0.2359375 0.2609375 0.2359375 0.334375 0.3078125 0.334375
2 0.3375000000000001 0.5078125 0.2953125000000001 0.5078125 0.2953125000000001 0.5453125 0.3375000000000001 0.5453125
2 0.3343750000000001 0.55625 0.3125000000000001 0.55625 0.3125000000000001 0.5828125 0.3343750000000001 0.5828125
2 0.1984375000000001 0.678125 0.11093750000000009 0.678125 0.11093750000000009 0.8359375 0.1984375000000001 0.8359375
2 0.3437500000000001 0.4140625 0.2812500000000001 0.4140625 0.2812500000000001 0.475 0.3437500000000001 0.475
2 0.12500000000000008 0.865625 0.08125000000000011 0.865625 0.08125000000000011 0.90625 0.12500000000000008 0.90625
2 0.21093750000000008 0.8609375 0.1781250000000001 0.8609375 0.1781250000000001 0.8921875 0.21093750000000008 0.8921875
2 0.240625 0.253125 0.209375 0.253125 0.209375 0.321875 0.240625 0.321875
2 0.796875 0.5156250000000002 0.7484375 0.5156250000000002 0.7484375 0.5656250000000002 0.796875 0.5656250000000002
2 0.553125 0.3046875000000001 0.465625 0.3046875000000001 0.465625 0.4109375 0.553125 0.4109375
2 0.20625 0.15000000000000002 0.1640625 0.15 0.16406250000000003 0.184375 0.20625 0.18437500000000004
2 0.828125 0.4468750000000002 0.75625 0.4468750000000002 0.75625 0.5125000000000002 0.828125 0.5125000000000002
2 0.16093750000000007 0.5265625 0.10781250000000005 0.5265625 0.10781250000000006 0.5875 0.1609375000000001 0.5875
2 0.35625 0.3203125 0.3296875 0.3203125 0.3296875 0.3390625 0.35625 0.3390625
2 0.3687500000000001 0.6515625 0.3234375000000001 0.6515625 0.3234375000000001 0.6796875 0.3687500000000001 0.6796875
2 0.4015625 0.48125 0.3453125000000001 0.48125 0.3453125000000001 0.5171875 0.4015625 0.5171875
2 0.11250000000000009 0.7203125 0.020312500000000087 0.7203125 0.020312500000000098 0.8453125 0.11250000000000009 0.8453125
2 0.35625 0.26875 0.2953125 0.26875 0.2953125 0.3265625 0.35625 0.3265625
2 0.75 0.4687500000000001 0.709375 0.46875 0.709375 0.5171875000000001 0.75 0.5171875000000001
2 0.2734375000000001 0.3671875 0.2406250000000001 0.3671875 0.2406250000000001 0.4 0.2734375000000001 0.4
2 0.37187500000000007 0.8375 0.3296875000000001 0.8375 0.3296875000000001 0.8625 0.37187500000000007 0.8625
2 0.534375 0.2796875000000001 0.4453125 0.2796875000000001 0.4453125 0.3843750000000001 0.534375 0.3843750000000001
2 0.36406250000000007 0.8046875 0.30937500000000007 0.8046875 0.30937500000000007 0.8328125 0.36406250000000007 0.8328125
2 0.496875 0.0031250000000000583 0.453125 0.0031250000000000557 0.453125 0.060937500000000054 0.496875 0.06093750000000007
2 0.671875 0.6359375 0.6203125 0.6359375 0.6203125 0.678125 0.671875 0.678125
2 0.546875 0.017187500000000064 0.5 0.01718750000000006 0.5 0.06718750000000007 0.546875 0.06718750000000007
2 0.584375 0.3062500000000001 0.5359375 0.3062500000000001 0.5359375 0.3609375000000001 0.584375 0.3609375000000001
2 0.24375000000000008 0.6109375 0.14843750000000008 0.6109375 0.14843750000000008 0.6765625 0.24375000000000008 0.6765625
2 0.1437500000000001 0.675 0.05468750000000009 0.675 0.05468750000000009 0.7765625 0.1437500000000001 0.7765625
2 0.4203125000000002 0.7453125 0.3890625000000001 0.7453125 0.3890625000000001 0.7734375 0.4203125000000002 0.7734375
2 0.45781250000000007 0.7203125 0.425 0.7203125 0.4250000000000001 0.75 0.4578125000000002 0.75
2 0.403125 0.0015625000000000448 0.328125 0.0015625000000000402 0.328125 0.06093750000000005 0.403125 0.06093750000000005
2 0.3296875000000001 0.3859375 0.2921875000000001 0.3859375 0.2921875000000001 0.4203125 0.3296875000000001 0.4203125
2 0.7140625 0.509375 0.6421875 0.509375 0.6421875 0.590625 0.7140625 0.590625
2 0.08593750000000012 0.9453125 1.1576739273189822e-16 0.9453125 1.1911603632331678e-16 1 0.08593750000000014 1
2 0.3906250000000001 0.5734375 0.3625000000000001 0.5734375 0.3625000000000001 0.6140625 0.3906250000000001 0.6140625
2 0.4671875 0.6296875 0.403125 0.6296875 0.403125 0.721875 0.4671875 0.721875
2 0.1609375000000001 0.6 0.10156250000000008 0.6 0.10156250000000008 0.671875 0.1609375000000001 0.671875
2 0.2484375000000001 0.6984375 0.18125000000000008 0.6984375 0.18125000000000008 0.7578125 0.2484375000000001 0.7578125