2 0.12500000000000006 0.4828125 0.07031250000000007 0.4828125 0.07031250000000007 0.53125 0.12500000000000006 0.53125
2 0.24218750000000008 0.5109375 0.14062500000000006 0.5109375 0.14062500000000006 0.5953125 0.24218750000000008 0.5953125
2 0.3265625000000001 0.571875 0.2953125000000001 0.571875 0.2953125000000001 0.596875 0.3265625000000001 0.596875
2 0.2796875000000001 0.55625 0.24218750000000008 0.55625 0.24218750000000008 0.5765625 0.2796875000000001 0.5765625
2 0.11718750000000004 0.4625 0.07500000000000007 0.4625 0.07500000000000007 0.5 0.11718750000000004 0.5
2 0.09843750000000012 0.9671875 0.04375000000000012 0.9671875 0.04375000000000012 1 0.09843750000000014 1
2 0.3812500000000001 0.5234375 0.3359375000000001 0.5234375 0.3359375000000001 0.5546875 0.3812500000000001 0.5546875
2 0.2640625000000001 0.9125 0.21250000000000008 0.9125 0.21250000000000008 1 0.2640625000000001 1
2 0.2171875000000001 0.396875 0.14531250000000004 0.396875 0.14531250000000004 0.4703125 0.2171875000000001 0.4703125
2 0.471875 5.587451021109799e-17 0.440625 5.3960999587430256e-17 0.440625 0.04062500000000006 0.471875 0.04062500000000006
2 0.2562500000000001 0.3984375 0.23437500000000008 0.3984375 0.23437500000000008 0.4265625 0.2562500000000001 0.4265625
2 0.53125 0.3703125000000001 0.490625 0.3703125000000001 0.490625 0.409375 0.53125 0.409375
2 0.51875 0.39531250000000007 0.4796875 0.39531250000000007 0.4796875 0.4359375 0.51875 0.4359375
2 0.4046875 0.3453125 0.3515625 0.3453125 0.35156250000000006 0.38750000000000007 0.4046875 0.38750000000000007
2 0.11718750000000011 0.8921875 0.050000000000000114 0.8921875 0.050000000000000114 0.9546875 0.11718750000000014 0.9546875
2 0.1546875000000001 0.8671875 0.11875000000000009 0.8671875 0.11875000000000009 0.903125 0.1546875000000001 0.903125
2 0.18437500000000012 0.9359375 0.13281250000000014 0.9359375 0.13281250000000014 0.984375 0.18437500000000012 0.984375
2 0.35000000000000003 0.35625 0.284375 0.35625 0.28437500000000004 0.4 0.3500000000000001 0.4
2 0.23593750000000008 0.484375 0.19843750000000004 0.484375 0.19843750000000004 0.534375 0.23593750000000008 0.534375
2 0.2906250000000001 0.8921875 0.2406250000000001 0.8921875 0.2406250000000001 0.953125 0.2906250000000001 0.953125
2 0.04843750000000012 0.8859375 1.0849605236196083e-16 0.8859375 1.130884778587634e-16 0.9609375 0.04843750000000012 0.9609375
2 0.2875000000000001 0.4375 0.2234375000000001 0.4375 0.2234375000000001 0.5109375 0.2875000000000001 0.5109375
2 0.421875 0.25625000000000003 0.3515625 0.25625 0.3515625 0.31875000000000003 0.421875 0.3187500000000001
2 0.3046875000000001 0.5953125 0.2734375000000001 0.5953125 0.2734375000000001 0.6203125 0.3046875000000001 0.6203125
2 0.315625 0.16093750000000004 0.2546875 0.16093750000000004 0.2546875 0.2359375 0.315625 0.2359375
2 0.284375 0.13125000000000003 0.19375 0.13125000000000003 0.19375000000000003 0.2265625 0.284375 0.2265625
2 0.16718750000000004 0.3875 0.09062500000000004 0.3875 0.09062500000000005 0.51875 0.16718750000000004 0.51875
2 0.20468750000000008 0.4828125 0.17968750000000006 0.4828125 0.17968750000000006 0.5125 0.20468750000000008 0.5125
2 0.2828125 0.2265625 0.2109375 0.2265625 0.2109375 0.309375 0.2828125 0.309375
2 0.12500000000000008 0.8375 0.07031250000000011 0.8375 0.07031250000000011 0.890625 0.12500000000000008 0.890625
2 0.6859375 0.4671875 0.6125 0.4671875 0.6125 0.5203125 0.6859375 0.5203125
2 0.32500000000000007 0.459375 0.2765625000000001 0.459375 0.2765625000000001 0.525 0.32500000000000007 0.525
2 0.1843750000000001 0.7875 0.1218750000000001 0.7875 0.1218750000000001 0.8625 0.1843750000000001 0.8625
2 0.4000000000000001 0.6390625 0.3296875000000001 0.6390625 0.3296875000000001 0.7578125 0.4000000000000002 0.7578125
2 0.3125000000000001 0.6203125 0.2562500000000001 0.6203125 0.2562500000000001 0.6703125 0.3125000000000001 0.6703125
2 0.40625000000000017 0.9078125 0.3687500000000001 0.9078125 0.3687500000000001 0.9453125 0.40625000000000017 0.9453125
2 0.3625 0.271875 0.29375 0.271875 0.29375 0.3234375 0.3625 0.3234375
2 0.2390625000000001 0.671875 0.18906250000000008 0.671875 0.18906250000000008 0.728125 0.2390625000000001 0.728125
2 0.20937500000000003 0.3625 0.17187500000000006 0.3625 0.17187500000000006 0.4109375 0.2093750000000001 0.4109375
2 0.1890625 0.09687500000000002 0.146875 0.09687500000000002 0.146875 0.14687500000000003 0.1890625 0.14687500000000003
2 0.4437500000000002 0.74375 0.41406250000000017 0.74375 0.41406250000000017 0.7703125 0.4437500000000002 0.7703125
2 0.365625 0.13906250000000003 0.31875 0.13906250000000003 0.31875 0.16718750000000004 0.365625 0.16718750000000004
2 0.2125 0.15468750000000003 0.1640625 0.1546875 0.16406250000000003 0.18593750000000003 0.2125 0.18593750000000003
2 0.271875 0.2859375 0.2015625 0.2859375 0.2015625 0.35625 0.271875 0.35625
2 0.2984375000000001 0.5234375 0.2578125000000001 0.5234375 0.2578125000000001 0.559375 0.2984375000000001 0.559375
2 0.2953125000000001 0.56875 0.2734375000000001 0.56875 0.2734375000000001 0.5953125 0.2953125000000001 0.5953125
2 0.16562500000000008 0.6875 0.08125000000000009 0.6875 0.0812500000000001 0.8390625 0.16562500000000008 0.8390625
2 0.3046875000000001 0.4328125 0.2453125000000001 0.4328125 0.2453125000000001 0.490625 0.3046875000000001 0.490625
2 0.09375000000000011 0.8671875 0.05156250000000011 0.8671875 0.05156250000000011 0.90625 0.09375000000000011 0.90625
2 0.1765625000000001 0.8640625 0.1453125000000001 0.8640625 0.1453125000000001 0.89375 0.1765625000000001 0.89375
2 0.2046875 0.2796875 0.17500000000000004 0.2796875 0.17500000000000004 0.3453125 0.2046875 0.3453125
2 0.740625 0.5312500000000001 0.69375 0.53125 0.69375 0.5796875000000001 0.740625 0.5796875000000001
2 0.5046875 0.3281250000000001 0.421875 0.3281250000000001 0.421875 0.43125 0.5046875 0.43125
2 0.17187500000000003 0.1796875 0.13125 0.1796875 0.13125000000000003 0.2125 0.17187500000000006 0.2125
2 0.7703125 0.4640625000000001 0.7015625 0.4640625 0.7015625 0.5265625 0.7703125 0.5265625000000002
2 0.12812500000000007 0.5421875 0.07656250000000006 0.5421875 0.07656250000000006 0.6 0.1281250000000001 0.6
2 0.315625 0.3421875 0.290625 0.3421875 0.290625 0.3609375 0.315625 0.3609375
2 0.3281250000000001 0.6609375 0.2843750000000001 0.6609375 0.2843750000000001 0.6875 0.3281250000000001 0.6875
2 0.3593750000000001 0.4984375 0.3062500000000001 0.4984375 0.3062500000000001 0.5328125 0.3593750000000001 0.5328125
2 0.0828125000000001 0.7265625 8.897824400054988e-17 0.7265625 9.634525990167068e-17 0.846875 0.08281250000000011 0.846875
2 0.315625 0.2953125 0.25625 0.2953125 0.25625 0.35 0.315625 0.35
2 0.6953125 0.4859375 0.65625 0.4859375 0.65625 0.5328125 0.6953125 0.5328125
2 0.23593750000000008 0.3875 0.20468750000000008 0.3875 0.20468750000000008 0.41875 0.23593750000000008 0.41875
2 0.33281250000000007 0.840625 0.2921875000000001 0.840625 0.2921875000000001 0.865625 0.33281250000000007 0.865625
2 0.4875 0.3046875000000001 0.4015625 0.3046875000000001 0.4015625 0.4046875 0.4875 0.4046875
2 0.3234375000000001 0.8078125 0.2718750000000001 0.8078125 0.2718750000000001 0.834375 0.3234375000000001 0.834375
2 0.4515625 0.037500000000000054 0.409375 0.037500000000000054 0.409375 0.09218750000000005 0.4515625 0.09218750000000005
2 0.6203125 0.646875 0.5703125 0.646875 0.5703125 0.6875 0.6203125 0.6875
2 0.5 0.05156250000000007 0.4546875 0.05156250000000007 0.4546875 0.10000000000000005 0.5 0.10000000000000005
2 0.5359375 0.3296875000000001 0.4890625 0.3296875000000001 0.4890625 0.3828125000000001 0.5359375 0.3828125000000001
2 0.2078125000000001 0.6234375 0.11562500000000009 0.6234375 0.11562500000000009 0.6859375 0.2078125000000001 0.6859375
2 0.11250000000000009 0.684375 0.02656250000000009 0.684375 0.026562500000000093 0.78125 0.11250000000000009 0.78125
2 0.3781250000000001 0.7515625 0.34843750000000007 0.7515625 0.34843750000000007 0.778125 0.3781250000000001 0.778125
2 0.41406250000000017 0.728125 0.3828125000000001 0.728125 0.3828125000000001 0.75625 0.41406250000000017 0.75625
2 0.3609375 0.03750000000000004 0.2890625 0.03750000000000003 0.2890625 0.09531250000000005 0.3609375 0.09531250000000005
2 0.2906250000000001 0.40625 0.25468750000000007 0.40625 0.25468750000000007 0.4390625 0.2906250000000001 0.4390625
2 0.659375 0.525 0.590625 0.525 0.590625 0.603125 0.659375 0.603125
2 0.05781250000000012 0.9453125 1.1576739273189822e-16 0.9453125 1.1911603632331678e-16 1 0.057812500000000135 1
2 0.3500000000000001 0.5859375 0.3234375000000001 0.5859375 0.3234375000000001 0.625 0.3500000000000001 0.625
2 0.4234375000000001 0.640625 0.3625000000000001 0.640625 0.3625000000000001 0.7296875 0.4234375000000002 0.7296875
2 0.1281250000000001 0.6125 0.07187500000000006 0.6125 0.07187500000000008 0.68125 0.1281250000000001 0.68125
2 0.21250000000000008 0.70625 0.14843750000000008 0.70625 0.14843750000000008 0.7640625 0.21250000000000008 0.7640625