2 0.5109375 0.08593750000000007 0.4625 0.08593750000000007 0.4625 0.13906250000000003 0.5109375 0.13906250000000003
2 0.48125 0.15468750000000003 0.3984375 0.15468750000000003 0.3984375 0.25468750000000007 0.48125 0.25468750000000007
2 0.4234375 0.3062500000000001 0.3984375 0.3062500000000001 0.3984375 0.3375000000000001 0.4234375 0.3375000000000001
2 0.4375 0.25468750000000007 0.4171875 0.25468750000000007 0.4171875 0.2906250000000001 0.4375 0.2906250000000001
2 0.5296875 0.09062500000000007 0.4921875 0.09062500000000007 0.4921875 0.13281250000000006 0.5296875 0.13281250000000006
2 0.03437500000000001 0.0578125 7.079989307570636e-18 0.0578125 1.0524308430172567e-17 0.1140625 0.03437500000000001 0.1140625
2 0.46875 0.3453125000000001 0.4375 0.3453125000000001 0.4375 0.3906250000000001 0.46875 0.3906250000000001
2 0.08750000000000004 0.225 2.7554552980815448e-17 0.225 3.061616997868383e-17 0.275 0.08750000000000005 0.275
2 0.59375 0.15937500000000007 0.521875 0.15937500000000004 0.521875 0.2296875000000001 0.59375 0.2296875000000001
2 0.9828125 0.44843750000000016 0.9421875 0.44843750000000016 0.9421875 0.4781250000000002 0.9828125 0.4781250000000002
2 0.5921875 0.2468750000000001 0.565625 0.2468750000000001 0.565625 0.2671875000000001 0.5921875 0.2671875000000001
2 0.61875 0.4984375 0.5796875 0.4984375 0.5796875 0.5375 0.61875 0.5375
2 0.5953125 0.4859375 0.5546875 0.4859375 0.5546875 0.5234375 0.5953125 0.5234375
2 0.64375 0.3609375000000001 0.603125 0.3609375000000001 0.603125 0.4125 0.64375 0.4125
2 0.1078125 0.06718750000000001 0.046875000000000014 0.0671875 0.046875000000000014 0.1328125 0.1078125 0.1328125
2 0.134375 0.1328125 0.09843750000000002 0.1328125 0.09843750000000002 0.16875 0.134375 0.16875
2 0.06406250000000002 0.146875 0.017187500000000015 0.146875 0.01718750000000002 0.196875 0.06406250000000002 0.196875
2 0.634375 0.2953125000000001 0.590625 0.2953125000000001 0.590625 0.3609375000000001 0.634375 0.3609375000000001
2 0.5078125 0.21250000000000008 0.4578125 0.21250000000000008 0.4578125 0.2484375000000001 0.5078125 0.2484375000000001
2 0.10781250000000005 0.253125 0.048437500000000036 0.253125 0.048437500000000036 0.3015625 0.10781250000000005 0.3015625
2 0.1140625 0.01406250000000001 0.040625 0.014062500000000006 0.04062500000000001 0.06406250000000001 0.1140625 0.06406250000000002
2 0.553125 0.23593750000000008 0.48125 0.23593750000000008 0.48125 0.2984375000000001 0.553125 0.2984375000000001
2 0.73125 0.3609375000000001 0.6703125 0.3609375000000001 0.6703125 0.4296875000000001 0.73125 0.42968750000000017
2 1 0.47968750000000016 0.975 0.47968750000000016 0.975 0.5031250000000002 1 0.5031250000000002
2 0.3984375 0.2843750000000001 0.3734375 0.2843750000000001 0.3734375 0.3140625000000001 0.3984375 0.3140625000000001
2 0.825 0.2671875000000001 0.7515625 0.2671875000000001 0.7515625 0.3265625000000001 0.825 0.3265625000000001
2 0.853125 0.2062500000000001 0.759375 0.2062500000000001 0.759375 0.2953125000000001 0.853125 0.2953125000000001
2 0.6015625 0.10625000000000007 0.4734375 0.10625000000000004 0.4734375 0.18125000000000008 0.6015625 0.18125000000000008
2 0.509375 0.19218750000000004 0.4796875 0.19218750000000004 0.4796875 0.2171875000000001 0.509375 0.2171875000000001
2 0.7609375 0.2234375000000001 0.6796875 0.2234375000000001 0.6796875 0.29375000000000007 0.7609375 0.29375000000000007
2 0.1609375 0.08593750000000003 0.109375 0.08593750000000003 0.109375 0.1390625 0.1609375 0.1390625
2 0.525 0.615625 0.471875 0.615625 0.471875 0.6875 0.525 0.6875
2 0.53125 0.2875000000000001 0.4671875 0.2875000000000001 0.4671875 0.3343750000000001 0.53125 0.3343750000000001
2 0.2109375 0.13593750000000002 0.1375 0.1359375 0.1375 0.19843750000000002 0.2109375 0.19843750000000004
2 0.35625000000000007 0.3390625 0.240625 0.3390625 0.24062500000000003 0.4078125 0.35625000000000007 0.4078125
2 0.3734375 0.2671875 0.325 0.2671875 0.325 0.321875 0.3734375 0.3218750000000001
2 0.09375000000000004 0.378125 0.05625000000000004 0.378125 0.05625000000000004 0.4140625 0.09375000000000004 0.4140625
2 0.715625 0.3046875000000001 0.665625 0.3046875000000001 0.665625 0.37187500000000007 0.715625 0.37187500000000007
2 0.3234375 0.2015625 0.26875 0.2015625 0.26875 0.25 0.3234375 0.25
2 0.6265625 0.1859375000000001 0.5796875 0.1859375000000001 0.5796875 0.2218750000000001 0.6265625 0.2218750000000001
2 0.8875 0.1593750000000001 0.8390625 0.1593750000000001 0.8390625 0.2015625000000001 0.8875 0.2015625000000001
2 0.2531250000000001 0.4234375 0.22812500000000008 0.4234375 0.22812500000000008 0.453125 0.2531250000000001 0.453125
2 0.846875 0.3281250000000001 0.81875 0.3281250000000001 0.81875 0.3750000000000001 0.846875 0.3750000000000001
2 0.83125 0.1781250000000001 0.8015625 0.1781250000000001 0.8015625 0.2250000000000001 0.83125 0.2250000000000001
2 0.7015625 0.2140625000000001 0.6328125 0.2140625000000001 0.6328125 0.2828125000000001 0.7015625 0.2828125000000001
2 0.4703125 0.2687500000000001 0.434375 0.2687500000000001 0.434375 0.3078125000000001 0.4703125 0.3078125000000001
2 0.4234375 0.28593750000000007 0.3984375 0.28593750000000007 0.3984375 0.3078125000000001 0.4234375 0.3078125000000001
2 0.309375 0.09687500000000003 0.1609375 0.09687500000000002 0.1609375 0.17812500000000003 0.309375 0.17812500000000003
2 0.5578125 0.2578125000000001 0.5 0.2578125000000001 0.5 0.3156250000000001 0.5578125 0.3156250000000001
2 0.1328125 0.06718750000000002 0.0953125 0.06718750000000002 0.09531250000000001 0.109375 0.1328125 0.109375
2 0.1375 0.1609375 0.1078125 0.1609375 0.10781250000000002 0.190625 0.13750000000000004 0.190625
2 0.709375 0.18750000000000008 0.6453125 0.18750000000000008 0.6453125 0.2171875000000001 0.709375 0.2171875000000001
2 0.4625000000000001 0.696875 0.415625 0.696875 0.4156250000000001 0.7421875 0.4625000000000002 0.7421875
2 0.6609375 0.4296875 0.5609375 0.4296875 0.5609375 0.5109375 0.6609375 0.5109375
2 0.80625 0.1453125000000001 0.7734375 0.1453125000000001 0.7734375 0.1843750000000001 0.80625 0.1843750000000001
2 0.5265625 0.703125 0.465625 0.703125 0.46562500000000007 0.7703125 0.5265625000000002 0.7703125
2 0.4515625 0.09218750000000005 0.39375 0.09218750000000005 0.39375 0.14218750000000005 0.4515625 0.14218750000000005
2 0.646875 0.30156250000000007 0.628125 0.30156250000000007 0.628125 0.3265625000000001 0.646875 0.3265625000000001
2 0.334375 0.296875 0.3078125 0.296875 0.3078125 0.3390625 0.334375 0.3390625
2 0.49375 0.31718750000000007 0.459375 0.31718750000000007 0.459375 0.3687500000000001 0.49375 0.3687500000000001
2 0.2703125 0.010937500000000027 0.153125 0.01093750000000002 0.153125 0.09843750000000002 0.2703125 0.09843750000000002
2 0.69375 0.2687500000000001 0.6390625 0.2687500000000001 0.6390625 0.3265625000000001 0.69375 0.3265625000000001
2 0.50625 0.659375 0.4609375 0.659375 0.4609375 0.696875 0.50625 0.696875
2 0.6015625 0.2171875000000001 0.5703125 0.2171875000000001 0.5703125 0.2484375000000001 0.6015625 0.2484375000000001
2 0.15937500000000004 0.3015625 0.13593750000000004 0.3015625 0.13593750000000004 0.3421875 0.15937500000000004 0.3421875
2 0.684375 0.4109375 0.5859375 0.4109375 0.5859375 0.4953125 0.684375 0.4953125
2 0.19062500000000004 0.2828125 0.16406250000000006 0.2828125 0.16406250000000006 0.334375 0.19062500000000004 0.334375
2 0.9453125 0.41718750000000016 0.890625 0.41718750000000016 0.890625 0.4593750000000002 0.9453125 0.4593750000000002
2 0.34843750000000007 0.5765625 0.30937500000000007 0.5765625 0.30937500000000007 0.625 0.34843750000000007 0.625
2 0.93125 0.4625000000000002 0.884375 0.4625000000000002 0.884375 0.5062500000000002 0.93125 0.5062500000000002
2 0.659375 0.4953125 0.6078125 0.4953125 0.6078125 0.5421875 0.659375 0.5421875
2 0.371875 0.13125000000000003 0.3109375 0.13125000000000003 0.3109375 0.22031250000000005 0.371875 0.22031250000000008
2 0.3125 0.043750000000000025 0.2171875 0.043750000000000025 0.2171875 0.12812500000000004 0.3125 0.12812500000000004
2 0.24531250000000004 0.3578125 0.21875 0.3578125 0.21875000000000006 0.3859375 0.2453125000000001 0.3859375
2 0.2687500000000001 0.3921875 0.2406250000000001 0.3921875 0.2406250000000001 0.421875 0.2687500000000001 0.421875
2 0.9453125 0.3000000000000001 0.8890625 0.3000000000000001 0.8890625 0.3703125000000001 0.9453125 0.3703125000000001
2 0.584375 0.2671875000000001 0.5515625 0.2671875000000001 0.5515625 0.30156250000000007 0.584375 0.30156250000000007
2 0.46875 0.5953125 0.3921875000000001 0.5953125 0.3921875000000001 0.6625 0.46875 0.6625
2 0.0578125 3.539994653785318e-18 0 0 4.496749965619187e-18 0.0734375 0.0578125 0.0734375
2 0.4078125 0.33281250000000007 0.3703125 0.33281250000000007 0.3703125 0.3593750000000001 0.4078125 0.3593750000000001
2 0.3546875000000001 0.371875 0.2671875000000001 0.371875 0.2671875000000001 0.43125 0.3546875000000001 0.43125
2 0.3828125 0.08750000000000005 0.315625 0.08750000000000005 0.315625 0.14375000000000004 0.3828125 0.14375000000000004
2 0.290625 0.16250000000000003 0.234375 0.16250000000000003 0.234375 0.225 0.290625 0.225