2 1 0.0812500000000001 0.6140625 0.08125000000000007 0.6140625 0.44218750000000007 1 0.4421875000000002
2 0.10000000000000012 0.875 1.0715659492539341e-16 0.875 1.1481063742006435e-16 1 0.10000000000000013 1
2 0.2046875 0.303125 0.13593750000000004 0.303125 0.13593750000000004 0.35625 0.2046875 0.35625
2 0.03437500000000007 0.5703125 6.984313776387249e-17 0.5703125 7.577502069724248e-17 0.6671875 0.03437500000000008 0.6671875
2 0.3765625000000001 0.61875 0.1921875000000001 0.61875 0.1921875000000001 0.7234375 0.3765625000000001 0.7234375
2 0.44375 0.37343750000000003 0.2812500000000001 0.3734375 0.2812500000000001 0.478125 0.44375 0.478125
2 0.625 0.29375000000000007 0.5765625 0.29375000000000007 0.5765625 0.3421875000000001 0.625 0.3421875000000001
2 0.34218750000000003 0.309375 0.284375 0.309375 0.28437500000000004 0.3765625 0.3421875000000001 0.3765625
2 0.5671875 0.3390625000000001 0.4609375 0.3390625000000001 0.4609375 0.4625 0.5671875 0.4625
2 0.18125000000000008 0.4 4.898587196589413e-17 0.4 6.266747292511846e-17 0.6234375 0.18125000000000008 0.6234375
2 0.9640625 0.050000000000000114 0.8828125 0.050000000000000114 0.8828125 0.11718750000000011 0.9640625 0.11718750000000014
2 0.15468750000000003 0.3375 0.08750000000000005 0.3375 0.08750000000000005 0.415625 0.15468750000000003 0.415625
2 0.3781250000000001 0.6703125 0.13281250000000008 0.6703125 0.1328125000000001 0.921875 0.3781250000000001 0.921875
2 0.74375 0.3187500000000001 0.5875 0.3187500000000001 0.5875 0.4312500000000001 0.74375 0.4312500000000002
2 0.490625 0.3125000000000001 0.4265625 0.3125000000000001 0.4265625 0.3812500000000001 0.490625 0.3812500000000001
2 0.3609375000000001 0.496875 0.3000000000000001 0.496875 0.3000000000000001 0.5796875 0.3609375000000001 0.5796875
2 0.08906250000000004 0.3578125 0.035937500000000046 0.3578125 0.03593750000000005 0.4109375 0.08906250000000004 0.4109375
2 0.4203125000000002 0.8671875 0.2828125000000001 0.8671875 0.2828125000000001 1 0.4203125000000002 1
2 0.6921875 0.5015625 0.6328125 0.5015625 0.6328125 0.54375 0.6921875 0.54375
2 0.5937500000000001 0.6421875 0.403125 0.6421875 0.40312500000000007 0.884375 0.5937500000000002 0.884375
2 0.565625 0.06250000000000007 0.5109375 0.06250000000000007 0.5109375 0.14687500000000006 0.565625 0.1468750000000001
2 0.12187500000000004 0.3359375 0.07968750000000005 0.3359375 0.07968750000000005 0.375 0.12187500000000004 0.375
2 0.2921875000000001 0.51875 0.2140625000000001 0.51875 0.2140625000000001 0.61875 0.2921875000000001 0.61875
2 0.2171875000000001 0.8875 0.0875000000000001 0.8875 0.08750000000000012 1 0.2171875000000001 1
2 0.4640625 0.5421875 0.3437500000000001 0.5421875 0.3437500000000001 0.653125 0.4640625 0.653125
2 0.7734375 0.5453125000000001 0.6453125 0.5453125 0.6453125 0.7031250000000001 0.7734375 0.7031250000000002
2 0.4703125 0.14843750000000006 0.3671875 0.14843750000000006 0.3671875 0.26250000000000007 0.4703125 0.26250000000000007
2 0.3500000000000001 0.4140625 0.2531250000000001 0.4140625 0.2531250000000001 0.496875 0.3500000000000001 0.496875
2 0.6 0.5015625 0.465625 0.5015625 0.465625 0.640625 0.6 0.640625
2 0.4046875 0.28593750000000007 0.371875 0.28593750000000007 0.371875 0.3468750000000001 0.4046875 0.3468750000000001
2 1 0.6484375000000001 0.509375 0.6484375 0.5093750000000001 1 1 1
2 0.1593750000000001 0.6125 7.500961644777538e-17 0.6125 9.25182386543352e-17 0.8984375 0.1593750000000001 0.8984375
2 0.3140625 0.3234375 0.19843750000000004 0.3234375 0.19843750000000004 0.403125 0.3140625000000001 0.403125
2 0.421875 0.459375 0.3453125000000001 0.459375 0.3453125000000001 0.55 0.421875 0.55
2 0.590625 0.4453125 0.5265625 0.4453125 0.5265625 0.5046875 0.590625 0.5046875
2 0.571875 0.2515625000000001 0.51875 0.2515625000000001 0.51875 0.3000000000000001 0.571875 0.3000000000000001
2 0.5 0.054687500000000056 0.428125 0.05468750000000004 0.428125 0.13437500000000005 0.5 0.13437500000000005
2 0.21875000000000008 0.4078125 0.16718750000000004 0.4078125 0.16718750000000004 0.471875 0.21875000000000008 0.471875
2 0.4765625 0.2500000000000001 0.4109375 0.2500000000000001 0.4109375 0.2921875000000001 0.4765625 0.2921875000000001
2 0.4734375 0.4140625 0.4203125 0.4140625 0.4203125 0.5265625 0.4734375 0.5265625
2 1 0.4046875000000002 0.784375 0.4046875000000002 0.784375 0.6640625000000002 1 0.6640625000000002
2 0.6359375 0.07812500000000008 0.56875 0.07812500000000007 0.56875 0.1390625000000001 0.6359375 0.1390625000000001