2 0.3937500000000001 0.5859375 7.175664838754022e-17 0.5859375 9.481445140273649e-17 0.9625 0.3937500000000001 0.9625
2 1 1.1815928101148291e-16 0.9296875 1.1385388210823048e-16 0.9296875 0.12656250000000013 1 0.12656250000000013
2 0.89375 0.6750000000000002 0.821875 0.6750000000000002 0.821875 0.7296875000000002 0.89375 0.7296875000000002
2 0.834375 0.2921875000000001 0.6421875 0.2921875000000001 0.6421875 0.4015625000000001 0.834375 0.40156250000000016
2 0.740625 0.5484375000000001 0.571875 0.5484375 0.571875 0.6562500000000001 0.740625 0.6562500000000002
2 0.43437500000000007 0.690625 0.3828125000000001 0.690625 0.3828125000000001 0.740625 0.4343750000000002 0.740625
2 0.7390625 0.6531250000000001 0.678125 0.653125 0.678125 0.7234375000000001 0.7390625 0.7234375000000002
2 0.553125 0.5640625 0.4421875 0.5640625 0.4421875 0.6921875 0.553125 0.6921875
2 1 0.3968750000000001 0.8453125 0.3968750000000001 0.8453125 0.6296875000000002 1 0.6296875000000002
2 0.11406250000000014 0.925 0.02812500000000011 0.925 0.028125000000000115 0.9953125 0.11406250000000014 0.9953125
2 0.94375 0.6140625000000002 0.8734375 0.6140625000000002 0.8734375 0.6953125000000002 0.94375 0.6953125000000002
2 0.896875 0.0843750000000001 0.640625 0.08437500000000009 0.640625 0.3468750000000001 0.896875 0.3468750000000001
2 0.4234375 0.596875 0.2593750000000001 0.596875 0.2593750000000001 0.7140625 0.4234375 0.7140625
2 0.5890625 0.6484375 0.5234375 0.6484375 0.5234375 0.7203125 0.5890625 0.7203125
2 0.721875 0.4421875 0.659375 0.4421875 0.659375 0.5296875 0.721875 0.5296875
2 0.996875 0.6187500000000001 0.9421875 0.6187500000000001 0.9421875 0.6734375000000001 0.996875 0.6734375000000001
2 0.740625 8.180257916179585e-17 0.5953125 7.290475476174086e-17 0.5953125 0.14218750000000008 0.740625 0.14218750000000008
2 0.3750000000000001 0.4796875 0.3125000000000001 0.4796875 0.3125000000000001 0.5234375 0.3750000000000001 0.5234375
2 0.615625 0.12500000000000006 0.4171875 0.12500000000000006 0.4171875 0.3765625000000001 0.615625 0.3765625000000001
2 0.5015625000000001 0.89375 0.44531250000000017 0.89375 0.44531250000000017 0.98125 0.5015625000000001 0.98125
2 0.953125 0.6546875000000002 0.909375 0.6546875000000002 0.909375 0.6953125000000002 0.953125 0.6953125000000002
2 0.8125 0.40156250000000016 0.73125 0.40156250000000016 0.73125 0.5062500000000002 0.8125 0.5062500000000002
2 0.94375 1.0725227045657678e-16 0.8078125 9.892849924362213e-17 0.8078125 0.1187500000000001 0.94375 0.11875000000000013
2 0.6765625 0.3656250000000001 0.5515625 0.3656250000000001 0.5515625 0.48125 0.6765625 0.48125
2 0.36250000000000004 0.3125 0.228125 0.3125 0.22812500000000005 0.478125 0.3625000000000001 0.478125
2 0.6515625000000002 0.7734375 0.5437500000000002 0.7734375 0.5437500000000002 0.89375 0.6515625000000002 0.89375
2 0.771875 0.5281250000000001 0.6703125 0.528125 0.6703125 0.6156250000000001 0.771875 0.6156250000000002
2 0.55 0.3781250000000001 0.409375 0.3781250000000001 0.409375 0.5234375 0.55 0.5234375
2 0.6484375000000001 0.6859375 0.6140625 0.6859375 0.6140625000000001 0.7484375 0.6484375000000002 0.7484375
2 0.503125 3.080752104105061e-17 0 0 2.257942535927933e-17 0.36875 0.503125 0.3687500000000001
2 1 0.10937500000000011 0.8671875 0.10937500000000008 0.8671875 0.4078125000000002 1 0.4078125000000002
2 0.828125 0.6265625000000001 0.70625 0.6265625 0.70625 0.7093750000000001 0.828125 0.7093750000000002
2 0.675 0.471875 0.5953125 0.471875 0.5953125 0.5671875 0.675 0.5671875
2 0.4859375 0.5203125 0.4203125 0.5203125 0.4203125 0.5828125 0.4859375 0.5828125
2 0.4937500000000002 0.734375 0.43750000000000017 0.734375 0.43750000000000017 0.784375 0.4937500000000002 0.784375
2 0.5890625000000002 0.90625 0.5140625000000002 0.90625 0.5140625000000002 0.990625 0.5890625000000002 0.990625
2 0.8609375 0.5546875000000002 0.80625 0.5546875000000002 0.80625 0.6218750000000002 0.8609375 0.6218750000000002
2 0.6062500000000002 0.7421875 0.5375000000000002 0.7421875 0.5375000000000002 0.7859375 0.6062500000000002 0.7859375
2 0.596875 0.496875 0.540625 0.496875 0.540625 0.6140625 0.596875 0.6140625
2 0.21562500000000004 0.353125 4.324534009489091e-17 0.353125 5.979720698961685e-17 0.6234375 0.2156250000000001 0.6234375
2 0.4421875000000002 0.9015625 0.3734375000000001 0.9015625 0.3734375000000001 0.9640625 0.4421875000000002 0.9640625