2 1 0.0765625000000001 0.6296875 0.07656250000000006 0.6296875 0.4390625000000001 1 0.4390625000000002
2 0.11250000000000011 0.875 1.0715659492539341e-16 0.875 1.1481063742006435e-16 1 0.11250000000000013 1
2 0.2171875 0.3 0.14843750000000006 0.3 0.14843750000000006 0.353125 0.2171875 0.353125
2 0.045312500000000075 0.5703125 6.984313776387249e-17 0.5703125 7.577502069724248e-17 0.6671875 0.045312500000000075 0.6671875
2 0.3906250000000001 0.6171875 0.20468750000000008 0.6171875 0.20468750000000008 0.7234375 0.3906250000000001 0.7234375
2 0.4578125 0.37187500000000007 0.2953125000000001 0.371875 0.2953125000000001 0.4765625 0.4578125 0.4765625
2 0.6390625 0.2906250000000001 0.590625 0.2906250000000001 0.590625 0.3390625000000001 0.6390625 0.3390625000000001
2 0.35625000000000007 0.30625 0.296875 0.30625 0.29687500000000006 0.3734375 0.35625000000000007 0.3734375
2 0.58125 0.3359375000000001 0.475 0.3359375000000001 0.475 0.459375 0.58125 0.459375
2 0.19375000000000006 0.3984375 4.8794520903527353e-17 0.3984375 6.247612186275169e-17 0.621875 0.1937500000000001 0.621875
2 0.98125 0.04531250000000012 0.8984375 0.04531250000000011 0.8984375 0.11250000000000011 0.98125 0.11250000000000013
2 0.16718750000000004 0.334375 0.10000000000000005 0.334375 0.10000000000000005 0.4125 0.16718750000000004 0.4125
2 0.3921875000000001 0.66875 0.1453125000000001 0.66875 0.14531250000000012 0.921875 0.3921875000000001 0.921875
2 0.759375 0.3156250000000001 0.6015625 0.3156250000000001 0.6015625 0.4296875000000001 0.759375 0.42968750000000017
2 0.5046875 0.30937500000000007 0.440625 0.30937500000000007 0.440625 0.3781250000000001 0.5046875 0.3781250000000001
2 0.3734375000000001 0.4953125 0.3125000000000001 0.4953125 0.3125000000000001 0.578125 0.3734375000000001 0.578125
2 0.10000000000000005 0.3546875 0.04687500000000004 0.3546875 0.04687500000000004 0.4078125 0.10000000000000005 0.4078125
2 0.4343750000000002 0.8671875 0.2953125000000001 0.8671875 0.2953125000000001 1 0.4343750000000002 1
2 0.70625 0.4984375 0.646875 0.4984375 0.646875 0.540625 0.70625 0.540625
2 0.6062500000000001 0.6421875 0.415625 0.6421875 0.4156250000000001 0.884375 0.6062500000000002 0.884375
2 0.5796875 0.05937500000000007 0.525 0.05937500000000007 0.525 0.14375000000000007 0.5796875 0.1437500000000001
2 0.13281250000000006 0.334375 0.09062500000000004 0.334375 0.09062500000000004 0.3734375 0.13281250000000006 0.3734375
2 0.3046875000000001 0.5171875 0.22656250000000008 0.5171875 0.22656250000000008 0.6171875 0.3046875000000001 0.6171875
2 0.2296875000000001 0.8875 0.09843750000000011 0.8875 0.09843750000000012 1 0.2296875000000001 1
2 0.4765625 0.540625 0.35625000000000007 0.540625 0.35625000000000007 0.6515625 0.4765625 0.6515625
2 0.7875 0.5421875 0.659375 0.5421875 0.659375 0.7015625000000001 0.7875 0.7015625000000002
2 0.484375 0.14375000000000004 0.3796875 0.14375000000000004 0.3796875 0.2593750000000001 0.484375 0.2593750000000001
2 0.3625000000000001 0.4109375 0.2656250000000001 0.4109375 0.2656250000000001 0.4953125 0.3625000000000001 0.4953125
2 0.6140625 0.5 0.4796875 0.5 0.4796875 0.6390625 0.6140625 0.6390625
2 0.4171875 0.2828125000000001 0.384375 0.2828125000000001 0.384375 0.3437500000000001 0.4171875 0.3437500000000001
2 1 0.6468750000000001 0.521875 0.646875 0.5218750000000001 1 1 1
2 0.17187500000000008 0.6109375 7.481826538540861e-17 0.6109375 9.242256312315182e-17 0.8984375 0.17187500000000008 0.8984375
2 0.32812500000000006 0.321875 0.2109375 0.321875 0.21093750000000006 0.4015625 0.3281250000000001 0.4015625
2 0.434375 0.4578125 0.3578125000000001 0.4578125 0.3578125000000001 0.5484375 0.434375 0.5484375
2 0.6046875 0.4421875 0.540625 0.4421875 0.540625 0.503125 0.6046875 0.503125
2 0.5859375 0.2484375000000001 0.53125 0.2484375000000001 0.53125 0.2968750000000001 0.5859375 0.2968750000000001
2 0.5140625 0.05000000000000006 0.4421875 0.050000000000000044 0.4421875 0.13125000000000003 0.5140625 0.13125000000000003
2 0.2312500000000001 0.4046875 0.17968750000000006 0.4046875 0.17968750000000006 0.46875 0.2312500000000001 0.46875
2 0.4890625 0.2468750000000001 0.4234375 0.2468750000000001 0.4234375 0.2890625000000001 0.4890625 0.2890625000000001
2 0.4875 0.4125 0.4328125 0.4125 0.4328125 0.525 0.4875 0.525
2 1 0.4031250000000002 0.8 0.4031250000000002 0.8 0.6640625000000002 1 0.6640625000000002
2 0.65 0.07500000000000008 0.5828125 0.07500000000000007 0.5828125 0.1359375000000001 0.65 0.1359375000000001