2 0.7046875 0.540625 0.653125 0.540625 0.653125 0.6046875 0.7046875 0.6046875
2 0.51875 0.621875 0.446875 0.621875 0.446875 0.671875 0.51875 0.671875
2 0.4312500000000002 0.74375 0.37187500000000007 0.74375 0.37187500000000007 0.79375 0.4312500000000002 0.79375
2 0.9875 0.3734375000000001 0.734375 0.3734375000000001 0.734375 0.5843750000000002 0.9875 0.5843750000000002
2 0.471875 0.5421875 0.3437500000000001 0.5421875 0.3437500000000001 0.6375 0.471875 0.6375
2 0.375 0.03593750000000004 0.2734375 0.03593750000000003 0.2734375 0.12656250000000005 0.375 0.12656250000000005
2 0.48437500000000017 0.7609375 0.3906250000000001 0.7609375 0.3906250000000001 0.8640625 0.48437500000000017 0.8640625
2 0.1421875 0.05312500000000001 0.0515625 0.053125 0.05156250000000001 0.134375 0.1421875 0.134375
2 0.5734375 0.553125 0.5015625 0.553125 0.5015625 0.596875 0.5734375 0.596875
2 0.6546875 0.30156250000000007 0.6109375 0.30156250000000007 0.6109375 0.3343750000000001 0.6546875 0.3343750000000001
2 0.825 0.1531250000000001 0.7125 0.1531250000000001 0.7125 0.2656250000000001 0.825 0.2656250000000001
2 0.7078125000000002 0.8015625 0.5859375000000002 0.8015625 0.5859375000000002 1 0.7078125000000002 1
2 0.9484375 0.31718750000000007 0.890625 0.31718750000000007 0.890625 0.39531250000000007 0.9484375 0.39531250000000007
2 0.903125 0.1593750000000001 0.821875 0.1593750000000001 0.821875 0.2328125000000001 0.903125 0.2328125000000001
2 0.675 0.4203125 0.6265625 0.4203125 0.6265625 0.48125 0.675 0.48125
2 0.9328125 0.6656250000000001 0.85625 0.6656250000000001 0.85625 0.7359375000000001 0.9328125 0.7359375000000001
2 0.1750000000000001 0.8765625 0.08906250000000011 0.8765625 0.08906250000000011 0.9203125 0.17500000000000013 0.9203125
2 0.603125 5.644856339819831e-17 0.31875 3.903561672282188e-17 0.31875 0.12031250000000007 0.603125 0.12031250000000009
2 0.3281250000000001 0.7171875 0.2750000000000001 0.7171875 0.2750000000000001 0.7453125 0.3281250000000001 0.7453125
2 0.2468750000000001 0.584375 0.1828125000000001 0.584375 0.1828125000000001 0.6515625 0.2468750000000001 0.6515625
2 0.11875000000000009 0.784375 0.0484375000000001 0.784375 0.0484375000000001 0.85 0.11875000000000009 0.85
2 0.06718750000000001 0.090625 0.004687500000000011 0.090625 0.0046875000000000154 0.159375 0.06718750000000002 0.159375
2 0.5046875000000002 0.8734375 0.37187500000000007 0.8734375 0.37187500000000007 1 0.5046875000000002 1
2 0.3734375000000001 0.671875 0.32500000000000007 0.671875 0.32500000000000007 0.7546875 0.3734375000000001 0.7546875
2 0.4875 0.384375 0.3625000000000001 0.384375 0.3625000000000001 0.4453125 0.4875 0.4453125
2 0.559375 0.434375 0.4765625 0.434375 0.4765625 0.5484375 0.559375 0.5484375
2 0.1515625000000001 0.5546875 0.09843750000000007 0.5546875 0.09843750000000007 0.5921875 0.1515625000000001 0.5921875
2 0.21093750000000008 0.959375 0.17031250000000014 0.959375 0.17031250000000014 1 0.21093750000000008 1
2 0.5921875 0.10156250000000004 1.2437819053840305e-17 0.1015625 2.8702659355016093e-17 0.36718750000000006 0.5921875 0.3671875000000001
2 0.6562500000000002 0.7375 0.6062500000000002 0.7375 0.6062500000000002 0.79375 0.6562500000000002 0.79375
2 0.8609375 9.739769074468794e-17 0.7296875 8.936094612528342e-17 0.7296875 0.0515625000000001 0.8609375 0.05156250000000011
2 0.30937500000000007 0.8671875 0.2406250000000001 0.8671875 0.2406250000000001 0.91875 0.30937500000000007 0.91875
2 0.634375 0.415625 0.5671875 0.415625 0.5671875 0.4546875 0.634375 0.4546875
2 0.6609375 0.22031250000000005 0.10937500000000004 0.2203125 0.10937500000000004 0.4375 0.6609375 0.4375
2 0.27656250000000004 0.3625 4.4393446469091554e-17 0.3625 5.65442389293817e-17 0.5609375 0.2765625000000001 0.5609375
2 0.2296875000000001 0.8875 0.1843750000000001 0.8875 0.18437500000000012 0.928125 0.2296875000000001 0.928125
2 0.10937500000000008 0.55625 0.028125000000000067 0.55625 0.028125000000000074 0.60625 0.10937500000000008 0.60625
2 0.8796875 0.6281250000000002 0.8015625 0.6281250000000002 0.8015625 0.7453125000000002 0.8796875 0.7453125000000002
2 0.38750000000000007 0.5984375 0.3031250000000001 0.5984375 0.3031250000000001 0.6421875 0.38750000000000007 0.6421875
2 0.878125 0.2906250000000001 0.709375 0.2906250000000001 0.709375 0.5015625000000001 0.878125 0.5015625000000001
2 0.3609375000000001 0.8015625 0.27031250000000007 0.8015625 0.27031250000000007 0.88125 0.3609375000000001 0.88125
2 0.628125 0.3312500000000001 0.540625 0.3312500000000001 0.540625 0.403125 0.628125 0.403125
2 0.21875000000000008 0.9046875 0.15781250000000008 0.9046875 0.1578125000000001 0.953125 0.21875000000000008 0.953125
2 0.5859375 0.6265625 0.515625 0.6265625 0.515625 0.6703125 0.5859375 0.6703125
2 0.7125 0.21875000000000008 0.653125 0.21875000000000008 0.653125 0.27031250000000007 0.7125 0.27031250000000007
2 0.4453125 0.63125 0.3843750000000001 0.63125 0.3843750000000001 0.6796875 0.4453125 0.6796875
2 0.3171875 2.602374448188126e-17 0.1078125 1.3203223303307403e-17 0.1078125 0.09843750000000004 0.3171875 0.09843750000000004
2 0.6484375 0.4875 0.6015625 0.4875 0.6015625 0.5328125 0.6484375 0.5328125
2 0.715625 0.10937500000000008 0.6109375 0.10937500000000008 0.6109375 0.1859375000000001 0.715625 0.1859375000000001
2 0.996875 0.7390625000000002 0.7703125000000002 0.7390625000000002 0.7703125000000002 0.9203125 0.996875 0.9203125
2 0.578125 0.4 0.490625 0.4 0.490625 0.475 0.578125 0.475
2 0.7062500000000002 0.7734375 0.6515625000000002 0.7734375 0.6515625000000002 0.8359375 0.7062500000000002 0.8359375
2 0.7375 8.017609513167828e-17 0.571875 7.003448882623926e-17 0.571875 0.11875000000000009 0.7375 0.11875000000000009
2 0.5421875 0.6734375 0.496875 0.6734375 0.496875 0.7046875 0.5421875 0.7046875
2 0.3234375000000001 0.68125 0.2500000000000001 0.68125 0.2500000000000001 0.715625 0.3234375000000001 0.715625
2 0.11093750000000009 0.590625 0.06093750000000007 0.590625 0.06093750000000007 0.63125 0.11093750000000009 0.63125
2 0.2375000000000001 0.6875 0.1671875000000001 0.6875 0.1671875000000001 0.7359375 0.2375000000000001 0.7359375
2 0.475 0.4203125 0.25468750000000007 0.4203125 0.25468750000000007 0.5640625 0.475 0.5640625
2 0.1781250000000001 0.721875 0.11718750000000008 0.721875 0.11718750000000008 0.8171875 0.1781250000000001 0.8171875