2 0.4125 0.628125 0.3437500000000001 0.628125 0.3437500000000001 0.684375 0.4125 0.684375
2 0.3234375000000001 0.403125 0.2687500000000001 0.403125 0.2687500000000001 0.48125 0.3234375000000001 0.48125
2 0.19218750000000004 0.321875 0.13750000000000004 0.321875 0.13750000000000004 0.3859375 0.19218750000000004 0.3859375
2 0.5937500000000001 0.715625 0.3656250000000001 0.715625 0.3656250000000001 0.9921875 0.5937500000000002 0.9921875
2 0.4125 0.290625 0.3078125 0.290625 0.30781250000000004 0.4296875 0.4125 0.4296875
2 0.9625 0.2140625000000001 0.8640625 0.2140625000000001 0.8640625 0.32500000000000007 0.9625 0.32500000000000007
2 0.17343750000000005 0.3421875 0.06093750000000005 0.3421875 0.06093750000000005 0.44375 0.17343750000000005 0.44375
2 0.94375 1.1012253639207839e-16 0.8546875 1.0466903111462534e-16 0.8546875 0.07031250000000011 0.94375 0.07031250000000011
2 0.4 0.4625 0.3515625000000001 0.4625 0.3515625000000001 0.540625 0.4 0.540625
2 0.6734375 0.58125 0.6375 0.58125 0.6375 0.6296875 0.6734375 0.6296875
2 0.834375 0.6921875000000001 0.7109375 0.6921875 0.7109375000000001 0.815625 0.834375 0.815625
2 0.1296875000000001 0.5578125 6.831232926493829e-17 0.5578125 7.625339835315942e-17 0.6875 0.1296875000000001 0.6875
2 0.6562500000000002 0.8859375 0.5718750000000001 0.8859375 0.5718750000000001 0.9484375 0.6562500000000002 0.9484375
2 0.828125 0.8109375 0.7484375000000002 0.8109375 0.7484375000000002 0.8984375 0.828125 0.8984375
2 0.5453125 0.5984375 0.478125 0.5984375 0.478125 0.65 0.5453125 0.65
2 0.2765625000000001 0.8484375 0.2000000000000001 0.8484375 0.2000000000000001 0.9328125 0.2765625000000001 0.9328125
2 0.04843750000000001 0.014062500000000002 0.0015625000000000014 0.0140625 0.0015625000000000072 0.1078125 0.04843750000000001 0.1078125
2 1 0.2656250000000001 0.86875 0.2656250000000001 0.86875 0.5734375000000002 1 0.5734375000000002
2 0.2203125 0.2171875 0.19062500000000004 0.2171875 0.19062500000000004 0.275 0.2203125 0.275
2 0.3640625 0.11562500000000005 0.2921875 0.11562500000000005 0.2921875 0.18593750000000003 0.3640625 0.18593750000000003
2 0.1484375 1.3777276490407724e-17 0.0765625 9.376202055971923e-18 0.0765625 0.04531250000000002 0.1484375 0.04531250000000002
2 0.051562500000000046 0.321875 3.941831884755543e-17 0.321875 4.5158850718558645e-17 0.415625 0.051562500000000046 0.415625
2 0.271875 0.271875 0.18125000000000005 0.271875 0.18125000000000005 0.3234375 0.271875 0.3234375
2 0.5828125 0.3125000000000001 0.515625 0.3125000000000001 0.515625 0.4484375 0.5828125 0.4484375
2 0.5296875 0.4359375 0.4046875 0.4359375 0.4046875 0.5265625 0.5296875 0.5265625
2 0.396875 0.025000000000000043 0.35625 0.025000000000000043 0.35625 0.08281250000000004 0.396875 0.08281250000000004
2 0.890625 9.137013228013456e-17 0.6015625 7.367015901120797e-17 0.6015625 0.5609375000000001 0.890625 0.5609375000000002
2 0.1984375000000001 0.5765625 0.1375000000000001 0.5765625 0.1375000000000001 0.63125 0.1984375000000001 0.63125
2 1 0.7125000000000001 0.94375 0.7125000000000001 0.94375 0.8546875 1 0.8546875
2 0.057812500000000024 0.178125 0.0015625000000000216 0.178125 0.0015625000000000263 0.253125 0.057812500000000024 0.253125
2 0.55 0.534375 0.5078125 0.534375 0.5078125 0.60625 0.55 0.60625
2 0.7609375 0.03593750000000008 0.525 0.03593750000000007 0.525 0.6359375 0.7609375 0.6359375000000002
2 0.60625 6.132801548855105e-17 0.3953125 4.8411818778793805e-17 0.3953125 0.21875000000000008 0.60625 0.21875000000000008
2 0.03593750000000002 0.11875 1.4542680739874818e-17 0.11875 1.7604297737743203e-17 0.16875 0.035937500000000025 0.16875
2 0.3953125 4.5732903905658965e-17 0.3515625 4.305398903252414e-17 0.3515625 0.035937500000000046 0.3953125 0.035937500000000046
2 0.31718750000000007 0.7890625 0.1906250000000001 0.7890625 0.1906250000000001 0.8734375 0.31718750000000007 0.8734375
2 0.3484375 0.246875 0.3015625 0.246875 0.3015625 0.3375 0.3484375 0.3375
2 0.6843750000000001 0.6890625 0.4546875 0.6890625 0.4546875000000001 0.8734375 0.6843750000000002 0.8734375
2 0.12812500000000004 0.2109375 0.042187500000000024 0.2109375 0.04218750000000003 0.309375 0.12812500000000004 0.309375
2 0.640625 0.50625 0.5625 0.50625 0.5625 0.6 0.640625 0.6
2 0.3187500000000001 0.478125 0.27031250000000007 0.478125 0.27031250000000007 0.5546875 0.3187500000000001 0.5546875
2 0.7640625 0.628125 0.7078125 0.628125 0.7078125 0.6921875000000001 0.7640625 0.6921875000000002
2 0.3140625 0.3359375 0.2609375 0.3359375 0.26093750000000004 0.4015625 0.3140625000000001 0.4015625
2 1 0.034375000000000114 0.89375 0.034375000000000114 0.89375 0.2609375000000001 1 0.2609375000000001
2 0.471875 0.571875 0.4234375 0.571875 0.4234375 0.6234375 0.471875 0.6234375
2 0.8828125 0.5828125000000002 0.7984375 0.5828125000000002 0.7984375 0.6968750000000001 0.8828125 0.6968750000000001
2 0.1968750000000001 0.7546875 9.242256312315182e-17 0.7546875 1.0744362151894358e-16 1 0.19687500000000013 1
2 0.565625 0.45 0.484375 0.45 0.484375 0.5453125 0.565625 0.5453125
2 0.1593750000000001 0.6265625 0.09218750000000006 0.6265625 0.09218750000000007 0.6859375 0.1593750000000001 0.6859375
2 1 0.5390625000000002 0.871875 0.5390625000000002 0.871875 0.7187500000000002 1 0.7187500000000002
2 0.2687500000000001 0.4578125 0.23437500000000008 0.4578125 0.23437500000000008 0.50625 0.2687500000000001 0.50625
2 0.259375 0.18750000000000006 0.221875 0.18750000000000006 0.221875 0.26875 0.259375 0.26875
2 0.359375 4.133182947122317e-17 0.315625 3.865291459808834e-17 0.315625 0.03750000000000004 0.359375 0.03750000000000005
2 0.253125 0.10000000000000005 0.2 0.10000000000000005 0.2 0.17500000000000004 0.253125 0.17500000000000004
2 0.5453125 0.19531250000000006 0.3890625 0.19531250000000006 0.38906250000000003 0.434375 0.5453125 0.434375
2 0.215625 0.04375000000000002 0.1125 0.04375000000000001 0.1125 0.11093750000000002 0.215625 0.11093750000000005