2 0.721875 0.5734375 0.66875 0.5734375 0.66875 0.6390625 0.721875 0.6390625
2 0.528125 0.6578125 0.453125 0.6578125 0.453125 0.7109375 0.528125 0.7109375
2 0.4359375000000002 0.784375 0.3750000000000001 0.784375 0.3750000000000001 0.8359375 0.4359375000000002 0.8359375
2 1 0.3984375000000001 0.753125 0.3984375000000001 0.753125 0.6171875000000002 1 0.6171875000000002
2 0.478125 0.5734375 0.3453125000000001 0.5734375 0.3453125000000001 0.6734375 0.478125 0.6734375
2 0.378125 0.04531250000000004 0.271875 0.04531250000000003 0.271875 0.13906250000000003 0.378125 0.13906250000000003
2 0.4937500000000002 0.803125 0.39531250000000007 0.803125 0.39531250000000007 0.9109375 0.4937500000000002 0.9109375
2 0.134375 0.06250000000000001 0.04062500000000001 0.0625 0.040625000000000015 0.1484375 0.134375 0.1484375
2 0.5859375 0.584375 0.5109375 0.584375 0.5109375 0.63125 0.5859375 0.63125
2 0.6703125 0.3218750000000001 0.625 0.3218750000000001 0.625 0.35625000000000007 0.6703125 0.35625000000000007
2 0.8484375 0.1671875000000001 0.73125 0.1671875000000001 0.73125 0.28593750000000007 0.8484375 0.28593750000000007
2 0.7265625000000002 0.84375 0.6000000000000002 0.84375 0.6000000000000002 1 0.7265625000000002 1
2 0.9765625 0.3390625000000001 0.9171875 0.3390625000000001 0.9171875 0.4203125000000002 0.9765625 0.4203125000000002
2 0.9296875 0.1734375000000001 0.8453125 0.17343750000000008 0.8453125 0.2500000000000001 0.9296875 0.2500000000000001
2 0.690625 0.446875 0.640625 0.446875 0.640625 0.5109375 0.690625 0.5109375
2 0.9625 0.7031250000000002 0.88125 0.7031250000000002 0.88125 0.7765625000000002 0.9625 0.7765625000000002
2 0.17031250000000014 0.921875 0.0796875000000001 0.921875 0.0796875000000001 0.9671875 0.17031250000000014 0.9671875
2 0.6171875 5.72139676476654e-17 0.3171875 3.884426566045511e-17 0.3171875 0.13437500000000008 0.6171875 0.13437500000000008
2 0.3296875000000001 0.75625 0.2750000000000001 0.75625 0.2750000000000001 0.784375 0.3296875000000001 0.784375
2 0.2453125000000001 0.61875 0.1781250000000001 0.61875 0.1781250000000001 0.6890625 0.2453125000000001 0.6890625
2 0.11093750000000009 0.8265625 0.0375000000000001 0.8265625 0.0375000000000001 0.8953125 0.11093750000000009 0.8953125
2 0.057812500000000024 0.1015625 1.2437819053840305e-17 0.1015625 1.6838893488276106e-17 0.1734375 0.057812500000000024 0.1734375
2 0.49218750000000017 0.91875 0.3750000000000001 0.91875 0.3750000000000001 1 0.49218750000000017 1
2 0.3781250000000001 0.709375 0.3281250000000001 0.709375 0.3281250000000001 0.7953125 0.3781250000000001 0.7953125
2 0.4953125 0.409375 0.3656250000000001 0.409375 0.3656250000000001 0.4734375 0.4953125 0.4734375
2 0.571875 0.4609375 0.484375 0.4609375 0.484375 0.58125 0.571875 0.58125
2 0.1453125000000001 0.5875 0.09062500000000007 0.5875 0.09062500000000007 0.6265625 0.1453125000000001 0.6265625
2 0.60625 0.11406250000000004 1.3968627552774498e-17 0.1140625 3.099887210341738e-17 0.3921875 0.60625 0.3921875000000001
2 0.6718750000000002 0.778125 0.6203125000000002 0.778125 0.6203125000000002 0.8375 0.6718750000000002 0.8375
2 0.8875 1.0026795668018957e-16 0.75 9.18485099360515e-17 0.75 0.0625000000000001 0.8875 0.06250000000000011
2 0.3109375000000001 0.9140625 0.2390625000000001 0.9140625 0.2390625000000001 0.96875 0.3109375000000001 0.96875
2 0.6484375 0.440625 0.5796875 0.440625 0.5796875 0.48125 0.6484375 0.48125
2 0.678125 0.23750000000000004 0.10156250000000004 0.2375 0.10156250000000004 0.4640625 0.678125 0.4640625
2 0.2765625000000001 0.3859375 4.7263712404593165e-17 0.3859375 5.998855805198363e-17 0.59375 0.2765625000000001 0.59375
2 0.22812500000000008 0.934375 0.18125000000000013 0.934375 0.18125000000000013 0.9765625 0.22812500000000008 0.9765625
2 0.10156250000000008 0.5890625 0.01718750000000007 0.5890625 0.017187500000000074 0.640625 0.10156250000000008 0.640625
2 0.9046875 0.6640625000000002 0.8234375 0.6640625000000002 0.8234375 0.7859375000000002 0.9046875 0.7859375000000002
2 0.3921875000000001 0.634375 0.3046875000000001 0.634375 0.3046875000000001 0.6796875 0.3921875000000001 0.6796875
2 0.9046875 0.3109375000000001 0.728125 0.3109375000000001 0.728125 0.5312500000000002 0.9046875 0.5312500000000002
2 0.36406250000000007 0.8453125 0.27031250000000007 0.8453125 0.27031250000000007 0.928125 0.36406250000000007 0.928125
2 0.6421875 0.3531250000000001 0.5515625 0.3531250000000001 0.5515625 0.428125 0.6421875 0.428125
2 0.2171875000000001 0.9515625 0.15312500000000012 0.9515625 0.15312500000000012 1 0.2171875000000001 1
2 0.6 0.6625 0.5265625 0.6625 0.5265625 0.709375 0.6 0.709375
2 0.7296875 0.23593750000000008 0.66875 0.23593750000000008 0.66875 0.2890625000000001 0.7296875 0.2890625000000001
2 0.453125 0.6671875 0.3890625000000001 0.6671875 0.3890625000000001 0.71875 0.453125 0.71875
2 0.3171875 2.554536682596432e-17 0.1 1.2246467991473533e-17 0.1 0.10937500000000003 0.3171875 0.10937500000000004
2 0.6640625 0.515625 0.615625 0.515625 0.615625 0.5625 0.6640625 0.5625
2 0.734375 0.1218750000000001 0.625 0.1218750000000001 0.625 0.20312500000000008 0.734375 0.20312500000000008
2 1 0.7796875000000002 0.7906250000000001 0.7796875000000002 0.7906250000000001 0.96875 1 0.96875
2 0.590625 0.4265625 0.5 0.4265625 0.5 0.5046875 0.590625 0.5046875
2 0.7250000000000002 0.815625 0.6687500000000002 0.815625 0.6687500000000002 0.88125 0.7250000000000002 0.88125
2 0.759375 8.22809568177128e-17 0.584375 7.156529732517345e-17 0.584375 0.1312500000000001 0.759375 0.1312500000000001
2 0.5531250000000001 0.7109375 0.50625 0.7109375 0.5062500000000001 0.74375 0.5531250000000002 0.74375
2 0.32500000000000007 0.71875 0.2484375000000001 0.71875 0.2484375000000001 0.7546875 0.32500000000000007 0.7546875
2 0.10312500000000009 0.625 0.05156250000000007 0.625 0.05156250000000008 0.6671875 0.10312500000000009 0.6671875
2 0.23437500000000008 0.725 0.1625000000000001 0.725 0.1625000000000001 0.7765625 0.23437500000000008 0.7765625
2 0.484375 0.446875 0.25468750000000007 0.446875 0.25468750000000007 0.596875 0.484375 0.596875
2 0.17343750000000008 0.7609375 0.10937500000000008 0.7609375 0.10937500000000008 0.8609375 0.17343750000000008 0.8609375