2 0.6609375 0.3140625000000001 0.60625 0.3140625000000001 0.60625 0.3765625000000001 0.6609375 0.3765625000000001
2 0.5750000000000001 0.5328125 0.2093750000000001 0.5328125 0.2093750000000001 0.890625 0.5750000000000002 0.890625
2 0.6671875000000002 0.8625 0.5656250000000002 0.8625 0.5656250000000002 0.9734375 0.6671875000000002 0.9734375
2 0.7843750000000002 0.7859375000000001 0.7156250000000002 0.7859375 0.7156250000000002 0.8640625 0.7843750000000002 0.8640625
2 0.8171875 0.43750000000000017 0.73125 0.43750000000000017 0.73125 0.5093750000000001 0.8171875 0.5093750000000001
2 0.10625000000000002 0.1671875 2.0474563673244812e-17 0.1671875 2.631077107543142e-17 0.2625 0.10625000000000004 0.2625
2 0.959375 0.23437500000000008 0.8453125 0.23437500000000008 0.8453125 0.3234375000000001 0.959375 0.3234375000000001
2 0.7671875000000001 0.6484375000000001 0.7125 0.6484375 0.7125000000000001 0.7281250000000001 0.7671875000000001 0.7281250000000001
2 0.10000000000000013 0.9453125 0.03125000000000011 0.9453125 0.03125000000000012 1 0.10000000000000013 1
2 0.16093750000000004 0.3875 4.7455063466959936e-17 0.3875 5.616153680464816e-17 0.5296875 0.16093750000000004 0.5296875
2 0.2984375 0.17343750000000005 0.2375 0.17343750000000005 0.2375 0.2359375 0.2984375 0.2359375
2 0.4078125 0.4203125 0.08593750000000004 0.4203125 0.08593750000000006 0.5890625 0.4078125 0.5890625
2 0.2234375 0.11562500000000002 0.178125 0.115625 0.178125 0.16562500000000002 0.2234375 0.16562500000000005
2 0.7140625 0.6640625 0.6375 0.6640625 0.6375 0.6984375 0.7140625 0.6984375
2 0.05937500000000001 0.0890625 1.0907010554906114e-17 0.0890625 1.607348923880901e-17 0.1734375 0.059375000000000025 0.1734375
2 0.340625 0.2484375 0.2765625 0.2484375 0.2765625 0.28125 0.340625 0.28125
2 0.7578125 0.3062500000000001 0.7171875 0.3062500000000001 0.7171875 0.3515625000000001 0.7578125 0.3515625000000001
2 0.8703125 0.7578125000000002 0.7859375000000002 0.7578125000000002 0.7859375000000002 0.8078125 0.8703125 0.8078125
2 0.24218750000000008 0.6515625 0.1390625000000001 0.6515625 0.1390625000000001 0.7765625 0.24218750000000008 0.7765625
2 0.19687500000000008 0.5828125 0.10937500000000008 0.5828125 0.10937500000000008 0.646875 0.19687500000000008 0.646875
2 0.7203125 0.4421875 0.659375 0.4421875 0.659375 0.5109375 0.7203125 0.5109375
2 0.5109375000000002 0.8984375 0.4281250000000002 0.8984375 0.4281250000000002 0.9859375 0.5109375000000002 0.9859375
2 0.384375 0.19531250000000006 0.3359375 0.19531250000000006 0.3359375 0.24218750000000006 0.384375 0.24218750000000008
2 0.22812500000000008 0.9515625 0.16562500000000013 0.9515625 0.16562500000000013 1 0.22812500000000008 1
2 0.17812500000000012 0.7921875 0.0375000000000001 0.7921875 0.0375000000000001 0.9265625 0.17812500000000014 0.9265625
2 0.42968750000000017 0.878125 0.3546875000000001 0.878125 0.3546875000000001 0.99375 0.42968750000000017 0.99375
2 0.7453125000000002 0.83125 0.6796875000000002 0.83125 0.6796875000000002 0.928125 0.7453125000000002 0.928125
2 0.1296875 0.1109375 0.05468750000000002 0.1109375 0.05468750000000002 0.1890625 0.12968750000000004 0.1890625
2 0.4000000000000002 0.8546875 0.2671875000000001 0.8546875 0.2671875000000001 1 0.4000000000000002 1
2 0.1796875 0.1 0.1234375 0.1 0.1234375 0.18125 0.1796875 0.18125
2 0.31875000000000003 0.2046875 0.06093750000000002 0.2046875 0.06093750000000005 0.4640625 0.3187500000000001 0.4640625
2 0.7140625 0.37187500000000007 0.6796875 0.37187500000000007 0.6796875 0.409375 0.7140625 0.409375
2 0.915625 0.803125 0.8453125 0.803125 0.8453125 0.8515625 0.915625 0.8515625
2 0.9453125 0.7671875000000001 0.9015625 0.7671875000000001 0.9015625 0.8140625 0.9453125 0.8140625
2 0.6671875 0.459375 0.5984375 0.459375 0.5984375 0.515625 0.6671875 0.515625
2 0.396875 0.010937500000000046 0.346875 0.010937500000000041 0.346875 0.07968750000000005 0.396875 0.07968750000000005
2 0.6484375 0.6328125 0.56875 0.6328125 0.56875 0.721875 0.6484375 0.721875
2 0.4890625 0.2531250000000001 0.440625 0.2531250000000001 0.440625 0.2906250000000001 0.4890625 0.2906250000000001
2 0.3000000000000001 0.91875 0.2156250000000001 0.91875 0.2156250000000001 1 0.3000000000000001 1
2 0.365625 0.13906250000000003 0.3265625 0.13906250000000003 0.3265625 0.19843750000000004 0.365625 0.19843750000000004
2 0.16718750000000013 0.9546875 0.08437500000000012 0.9546875 0.08437500000000012 1 0.16718750000000013 1
2 0.95 0.48750000000000016 0.8875 0.48750000000000016 0.8875 0.5484375000000001 0.95 0.5484375000000001
2 0.6203125 0.3031250000000001 0.421875 0.3031250000000001 0.421875 0.559375 0.6203125 0.559375
2 0.928125 0.925 0.803125 0.925 0.803125 1 0.928125 1
2 0.13437500000000008 0.51875 6.352855270576895e-17 0.51875 7.960204194457797e-17 0.78125 0.13437500000000008 0.78125
2 0.14375 0.06875 0.0515625 0.06875 0.05156250000000001 0.121875 0.14375 0.121875
2 0.3343750000000001 0.7734375 0.22031250000000008 0.7734375 0.22031250000000008 0.9234375 0.3343750000000001 0.9234375
2 0.7453125 0.7125000000000001 0.56875 0.7125 0.5687500000000001 0.86875 0.7453125000000002 0.86875
2 0.871875 0.4515625000000002 0.821875 0.4515625000000002 0.821875 0.5156250000000002 0.871875 0.5156250000000002
2 0.3609375 4.008804756583914e-17 0.29375 3.59739997249535e-17 0.29375 0.04687500000000004 0.3609375 0.04687500000000004
2 0.5703125000000002 0.784375 0.4750000000000002 0.784375 0.4750000000000002 0.9109375 0.5703125000000002 0.9109375
2 0.215625 1.4351329677508047e-17 0.01875 2.296212748401287e-18 0.018750000000000006 0.10781250000000002 0.215625 0.10781250000000005
2 0.753125 0.6140625000000001 0.7140625 0.6140625 0.7140625 0.6546875000000001 0.753125 0.6546875000000002
2 0.415625 0.2984375 0.296875 0.2984375 0.29687500000000006 0.4375 0.415625 0.4375
2 0.9390625 0.020312500000000105 0.7546875 0.020312500000000094 0.7546875 0.2562500000000001 0.9390625 0.2562500000000001
2 0.903125 0.7843750000000002 0.8640625 0.7843750000000002 0.8640625 0.8140625 0.903125 0.8140625
2 0.978125 0.7812500000000002 0.9109375 0.7812500000000002 0.9109375 0.84375 0.978125 0.84375
2 0.8640625 0.41718750000000016 0.8125 0.41718750000000016 0.8125 0.46093750000000017 0.8640625 0.46093750000000017
2 0.859375 0.3828125000000001 0.8078125 0.3828125000000001 0.8078125 0.41406250000000017 0.859375 0.41406250000000017