2 0.3375 0.2953125 0.275 0.2953125 0.275 0.35 0.3375 0.35
2 0.846875 0.3812500000000001 0.4921875 0.3812500000000001 0.4921875000000001 0.7437500000000001 0.846875 0.7437500000000001
2 0.928125 0.2890625000000001 0.81875 0.2890625000000001 0.81875 0.3890625000000001 0.928125 0.3890625000000001
2 0.8203125 0.1750000000000001 0.74375 0.1750000000000001 0.74375 0.24218750000000008 0.8203125 0.24218750000000008
2 0.46875 0.14218750000000005 0.3984375 0.14218750000000005 0.3984375 0.22656250000000008 0.46875 0.22656250000000008
2 0.2250000000000001 0.84375 0.1281250000000001 0.84375 0.1281250000000001 0.975 0.2250000000000001 0.975
2 0.2859375 0.0015625000000000296 0.1984375 0.0015625000000000244 0.1984375 0.11406250000000004 0.2859375 0.11406250000000004
2 0.6859375 0.1906250000000001 0.6078125 0.1906250000000001 0.6078125 0.2453125000000001 0.6859375 0.2453125000000001
2 0.965625 0.85 0.9015625 0.85 0.9015625 0.91875 0.965625 0.91875
2 0.4906250000000002 0.790625 0.3500000000000001 0.790625 0.3500000000000001 0.978125 0.4906250000000002 0.978125
2 0.2000000000000001 0.6546875 0.1375000000000001 0.6546875 0.1375000000000001 0.715625 0.2000000000000001 0.715625
2 0.5484375000000001 0.5453125 0.3812500000000001 0.5453125 0.3812500000000001 0.8640625 0.5484375000000001 0.8640625
2 0.1296875000000001 0.728125 0.08125000000000009 0.728125 0.08125000000000009 0.7734375 0.1296875000000001 0.7734375
2 0.65625 0.24375000000000008 0.6234375 0.24375000000000008 0.6234375 0.3187500000000001 0.65625 0.3187500000000001
2 0.13750000000000012 0.8890625 0.05468750000000011 0.8890625 0.05468750000000011 0.990625 0.13750000000000012 0.990625
2 0.2453125000000001 0.6125 0.21250000000000008 0.6125 0.21250000000000008 0.675 0.2453125000000001 0.675
2 0.3125 0.2 0.26875 0.2 0.26875 0.2390625 0.3125 0.2390625
2 0.7640625 0.08906250000000009 0.715625 0.08906250000000009 0.715625 0.17343750000000008 0.7640625 0.17343750000000008
2 0.7343750000000001 0.7109375000000001 0.6109375 0.7109375 0.6109375000000001 0.8125 0.7343750000000002 0.8125
2 0.6062500000000002 0.7546875 0.5421875000000002 0.7546875 0.5421875000000002 0.840625 0.6062500000000002 0.840625
2 0.4703125 0.2375000000000001 0.403125 0.2375000000000001 0.403125 0.2984375000000001 0.4703125 0.2984375000000001
2 0.940625 0.4437500000000002 0.8546875 0.4437500000000002 0.8546875 0.5265625000000002 0.940625 0.5265625000000002
2 0.2062500000000001 0.5703125 0.1593750000000001 0.5703125 0.1593750000000001 0.6171875 0.2062500000000001 0.6171875
2 1 0.7046875000000001 0.90625 0.7046875000000001 0.90625 0.7859375000000002 1 0.7859375000000002
2 0.8828125 0.7734375000000002 0.7500000000000002 0.7734375000000002 0.7500000000000002 0.9125 0.8828125 0.9125
2 0.9484375 0.5234375000000002 0.834375 0.5234375000000002 0.834375 0.5984375000000002 0.9484375 0.5984375000000002
2 0.8828125 0.21250000000000008 0.7875 0.21250000000000008 0.7875 0.27812500000000007 0.8828125 0.27812500000000007
2 0.1546875000000001 0.821875 0.07656250000000012 0.821875 0.07656250000000012 0.8953125 0.1546875000000001 0.8953125
2 0.9609375 0.5546875000000002 0.8109375 0.5546875000000002 0.8109375 0.6859375000000002 0.9609375 0.6859375000000002
2 0.1453125000000001 0.7703125 0.06562500000000009 0.7703125 0.0656250000000001 0.8265625 0.1453125000000001 0.8265625
2 0.4250000000000001 0.634375 0.1687500000000001 0.634375 0.1687500000000001 0.8890625 0.42500000000000016 0.8890625
2 0.3703125 0.24375000000000005 0.334375 0.24375 0.334375 0.27812500000000007 0.3703125 0.27812500000000007
2 0.8078125 0.043750000000000094 0.759375 0.04375000000000009 0.759375 0.1140625000000001 0.8078125 0.1140625000000001
2 0.771875 0.014062500000000092 0.725 0.014062500000000089 0.725 0.057812500000000086 0.771875 0.057812500000000086
2 0.4765625 0.2890625000000001 0.421875 0.2890625000000001 0.421875 0.3578125000000001 0.4765625 0.3578125000000001
2 0.043750000000000074 0.55625 6.812097820257152e-17 0.55625 7.108691966925652e-17 0.6046875 0.04375000000000008 0.6046875
2 0.6796875 0.3078125000000001 0.5921875 0.3078125000000001 0.5921875 0.38750000000000007 0.6796875 0.38750000000000007
2 0.2531250000000001 0.465625 0.2171875000000001 0.465625 0.2171875000000001 0.5140625 0.2531250000000001 0.5140625
2 0.965625 0.6515625000000002 0.8734375 0.6515625000000002 0.8734375 0.7359375000000001 0.965625 0.7359375000000001
2 0.1625000000000001 0.5875 0.10312500000000009 0.5875 0.10312500000000009 0.6265625 0.1625000000000001 0.6265625
2 0.9984375 0.7781250000000002 0.9109375 0.7781250000000002 0.9109375 0.8734375 0.9984375 0.8734375
2 0.5078125 0.010937500000000058 0.4484375 0.010937500000000055 0.4484375 0.07187500000000005 0.5078125 0.07187500000000006
2 0.51875 0.33593750000000006 0.265625 0.3359375 0.26562500000000006 0.5328125 0.51875 0.5328125
2 0.978125 0.03281250000000012 0.88125 0.03281250000000011 0.88125 0.1562500000000001 0.978125 0.15625000000000014
2 0.7390625000000002 0.815625 0.47968750000000016 0.815625 0.47968750000000016 1 0.7390625000000002 1
2 0.0875000000000001 0.8078125 0.0343750000000001 0.8078125 0.03437500000000011 0.8984375 0.0875000000000001 0.8984375
2 0.8796875 0.6187500000000001 0.73125 0.6187500000000001 0.7312500000000001 0.7312500000000002 0.8796875 0.7312500000000002
2 0.825 0.21250000000000008 0.6703125 0.21250000000000008 0.6703125 0.38750000000000007 0.825 0.38750000000000007
2 0.4765625 0.08906250000000006 0.4125 0.08906250000000004 0.4125 0.13750000000000004 0.4765625 0.13750000000000004
2 0.8671875 0.3859375000000001 0.7421875 0.3859375000000001 0.7421875 0.47968750000000016 0.8671875 0.47968750000000016
2 0.0718750000000001 0.7359375 9.012635037475052e-17 0.7359375 9.91198503059889e-17 0.8828125 0.0718750000000001 0.8828125
2 0.6140625 0.20468750000000008 0.5734375 0.20468750000000008 0.5734375 0.24375000000000008 0.6140625 0.24375000000000008
2 0.3984375000000001 0.5390625 0.2609375000000001 0.5390625 0.2609375000000001 0.65625 0.3984375000000001 0.65625
2 0.21875 0.021875000000000012 2.678914873134835e-18 0.021875 1.3872952021591111e-17 0.2046875 0.21875 0.2046875
2 0.7703125 0.057812500000000086 0.740625 0.057812500000000086 0.740625 0.09531250000000009 0.7703125 0.09531250000000009
2 0.8 9.424039821563617e-17 0.7390625 9.050905249948406e-17 0.7390625 0.04843750000000009 0.8 0.0484375000000001
2 0.4234375 0.09687500000000004 0.3796875 0.09687500000000004 0.3796875 0.14687500000000003 0.4234375 0.14687500000000003
2 0.3765625 0.10156250000000004 0.3453125 0.10156250000000004 0.3453125 0.15156250000000004 0.3765625 0.15156250000000004