2 0.6890625 0.2984375000000001 0.6375 0.2984375000000001 0.6375 0.3578125000000001 0.6890625 0.3578125000000001
2 0.6062500000000001 0.5078125 0.2578125000000001 0.5078125 0.2578125000000001 0.85 0.6062500000000002 0.85
2 0.6953125000000002 0.8234375 0.5984375000000002 0.8234375 0.5984375000000002 0.9296875 0.6953125000000002 0.9296875
2 0.80625 0.7515625000000001 0.7406250000000002 0.7515625000000001 0.7406250000000002 0.825 0.80625 0.825
2 0.8375 0.41718750000000016 0.75625 0.41718750000000016 0.75625 0.4859375000000002 0.8375 0.4859375000000002
2 0.1609375 0.15625 0.034375000000000024 0.15625 0.03437500000000003 0.25 0.16093750000000004 0.25
2 0.9734375 0.2234375000000001 0.8640625 0.2234375000000001 0.8640625 0.3078125000000001 0.9734375 0.3078125000000001
2 0.790625 0.6203125000000002 0.7375 0.6203125000000002 0.7375 0.6953125000000002 0.790625 0.6953125000000002
2 0.15468750000000012 0.9015625 0.08906250000000011 0.9015625 0.08906250000000011 0.9640625 0.15468750000000014 0.9640625
2 0.21250000000000008 0.371875 0.03125000000000004 0.371875 0.031250000000000056 0.50625 0.21250000000000008 0.50625
2 0.3421875 0.16562500000000005 0.284375 0.16562500000000005 0.284375 0.2265625 0.3421875 0.2265625
2 0.4484375 0.4015625 0.14062500000000006 0.4015625 0.14062500000000006 0.5625 0.4484375 0.5625
2 0.271875 0.11093750000000005 0.228125 0.11093750000000005 0.228125 0.15781250000000005 0.271875 0.15781250000000005
2 0.7390625 0.6328125000000001 0.6671875 0.6328125 0.6671875 0.6656250000000001 0.7390625 0.6656250000000001
2 0.115625 0.084375 0.01875000000000001 0.084375 0.018750000000000017 0.165625 0.115625 0.165625
2 0.3828125 0.23750000000000004 0.321875 0.2375 0.321875 0.26875000000000004 0.3828125 0.2687500000000001
2 0.78125 0.2921875000000001 0.74375 0.2921875000000001 0.74375 0.3343750000000001 0.78125 0.3343750000000001
2 0.8890625 0.7234375000000002 0.8078125 0.7234375000000002 0.8078125 0.7703125000000002 0.8890625 0.7703125000000002
2 0.2890625000000001 0.6234375 0.1906250000000001 0.6234375 0.1906250000000001 0.7421875 0.2890625000000001 0.7421875
2 0.2468750000000001 0.55625 0.16406250000000008 0.55625 0.16406250000000008 0.6171875 0.2468750000000001 0.6171875
2 0.7453125 0.4218750000000001 0.6875 0.421875 0.6875 0.4875000000000001 0.7453125 0.48750000000000016
2 0.5453125000000002 0.8578125 0.4656250000000002 0.8578125 0.4656250000000002 0.940625 0.5453125000000002 0.940625
2 0.425 0.18593750000000003 0.3796875 0.18593750000000003 0.3796875 0.2312500000000001 0.425 0.2312500000000001
2 0.2953125000000001 0.9078125 0.2171875000000001 0.9078125 0.2171875000000001 0.9984375 0.2953125000000001 0.9984375
2 0.22812500000000008 0.75625 0.09375000000000008 0.75625 0.0937500000000001 0.884375 0.22812500000000008 0.884375
2 0.46875000000000017 0.8390625 0.3968750000000001 0.8390625 0.3968750000000001 0.9484375 0.46875000000000017 0.9484375
2 0.7687500000000002 0.7921875 0.7062500000000002 0.7921875 0.7062500000000002 0.884375 0.7687500000000002 0.884375
2 0.18125 0.10625 0.1109375 0.10625 0.1109375 0.18125 0.18125 0.18125
2 0.4390625000000002 0.815625 0.3125000000000001 0.815625 0.3125000000000001 0.959375 0.4390625000000002 0.959375
2 0.2296875 0.09531250000000002 0.1765625 0.09531250000000002 0.1765625 0.17187500000000003 0.2296875 0.17187500000000006
2 0.36250000000000004 0.19531250000000003 0.11562500000000005 0.1953125 0.11562500000000005 0.4421875 0.3625000000000001 0.4421875
2 0.7390625 0.3546875000000001 0.70625 0.3546875000000001 0.70625 0.3906250000000001 0.7390625 0.3906250000000001
2 0.93125 0.7656250000000002 0.8640625 0.7656250000000002 0.8640625 0.8125 0.93125 0.8125
2 0.959375 0.7312500000000002 0.9171875 0.7312500000000002 0.9171875 0.7765625000000002 0.959375 0.7765625000000002
2 0.6953125 0.4390625 0.6296875 0.4390625 0.6296875 0.4921875 0.6953125 0.4921875
2 0.4375 0.00937500000000005 0.390625 0.009375000000000046 0.390625 0.07500000000000004 0.4375 0.07500000000000004
2 0.6765625 0.6046875 0.6 0.6046875 0.6 0.6890625 0.6765625 0.6890625
2 0.525 0.24218750000000008 0.478125 0.24218750000000008 0.478125 0.2765625000000001 0.525 0.2765625000000001
2 0.3453125000000001 0.8765625 0.2640625000000001 0.8765625 0.2640625000000001 0.965625 0.3453125000000001 0.965625
2 0.40625 0.13281250000000006 0.36875 0.13281250000000006 0.36875 0.18906250000000005 0.40625 0.18906250000000005
2 0.2250000000000001 0.9109375 0.13281250000000014 0.9109375 0.13281250000000014 0.9953125 0.2250000000000001 0.9953125
2 0.9640625 0.4656250000000002 0.9046875 0.4656250000000002 0.9046875 0.5234375000000002 0.9640625 0.5234375000000002
2 0.65 0.2890625000000001 0.4609375 0.2890625000000001 0.4609375 0.5328125 0.65 0.5328125
2 0.94375 0.8828125 0.825 0.8828125 0.825 0.9765625 0.94375 0.9765625
2 0.18750000000000006 0.4953125 0.0015625000000000604 0.4953125 0.001562500000000076 0.7453125 0.18750000000000008 0.7453125
2 0.1953125 0.06562500000000002 0.1078125 0.06562500000000002 0.1078125 0.11562500000000002 0.1953125 0.11562500000000005
2 0.3765625000000001 0.7375 0.2687500000000001 0.7375 0.2687500000000001 0.88125 0.3765625000000001 0.88125
2 0.76875 0.6796875000000001 0.6 0.6796875 0.6000000000000001 0.828125 0.7687500000000002 0.828125
2 0.8890625 0.4312500000000002 0.8421875 0.4312500000000002 0.8421875 0.49218750000000017 0.8890625 0.49218750000000017
2 0.4015625 4.525452624974203e-17 0.3375 4.133182947122317e-17 0.3375 0.043750000000000046 0.4015625 0.043750000000000046
2 0.6031250000000001 0.75 0.5125000000000002 0.75 0.5125000000000002 0.8703125 0.6031250000000001 0.8703125
2 0.2640625 2.085726579797836e-17 0.0765625 9.376202055971923e-18 0.0765625 0.10312500000000002 0.2640625 0.10312500000000005
2 0.7765625 0.5859375000000002 0.7390625 0.5859375000000002 0.7390625 0.6250000000000002 0.7765625 0.6250000000000002
2 0.4546875 0.28437500000000004 0.3421875 0.284375 0.34218750000000003 0.415625 0.4546875 0.415625
2 0.9546875 0.018750000000000107 0.778125 0.018750000000000093 0.778125 0.24375000000000008 0.9546875 0.24375000000000008
2 0.91875 0.7484375000000002 0.8828125 0.7484375000000002 0.8828125 0.7765625000000002 0.91875 0.7765625000000002
2 0.9921875 0.7453125000000002 0.928125 0.7453125000000002 0.928125 0.8046875 0.9921875 0.8046875
2 0.88125 0.3984375000000001 0.8328125 0.3984375000000001 0.8328125 0.44062500000000016 0.88125 0.44062500000000016
2 0.8765625 0.3656250000000001 0.828125 0.3656250000000001 0.828125 0.39531250000000007 0.8765625 0.39531250000000007