2 0.5671875000000001 0.6765625 0.4328125 0.6765625 0.4328125000000001 0.85 0.5671875000000002 0.85
2 0.14375000000000004 0.378125 0.08750000000000005 0.378125 0.08750000000000005 0.45 0.14375000000000004 0.45
2 0.2906250000000001 0.4875 0.2484375000000001 0.4875 0.2484375000000001 0.534375 0.2906250000000001 0.534375
2 0.5953125 0.521875 0.4546875 0.521875 0.4546875 0.6546875 0.5953125 0.6546875
2 0.6734375 0.4375 0.621875 0.4375 0.621875 0.4828125 0.6734375 0.4828125
2 0.8328125 0.0062500000000001 0.7984375 0.0062500000000000975 0.7984375 0.0609375000000001 0.8328125 0.06093750000000011
2 0.7296875 0.1312500000000001 0.690625 0.1312500000000001 0.690625 0.1703125000000001 0.7296875 0.1703125000000001
2 0.6515625 0.4515625 0.5875 0.4515625 0.5875 0.5171875 0.6515625 0.5171875
2 0.871875 0.24375000000000008 0.84375 0.24375000000000008 0.84375 0.29375000000000007 0.871875 0.29375000000000007
2 1 0.6062500000000002 0.965625 0.6062500000000002 0.965625 0.6546875000000002 1 0.6546875000000002
2 0.3281250000000001 0.5671875 0.21093750000000008 0.5671875 0.21093750000000008 0.6703125 0.3281250000000001 0.6703125
2 0.5046875 0.58125 0.4484375 0.58125 0.4484375 0.63125 0.5046875 0.63125
2 0.2390625000000001 0.68125 0.13437500000000008 0.68125 0.13437500000000008 0.7765625 0.2390625000000001 0.7765625
2 0.6140625 0.12500000000000008 0.5484375 0.12500000000000008 0.5484375 0.1781250000000001 0.6140625 0.1781250000000001
2 0.20312500000000008 0.58125 0.1515625000000001 0.58125 0.1515625000000001 0.6375 0.20312500000000008 0.6375
2 0.50625 0.453125 0.45625 0.453125 0.45625 0.5203125 0.50625 0.5203125
2 0.43281250000000016 0.74375 0.26250000000000007 0.74375 0.26250000000000007 0.98125 0.43281250000000016 0.98125
2 0.5375 0.2468750000000001 0.49375 0.2468750000000001 0.49375 0.28593750000000007 0.5375 0.28593750000000007
2 0.11562500000000005 0.4234375 0.04218750000000006 0.4234375 0.04218750000000006 0.5125 0.11562500000000005 0.5125
2 0.765625 0.1218750000000001 0.71875 0.1218750000000001 0.71875 0.1828125000000001 0.765625 0.1828125000000001
2 1 0.8703125 0.9296875 0.8703125 0.9296875 0.99375 1 0.99375
2 0.15625000000000008 0.665625 0.02656250000000008 0.665625 0.02656250000000009 0.825 0.15625000000000008 0.825
2 0.45 0.35000000000000003 0.3609375 0.35 0.3609375 0.4171875 0.45 0.4171875
2 0.2593750000000001 0.5453125 0.2000000000000001 0.5453125 0.2000000000000001 0.5984375 0.2593750000000001 0.5984375
2 0.53125 0.5671875 0.3515625000000001 0.5671875 0.3515625000000001 0.6765625 0.53125 0.6765625
2 0.68125 0.27031250000000007 0.640625 0.27031250000000007 0.640625 0.3109375000000001 0.68125 0.3109375000000001
2 0.4625 0.07656250000000006 0.28125 0.07656250000000005 0.28125 0.22031250000000005 0.4625 0.22031250000000008
2 0.475 0.22812500000000008 0.4375 0.22812500000000008 0.4375 0.2906250000000001 0.475 0.2906250000000001
2 0.390625 0.05312500000000005 0.2921875 0.05312500000000005 0.2921875 0.13906250000000003 0.390625 0.13906250000000003
2 0.2890625000000001 0.7703125 0.2296875000000001 0.7703125 0.2296875000000001 0.8328125 0.2890625000000001 0.8328125
2 0.6671875 0.3421875000000001 0.615625 0.3421875000000001 0.615625 0.3890625000000001 0.6671875 0.3890625000000001
2 0.06406250000000004 0.259375 0.018750000000000034 0.259375 0.018750000000000037 0.3078125 0.06406250000000005 0.3078125
2 1 0.2671875000000001 0.984375 0.2671875000000001 0.984375 0.3421875000000001 1 0.3421875000000001
2 0.7875 0.3921875000000001 0.7546875 0.3921875000000001 0.7546875 0.4203125000000002 0.7875 0.4203125000000002
2 0.30937500000000007 0.4484375 0.2640625000000001 0.4484375 0.2640625000000001 0.49375 0.30937500000000007 0.49375
2 0.3375 0.215625 0.2546875 0.215625 0.2546875 0.3 0.3375 0.3
2 0.59375 0.22656250000000008 0.56875 0.22656250000000008 0.56875 0.25468750000000007 0.59375 0.25468750000000007
2 0.7171875 0.3750000000000001 0.6734375 0.3750000000000001 0.6734375 0.4078125 0.7171875 0.4078125
2 0.825 0.1843750000000001 0.784375 0.1843750000000001 0.784375 0.2156250000000001 0.825 0.2156250000000001
2 0.2796875000000001 0.875 0.18750000000000008 0.875 0.1875000000000001 0.93125 0.2796875000000001 0.93125
2 0.3453125000000001 0.9390625 0.2875000000000001 0.9390625 0.2875000000000001 1 0.3453125000000001 1
2 0.8953125 0.8234375 0.84375 0.8234375 0.84375 0.9046875 0.8953125 0.9046875
2 0.32031250000000006 0.2953125 0.16093750000000004 0.2953125 0.16093750000000004 0.4328125 0.3203125000000001 0.4328125
2 0.5953125 0.403125 0.55 0.403125 0.55 0.44375 0.5953125 0.44375
2 0.7984375 0.5593750000000002 0.746875 0.5593750000000002 0.746875 0.6265625000000001 0.7984375 0.6265625000000001
2 0.5171875 0.15781250000000005 0.4640625 0.15781250000000005 0.4640625 0.2078125000000001 0.5171875 0.2078125000000001
2 0.56875 0.16406250000000006 0.509375 0.16406250000000006 0.509375 0.2515625000000001 0.56875 0.2515625000000001
2 1 0.07968750000000012 0.8234375 0.0796875000000001 0.8234375 0.25468750000000007 1 0.25468750000000007
2 0.8140625 0.32500000000000007 0.7421875 0.32500000000000007 0.7421875 0.39531250000000007 0.8140625 0.39531250000000007
2 0.6625 0.3234375000000001 0.6234375 0.3234375000000001 0.6234375 0.3546875000000001 0.6625 0.3546875000000001
2 0.2296875000000001 0.7796875 0.1671875000000001 0.7796875 0.1671875000000001 0.865625 0.2296875000000001 0.865625
2 0.5046875 0.22812500000000008 0.475 0.22812500000000008 0.475 0.27031250000000007 0.5046875 0.27031250000000007
2 0.95 0.7921875000000002 0.8765625 0.7921875000000002 0.8765625 0.8515625 0.95 0.8515625
2 0.4609375000000001 0.6171875 0.33281250000000007 0.6171875 0.33281250000000007 0.7546875 0.46093750000000017 0.7546875
2 0.8171875 0.1609375000000001 0.7671875 0.1609375000000001 0.7671875 0.2015625000000001 0.8171875 0.2015625000000001
2 0.7 0.3281250000000001 0.6625 0.3281250000000001 0.6625 0.3734375000000001 0.7 0.3734375000000001
2 0.790625 0.11718750000000008 0.753125 0.11718750000000008 0.753125 0.1609375000000001 0.790625 0.1609375000000001
2 0.353125 0.2859375 0.3078125 0.2859375 0.30781250000000004 0.3765625 0.3531250000000001 0.3765625
2 0.7859375 0.4890625000000002 0.73125 0.4890625000000002 0.73125 0.5796875000000001 0.7859375 0.5796875000000001
2 0.5390625 0.3453125000000001 0.5078125 0.3453125000000001 0.5078125 0.3984375000000001 0.5390625 0.3984375000000001
2 0.690625 0.07968750000000009 0.6421875 0.07968750000000009 0.6421875 0.1375000000000001 0.690625 0.1375000000000001
2 0.8921875 0.40625000000000017 0.8609375 0.40625000000000017 0.8609375 0.4437500000000002 0.8921875 0.4437500000000002
2 0.2921875000000001 0.815625 0.2140625000000001 0.815625 0.2140625000000001 0.8796875 0.2921875000000001 0.8796875
2 0.7859375 0.06406250000000009 0.7171875 0.06406250000000009 0.7171875 0.1312500000000001 0.7859375 0.1312500000000001
2 0.9953125 0.6609375000000002 0.915625 0.6609375000000002 0.915625 0.7484375000000002 0.9953125 0.7484375000000002
2 0.12187500000000004 0.303125 3.7122106099154144e-17 0.303125 4.716803687340978e-17 0.4671875 0.12187500000000004 0.4671875
2 0.4734375 0.478125 0.4375 0.478125 0.4375 0.5375 0.4734375 0.5375
2 0.515625 0.08281250000000007 0.4734375 0.08281250000000007 0.4734375 0.12343750000000005 0.515625 0.12343750000000005
2 0.8375 0.6171875000000002 0.771875 0.6171875000000002 0.771875 0.6765625000000002 0.8375 0.6765625000000002
2 0.5562500000000001 0.8375 0.3468750000000001 0.8375 0.3468750000000001 1 0.5562500000000001 1
2 0.53125 0.28593750000000007 0.5 0.28593750000000007 0.5 0.3312500000000001 0.53125 0.3312500000000001
2 0.6140625 0.3312500000000001 0.5734375 0.3312500000000001 0.5734375 0.37968750000000007 0.6140625 0.37968750000000007
2 0.8140625 0.6343750000000001 0.5515625 0.634375 0.5515625000000001 0.8640625 0.8140625 0.8640625
2 0.9765625 0.7156250000000002 0.9078125 0.7156250000000002 0.9078125 0.7812500000000002 0.9765625 0.7812500000000002
2 0.5703125 0.34062500000000007 0.528125 0.34062500000000007 0.528125 0.3968750000000001 0.5703125 0.3968750000000001
2 0.575 0.3625000000000001 0.5453125 0.3625000000000001 0.5453125 0.4046875 0.575 0.4046875
2 0.10468750000000007 0.515625 6.31458505810354e-17 0.515625 7.26177281681907e-17 0.6703125 0.10468750000000009 0.6703125
2 0.590625 0.4609375 0.50625 0.4609375 0.50625 0.5234375 0.590625 0.5234375
2 0.1875000000000001 0.86875 0.10312500000000009 0.86875 0.1031250000000001 0.9828125 0.18750000000000014 0.9828125
2 0.640625 0.3812500000000001 0.59375 0.3812500000000001 0.59375 0.43125 0.640625 0.43125
2 0.515625 0.3968750000000001 0.425 0.3968750000000001 0.425 0.475 0.515625 0.475
2 0.8765625 0.7562500000000002 0.7546875000000002 0.7562500000000002 0.7546875000000002 0.921875 0.8765625 0.921875
2 0.16875000000000004 0.425 0.09062500000000004 0.425 0.09062500000000005 0.5296875 0.16875000000000004 0.5296875
2 0.9703125 0.6250000000000002 0.9125 0.6250000000000002 0.9125 0.6609375000000002 0.9703125 0.6609375000000002
2 0.2484375 0.2234375 0.050000000000000024 0.2234375 0.05000000000000003 0.3453125 0.2484375 0.3453125
2 0.3812500000000001 0.5625 0.3281250000000001 0.5625 0.3281250000000001 0.609375 0.3812500000000001 0.609375
2 0.790625 0.2062500000000001 0.7328125 0.2062500000000001 0.7328125 0.3140625000000001 0.790625 0.3140625000000001
2 0.22812500000000008 0.9359375 0.16718750000000013 0.9359375 0.16718750000000013 1 0.22812500000000008 1
2 0.628125 0.609375 0.5203125 0.609375 0.5203125 0.696875 0.628125 0.696875
2 0.1500000000000001 0.81875 0.0375000000000001 0.81875 0.0375000000000001 0.9421875 0.15000000000000013 0.9421875
2 0.9375 0.7578125000000002 0.890625 0.7578125000000002 0.890625 0.7953125000000002 0.9375 0.7953125000000002
2 0.921875 0.00781250000000011 0.8640625 0.007812500000000106 0.8640625 0.05937500000000011 0.921875 0.05937500000000011
2 0.6875 0.1781250000000001 0.590625 0.1781250000000001 0.590625 0.2578125000000001 0.6875 0.2578125000000001
2 0.9390625 0.9078125 0.8546875 0.9078125 0.8546875 0.9984375 0.9390625 0.9984375
2 0.3140625000000001 0.6421875 0.2171875000000001 0.6421875 0.2171875000000001 0.7140625 0.3140625000000001 0.7140625
2 0.7453125000000002 0.8328125 0.5250000000000001 0.8328125 0.5250000000000001 0.9921875 0.7453125000000002 0.9921875
2 0.865625 0.5859375000000002 0.80625 0.5859375000000002 0.80625 0.6250000000000002 0.865625 0.6250000000000002
2 1 0.7687500000000002 0.971875 0.7687500000000002 0.971875 0.9171875 1 0.9171875