2 0.5546875 0.16093750000000007 0.4234375 0.16093750000000004 0.4234375 0.3312500000000001 0.5546875 0.3312500000000001
2 0.89375 0.5531250000000002 0.8390625 0.5531250000000002 0.8390625 0.6250000000000002 0.89375 0.6250000000000002
2 0.7359375 0.4718750000000001 0.6953125 0.471875 0.6953125 0.51875 0.7359375 0.5187500000000002
2 0.5328125 0.3515625000000001 0.3953125 0.3515625000000001 0.39531250000000007 0.4828125 0.5328125 0.4828125
2 0.3703125000000001 0.521875 0.3187500000000001 0.521875 0.3187500000000001 0.565625 0.3703125000000001 0.565625
2 0.19531250000000014 0.9359375 0.16093750000000012 0.9359375 0.16093750000000012 0.990625 0.19531250000000014 0.990625
2 0.30156250000000007 0.8296875 0.26250000000000007 0.8296875 0.26250000000000007 0.86875 0.30156250000000007 0.86875
2 0.403125 0.4875 0.3390625000000001 0.4875 0.3390625000000001 0.553125 0.403125 0.553125
2 0.15000000000000008 0.709375 0.1218750000000001 0.709375 0.1218750000000001 0.7578125 0.15000000000000008 0.7578125
2 0.029687500000000044 0.353125 4.324534009489091e-17 0.353125 4.6115606030392513e-17 0.4 0.029687500000000044 0.4
2 0.7734375 0.3359375000000001 0.6578125 0.3359375000000001 0.6578125 0.4375000000000001 0.7734375 0.43750000000000017
2 0.5390625 0.3750000000000001 0.484375 0.3750000000000001 0.484375 0.425 0.5390625 0.425
2 0.8484375 0.2328125000000001 0.7453125 0.2328125000000001 0.7453125 0.3265625000000001 0.8484375 0.3265625000000001
2 0.44062500000000016 0.821875 0.3765625000000001 0.821875 0.3765625000000001 0.8734375 0.44062500000000016 0.8734375
2 0.83125 0.3703125000000001 0.78125 0.3703125000000001 0.78125 0.4265625000000002 0.83125 0.4265625000000002
2 0.5328125 0.484375 0.4828125 0.484375 0.4828125 0.5515625 0.5328125 0.5515625
2 0.7234375 0.031250000000000076 0.55625 0.03125000000000007 0.55625 0.2656250000000001 0.7234375 0.2656250000000001
2 0.4953125000000001 0.715625 0.4515625 0.715625 0.4515625000000001 0.7546875 0.49531250000000016 0.7546875
2 0.940625 0.49218750000000017 0.8671875 0.49218750000000017 0.8671875 0.5796875000000001 0.940625 0.5796875000000001
2 0.2734375000000001 0.8171875 0.22656250000000008 0.8171875 0.22656250000000008 0.8765625 0.2734375000000001 0.8765625
2 0.06406250000000001 0.018750000000000003 2.296212748401287e-18 0.01875 9.75890418070547e-18 0.140625 0.06406250000000002 0.140625
2 0.9546875 0.18437500000000012 0.828125 0.1843750000000001 0.828125 0.3421875000000001 0.9546875 0.3421875000000001
2 0.6265625 0.5875 0.5390625 0.5875 0.5390625 0.653125 0.6265625 0.653125
2 0.784375 0.4078125000000002 0.7265625 0.4078125000000002 0.7265625 0.46093750000000017 0.784375 0.46093750000000017
2 0.6359375 0.3312500000000001 0.459375 0.3312500000000001 0.459375 0.4390625 0.6359375 0.4390625
2 0.3515625000000001 0.6921875 0.3109375000000001 0.6921875 0.3109375000000001 0.73125 0.3515625000000001 0.73125
2 0.7046875000000001 0.7796875 0.5265625000000002 0.7796875 0.5265625000000002 0.9203125 0.7046875000000001 0.9203125
2 0.55 0.7109375 0.5125 0.7109375 0.5125000000000001 0.771875 0.5500000000000002 0.771875
2 0.6937500000000002 0.859375 0.5968750000000002 0.859375 0.5968750000000002 0.94375 0.6937500000000002 0.94375
2 0.7546875 0.1765625000000001 0.696875 0.1765625000000001 0.696875 0.2390625000000001 0.7546875 0.2390625000000001
2 0.3750000000000001 0.6140625 0.32500000000000007 0.6140625 0.32500000000000007 0.6609375 0.3750000000000001 0.6609375
2 0.9640625 0.6937500000000002 0.91875 0.6937500000000002 0.91875 0.7421875000000002 0.9640625 0.7421875000000002
2 0.010937500000000084 0.665625 8.15155525682457e-17 0.665625 8.562960040913134e-17 0.7328125 0.01093750000000009 0.7328125
2 0.2390625000000001 0.5828125 0.2062500000000001 0.5828125 0.2062500000000001 0.6109375 0.2390625000000001 0.6109375
2 0.721875 0.5109375 0.6765625 0.5109375 0.6765625 0.55625 0.721875 0.55625
2 0.7296875 0.7015625000000001 0.6484375 0.7015625 0.6484375000000001 0.784375 0.7296875000000002 0.7843750000000002
2 0.42187500000000017 0.746875 0.3968750000000001 0.746875 0.3968750000000001 0.775 0.42187500000000017 0.775
2 0.3187500000000001 0.5953125 0.2750000000000001 0.5953125 0.2750000000000001 0.6265625 0.3187500000000001 0.6265625
2 0.2093750000000001 0.784375 0.1687500000000001 0.784375 0.1687500000000001 0.815625 0.2093750000000001 0.815625
2 0.796875 0.07968750000000009 0.70625 0.07968750000000009 0.70625 0.13437500000000008 0.796875 0.13437500000000008
2 0.696875 0.009375000000000081 0.640625 0.009375000000000078 0.640625 0.07187500000000009 0.696875 0.07187500000000009
2 0.15000000000000002 0.1078125 0.1 0.1078125 0.10000000000000002 0.1875 0.15000000000000005 0.1875
2 0.821875 0.5703125000000001 0.665625 0.5703125 0.665625 0.70625 0.821875 0.7062500000000002
2 0.4390625 0.5609375 0.39531250000000007 0.5609375 0.39531250000000007 0.6 0.4390625 0.6
2 0.2453125000000001 0.38125 0.19531250000000006 0.38125 0.19531250000000006 0.446875 0.2453125000000001 0.446875
2 0.5234375000000002 0.7921875 0.47187500000000016 0.7921875 0.47187500000000016 0.8421875 0.5234375000000002 0.8421875
2 0.47968750000000016 0.7484375 0.4203125000000002 0.7484375 0.4203125000000002 0.834375 0.47968750000000016 0.834375
2 0.17031250000000012 0.7453125 9.127445674895118e-17 0.7453125 1.0179876517912375e-16 0.9171875 0.17031250000000014 0.9171875
2 0.2500000000000001 0.6078125 0.17968750000000008 0.6078125 0.17968750000000008 0.6765625 0.2500000000000001 0.6765625
2 0.3671875000000001 0.6484375 0.3296875000000001 0.6484375 0.3296875000000001 0.6796875 0.3671875000000001 0.6796875
2 0.815625 0.1453125000000001 0.7546875 0.1453125000000001 0.7546875 0.2296875000000001 0.815625 0.2296875000000001
2 0.5140625000000002 0.73125 0.48437500000000017 0.73125 0.48437500000000017 0.7734375 0.5140625000000002 0.7734375
2 0.11875000000000002 0.1578125 0.04687500000000002 0.1578125 0.04687500000000002 0.2171875 0.11875000000000005 0.2171875
2 0.653125 0.2531250000000001 0.528125 0.2531250000000001 0.528125 0.3890625000000001 0.653125 0.3890625000000001
2 0.2250000000000001 0.796875 0.1765625000000001 0.796875 0.1765625000000001 0.8375 0.2250000000000001 0.8375
2 0.3296875000000001 0.628125 0.2921875000000001 0.628125 0.2921875000000001 0.6734375 0.3296875000000001 0.6734375
2 0.2390625000000001 0.8390625 0.20312500000000008 0.8390625 0.20312500000000008 0.88125 0.2390625000000001 0.88125
2 0.678125 0.6265625 0.634375 0.6265625 0.634375 0.715625 0.678125 0.715625
2 0.2609375000000001 0.4265625 0.2078125000000001 0.4265625 0.2078125000000001 0.515625 0.2609375000000001 0.515625
2 0.48125 0.6046875 0.45 0.6046875 0.45 0.6578125 0.48125 0.6578125
2 0.3500000000000001 0.8625 0.30156250000000007 0.8625 0.30156250000000007 0.91875 0.3500000000000001 0.91875
2 0.13437500000000008 0.5609375 0.10312500000000009 0.5609375 0.10312500000000009 0.5984375 0.13437500000000008 0.5984375
2 0.7703125 0.1312500000000001 0.69375 0.1312500000000001 0.69375 0.1937500000000001 0.7703125 0.1937500000000001
2 0.2765625000000001 0.8671875 0.2078125000000001 0.8671875 0.2078125000000001 0.934375 0.2765625000000001 0.934375
2 0.07968750000000004 0.2609375 0.001562500000000032 0.2609375 0.0015625000000000372 0.346875 0.07968750000000005 0.346875
2 1 0.5296875000000002 0.859375 0.5296875000000002 0.859375 0.7000000000000002 1 0.7000000000000002
2 0.55 0.4671875 0.5140625 0.4671875 0.5140625 0.5265625 0.55 0.5265625
2 0.5156250000000002 0.875 0.4734375000000002 0.875 0.4734375000000002 0.915625 0.5156250000000002 0.915625
2 0.22031250000000005 0.33125 0.15625000000000006 0.33125 0.15625000000000006 0.3890625 0.22031250000000008 0.3890625
2 0.640625 0.010937500000000065 0.434375 0.010937500000000053 0.434375 0.17187500000000006 0.640625 0.17187500000000008
2 0.4875 0.6703125 0.4578125 0.6703125 0.4578125 0.715625 0.4875 0.715625
2 0.415625 0.6234375 0.3765625000000001 0.6234375 0.3765625000000001 0.671875 0.415625 0.671875
2 0.4375 0.14687500000000003 0.1796875 0.146875 0.17968750000000003 0.37343750000000003 0.4375 0.3734375000000001
2 0.08750000000000004 0.228125 0.02031250000000003 0.228125 0.020312500000000032 0.2921875 0.08750000000000005 0.2921875
2 0.4609375 0.6078125 0.4203125 0.6078125 0.4203125 0.6625 0.4609375 0.6625
2 0.44375 0.5984375 0.4140625 0.5984375 0.4140625 0.6390625 0.44375 0.6390625
2 1 0.3375000000000001 0.8765625 0.3375000000000001 0.8765625 0.4890625000000002 1 0.4890625000000002
2 0.4828125 0.48125 0.4 0.48125 0.4 0.54375 0.4828125 0.54375
2 0.8796875 0.029687500000000106 0.796875 0.0296875000000001 0.796875 0.14218750000000008 0.8796875 0.14218750000000008
2 0.3968750000000001 0.571875 0.3515625000000001 0.571875 0.3515625000000001 0.6203125 0.3968750000000001 0.6203125
2 0.5625 0.5296875 0.4734375 0.5296875 0.4734375 0.60625 0.5625 0.60625
2 0.2375 0.08906250000000002 0.11875 0.08906250000000002 0.11875000000000002 0.253125 0.2375 0.253125
2 0.8921875 0.4750000000000002 0.8140625 0.4750000000000002 0.8140625 0.5781250000000002 0.8921875 0.5781250000000002
2 0.08281250000000004 0.3453125 0.025000000000000043 0.3453125 0.025000000000000043 0.38125 0.08281250000000004 0.38125
2 0.93125 0.6562500000000002 0.7359375 0.6562500000000002 0.7359375000000001 0.7765625000000002 0.93125 0.7765625000000002
2 0.6578125 0.3968750000000001 0.60625 0.3968750000000001 0.60625 0.44375 0.6578125 0.44375
2 0.2593750000000001 0.6875 0.20312500000000008 0.6875 0.20312500000000008 0.79375 0.2593750000000001 0.79375
2 0.8171875 0.009375000000000095 0.75625 0.009375000000000092 0.75625 0.0750000000000001 0.8171875 0.07500000000000011
2 0.46875 0.31093750000000003 0.3625 0.3109375 0.36250000000000004 0.39687500000000003 0.46875 0.3968750000000001
2 0.94375 0.06875000000000012 0.8328125 0.06875000000000012 0.8328125 0.1906250000000001 0.94375 0.19062500000000013
2 0.10312500000000005 0.2140625 0.057812500000000024 0.2140625 0.057812500000000024 0.2515625 0.10312500000000005 0.2515625
2 0.12968750000000012 0.9375 0.07343750000000011 0.9375 0.07343750000000011 0.9890625 0.12968750000000012 0.9890625
2 0.4000000000000002 0.7421875 0.3046875000000001 0.7421875 0.3046875000000001 0.8203125 0.4000000000000002 0.8203125
2 0.1390625 0.01406250000000001 0.05625 0.014062500000000006 0.05625000000000001 0.103125 0.1390625 0.103125
2 0.7671875 0.2953125000000001 0.671875 0.2953125000000001 0.671875 0.3656250000000001 0.7671875 0.3656250000000001
2 0.465625 0.020312500000000042 0.2484375 0.02031250000000003 0.2484375 0.17812500000000003 0.465625 0.17812500000000003
2 0.18906250000000005 0.38125 0.12968750000000004 0.38125 0.12968750000000004 0.4203125 0.18906250000000005 0.4203125
2 0.02343750000000002 0.1015625 1.2437819053840305e-17 0.1015625 2.0474563673244812e-17 0.2328125 0.023437500000000028 0.2328125