2 0.815625 0.4015625000000001 0.63125 0.4015625 0.63125 0.5437500000000001 0.815625 0.5437500000000002
2 0.3937500000000001 0.8484375 0.31718750000000007 0.8484375 0.31718750000000007 0.9078125 0.3937500000000001 0.9078125
2 0.48125000000000007 0.69375 0.43125 0.69375 0.4312500000000001 0.7375 0.4812500000000002 0.7375
2 0.6109375 0.3703125000000001 0.4703125 0.3703125000000001 0.4703125 0.51875 0.6109375 0.51875
2 0.4265625 0.2890625000000001 0.3796875 0.2890625000000001 0.3796875 0.3437500000000001 0.4265625 0.3437500000000001
2 0.09687500000000002 0.228125 0.05468750000000002 0.228125 0.05468750000000002 0.2703125 0.09687500000000002 0.2703125
2 0.4640625 0.3109375000000001 0.39375 0.3109375000000001 0.39375000000000004 0.37968750000000007 0.4640625 0.37968750000000007
2 0.2265625 0.07812500000000003 0.1734375 0.07812500000000003 0.1734375 0.10781250000000002 0.2265625 0.10781250000000005
2 0.6265625000000001 0.653125 0.5171875 0.653125 0.5171875000000001 0.7765625 0.6265625000000001 0.7765625
2 0.5859375 0.465625 0.5328125 0.465625 0.5328125 0.525 0.5859375 0.525
2 0.7390625000000002 0.7484375000000001 0.6375000000000002 0.7484375 0.6375000000000002 0.859375 0.7390625000000002 0.859375
2 0.10468750000000004 0.35 0.04843750000000004 0.35 0.04843750000000005 0.4203125 0.10468750000000004 0.4203125
2 0.5906250000000002 0.7859375 0.5296875000000002 0.7859375 0.5296875000000002 0.840625 0.5906250000000002 0.840625
2 0.4671875 0.465625 0.39531250000000007 0.465625 0.39531250000000007 0.51875 0.4671875 0.51875
2 0.9546875 0.5421875 0.703125 0.5421875 0.703125 0.7234375000000001 0.9546875 0.7234375000000002
2 0.22031250000000008 0.43125 0.17812500000000003 0.43125 0.17812500000000003 0.478125 0.22031250000000008 0.478125
2 0.4593750000000002 0.878125 0.3656250000000001 0.878125 0.3656250000000001 0.95625 0.4593750000000002 0.95625
2 0.11093750000000005 0.190625 0.04687500000000002 0.190625 0.04687500000000003 0.240625 0.11093750000000005 0.240625
2 0.7906250000000001 0.8359375 0.6203125000000002 0.8359375 0.6203125000000002 0.9734375 0.7906250000000001 0.9734375
2 0.3578125000000001 0.5265625 0.28593750000000007 0.5265625 0.28593750000000007 0.6203125 0.3578125000000001 0.6203125
2 0.5515625000000002 0.7265625 0.4937500000000002 0.7265625 0.4937500000000002 0.7890625 0.5515625000000002 0.7890625
2 0.63125 0.4390625 0.515625 0.4390625 0.515625 0.6296875 0.63125 0.6296875
2 0.24375 0.28125 0.2015625 0.28125 0.2015625 0.325 0.24375 0.325
2 0.14843750000000006 0.5125 6.276314845630185e-17 0.5125 7.453123879185844e-17 0.7046875 0.14843750000000008 0.7046875
2 0.2234375000000001 0.496875 0.15781250000000005 0.496875 0.15781250000000005 0.5375 0.2234375000000001 0.5375
2 0.06406250000000008 0.5875 7.1947999449907e-17 0.5875 7.826258450801054e-17 0.690625 0.06406250000000009 0.690625
2 0.7984375000000001 0.6953125000000002 0.73125 0.6953125000000002 0.7312500000000001 0.7578125000000002 0.7984375000000001 0.7578125000000002
2 0.328125 0.2953125 0.278125 0.2953125 0.278125 0.35 0.328125 0.35
2 0.24218750000000008 0.934375 0.19062500000000013 0.934375 0.19062500000000013 0.9828125 0.24218750000000008 0.9828125
2 0.3609375 0.16718750000000004 0.33125 0.16718750000000004 0.33125 0.203125 0.3609375 0.203125
2 0.4390625 0.6734375 0.3906250000000001 0.6734375 0.3906250000000001 0.721875 0.4390625 0.721875
2 0.23437500000000008 0.64375 0.1453125000000001 0.64375 0.1453125000000001 0.73125 0.23437500000000008 0.73125
2 0.18593750000000003 0.3734375 0.15625000000000006 0.3734375 0.15625000000000006 0.4 0.18593750000000003 0.4
2 0.3484375 0.2421875 0.3140625 0.2421875 0.3140625 0.2890625 0.3484375 0.2890625
2 0.1453125 0.1265625 0.1125 0.1265625 0.1125 0.1703125 0.1453125 0.1703125
2 0.903125 0.7062500000000002 0.84375 0.7062500000000002 0.84375 0.803125 0.903125 0.803125
2 0.9796875 0.6359375000000002 0.9125 0.6359375000000002 0.9125 0.6968750000000001 0.9796875 0.6968750000000001
2 0.8734375 0.0546875000000001 0.7875 0.05468750000000009 0.7875 0.10781250000000009 0.8734375 0.10781250000000009
2 0.3734375000000001 0.6609375 0.22812500000000008 0.6609375 0.22812500000000008 0.8296875 0.3734375000000001 0.8296875
2 0.3859375000000001 0.37187500000000007 0.3437500000000001 0.371875 0.3437500000000001 0.41875 0.3859375000000001 0.41875
2 0.5796875 0.15625000000000006 0.5078125 0.15625000000000006 0.5078125 0.2093750000000001 0.5796875 0.2093750000000001
2 0.13593750000000004 0.453125 0.08281250000000004 0.453125 0.08281250000000005 0.509375 0.13593750000000004 0.509375
2 0.18281250000000004 0.3984375 0.08906250000000004 0.3984375 0.08906250000000006 0.4625 0.18281250000000004 0.4625
2 0.1859375 1.1481063742006437e-17 0.0015625 1.9135106236677395e-19 0.001562500000000008 0.1296875 0.1859375 0.12968750000000004
2 0.334375 0.13906250000000003 0.259375 0.13906250000000003 0.259375 0.215625 0.334375 0.215625
2 0.290625 0.3 0.2578125 0.3 0.2578125 0.340625 0.290625 0.340625
2 0.8328125 0.7578125000000002 0.7421875000000002 0.7578125000000002 0.7421875000000002 0.8234375 0.8328125 0.8234375
2 0.20312500000000008 0.4671875 0.15781250000000005 0.4671875 0.15781250000000005 0.4984375 0.20312500000000008 0.4984375
2 0.81875 9.634525990167068e-17 0.7546875 9.242256312315182e-17 0.7546875 0.0734375000000001 0.81875 0.07343750000000011
2 0.7171875 0.5140625 0.5703125 0.5140625 0.5703125 0.6484375 0.7171875 0.6484375
2 0.13125000000000003 0.1359375 0.08750000000000002 0.1359375 0.08750000000000002 0.1890625 0.13125000000000003 0.1890625
2 0.3125 0.2609375 0.2640625 0.2609375 0.2640625 0.3 0.3125 0.3
2 0.08593750000000003 0.1640625 0.03906250000000002 0.1640625 0.03906250000000002 0.203125 0.08593750000000003 0.203125
2 0.3140625000000001 0.628125 0.21875000000000008 0.628125 0.21875000000000008 0.675 0.3140625000000001 0.675
2 0.5296875 0.16875000000000004 0.4328125 0.16875000000000004 0.4328125 0.22656250000000008 0.5296875 0.22656250000000008
2 0.3390625000000001 0.43125 0.2812500000000001 0.43125 0.2812500000000001 0.4640625 0.3390625000000001 0.4640625
2 0.06093750000000003 0.2703125 3.3103733789451887e-17 0.2703125 3.626102631850366e-17 0.321875 0.06093750000000005 0.321875
2 0.3859375 0.057812500000000044 0.3453125 0.057812500000000044 0.3453125 0.09062500000000004 0.3859375 0.09062500000000004
2 0.8484375 0.6921875000000002 0.7796875 0.6921875000000002 0.7796875000000001 0.7750000000000001 0.8484375 0.7750000000000001
2 0.05625000000000002 0.1703125 2.085726579797836e-17 0.1703125 2.525834023241416e-17 0.2421875 0.05625000000000002 0.2421875
2 0.68125 7.950636641339458e-17 0.6171875 7.558366963487571e-17 0.6171875 0.03125000000000008 0.68125 0.03125000000000009
2 0.4109375000000002 0.871875 0.2375000000000001 0.871875 0.2375000000000001 1 0.4109375000000002 1
2 0.4859375 0.5 0.421875 0.5 0.421875 0.5390625 0.4859375 0.5390625
2 0.04687500000000006 0.4546875 0.0031250000000000557 0.4546875 0.0031250000000000583 0.5 0.04687500000000007 0.5
2 0.6328125 0.11562500000000009 0.5703125 0.11562500000000009 0.5703125 0.1843750000000001 0.6328125 0.1843750000000001
2 0.9765625 0.4125000000000002 0.803125 0.4125000000000002 0.803125 0.6343750000000001 0.9765625 0.6343750000000001
2 0.2671875000000001 0.4390625 0.21875000000000008 0.4390625 0.21875000000000008 0.471875 0.2671875000000001 0.471875
2 0.31875000000000003 0.3515625 0.2671875 0.3515625 0.2671875 0.39375 0.3187500000000001 0.39375
2 0.83125 0.14062500000000008 0.5875 0.14062500000000008 0.5875 0.4171875000000001 0.83125 0.41718750000000016
2 0.74375 8.677770678333199e-17 0.6734375 8.247230788007957e-17 0.6734375 0.040625000000000085 0.74375 0.04062500000000009
2 0.3359375000000001 0.3984375 0.2765625000000001 0.3984375 0.2765625000000001 0.4421875 0.3359375000000001 0.4421875
2 0.3453125000000001 0.3921875 0.30156250000000007 0.3921875 0.30156250000000007 0.4234375 0.3453125000000001 0.4234375
2 0.6265625000000001 0.8890625 0.4625000000000002 0.8890625 0.4625000000000002 1 0.6265625000000001 1
2 0.4703125 0.3750000000000001 0.403125 0.3750000000000001 0.403125 0.4640625 0.4703125 0.4640625
2 0.9578125 0.803125 0.8359375 0.803125 0.8359375 0.8921875 0.9578125 0.8921875
2 0.37343750000000003 0.32343750000000004 0.3203125 0.3234375 0.32031250000000006 0.37343750000000003 0.3734375000000001 0.3734375000000001
2 0.4203125 0.4546875 0.3375000000000001 0.4546875 0.3375000000000001 0.5515625 0.4203125 0.5515625
2 0.89375 0.0734375000000001 0.7171875 0.07343750000000009 0.7171875 0.2015625000000001 0.89375 0.2015625000000001
2 0.47656250000000017 0.821875 0.3656250000000001 0.821875 0.3656250000000001 0.9046875 0.47656250000000017 0.9046875
2 0.615625 7.328745688647442e-17 0.58125 7.11825952004399e-17 0.58125 0.03437500000000007 0.615625 0.03437500000000008
2 0.2828125000000001 0.7390625 0.1531250000000001 0.7390625 0.15312500000000012 0.9484375 0.2828125000000001 0.9484375
2 0.5625 0.5984375 0.5125 0.5984375 0.5125 0.6546875 0.5625 0.6546875
2 0.25 0.16406250000000003 0.1359375 0.1640625 0.13593750000000002 0.225 0.25 0.225
2 0.978125 0.7593750000000001 0.9078125 0.7593750000000001 0.9078125 0.825 0.978125 0.825
2 0.6546875 0.3359375000000001 0.5625 0.3359375000000001 0.5625 0.45 0.6546875 0.45
2 0.9140625 0.8421875 0.7843750000000002 0.8421875 0.7843750000000002 0.9609375 0.9140625 0.9609375
2 0.759375 0.009375000000000092 0.71875 0.009375000000000088 0.71875 0.057812500000000086 0.759375 0.057812500000000086
2 0.19062500000000004 0.2734375 0.10625000000000004 0.2734375 0.10625000000000004 0.3765625 0.19062500000000004 0.3765625
2 0.9734375 0.006250000000000114 0.8765625 0.006250000000000108 0.8765625 0.0953125000000001 0.9734375 0.0953125000000001
2 0.6718750000000001 0.66875 0.5953125 0.66875 0.5953125000000001 0.771875 0.6718750000000002 0.771875
2 0.9671875 0.21250000000000008 0.7984375 0.21250000000000008 0.7984375 0.4468750000000002 0.9671875 0.4468750000000002
2 0.5796875 0.08437500000000006 0.5375 0.08437500000000006 0.5375 0.14843750000000006 0.5796875 0.14843750000000008