2 0.5234375 0.41875 0.465625 0.41875 0.465625 0.4609375 0.5234375 0.4609375
2 0.4171875 0.4484375 0.3687500000000001 0.4484375 0.3687500000000001 0.4921875 0.4171875 0.4921875
2 0.9125 0.4968750000000002 0.7625 0.4968750000000002 0.7625 0.5968750000000002 0.9125 0.5968750000000002
2 0.6250000000000001 0.4484375 0.3828125000000001 0.4484375 0.3828125000000001 0.73125 0.6250000000000002 0.73125
2 0.63125 0.3281250000000001 0.575 0.3281250000000001 0.575 0.459375 0.63125 0.459375
2 0.9828125 0.5437500000000002 0.8984375 0.5437500000000002 0.8984375 0.6437500000000002 0.9828125 0.6437500000000002
2 0.725 0.3921875000000001 0.6703125 0.3921875000000001 0.6703125 0.45625 0.725 0.45625
2 0.3 0.07343750000000003 0.2109375 0.07343750000000002 0.2109375 0.17656250000000004 0.3 0.17656250000000004
2 1 0.5875000000000001 0.9578125 0.5875000000000001 0.9578125 0.7062500000000002 1 0.7062500000000002
2 0.15000000000000002 0.1734375 0.051562500000000025 0.1734375 0.05156250000000003 0.284375 0.15000000000000005 0.284375
2 0.4515625 0.3609375 0.346875 0.3609375 0.34687500000000004 0.45 0.4515625 0.45
2 0.74375 0.4953125000000001 0.70625 0.4953125 0.70625 0.5453125000000001 0.74375 0.5453125000000002
2 0.76875 0.4203125000000001 0.721875 0.4203125 0.721875 0.48906250000000007 0.76875 0.4890625000000002
2 0.8375 0.4281250000000002 0.8140625 0.4281250000000002 0.8140625 0.45312500000000017 0.8375 0.45312500000000017
2 0.7875 0.3671875000000001 0.734375 0.3671875000000001 0.734375 0.40156250000000016 0.7875 0.40156250000000016
2 0.5890625 0.6078125 0.3703125000000001 0.6078125 0.3703125000000001 0.775 0.5890625000000002 0.775
2 0.09375000000000003 0.19375 2.3727531733479968e-17 0.19375 2.975509019803335e-17 0.2921875 0.09375000000000004 0.2921875
2 0.1593750000000001 0.653125 0.10937500000000008 0.653125 0.10937500000000008 0.7015625 0.1593750000000001 0.7015625
2 0.9578125 0.6390625000000002 0.9265625 0.6390625000000002 0.9265625 0.6750000000000002 0.9578125 0.6750000000000002
2 0.3812500000000001 0.39687500000000003 0.2656250000000001 0.396875 0.2656250000000001 0.5484375 0.3812500000000001 0.5484375
2 0.21875000000000006 0.3296875 0.12187500000000004 0.3296875 0.12187500000000004 0.4296875 0.21875000000000008 0.4296875
2 0.546875 0.21093750000000008 0.509375 0.21093750000000008 0.509375 0.24218750000000008 0.546875 0.24218750000000008
2 0.509375 0.3828125000000001 0.484375 0.3828125000000001 0.484375 0.4125 0.509375 0.4125
2 0.38750000000000007 0.5390625 0.31718750000000007 0.5390625 0.31718750000000007 0.6265625 0.38750000000000007 0.6265625
2 0.771875 0.3375000000000001 0.7171875 0.3375000000000001 0.7171875 0.3828125000000001 0.771875 0.3828125000000001