2 0.4859375 0.45 0.44375 0.45 0.44375 0.5078125 0.4859375 0.5078125
2 0.5171875 0.55625 0.4734375 0.55625 0.4734375 0.6046875 0.5171875 0.6046875
2 0.6234375 0.06093750000000007 0.5234375 0.06093750000000007 0.5234375 0.21093750000000008 0.6234375 0.21093750000000008
2 0.7578125 0.34843750000000007 0.475 0.34843750000000007 0.475 0.5906250000000001 0.7578125 0.5906250000000002
2 0.4859375 0.34218750000000003 0.3546875 0.3421875 0.35468750000000004 0.39843750000000006 0.4859375 0.3984375000000001
2 0.66875 7.577502069724248e-17 0.56875 6.965178670150572e-17 0.56875 0.07500000000000008 0.66875 0.0750000000000001
2 0.48125 0.2484375000000001 0.4171875 0.2484375000000001 0.4171875 0.3031250000000001 0.48125 0.3031250000000001
2 0.2015625000000001 0.6734375 0.0984375000000001 0.6734375 0.0984375000000001 0.7625 0.2015625000000001 0.7625
2 0.3109375000000001 0.825 0.2000000000000001 0.825 0.2000000000000001 0.9234375 0.3109375000000001 0.9234375
2 0.4765625 0.521875 0.38750000000000007 0.521875 0.38750000000000007 0.6265625 0.4765625 0.6265625
2 0.571875 0.2296875000000001 0.521875 0.2296875000000001 0.521875 0.2671875000000001 0.571875 0.2671875000000001
2 0.515625 0.20468750000000008 0.446875 0.20468750000000008 0.446875 0.2515625000000001 0.515625 0.2515625000000001
2 0.4796875 0.13593750000000004 0.4546875 0.13593750000000004 0.4546875 0.15937500000000004 0.4796875 0.15937500000000004
2 0.4265625 0.18593750000000003 0.3921875 0.18593750000000003 0.3921875 0.2390625000000001 0.4265625 0.2390625000000001
2 0.8015625 0.3843750000000001 0.634375 0.3843750000000001 0.634375 0.6031250000000001 0.8015625 0.6031250000000001
2 0.31718750000000007 0.8796875 0.2078125000000001 0.8796875 0.2078125000000001 0.996875 0.31718750000000007 0.996875
2 0.7265625000000002 0.8140625 0.6781250000000002 0.8140625 0.6781250000000002 0.8640625 0.7265625000000002 0.8640625
2 0.7015625 0.017187500000000085 0.665625 0.017187500000000085 0.665625 0.048437500000000085 0.7015625 0.04843750000000009
2 0.5734375 0.5921875 0.421875 0.5921875 0.421875 0.7078125 0.5734375 0.7078125
2 0.45625000000000016 0.7546875 0.35625000000000007 0.7546875 0.35625000000000007 0.8515625 0.45625000000000016 0.8515625
2 0.2671875000000001 0.4265625 0.23593750000000008 0.4265625 0.23593750000000008 0.4640625 0.2671875000000001 0.4640625
2 0.4375 0.4640625 0.4078125 0.4640625 0.4078125 0.4890625 0.4375 0.4890625
2 0.6515625 0.5859375 0.5640625 0.5859375 0.5640625 0.65625 0.6515625 0.65625
2 0.4078125 0.20156250000000003 0.3625 0.2015625 0.3625 0.25625000000000003 0.4078125 0.2562500000000001