2 0.5140625 0.528125 0.4578125 0.528125 0.4578125 0.56875 0.5140625 0.56875
2 0.6078125 0.496875 0.5609375 0.496875 0.5609375 0.540625 0.6078125 0.540625
2 0.2234375000000001 0.39375 0.07656250000000005 0.39375 0.07656250000000006 0.4921875 0.2234375000000001 0.4921875
2 0.59375 0.26250000000000007 0.35625 0.2625 0.35625000000000007 0.5390625 0.59375 0.5390625
2 0.4078125 0.5296875 0.3515625000000001 0.5296875 0.3515625000000001 0.6578125 0.4078125 0.6578125
2 0.09062500000000004 0.35 0.007812500000000042 0.35 0.007812500000000049 0.4484375 0.09062500000000004 0.4484375
2 0.3125000000000001 0.5328125 0.2593750000000001 0.5328125 0.2593750000000001 0.5953125 0.3125000000000001 0.5953125
2 0.7625000000000002 0.8078125 0.6750000000000002 0.8078125 0.6750000000000002 0.9078125 0.7625000000000002 0.9078125
2 0.03125000000000004 0.2984375 3.654805291205382e-17 0.2984375 4.305398903252414e-17 0.4046875 0.03125000000000004 0.4046875
2 0.9203125 0.7000000000000002 0.8234375 0.7000000000000002 0.8234375 0.809375 0.9203125 0.809375
2 0.63125 0.5390625 0.528125 0.5390625 0.528125 0.625 0.63125 0.625
2 0.27812500000000007 0.4453125 0.2406250000000001 0.4453125 0.2406250000000001 0.49375 0.27812500000000007 0.49375
2 0.26250000000000007 0.5 0.2171875000000001 0.5 0.2171875000000001 0.5671875 0.26250000000000007 0.5671875
2 0.17187500000000006 0.534375 0.14843750000000006 0.534375 0.14843750000000006 0.559375 0.17187500000000008 0.559375
2 0.2515625000000001 0.5859375 0.2000000000000001 0.5859375 0.2000000000000001 0.6203125 0.2515625000000001 0.6203125
2 0.60625 0.22031250000000008 0.3921875 0.22031250000000008 0.3921875 0.3843750000000001 0.60625 0.3843750000000001
2 0.9921875 0.6937500000000002 0.878125 0.6937500000000002 0.878125 0.8015625 0.9921875 0.8015625
2 0.8625 0.2921875000000001 0.8125 0.2921875000000001 0.8125 0.34062500000000007 0.8625 0.34062500000000007
2 0.06250000000000004 0.3171875 0.032812500000000036 0.3171875 0.032812500000000036 0.353125 0.06250000000000004 0.353125
2 0.709375 0.4421875 0.596875 0.4421875 0.596875 0.590625 0.709375 0.590625
2 0.85 0.5578125000000002 0.7546875 0.5578125000000002 0.7546875 0.6562500000000002 0.85 0.6562500000000002
2 0.47187500000000016 0.74375 0.4343750000000002 0.74375 0.4343750000000002 0.7734375 0.47187500000000016 0.7734375
2 0.4953125 0.575 0.471875 0.575 0.471875 0.6046875 0.4953125 0.6046875
2 0.659375 0.3656250000000001 0.590625 0.3656250000000001 0.590625 0.4515625 0.659375 0.4515625
2 0.2687500000000001 0.6046875 0.2156250000000001 0.6046875 0.2156250000000001 0.6484375 0.2687500000000001 0.6484375