2 0.4515625 0.546875 0.4265625 0.546875 0.4265625 0.5640625 0.4515625 0.5640625
2 0.5890625 0.24375000000000008 0.5015625 0.24375000000000008 0.5015625 0.3359375000000001 0.5890625 0.3359375000000001
2 0.2796875000000001 0.471875 0.16250000000000003 0.471875 0.16250000000000006 0.578125 0.2796875000000001 0.578125
2 0.603125 0.5015625 0.5734375 0.5015625 0.5734375 0.534375 0.603125 0.534375
2 0.4046875 0.4015625 0.3453125000000001 0.4015625 0.3453125000000001 0.5140625 0.4046875 0.5140625
2 0.040625000000000036 0.309375 0.015625000000000038 0.309375 0.01562500000000004 0.35 0.04062500000000004 0.35
2 0.821875 0.7156250000000002 0.746875 0.7156250000000002 0.7468750000000001 0.7812500000000002 0.821875 0.7812500000000002
2 0.5953125 0.6140625 0.5296875 0.6140625 0.5296875 0.65625 0.5953125 0.65625
2 1 0.5078125000000002 0.953125 0.5078125000000002 0.953125 0.5781250000000002 1 0.5781250000000002
2 0.15625000000000006 0.5234375 0.07343750000000007 0.5234375 0.07343750000000007 0.6421875 0.15625000000000008 0.6421875
2 0.3984375 0.15468750000000003 0.3296875 0.15468750000000003 0.3296875 0.259375 0.3984375 0.2593750000000001
2 0.86875 0.5078125000000001 0.678125 0.5078125 0.678125 0.6140625000000001 0.86875 0.6140625000000002
2 0.17968750000000006 0.2171875 0.014062500000000028 0.2171875 0.014062500000000033 0.3140625 0.17968750000000006 0.3140625
2 0.7843750000000002 0.7765625 0.7156250000000002 0.7765625 0.7156250000000002 0.8671875 0.7843750000000002 0.8671875
2 0.790625 0.30937500000000007 0.728125 0.30937500000000007 0.728125 0.3765625000000001 0.790625 0.3765625000000001
2 0.8703125 0.0578125000000001 0.728125 0.057812500000000086 0.728125 0.15000000000000008 0.8703125 0.15000000000000008
2 0.7718750000000002 0.828125 0.5109375000000002 0.828125 0.5109375000000002 1 0.7718750000000002 1
2 0.8359375 0.6500000000000001 0.7921875 0.6500000000000001 0.7921875 0.6843750000000002 0.8359375 0.6843750000000002
2 0.5671875 0.41875 0.471875 0.41875 0.471875 0.49375 0.5671875 0.49375
2 0.8796875 0.39531250000000007 0.84375 0.39531250000000007 0.84375 0.4515625000000002 0.8796875 0.4515625000000002
2 0.7359375 0.1437500000000001 0.6234375 0.1437500000000001 0.6234375 0.2562500000000001 0.7359375 0.2562500000000001
2 0.2687500000000001 0.390625 0.19062500000000004 0.390625 0.19062500000000004 0.465625 0.2687500000000001 0.465625
2 0.675 0.553125 0.6046875 0.553125 0.6046875 0.61875 0.675 0.61875
2 0.7078125 0.34062500000000007 0.65625 0.34062500000000007 0.65625 0.3781250000000001 0.7078125 0.3781250000000001
2 0.5171875 0.3609375000000001 0.4296875 0.3609375000000001 0.4296875 0.45 0.5171875 0.45
2 0.290625 0.08593750000000003 0.178125 0.08593750000000003 0.17812500000000003 0.2296875 0.290625 0.2296875
2 0.4828125 0.553125 0.4515625 0.553125 0.4515625 0.6 0.4828125 0.6
2 0.032812500000000015 0.1265625 1.549943605170869e-17 0.1265625 2.0952941329161746e-17 0.215625 0.03281250000000002 0.215625
2 0.29687500000000006 0.2890625 0.2125 0.2890625 0.21250000000000005 0.4 0.2968750000000001 0.4
2 0.4125 0.5890625 0.3390625000000001 0.5890625 0.3390625000000001 0.6578125 0.4125 0.6578125
2 0.5390625 0.2890625000000001 0.490625 0.2890625000000001 0.490625 0.38750000000000007 0.5390625 0.38750000000000007
2 0.5703125 0.41875 0.4734375 0.41875 0.4734375 0.49375 0.5703125 0.49375
2 0.9109375 0.6343750000000001 0.8734375 0.6343750000000001 0.8734375 0.6828125000000002 0.9109375 0.6828125000000002
2 0.865625 0.4359375000000002 0.8234375 0.4359375000000002 0.8234375 0.47656250000000017 0.865625 0.47656250000000017
2 0.4015625 0.30937500000000007 0.3078125 0.309375 0.30781250000000004 0.39531250000000007 0.4015625 0.39531250000000007
2 0.02812500000000006 0.4921875 6.027558464553379e-17 0.4921875 6.582476545417024e-17 0.5828125 0.028125000000000067 0.5828125
2 0.8296875 0.40156250000000016 0.7859375 0.40156250000000016 0.7859375 0.43750000000000017 0.8296875 0.43750000000000017
2 0.8921875 0.6421875000000001 0.825 0.6421875000000001 0.825 0.7218750000000002 0.8921875 0.7218750000000002
2 0.12187500000000004 0.39375 0.010937500000000048 0.39375 0.010937500000000055 0.515625 0.12187500000000004 0.515625
2 0.5265625 0.625 0.4890625 0.625 0.4890625 0.6671875 0.5265625 0.6671875
2 0.8125 9.529282905865343e-17 0.74375 9.10831056865844e-17 0.74375 0.06406250000000009 0.8125 0.06406250000000009
2 0.546875 0.5234375 0.5140625 0.5234375 0.5140625 0.55625 0.546875 0.55625
2 0.09375000000000007 0.515625 0.032812500000000064 0.515625 0.032812500000000064 0.5796875 0.09375000000000007 0.5796875
2 0.5828125 0.3515625000000001 0.53125 0.3515625000000001 0.53125 0.4046875 0.5828125 0.4046875
2 0.628125 0.2828125000000001 0.571875 0.2828125000000001 0.571875 0.3609375000000001 0.628125 0.3609375000000001
2 0.2859375 0.2390625 0.2328125 0.2390625 0.2328125 0.284375 0.2859375 0.284375
2 0.4750000000000001 0.615625 0.3046875000000001 0.615625 0.3046875000000001 0.7734375 0.4750000000000002 0.7734375
2 0.8234375 0.3500000000000001 0.7796875 0.3500000000000001 0.7796875 0.40625000000000017 0.8234375 0.40625000000000017
2 0.7609375 0.4031250000000002 0.7359375 0.4031250000000002 0.7359375 0.43281250000000016 0.7609375 0.43281250000000016
2 0.6562500000000001 0.68125 0.571875 0.68125 0.5718750000000001 0.73125 0.6562500000000002 0.73125
2 0.465625 0.578125 0.428125 0.578125 0.428125 0.6125 0.465625 0.6125
2 0.5125 0.45625 0.409375 0.45625 0.409375 0.525 0.5125 0.525
2 0.04375000000000005 0.3515625 4.305398903252414e-17 0.3515625 5.032532940246154e-17 0.4703125 0.04375000000000005 0.4703125
2 0.7859375000000001 0.6390625000000001 0.665625 0.6390625 0.6656250000000001 0.7437500000000001 0.7859375000000002 0.7437500000000001