2 0.5671875 0.459375 0.54375 0.459375 0.54375 0.4765625 0.5671875 0.4765625
2 0.4953125000000001 0.6765625 0.4125 0.6765625 0.4125000000000001 0.7640625 0.49531250000000016 0.7640625
2 0.81875 0.4468750000000001 0.7078125 0.446875 0.7078125 0.5484375000000001 0.81875 0.5484375000000001
2 0.428125 0.4875 0.4 0.4875 0.4 0.51875 0.428125 0.51875
2 0.6453125 0.5078125 0.5890625 0.5078125 0.5890625 0.6140625 0.6453125 0.6140625
2 0.9578125 0.6640625000000002 0.934375 0.6640625000000002 0.934375 0.7031250000000002 0.9578125 0.7031250000000002
2 0.2625 0.253125 0.19062500000000004 0.253125 0.19062500000000004 0.315625 0.2625 0.315625
2 0.46875 0.3703125000000001 0.40625 0.3703125000000001 0.40625 0.4109375 0.46875 0.4109375
2 0.06562500000000006 0.4453125 5.4535052774530576e-17 0.4453125 5.86491006154162e-17 0.5125 0.06562500000000007 0.5125
2 0.903125 0.3859375000000001 0.8234375 0.3859375000000001 0.8234375 0.4984375000000002 0.903125 0.4984375000000002
2 0.6578125000000001 0.75 0.5937500000000002 0.75 0.5937500000000002 0.85 0.6578125000000001 0.85
2 0.3281250000000001 0.4125 0.14687500000000003 0.4125 0.14687500000000003 0.5140625 0.3281250000000001 0.5140625
2 0.959375 0.6984375000000002 0.8015625 0.6984375000000002 0.8015625 0.7906250000000001 0.959375 0.7906250000000001
2 0.2921875 0.17031250000000003 0.2265625 0.17031250000000003 0.2265625 0.25625 0.2921875 0.25625
2 0.2796875000000001 0.6390625 0.22031250000000008 0.6390625 0.22031250000000008 0.703125 0.2796875000000001 0.703125
2 0.2796875000000001 0.8546875 0.1437500000000001 0.8546875 0.1437500000000001 0.9421875 0.2796875000000001 0.9421875
2 0.4875 0.043750000000000046 0.2390625 0.04375000000000003 0.2390625 0.20781250000000004 0.4875 0.2078125000000001
2 0.21875000000000006 0.3453125 0.17812500000000003 0.3453125 0.17812500000000003 0.378125 0.21875000000000008 0.378125
2 0.5234375 0.5265625 0.4328125 0.5265625 0.4328125 0.5984375 0.5234375 0.5984375
2 0.1703125000000001 0.565625 0.1359375000000001 0.565625 0.1359375000000001 0.61875 0.1703125000000001 0.61875
2 0.37968750000000007 0.753125 0.2734375000000001 0.753125 0.2734375000000001 0.859375 0.37968750000000007 0.859375
2 0.7921875 0.5531250000000001 0.71875 0.553125 0.71875 0.6250000000000001 0.7921875 0.6250000000000002
2 0.3968750000000001 0.40625 0.3296875000000001 0.40625 0.3296875000000001 0.46875 0.3968750000000001 0.46875
2 0.3468750000000001 0.6375 0.2984375000000001 0.6375 0.2984375000000001 0.6734375 0.3468750000000001 0.6734375
2 0.5640625 0.56875 0.48125 0.56875 0.48125 0.653125 0.5640625 0.653125
2 0.803125 0.7765625 0.6968750000000001 0.7765625 0.6968750000000001 0.9140625 0.803125 0.9140625
2 0.54375 0.425 0.5140625 0.425 0.5140625 0.46875 0.54375 0.46875
2 1 0.7906250000000001 0.9421875 0.7906250000000001 0.9421875 0.890625 1 0.890625
2 0.7703125 0.6156250000000001 0.690625 0.615625 0.690625 0.7203125000000001 0.7703125 0.7203125000000001
2 0.6515625 0.3703125000000001 0.58125 0.3703125000000001 0.58125 0.4359375 0.6515625 0.4359375
2 0.50625 0.628125 0.4609375 0.628125 0.4609375 0.721875 0.50625 0.721875
2 0.521875 0.525 0.4296875 0.525 0.4296875 0.596875 0.521875 0.596875
2 0.14218750000000005 0.346875 0.10625000000000004 0.346875 0.10625000000000004 0.39375 0.14218750000000005 0.39375
2 0.18906250000000008 0.5421875 0.15000000000000005 0.5421875 0.15000000000000008 0.58125 0.18906250000000008 0.58125
2 0.6796875 0.6203125 0.590625 0.6203125 0.590625 0.7015625 0.6796875 0.7015625
2 1 0.4421875000000002 0.9453125 0.4421875000000002 0.9453125 0.5281250000000002 1 0.5281250000000002
2 0.2250000000000001 0.5796875 0.1843750000000001 0.5796875 0.1843750000000001 0.6140625 0.2250000000000001 0.6140625
2 0.18750000000000006 0.309375 0.12343750000000005 0.309375 0.12343750000000005 0.384375 0.18750000000000006 0.384375
2 0.9625 0.5062500000000002 0.85625 0.5062500000000002 0.85625 0.6218750000000002 0.9625 0.6218750000000002
2 0.5078125 0.3609375000000001 0.471875 0.3609375000000001 0.471875 0.4015625 0.5078125 0.4015625
2 0.2656250000000001 0.934375 0.2000000000000001 0.934375 0.2000000000000001 1 0.2656250000000001 1
2 0.4828125 0.4671875 0.4515625 0.4671875 0.4515625 0.4984375 0.4828125 0.4984375
2 0.9421875 0.4437500000000002 0.884375 0.4437500000000002 0.884375 0.5046875000000002 0.9421875 0.5046875000000002
2 0.4671875 0.6109375 0.41875 0.6109375 0.41875 0.6625 0.4671875 0.6625
2 0.4296875000000001 0.653125 0.3750000000000001 0.653125 0.3750000000000001 0.728125 0.42968750000000017 0.728125
2 0.7500000000000002 0.7265625000000001 0.7000000000000002 0.7265625 0.7000000000000002 0.7703125000000001 0.7500000000000002 0.7703125000000002
2 0.6828125 0.2593750000000001 0.521875 0.2593750000000001 0.521875 0.4109375 0.6828125 0.4109375
2 0.2296875000000001 0.609375 0.18906250000000008 0.609375 0.18906250000000008 0.6640625 0.2296875000000001 0.6640625
2 0.2718750000000001 0.5859375 0.2484375000000001 0.5859375 0.2484375000000001 0.6140625 0.2718750000000001 0.6140625
2 0.4296875 0.30156250000000007 0.3484375 0.3015625 0.3484375 0.34843750000000007 0.4296875 0.34843750000000007
2 0.565625 0.4125 0.5296875 0.4125 0.5296875 0.4453125 0.565625 0.4453125
2 0.584375 0.496875 0.4859375 0.496875 0.4859375 0.5625 0.584375 0.5625
2 1 0.5484375000000001 0.93125 0.5484375000000001 0.93125 0.6625000000000002 1 0.6625000000000002
2 0.33906250000000004 0.2875 0.225 0.2875 0.22500000000000003 0.3875 0.3390625000000001 0.3875