2 0.459375 0.5140625 0.434375 0.5140625 0.434375 0.53125 0.459375 0.53125
2 0.596875 0.21093750000000008 0.509375 0.21093750000000008 0.509375 0.3031250000000001 0.596875 0.3031250000000001
2 0.2875000000000001 0.4390625 0.17031250000000003 0.4390625 0.17031250000000006 0.5453125 0.2875000000000001 0.5453125
2 0.6109375 0.46875 0.58125 0.46875 0.58125 0.5015625 0.6109375 0.5015625
2 0.4125 0.36875 0.3531250000000001 0.36875 0.3531250000000001 0.48125 0.4125 0.48125
2 0.048437500000000036 0.2765625 0.023437500000000035 0.2765625 0.023437500000000035 0.3171875 0.048437500000000036 0.3171875
2 0.8296875 0.6828125000000002 0.7546875 0.6828125000000002 0.7546875000000001 0.7484375000000002 0.8296875 0.7484375000000002
2 0.603125 0.58125 0.5375 0.58125 0.5375 0.6234375 0.603125 0.6234375
2 1 0.4750000000000002 0.9609375 0.4750000000000002 0.9609375 0.5453125000000002 1 0.5453125000000002
2 0.16406250000000006 0.490625 0.08125000000000007 0.490625 0.08125000000000007 0.609375 0.16406250000000008 0.609375
2 0.40625 0.12187500000000004 0.3375 0.12187500000000004 0.3375 0.22656250000000006 0.40625 0.22656250000000008
2 0.8765625 0.4750000000000001 0.6859375 0.475 0.6859375 0.58125 0.8765625 0.5812500000000002
2 0.18750000000000006 0.184375 0.021875000000000023 0.184375 0.021875000000000026 0.28125 0.18750000000000006 0.28125
2 0.7921875000000002 0.7437500000000001 0.7234375000000002 0.74375 0.7234375000000002 0.834375 0.7921875000000002 0.834375
2 0.7984375 0.2765625000000001 0.7359375 0.2765625000000001 0.7359375 0.3437500000000001 0.7984375 0.3437500000000001
2 0.878125 0.0250000000000001 0.7359375 0.025000000000000088 0.7359375 0.11718750000000008 0.878125 0.11718750000000008
2 0.7796875000000002 0.7953125000000001 0.5187500000000002 0.7953125 0.5187500000000002 0.96875 0.7796875000000002 0.96875
2 0.84375 0.6171875000000002 0.8 0.6171875000000002 0.8 0.6515625000000002 0.84375 0.6515625000000002
2 0.575 0.3859375000000001 0.4796875 0.3859375000000001 0.4796875 0.4609375 0.575 0.4609375
2 0.8875 0.3625000000000001 0.8515625 0.3625000000000001 0.8515625 0.4187500000000002 0.8875 0.4187500000000002
2 0.74375 0.11093750000000009 0.63125 0.11093750000000009 0.63125 0.2234375000000001 0.74375 0.2234375000000001
2 0.27656250000000004 0.3578125 0.19843750000000004 0.3578125 0.19843750000000004 0.4328125 0.2765625000000001 0.4328125
2 0.6828125 0.5203125 0.6125 0.5203125 0.6125 0.5859375 0.6828125 0.5859375
2 0.715625 0.3078125000000001 0.6640625 0.3078125000000001 0.6640625 0.3453125000000001 0.715625 0.3453125000000001
2 0.525 0.3281250000000001 0.4375 0.3281250000000001 0.4375 0.4171875 0.525 0.4171875
2 0.2984375 0.05312500000000003 0.1859375 0.05312500000000002 0.18593750000000003 0.19687500000000005 0.2984375 0.19687500000000005
2 0.490625 0.5203125 0.459375 0.5203125 0.459375 0.5671875 0.490625 0.5671875
2 0.040625000000000015 0.0890625 1.0907010554906114e-17 0.0890625 1.6647542425909332e-17 0.1828125 0.04062500000000002 0.1828125
2 0.30468750000000006 0.25625 0.2203125 0.25625 0.22031250000000005 0.3671875 0.3046875000000001 0.3671875
2 0.4203125 0.55625 0.3468750000000001 0.55625 0.3468750000000001 0.625 0.4203125 0.625
2 0.546875 0.2562500000000001 0.4984375 0.2562500000000001 0.4984375 0.3546875000000001 0.546875 0.3546875000000001
2 0.578125 0.3859375000000001 0.48125 0.3859375000000001 0.48125 0.4609375 0.578125 0.4609375
2 0.91875 0.6015625000000002 0.88125 0.6015625000000002 0.88125 0.6500000000000001 0.91875 0.6500000000000001
2 0.8734375 0.4031250000000002 0.83125 0.4031250000000002 0.83125 0.4437500000000002 0.8734375 0.4437500000000002
2 0.409375 0.27656250000000004 0.315625 0.2765625 0.315625 0.36250000000000004 0.409375 0.3625000000000001
2 0.03593750000000006 0.459375 5.625721233583154e-17 0.459375 6.180639314446799e-17 0.55 0.03593750000000007 0.55
2 0.8375 0.3687500000000001 0.79375 0.3687500000000001 0.79375 0.4046875000000002 0.8375 0.4046875000000002
2 0.9015625 0.6093750000000002 0.834375 0.6093750000000002 0.834375 0.6890625000000001 0.9015625 0.6890625000000001
2 0.12968750000000004 0.3609375 0.018750000000000044 0.3609375 0.01875000000000005 0.4828125 0.12968750000000004 0.4828125
2 0.534375 0.5921875 0.496875 0.5921875 0.496875 0.634375 0.534375 0.634375
2 0.8203125 9.62495843704873e-17 0.7515625 9.203986099841827e-17 0.7515625 0.0312500000000001 0.8203125 0.0312500000000001
2 0.5546875 0.490625 0.521875 0.490625 0.521875 0.5234375 0.5546875 0.5234375
2 0.10156250000000007 0.4828125 0.04062500000000006 0.4828125 0.040625000000000064 0.546875 0.10156250000000008 0.546875
2 0.590625 0.3187500000000001 0.5390625 0.3187500000000001 0.5390625 0.37187500000000007 0.590625 0.37187500000000007
2 0.6359375 0.2500000000000001 0.5796875 0.2500000000000001 0.5796875 0.3281250000000001 0.6359375 0.3281250000000001
2 0.29375 0.20625 0.240625 0.20625 0.240625 0.2515625 0.29375 0.2515625
2 0.4828125000000001 0.5828125 0.3125000000000001 0.5828125 0.3125000000000001 0.740625 0.4828125000000002 0.740625
2 0.83125 0.31718750000000007 0.7875 0.31718750000000007 0.7875 0.3734375000000001 0.83125 0.3734375000000001
2 0.76875 0.3703125000000001 0.74375 0.3703125000000001 0.74375 0.4000000000000002 0.76875 0.4000000000000002
2 0.6640625 0.6484375 0.5796875 0.6484375 0.5796875 0.6984375 0.6640625 0.6984375
2 0.4734375 0.5453125 0.4359375 0.5453125 0.4359375 0.5796875 0.4734375 0.5796875
2 0.5203125 0.4234375 0.4171875 0.4234375 0.4171875 0.4921875 0.5203125 0.4921875
2 0.051562500000000046 0.31875 3.903561672282188e-17 0.31875 4.63069570927593e-17 0.4375 0.051562500000000046 0.4375
2 0.79375 0.6062500000000001 0.6734375 0.60625 0.6734375 0.7109375000000001 0.79375 0.7109375000000002