2 0.8421875 0.6515625000000002 0.7703125 0.6515625000000002 0.7703125000000001 0.7328125000000002 0.8421875 0.7328125000000002
2 0.953125 0.0375000000000001 0.7140625 0.03750000000000009 0.7140625 0.2750000000000001 0.953125 0.2750000000000001
2 0.2890625000000001 0.65625 0.2390625000000001 0.65625 0.2390625000000001 0.7546875 0.2890625000000001 0.7546875
2 0.17968750000000006 0.525 0.11718750000000004 0.525 0.11718750000000007 0.5875 0.17968750000000008 0.5875
2 0.959375 0.7390625000000002 0.8875 0.7390625000000002 0.8875 0.8296875 0.959375 0.8296875
2 0.7890625 0.4265625000000002 0.73125 0.4265625000000002 0.73125 0.4812500000000002 0.7890625 0.4812500000000002
2 0.6703125 0.1593750000000001 0.559375 0.1593750000000001 0.559375 0.2828125000000001 0.6703125 0.2828125000000001
2 0.14218750000000005 0.45 0.045312500000000054 0.45 0.04531250000000006 0.503125 0.14218750000000005 0.503125
2 0.61875 0.6078125 0.5703125 0.6078125 0.5703125 0.6625 0.61875 0.6625
2 0.12656250000000008 0.6546875 0.07187500000000009 0.6546875 0.07187500000000009 0.7453125 0.12656250000000008 0.7453125
2 0.3578125000000001 0.4484375 0.2671875000000001 0.4484375 0.2671875000000001 0.534375 0.3578125000000001 0.534375
2 0.9640625 0.6875000000000002 0.8828125 0.6875000000000002 0.8828125 0.7718750000000002 0.9640625 0.7718750000000002
2 0.03906250000000008 0.6046875 7.405286113594152e-17 0.6046875 7.893231322629426e-17 0.684375 0.03906250000000009 0.684375
2 0.6000000000000002 0.9703125 0.5000000000000002 0.9703125 0.5000000000000002 1 0.6000000000000002 1
2 0.2656250000000001 0.8125 0.12031250000000009 0.8125 0.12031250000000011 0.9171875 0.2656250000000001 0.9171875
2 0.5921875 0.4734375 0.490625 0.4734375 0.490625 0.5640625 0.5921875 0.5640625
2 0.546875 0.421875 0.5109375 0.421875 0.5109375 0.4453125 0.546875 0.4453125
2 0.2468750000000001 0.528125 0.21875000000000008 0.528125 0.21875000000000008 0.5765625 0.2468750000000001 0.5765625
2 0.07343750000000007 0.5671875 0.020312500000000074 0.5671875 0.020312500000000074 0.653125 0.07343750000000009 0.653125
2 0.984375 0.2984375000000001 0.8359375 0.2984375000000001 0.8359375 0.4281250000000002 0.984375 0.4281250000000002
2 0.18437500000000012 0.9328125 0.13125000000000014 0.9328125 0.13125000000000014 0.9796875 0.18437500000000012 0.9796875
2 0.4125000000000002 0.884375 0.3671875000000001 0.884375 0.3671875000000001 0.9640625 0.4125000000000002 0.9640625
2 0.559375 0.5890625 0.53125 0.5890625 0.53125 0.6140625 0.559375 0.6140625
2 0.16718750000000007 0.5421875 0.10937500000000004 0.5421875 0.10937500000000007 0.646875 0.1671875000000001 0.646875
2 0.9984375 0.7921875000000002 0.85 0.7921875000000002 0.85 0.9671875 0.9984375 0.9671875
2 0.659375 0.55625 0.5859375 0.55625 0.5859375 0.65 0.659375 0.65
2 0.37968750000000007 0.4859375 0.3531250000000001 0.4859375 0.3531250000000001 0.515625 0.37968750000000007 0.515625
2 0.09843750000000001 6.027558464553379e-18 0 0 8.132420150587892e-18 0.1328125 0.09843750000000002 0.1328125
2 0.2140625000000001 0.625 0.1531250000000001 0.625 0.1531250000000001 0.690625 0.2140625000000001 0.690625
2 0.5437500000000002 0.7390625 0.4781250000000002 0.7390625 0.4781250000000002 0.834375 0.5437500000000002 0.834375
2 0.6140625 0.51875 0.5578125 0.51875 0.5578125 0.559375 0.6140625 0.559375
2 0.5765625000000001 0.703125 0.5390625 0.703125 0.5390625000000001 0.746875 0.5765625000000002 0.746875
2 0.16250000000000003 0.4109375 0.10781250000000005 0.4109375 0.10781250000000005 0.471875 0.16250000000000003 0.471875
2 0.2156250000000001 0.3796875 0.12656250000000005 0.3796875 0.12656250000000005 0.434375 0.2156250000000001 0.434375
2 0.4546875 0.54375 0.3062500000000001 0.54375 0.3062500000000001 0.7234375 0.4546875 0.7234375
2 0.3281250000000001 0.7796875 0.2796875000000001 0.7796875 0.2796875000000001 0.840625 0.3281250000000001 0.840625
2 0.11250000000000007 0.51875 0.03593750000000007 0.51875 0.03593750000000007 0.5890625 0.11250000000000009 0.5890625
2 0.7671875 0.3968750000000001 0.7390625 0.3968750000000001 0.7390625 0.4500000000000002 0.7671875 0.4500000000000002
2 0.25468750000000007 0.9515625 0.17343750000000013 0.9515625 0.17343750000000013 1 0.25468750000000007 1
2 0.6953125 0.3593750000000001 0.5453125 0.3593750000000001 0.5453125 0.5140625 0.6953125 0.5140625
2 0.8453125 0.7906250000000001 0.7296875000000002 0.7906250000000001 0.7296875000000002 0.9171875 0.8453125 0.9171875
2 0.03750000000000007 0.4390625 5.376964852506348e-17 0.4390625 6.410260589286928e-17 0.6078125 0.037500000000000075 0.6078125
2 0.28125000000000006 0.3546875 0.253125 0.3546875 0.25312500000000004 0.3875 0.2812500000000001 0.3875
2 0.3156250000000001 0.3921875 0.2468750000000001 0.3921875 0.2468750000000001 0.471875 0.3156250000000001 0.471875
2 0.50625 0.440625 0.3734375000000001 0.440625 0.3734375000000001 0.525 0.50625 0.525
2 1 0.40156250000000016 0.8125 0.40156250000000016 0.8125 0.6296875000000002 1 0.6296875000000002
2 0.2078125000000001 0.4734375 0.13437500000000005 0.4734375 0.13437500000000005 0.54375 0.2078125000000001 0.54375
2 0.4640625000000001 0.7078125 0.4046875 0.7078125 0.4046875000000001 0.74375 0.46406250000000016 0.74375
2 0.81875 0.3937500000000001 0.7671875 0.3937500000000001 0.7671875 0.4593750000000002 0.81875 0.4593750000000002
2 0.1593750000000001 0.6359375 0.11718750000000008 0.6359375 0.11718750000000008 0.6984375 0.1593750000000001 0.6984375
2 0.2312500000000001 0.76875 0.09531250000000009 0.76875 0.0953125000000001 0.871875 0.2312500000000001 0.871875
2 0.046875000000000056 0.4515625 0.010937500000000055 0.4515625 0.010937500000000057 0.4859375 0.046875000000000056 0.4859375
2 0.13281250000000008 0.5890625 0.07656250000000006 0.5890625 0.07656250000000007 0.65625 0.13281250000000008 0.65625
2 0.09218750000000006 0.4796875 0.02187500000000006 0.4796875 0.02187500000000006 0.5203125 0.09218750000000006 0.5203125
2 0.16250000000000003 0.325 0.08593750000000004 0.325 0.08593750000000004 0.3953125 0.16250000000000003 0.3953125
2 0.6328125 0.14843750000000006 0.3421875 0.14843750000000006 0.34218750000000003 0.4328125 0.6328125 0.4328125
2 0.85625 0.5328125000000001 0.8109375 0.5328125000000001 0.8109375 0.5734375000000002 0.85625 0.5734375000000002
2 0.5875 0.5484375 0.54375 0.5484375 0.54375 0.615625 0.5875 0.615625
2 0.6093750000000002 0.80625 0.5484375000000001 0.80625 0.5484375000000001 0.9 0.6093750000000002 0.9
2 0.5296875000000002 0.7765625 0.46093750000000017 0.7765625 0.46093750000000017 0.8609375 0.5296875000000002 0.8609375
2 0.484375 0.3281250000000001 0.3796875 0.3281250000000001 0.37968750000000007 0.45 0.484375 0.45
2 0.4453125 0.51875 0.3843750000000001 0.51875 0.3843750000000001 0.5953125 0.4453125 0.5953125
2 0.21093750000000008 0.45 0.15468750000000003 0.45 0.15468750000000003 0.4953125 0.21093750000000008 0.4953125
2 0.4515625 0.59375 0.4234375 0.59375 0.4234375 0.6140625 0.4515625 0.6140625
2 0.17968750000000006 0.2484375 0.11406250000000004 0.2484375 0.11406250000000004 0.34375 0.17968750000000006 0.34375
2 0.5578125 0.575 0.4421875 0.575 0.4421875 0.6953125 0.5578125 0.6953125
2 0.80625 0.4781250000000002 0.7390625 0.4781250000000002 0.7390625 0.5687500000000002 0.80625 0.5687500000000002
2 0.2375000000000001 0.8890625 0.14843750000000008 0.8890625 0.1484375000000001 0.9546875 0.2375000000000001 0.9546875
2 0.2234375000000001 0.5796875 0.1625000000000001 0.5796875 0.1625000000000001 0.6296875 0.2234375000000001 0.6296875
2 0.07968750000000005 0.4 0.0015625000000000493 0.4 0.001562500000000053 0.4625 0.07968750000000006 0.4625
2 0.828125 0.35625000000000007 0.7734375 0.35625000000000007 0.7734375 0.44531250000000017 0.828125 0.44531250000000017
2 0.3453125000000001 0.5078125 0.23593750000000008 0.5078125 0.23593750000000008 0.615625 0.3453125000000001 0.615625
2 0.3625 0.284375 0.303125 0.284375 0.303125 0.3265625 0.3625 0.3265625
2 0.425 0.32343750000000004 0.30625 0.3234375 0.30625 0.490625 0.425 0.490625
2 0.1281250000000001 0.825 0.08906250000000011 0.825 0.08906250000000011 0.8703125 0.1281250000000001 0.8703125
2 0.31875000000000003 0.2953125 0.265625 0.2953125 0.26562500000000006 0.3984375 0.3187500000000001 0.3984375
2 0.334375 0.2109375 0.225 0.2109375 0.225 0.2984375 0.334375 0.2984375
2 0.3781250000000001 0.8265625 0.2468750000000001 0.8265625 0.2468750000000001 0.9796875 0.3781250000000001 0.9796875
2 0.5421875 0.4921875 0.41875 0.4921875 0.41875 0.6015625 0.5421875 0.6015625
2 0.4 0.5078125 0.3515625000000001 0.5078125 0.3515625000000001 0.5625 0.4 0.5625
2 0.2968750000000001 0.596875 0.22812500000000008 0.596875 0.22812500000000008 0.6609375 0.2968750000000001 0.6609375
2 0.5609375 0.4453125 0.503125 0.4453125 0.503125 0.5078125 0.5609375 0.5078125
2 0.76875 0.1921875000000001 0.6484375 0.1921875000000001 0.6484375 0.34062500000000007 0.76875 0.34062500000000007
2 0.1250000000000001 0.8796875 0.10312500000000009 0.8796875 0.1031250000000001 0.909375 0.12500000000000014 0.909375
2 0.27031250000000007 0.259375 0.16406250000000006 0.259375 0.16406250000000006 0.36875 0.27031250000000007 0.36875
2 0.7 0.4828125 0.5765625 0.4828125 0.5765625 0.559375 0.7 0.559375
2 0.8671875 0.5390625000000002 0.8375 0.5390625000000002 0.8375 0.5828125000000002 0.8671875 0.5828125000000002
2 0.12812500000000004 0.3625 0.0015625000000000443 0.3625 0.0015625000000000495 0.446875 0.12812500000000004 0.446875
2 0.9828125 0.2000000000000001 0.8765625 0.2000000000000001 0.8765625 0.3265625000000001 0.9828125 0.3265625000000001
2 0.6375000000000002 0.8921875 0.5531250000000002 0.8921875 0.5531250000000002 0.9828125 0.6375000000000002 0.9828125
2 0.2671875000000001 0.74375 0.22031250000000008 0.74375 0.22031250000000008 0.76875 0.2671875000000001 0.76875
2 0.7812500000000001 0.5109375 0.61875 0.5109375 0.6187500000000001 0.7625000000000001 0.7812500000000002 0.7625000000000002
2 0.375 0.23281250000000003 0.3015625 0.2328125 0.3015625 0.32656250000000003 0.375 0.3265625000000001
2 0.46875 0.603125 0.4453125 0.603125 0.4453125 0.64375 0.46875 0.64375
2 0.353125 0.2375 0.303125 0.2375 0.303125 0.30625 0.353125 0.30625
2 0.14062500000000006 0.2171875 0.043750000000000025 0.2171875 0.04375000000000003 0.3328125 0.14062500000000006 0.3328125
2 1 0.018750000000000114 0.871875 0.018750000000000107 0.871875 0.1953125000000001 1 0.19531250000000014