2 0.88125 0.6531250000000002 0.80625 0.6531250000000002 0.80625 0.7390625000000002 0.88125 0.7390625000000002
2 0.996875 0.012500000000000105 0.746875 0.01250000000000009 0.746875 0.2609375000000001 0.996875 0.2609375000000001
2 0.3000000000000001 0.659375 0.2484375000000001 0.659375 0.2484375000000001 0.7625 0.3000000000000001 0.7625
2 0.18593750000000006 0.521875 0.12187500000000004 0.521875 0.12187500000000007 0.5859375 0.1859375000000001 0.5859375
2 1 0.7453125000000002 0.9265625 0.7453125000000002 0.9265625 0.840625 1 0.840625
2 0.825 0.4203125000000002 0.7640625 0.4203125000000002 0.7640625 0.47656250000000017 0.825 0.47656250000000017
2 0.7 0.1390625000000001 0.5828125 0.1390625000000001 0.5828125 0.2687500000000001 0.7 0.2687500000000001
2 0.14843750000000006 0.4421875 0.04843750000000006 0.4421875 0.04843750000000006 0.4984375 0.14843750000000006 0.4984375
2 0.646875 0.6078125 0.5953125 0.6078125 0.5953125 0.665625 0.646875 0.665625
2 0.13281250000000008 0.65625 0.0750000000000001 0.65625 0.0750000000000001 0.7515625 0.13281250000000008 0.7515625
2 0.3734375000000001 0.4421875 0.2796875000000001 0.4421875 0.2796875000000001 0.53125 0.3734375000000001 0.53125
2 1 0.6906250000000002 0.921875 0.6906250000000002 0.921875 0.7796875000000002 1 0.7796875000000002
2 0.040625000000000085 0.6046875 7.405286113594152e-17 0.6046875 7.921933981984441e-17 0.6890625 0.04062500000000009 0.6890625
2 0.27812500000000007 0.8234375 0.12500000000000008 0.8234375 0.1250000000000001 0.9328125 0.27812500000000007 0.9328125
2 0.61875 0.4671875 0.5125 0.4671875 0.5125 0.5625 0.61875 0.5625
2 0.571875 0.4140625 0.534375 0.4140625 0.534375 0.4390625 0.571875 0.4390625
2 0.2578125000000001 0.5265625 0.22812500000000008 0.5265625 0.22812500000000008 0.5765625 0.2578125000000001 0.5765625
2 0.07656250000000007 0.565625 0.020312500000000067 0.565625 0.020312500000000074 0.6546875 0.07656250000000009 0.6546875
2 1 0.28593750000000007 0.871875 0.28593750000000007 0.871875 0.42187500000000017 1 0.42187500000000017
2 0.19062500000000013 0.9484375 0.13593750000000013 0.9484375 0.13593750000000013 0.996875 0.19062500000000013 0.996875
2 0.4312500000000002 0.896875 0.3828125000000001 0.896875 0.3828125000000001 0.9796875 0.4312500000000002 0.9796875
2 0.584375 0.5875 0.5546875 0.5875 0.5546875 0.6140625 0.584375 0.6140625
2 0.17500000000000007 0.5390625 0.11406250000000004 0.5390625 0.11406250000000007 0.6484375 0.1750000000000001 0.6484375
2 1 0.8 0.8875 0.8 0.8875 0.9828125 1 0.9828125
2 0.6890625 0.55625 0.6109375 0.55625 0.6109375 0.653125 0.6890625 0.653125
2 0.3968750000000001 0.48125 0.3687500000000001 0.48125 0.3687500000000001 0.5125 0.3968750000000001 0.5125
2 0.103125 6.31458505810354e-18 0 0 6.792962714020475e-18 0.1109375 0.103125 0.1109375
2 0.2234375000000001 0.6265625 0.1609375000000001 0.6265625 0.1609375000000001 0.6953125 0.2234375000000001 0.6953125
2 0.5687500000000002 0.746875 0.5000000000000002 0.746875 0.5000000000000002 0.8453125 0.5687500000000002 0.8453125
2 0.6421875 0.515625 0.584375 0.515625 0.584375 0.5578125 0.6421875 0.5578125
2 0.6031250000000001 0.7078125 0.5640625 0.7078125 0.5640625000000001 0.753125 0.6031250000000001 0.753125
2 0.16875000000000004 0.403125 0.11093750000000005 0.403125 0.11093750000000005 0.4671875 0.16875000000000004 0.4671875
2 0.2250000000000001 0.3703125 0.13281250000000006 0.3703125 0.13281250000000006 0.4265625 0.2250000000000001 0.4265625
2 0.4750000000000001 0.540625 0.3203125000000001 0.540625 0.3203125000000001 0.728125 0.4750000000000002 0.728125
2 0.3421875000000001 0.7875 0.2921875000000001 0.7875 0.2921875000000001 0.8515625 0.3421875000000001 0.8515625
2 0.11875000000000006 0.515625 0.03750000000000007 0.515625 0.037500000000000075 0.590625 0.11875000000000009 0.590625
2 0.8015625 0.38750000000000007 0.771875 0.38750000000000007 0.771875 0.4421875000000002 0.8015625 0.4421875000000002
2 0.2671875000000001 0.96875 0.18281250000000013 0.96875 0.18281250000000013 1 0.2671875000000001 1
2 0.7265625 0.34843750000000007 0.56875 0.34843750000000007 0.56875 0.5093750000000001 0.7265625 0.5093750000000001
2 0.884375 0.8 0.7625000000000002 0.8 0.7625000000000002 0.9328125 0.884375 0.9328125
2 0.03906250000000007 0.43125 5.281289321322961e-17 0.43125 6.362422823695234e-17 0.6078125 0.039062500000000076 0.6078125
2 0.29218750000000004 0.34375 0.2640625 0.34375 0.26406250000000003 0.378125 0.2921875000000001 0.378125
2 0.3296875000000001 0.3828125 0.2578125000000001 0.3828125 0.2578125000000001 0.465625 0.3296875000000001 0.465625
2 0.5296875 0.434375 0.3906250000000001 0.434375 0.3906250000000001 0.521875 0.5296875 0.521875
2 1 0.39531250000000007 0.8484375 0.39531250000000007 0.8484375 0.6109375000000001 1 0.6109375000000001
2 0.2171875000000001 0.4671875 0.14062500000000006 0.4671875 0.14062500000000006 0.540625 0.2171875000000001 0.540625
2 0.4859375000000001 0.7125 0.4234375 0.7125 0.4234375000000001 0.75 0.4859375000000002 0.75
2 0.8546875 0.3843750000000001 0.8015625 0.3843750000000001 0.8015625 0.45312500000000017 0.8546875 0.45312500000000017
2 0.1671875000000001 0.6375 0.12343750000000009 0.6375 0.12343750000000009 0.703125 0.1671875000000001 0.703125
2 0.24218750000000008 0.7765625 0.10000000000000009 0.7765625 0.10000000000000009 0.884375 0.24218750000000008 0.884375
2 0.05000000000000006 0.4453125 0.010937500000000055 0.4453125 0.010937500000000057 0.48125 0.050000000000000065 0.48125
2 0.1375000000000001 0.5890625 0.07812500000000007 0.5890625 0.07812500000000008 0.659375 0.1375000000000001 0.659375
2 0.09687500000000007 0.475 0.023437500000000056 0.475 0.02343750000000006 0.5171875 0.09687500000000007 0.5171875
2 0.17031250000000003 0.3140625 0.08906250000000004 0.3140625 0.08906250000000004 0.3875 0.17031250000000003 0.3875
2 0.659375 0.12968750000000007 0.35625 0.12968750000000004 0.35625000000000007 0.4265625 0.659375 0.4265625
2 0.89375 0.5296875000000002 0.846875 0.5296875000000002 0.846875 0.5734375000000002 0.89375 0.5734375000000002
2 0.6140625 0.546875 0.56875 0.546875 0.56875 0.6171875 0.6140625 0.6171875
2 0.6375000000000002 0.815625 0.5734375000000002 0.815625 0.5734375000000002 0.9140625 0.6375000000000002 0.9140625
2 0.5546875000000002 0.7859375 0.4828125000000002 0.7859375 0.4828125000000002 0.8734375 0.5546875000000002 0.8734375
2 0.5078125 0.3156250000000001 0.396875 0.3156250000000001 0.39687500000000003 0.44375 0.5078125 0.44375
2 0.465625 0.515625 0.403125 0.515625 0.403125 0.5953125 0.465625 0.5953125
2 0.22031250000000008 0.44375 0.16250000000000003 0.44375 0.16250000000000003 0.490625 0.22031250000000008 0.490625
2 0.471875 0.59375 0.4421875 0.59375 0.4421875 0.615625 0.471875 0.615625
2 0.18750000000000006 0.2328125 0.12031250000000004 0.2328125 0.12031250000000004 0.3328125 0.18750000000000006 0.3328125
2 0.5828125 0.5734375 0.4609375 0.5734375 0.4609375 0.7 0.5828125 0.7
2 0.840625 0.4734375000000002 0.771875 0.4734375000000002 0.771875 0.5671875000000002 0.840625 0.5671875000000002
2 0.2484375000000001 0.9015625 0.1546875000000001 0.9015625 0.15468750000000012 0.9703125 0.2484375000000001 0.9703125
2 0.2328125000000001 0.5796875 0.1687500000000001 0.5796875 0.1687500000000001 0.6328125 0.2328125000000001 0.6328125
2 0.08281250000000005 0.390625 0.0015625000000000478 0.390625 0.0015625000000000521 0.45625 0.08281250000000007 0.45625
2 0.865625 0.3453125000000001 0.8078125 0.3453125000000001 0.8078125 0.4390625000000002 0.865625 0.4390625000000002
2 0.3609375000000001 0.503125 0.2468750000000001 0.503125 0.2468750000000001 0.615625 0.3609375000000001 0.615625
2 0.378125 0.27031250000000007 0.3171875 0.2703125 0.3171875 0.3140625 0.378125 0.3140625000000001
2 0.44375 0.31250000000000006 0.31875 0.3125 0.31875000000000003 0.4875 0.44375 0.4875
2 0.13437500000000008 0.8359375 0.09375000000000011 0.8359375 0.09375000000000011 0.8828125 0.13437500000000008 0.8828125
2 0.33281250000000007 0.2828125 0.2765625 0.2828125 0.27656250000000004 0.390625 0.33281250000000007 0.390625
2 0.35 0.19375000000000003 0.2359375 0.19375000000000003 0.2359375 0.2859375 0.35 0.2859375
2 0.39531250000000007 0.8375 0.2578125000000001 0.8375 0.2578125000000001 0.996875 0.39531250000000007 0.996875
2 0.5671875 0.4875 0.4375 0.4875 0.4375 0.6015625 0.5671875 0.6015625
2 0.4171875 0.503125 0.3671875000000001 0.503125 0.3671875000000001 0.559375 0.4171875 0.559375
2 0.3109375000000001 0.596875 0.2390625000000001 0.596875 0.2390625000000001 0.6625 0.3109375000000001 0.6625
2 0.5875 0.4390625 0.5265625 0.4390625 0.5265625 0.5046875 0.5875 0.5046875
2 0.803125 0.17343750000000008 0.6765625 0.17343750000000008 0.6765625 0.3281250000000001 0.803125 0.3281250000000001
2 0.12968750000000012 0.89375 0.1062500000000001 0.89375 0.10625000000000011 0.925 0.12968750000000012 0.925
2 0.2828125 0.24375 0.17187500000000006 0.24375 0.17187500000000006 0.359375 0.2828125 0.359375
2 0.7328125 0.4781250000000001 0.603125 0.478125 0.603125 0.5578125 0.7328125 0.5578125000000002
2 0.90625 0.5375000000000002 0.875 0.5375000000000002 0.875 0.5828125000000002 0.90625 0.5828125000000002
2 0.13281250000000006 0.3515625 0.001562500000000043 0.3515625 0.0015625000000000482 0.4390625 0.13281250000000006 0.4390625
2 1 0.19375000000000014 0.915625 0.19375000000000014 0.915625 0.3140625000000001 1 0.3140625000000001
2 0.6656250000000001 0.90625 0.5781250000000002 0.90625 0.5781250000000002 1 0.6656250000000001 1
2 0.27812500000000007 0.7515625 0.2296875000000001 0.7515625 0.2296875000000001 0.778125 0.27812500000000007 0.778125
2 0.815625 0.5078125000000001 0.646875 0.5078125 0.6468750000000001 0.7703125000000001 0.815625 0.7703125000000002
2 0.390625 0.21562500000000004 0.3140625 0.215625 0.3140625 0.3140625 0.390625 0.3140625000000001
2 0.4890625 0.603125 0.465625 0.603125 0.465625 0.6453125 0.4890625 0.6453125
2 0.3703125 0.22031250000000005 0.3171875 0.2203125 0.3171875 0.29218750000000004 0.3703125 0.2921875000000001
2 0.14687500000000003 0.2 0.04531250000000002 0.2 0.04531250000000003 0.321875 0.14687500000000003 0.321875
2 1 1.1710685016846565e-16 0.9125 1.1174902042219599e-16 0.9125 0.17656250000000012 1 0.17656250000000012