2 0.35625000000000007 0.7609375 0.2734375000000001 0.7609375 0.2734375000000001 0.834375 0.35625000000000007 0.834375
2 0.9765625 0.7046875000000001 0.7359375 0.7046875000000001 0.7359375000000001 0.9453125 0.9765625 0.9453125
2 0.3515625 0.2234375 0.2515625 0.2234375 0.2515625 0.2734375 0.3515625 0.2734375
2 0.4828125 0.10000000000000005 0.4203125 0.10000000000000005 0.4203125 0.16250000000000003 0.4828125 0.16250000000000003
2 0.2671875000000001 0.878125 0.1750000000000001 0.878125 0.1750000000000001 0.9515625 0.2671875000000001 0.9515625
2 0.5828125000000001 0.7203125 0.528125 0.7203125 0.5281250000000001 0.7796875 0.5828125000000002 0.7796875
2 0.853125 0.5468750000000002 0.728125 0.5468750000000002 0.728125 0.6593750000000002 0.853125 0.6593750000000002
2 0.5609375 0.028125000000000067 0.50625 0.028125000000000067 0.50625 0.12500000000000006 0.5609375 0.12500000000000008
2 0.4015625 0.5578125 0.3453125000000001 0.5578125 0.3453125000000001 0.6078125 0.4015625 0.6078125
2 0.353125 0.054687500000000035 0.2609375 0.05468750000000002 0.2609375 0.10937500000000004 0.353125 0.10937500000000004
2 0.5609375 0.2515625000000001 0.475 0.2515625000000001 0.475 0.3421875000000001 0.5609375 0.3421875000000001
2 0.3203125000000001 0.875 0.23437500000000008 0.875 0.23437500000000008 0.9578125 0.3203125000000001 0.9578125
2 0.396875 4.439344646909155e-17 0.328125 4.0183723097022526e-17 0.328125 0.021875000000000044 0.396875 0.02187500000000005
2 0.032812500000000064 0.4875 5.970153145843348e-17 0.4875 6.582476545417024e-17 0.5875 0.032812500000000064 0.5875
2 0.1921875 0.10468750000000002 0.08593750000000003 0.1046875 0.08593750000000003 0.2515625 0.19218750000000004 0.2515625
2 0.5359375 0.4765625 0.44375 0.4765625 0.44375 0.5796875 0.5359375 0.5796875
2 0.5875 0.4984375 0.5640625 0.4984375 0.5640625 0.534375 0.5875 0.534375
2 0.4796875 0.2015625000000001 0.43125 0.2015625000000001 0.43125 0.2312500000000001 0.4796875 0.2312500000000001
2 0.440625 0.0031250000000000487 0.3546875 0.003125000000000043 0.3546875 0.05625000000000004 0.440625 0.05625000000000004
2 0.7125000000000001 0.8265625 0.5812500000000002 0.8265625 0.5812500000000002 0.9765625 0.7125000000000001 0.9765625
2 0.07031250000000003 0.1140625 0.023437500000000017 0.1140625 0.02343750000000002 0.1671875 0.07031250000000003 0.1671875
2 0.12031250000000004 0.353125 0.03906250000000004 0.353125 0.03906250000000004 0.4 0.12031250000000004 0.4
2 0.4203125 0.5171875 0.3937500000000001 0.5171875 0.3937500000000001 0.546875 0.4203125 0.546875
2 0.4671875 0.09218750000000006 0.3609375 0.09218750000000005 0.3609375 0.15156250000000004 0.4671875 0.15156250000000004
2 0.2140625000000001 0.840625 0.0375000000000001 0.840625 0.03750000000000011 0.990625 0.2140625000000001 0.990625
2 0.4515625 0.5734375 0.3578125000000001 0.5734375 0.3578125000000001 0.6484375 0.4515625 0.6484375
2 0.5234375 0.3390625000000001 0.49375 0.3390625000000001 0.49375 0.3671875000000001 0.5234375 0.3671875000000001
2 1 1.1557604166953146e-16 0.8875 1.086874034243276e-16 0.8875 0.08125000000000013 1 0.08125000000000013
2 0.3828125 0.13750000000000004 0.3171875 0.13750000000000004 0.3171875 0.19843750000000004 0.3828125 0.19843750000000004
2 0.2656250000000001 0.465625 0.17031250000000003 0.465625 0.17031250000000003 0.5328125 0.2656250000000001 0.5328125
2 0.4890625 0.546875 0.4484375 0.546875 0.4484375 0.603125 0.4890625 0.603125
2 0.3046875000000001 0.528125 0.2593750000000001 0.528125 0.2593750000000001 0.565625 0.3046875000000001 0.565625
2 0.5984375 0.09062500000000007 0.5375 0.09062500000000007 0.5375 0.14687500000000006 0.5984375 0.1468750000000001
2 0.6296875 0.11093750000000009 0.575 0.11093750000000009 0.575 0.2015625000000001 0.6296875 0.2015625000000001
2 0.465625 0.29218750000000004 0.284375 0.2921875 0.28437500000000004 0.4421875 0.465625 0.4421875
2 0.2265625 0.2640625 0.16562500000000005 0.2640625 0.16562500000000005 0.3125 0.2265625 0.3125
2 0.490625 0.018750000000000055 0.41875 0.01875000000000005 0.41875 0.09687500000000006 0.490625 0.09687500000000007
2 0.6140625000000002 0.7296875 0.5609375000000002 0.7296875 0.5609375000000002 0.7578125 0.6140625000000002 0.7578125
2 0.051562500000000025 0.1578125 1.932645729904417e-17 0.1578125 2.4397260451763677e-17 0.240625 0.051562500000000025 0.240625
2 0.6515625 0.5328125 0.4953125 0.5328125 0.4953125 0.6859375 0.6515625 0.6859375
2 0.2140625000000001 0.7203125 0.08593750000000008 0.7203125 0.0859375000000001 0.8375 0.2140625000000001 0.8375
2 0.65625 0.2375000000000001 0.6234375 0.2375000000000001 0.6234375 0.2656250000000001 0.65625 0.2656250000000001
2 0.61875 0.2328125000000001 0.5390625 0.2328125000000001 0.5390625 0.30156250000000007 0.61875 0.30156250000000007
2 0.56875 0.3593750000000001 0.4828125 0.3593750000000001 0.4828125 0.49375 0.56875 0.49375
2 0.6078125000000002 0.803125 0.3781250000000001 0.803125 0.3781250000000001 1 0.6078125000000002 1
2 0.5359375 0.11718750000000004 0.4640625 0.11718750000000004 0.4640625 0.19218750000000004 0.5359375 0.19218750000000004
2 0.2984375000000001 0.390625 0.26250000000000007 0.390625 0.26250000000000007 0.4515625 0.2984375000000001 0.4515625
2 0.6171875000000002 0.7578125 0.5500000000000002 0.7578125 0.5500000000000002 0.809375 0.6171875000000002 0.809375
2 0.371875 0.10156250000000004 0.3078125 0.10156250000000004 0.3078125 0.14375000000000004 0.371875 0.14375000000000004
2 0.2375 0.07968750000000002 0.1328125 0.07968750000000002 0.13281250000000003 0.2171875 0.2375 0.2171875
2 0.5578125 6.620746757890379e-17 0.5234375 6.410260589286927e-17 0.5234375 0.029687500000000068 0.5578125 0.029687500000000068
2 0.41875 0.059375000000000046 0.35 0.059375000000000046 0.35 0.11562500000000005 0.41875 0.11562500000000005
2 0.5296875 0.004687500000000062 0.4890625 0.00468750000000006 0.4890625 0.07500000000000007 0.5296875 0.07500000000000007
2 0.684375 0.06875000000000007 0.6140625 0.06875000000000006 0.6140625 0.1468750000000001 0.684375 0.1468750000000001
2 0.8640625 0.3265625000000001 0.5765625 0.3265625000000001 0.5765625 0.6203125 0.8640625 0.6203125000000002
2 0.47656250000000017 0.8015625 0.4343750000000002 0.8015625 0.4343750000000002 0.846875 0.47656250000000017 0.846875
2 0.459375 0.5328125 0.3921875000000001 0.5328125 0.3921875000000001 0.5765625 0.459375 0.5765625
2 0.19843750000000007 0.5375 0.10312500000000005 0.5375 0.10312500000000006 0.5984375 0.1984375000000001 0.5984375
2 0.22812500000000008 0.4484375 0.14375000000000004 0.4484375 0.14375000000000004 0.51875 0.22812500000000008 0.51875
2 0.6828125 0.3656250000000001 0.559375 0.3656250000000001 0.559375 0.471875 0.6828125 0.471875
2 0.490625 0.37187500000000007 0.4140625 0.37187500000000007 0.4140625 0.4328125 0.490625 0.4328125
2 0.559375 0.13906250000000006 0.5140625 0.13906250000000003 0.5140625 0.19531250000000006 0.559375 0.19531250000000008
2 0.4140625 0.409375 0.3921875000000001 0.409375 0.3921875000000001 0.4390625 0.4140625 0.4390625
2 0.7640625 0.0984375000000001 0.6671875 0.0984375000000001 0.6671875 0.16406250000000008 0.7640625 0.16406250000000008
2 0.4328125 0.428125 0.3109375000000001 0.428125 0.3109375000000001 0.5453125 0.4328125 0.5453125
2 0.5312500000000002 0.7296875 0.44062500000000016 0.7296875 0.44062500000000016 0.796875 0.5312500000000002 0.796875
2 0.11562500000000002 0.1328125 0.050000000000000024 0.1328125 0.050000000000000024 0.2234375 0.11562500000000005 0.2234375
2 0.428125 0.14687500000000003 0.378125 0.14687500000000003 0.378125 0.2078125000000001 0.428125 0.2078125000000001
2 0.6109375 7.089556860688975e-17 0.546875 6.697287182837088e-17 0.546875 0.06250000000000007 0.6109375 0.06250000000000007
2 0.6546875000000002 0.7640625 0.5640625000000001 0.7640625 0.5640625000000001 0.8203125 0.6546875000000002 0.8203125
2 0.5015625 0.22031250000000008 0.3921875 0.22031250000000008 0.3921875 0.3312500000000001 0.5015625 0.3312500000000001
2 0.7265625 0.2890625000000001 0.684375 0.2890625000000001 0.684375 0.34843750000000007 0.7265625 0.34843750000000007
2 0.6859375 0.2906250000000001 0.5171875 0.2906250000000001 0.5171875 0.4109375 0.6859375 0.4109375
2 0.1796875 0.07187500000000002 0.134375 0.07187500000000002 0.134375 0.1109375 0.1796875 0.1109375
2 0.715625 0.2500000000000001 0.6125 0.2500000000000001 0.6125 0.3046875000000001 0.715625 0.3046875000000001
2 0.8015625 0.2093750000000001 0.7125 0.2093750000000001 0.7125 0.3203125000000001 0.8015625 0.3203125000000001
2 0.17968750000000006 0.2328125 0.025000000000000033 0.2328125 0.02500000000000004 0.365625 0.17968750000000006 0.365625
2 0.5171875 0.4046875 0.40625 0.4046875 0.40625 0.5296875 0.5171875 0.5296875
2 0.5015625 0.3375000000000001 0.446875 0.3375000000000001 0.446875 0.3859375000000001 0.5015625 0.3859375000000001
2 0.4109375 0.21250000000000005 0.346875 0.2125 0.346875 0.2828125 0.4109375 0.2828125000000001
2 0.5640625 0.490625 0.5 0.490625 0.5 0.55 0.5640625 0.55
2 0.8203125 0.6375000000000001 0.6703125 0.6375 0.6703125000000001 0.7593750000000001 0.8203125 0.7593750000000001
2 0.125 0.08437500000000002 0.09375 0.08437500000000002 0.09375000000000001 0.1078125 0.125 0.1078125
2 0.7515625 0.14843750000000008 0.640625 0.14843750000000008 0.640625 0.2562500000000001 0.7515625 0.2562500000000001
2 0.5265625 0.565625 0.45 0.565625 0.45 0.690625 0.5265625 0.690625
2 0.46875000000000017 0.8296875 0.42500000000000016 0.8296875 0.42500000000000016 0.859375 0.46875000000000017 0.859375
2 0.6484375 7.424421219830829e-17 0.5640625 6.907773351440539e-17 0.5640625 0.11093750000000009 0.6484375 0.11093750000000009
2 0.8125 0.86875 0.6843750000000002 0.86875 0.6843750000000002 0.9765625 0.8125 0.9765625
2 0.11093750000000006 0.540625 0.020312500000000067 0.540625 0.020312500000000074 0.625 0.11093750000000009 0.625
2 0.2609375 0.2046875 0.2359375 0.2046875 0.2359375 0.2515625 0.2609375 0.2515625
2 0.4984375000000001 0.6078125 0.24375000000000008 0.6078125 0.24375000000000008 0.771875 0.4984375000000002 0.771875
2 0.7796875 0.2875000000000001 0.684375 0.2875000000000001 0.684375 0.3609375000000001 0.7796875 0.3609375000000001
2 0.4046875 0.4328125 0.36406250000000007 0.4328125 0.36406250000000007 0.45625 0.4046875 0.45625
2 0.775 0.2890625000000001 0.7046875 0.2890625000000001 0.7046875 0.34062500000000007 0.775 0.34062500000000007
2 0.79375 0.028125000000000087 0.6765625 0.028125000000000077 0.6765625 0.12500000000000008 0.79375 0.12500000000000008
2 0.996875 0.8640625 0.8171875 0.8640625 0.8171875 1 0.996875 1