2 0.4953125 0.665625 0.4375 0.665625 0.4375 0.709375 0.4953125 0.709375
2 0.7890625000000002 0.7312500000000001 0.7078125000000002 0.73125 0.7078125000000002 0.8015625 0.7890625000000002 0.8015625
2 0.8765625 0.3937500000000001 0.725 0.3937500000000001 0.725 0.5312500000000001 0.8765625 0.5312500000000002
2 0.559375 0.403125 0.521875 0.403125 0.521875 0.4359375 0.559375 0.4359375
2 0.7125000000000001 0.6671875 0.65 0.6671875 0.6500000000000001 0.7421875 0.7125000000000001 0.7421875
2 0.5828125 0.6203125 0.4953125 0.6203125 0.4953125 0.70625 0.5828125 0.70625
2 0.959375 0.3546875000000001 0.9140625 0.3546875000000001 0.9140625 0.4234375000000002 0.959375 0.4234375000000002
2 0.915625 0.7640625000000002 0.7953125000000002 0.7640625000000002 0.7953125000000002 0.846875 0.915625 0.846875
2 0.9140625 0.3578125000000001 0.84375 0.3578125000000001 0.84375 0.4109375000000002 0.9140625 0.4109375000000002
2 0.928125 0.5671875000000002 0.8328125 0.5671875000000002 0.8328125 0.6968750000000001 0.928125 0.6968750000000001
2 0.9359375 0.3765625000000001 0.9 0.3765625000000001 0.9 0.4234375000000002 0.9359375 0.4234375000000002
2 0.31718750000000007 0.275 0.2046875 0.275 0.20468750000000005 0.390625 0.31718750000000007 0.390625
2 0.7390625 0.31718750000000007 0.70625 0.31718750000000007 0.70625 0.3546875000000001 0.7390625 0.3546875000000001
2 0.6812500000000001 0.73125 0.5390625000000002 0.73125 0.5390625000000002 0.8859375 0.6812500000000001 0.8859375
2 0.2578125 0.1765625 0.1453125 0.1765625 0.1453125 0.284375 0.2578125 0.284375
2 0.3609375 0.275 0.3 0.275 0.30000000000000004 0.365625 0.3609375000000001 0.365625
2 0.30156250000000007 0.7359375 0.03593750000000009 0.7359375 0.03593750000000011 0.953125 0.30156250000000007 0.953125
2 0.565625 0.48125 0.496875 0.48125 0.496875 0.58125 0.565625 0.58125
2 0.940625 0.4468750000000002 0.83125 0.4468750000000002 0.83125 0.5890625000000002 0.940625 0.5890625000000002
2 0.715625 0.3203125000000001 0.6796875 0.3203125000000001 0.6796875 0.3687500000000001 0.715625 0.3687500000000001
2 0.98125 0.1562500000000001 0.90625 0.15625000000000008 0.90625 0.2453125000000001 0.98125 0.2453125000000001
2 0.8046875 0.2968750000000001 0.76875 0.2968750000000001 0.76875 0.3343750000000001 0.8046875 0.3343750000000001
2 0.16562500000000005 0.2984375 0.10468750000000004 0.2984375 0.10468750000000004 0.3828125 0.16562500000000005 0.3828125
2 0.934375 0.40625000000000017 0.8578125 0.40625000000000017 0.8578125 0.4734375000000002 0.934375 0.4734375000000002
2 0.6359375 0.428125 0.58125 0.428125 0.58125 0.4875 0.6359375 0.4875
2 0.6828125 0.5171875 0.6453125 0.5171875 0.6453125 0.5546875 0.6828125 0.5546875
2 0.4968750000000002 0.8234375 0.4109375000000002 0.8234375 0.4109375000000002 0.9796875 0.4968750000000002 0.9796875
2 0.7859375 0.3218750000000001 0.734375 0.3218750000000001 0.734375 0.38750000000000007 0.7859375 0.38750000000000007
2 0.9875 0.5656250000000002 0.9078125 0.5656250000000002 0.9078125 0.6421875000000001 0.9875 0.6421875000000001
2 0.2656250000000001 0.915625 0.11875000000000013 0.915625 0.11875000000000013 1 0.2656250000000001 1
2 0.696875 0.5453125 0.65625 0.5453125 0.65625 0.6234375 0.696875 0.6234375
2 0.6578125 0.48125 0.6125 0.48125 0.6125 0.528125 0.6578125 0.528125
2 0.640625 0.403125 0.6046875 0.403125 0.6046875 0.434375 0.640625 0.434375
2 0.709375 0.5890625 0.6125 0.5890625 0.6125 0.6859375 0.709375 0.6859375
2 0.6609375 0.4921875 0.5609375 0.4921875 0.5609375 0.5921875 0.6609375 0.5921875
2 0.31718750000000007 0.4609375 0.18437500000000004 0.4609375 0.18437500000000007 0.646875 0.31718750000000007 0.646875
2 0.96875 0.4468750000000002 0.9109375 0.4468750000000002 0.9109375 0.5125000000000002 0.96875 0.5125000000000002
2 0.5734375 0.7078125 0.44375 0.7078125 0.4437500000000001 0.8375 0.5734375000000002 0.8375
2 0.728125 0.3906250000000001 0.6671875 0.3906250000000001 0.6671875 0.4562500000000001 0.728125 0.45625000000000016
2 0.37187500000000007 0.771875 0.2890625000000001 0.771875 0.2890625000000001 0.8671875 0.37187500000000007 0.8671875
2 0.684375 0.3218750000000001 0.6328125 0.3218750000000001 0.6328125 0.3656250000000001 0.684375 0.3656250000000001
2 0.484375 0.5921875 0.40625 0.5921875 0.40625 0.6515625 0.484375 0.6515625
2 0.990625 0.7828125000000001 0.9125 0.7828125000000001 0.9125 0.875 0.990625 0.875
2 0.4656250000000002 0.75625 0.3468750000000001 0.75625 0.3468750000000001 0.8515625 0.4656250000000002 0.8515625
2 0.7421875 0.4625000000000001 0.6984375 0.4625 0.6984375 0.5171875000000001 0.7421875 0.5171875000000001
2 0.6546875000000001 0.66875 0.5671875 0.66875 0.5671875000000001 0.734375 0.6546875000000002 0.734375
2 0.10000000000000009 0.6953125 8.51512227532144e-17 0.6953125 9.739769074468794e-17 0.8953125 0.10000000000000009 0.8953125
2 0.63125 0.5453125 0.5484375 0.5453125 0.5484375 0.6703125 0.63125 0.6703125
2 0.2921875000000001 0.3671875 0.22031250000000008 0.3671875 0.22031250000000008 0.4359375 0.2921875000000001 0.4359375
2 0.22343750000000004 0.3453125 0.16562500000000005 0.3453125 0.16562500000000005 0.4109375 0.2234375000000001 0.4109375
2 0.9609375 0.2593750000000001 0.890625 0.2593750000000001 0.890625 0.3218750000000001 0.9609375 0.3218750000000001
2 0.971875 0.4187500000000002 0.91875 0.4187500000000002 0.91875 0.4500000000000002 0.971875 0.4500000000000002
2 0.8765625 0.34062500000000007 0.83125 0.34062500000000007 0.83125 0.37187500000000007 0.8765625 0.37187500000000007
2 0.6671875 0.3453125000000001 0.63125 0.3453125000000001 0.63125 0.3781250000000001 0.6671875 0.3781250000000001
2 0.834375 0.4781250000000001 0.6921875 0.478125 0.6921875 0.7078125000000001 0.834375 0.7078125000000002
2 0.9375 0.2078125000000001 0.890625 0.2078125000000001 0.890625 0.26250000000000007 0.9375 0.26250000000000007
2 0.35625000000000007 0.58125 0.17968750000000008 0.58125 0.17968750000000008 0.7828125 0.35625000000000007 0.7828125
2 0.8015625 0.2671875000000001 0.7734375 0.2671875000000001 0.7734375 0.2890625000000001 0.8015625 0.2890625000000001
2 0.9203125 0.1593750000000001 0.89375 0.1593750000000001 0.89375 0.19375000000000012 0.9203125 0.19375000000000014
2 0.4265625000000002 0.8453125 0.3187500000000001 0.8453125 0.3187500000000001 0.9265625 0.4265625000000002 0.9265625
2 0.18125000000000008 0.5265625 0.017187500000000067 0.5265625 0.017187500000000078 0.71875 0.18125000000000008 0.71875
2 0.7 0.478125 0.6578125 0.478125 0.6578125 0.540625 0.7 0.540625
2 0.4140625 0.4234375 0.37187500000000007 0.4234375 0.37187500000000007 0.48125 0.4140625 0.48125