2 0.5203125 0.640625 0.4578125 0.640625 0.4578125 0.6890625 0.5203125 0.6890625
2 0.8375 0.7125000000000001 0.75 0.7125000000000001 0.7500000000000001 0.7875000000000002 0.8375 0.7875000000000002
2 0.93125 0.3500000000000001 0.7671875 0.3500000000000001 0.7671875 0.4968750000000002 0.93125 0.4968750000000002
2 0.5890625 0.3578125000000001 0.5484375 0.3578125000000001 0.5484375 0.3937500000000001 0.5890625 0.3937500000000001
2 0.7546875 0.6421875000000001 0.6875 0.6421875 0.6875 0.7234375000000001 0.7546875 0.7234375000000002
2 0.6140625 0.590625 0.5203125 0.590625 0.5203125 0.684375 0.6140625 0.684375
2 1 0.3062500000000001 0.9703125 0.3062500000000001 0.9703125 0.3781250000000001 1 0.3781250000000001
2 0.971875 0.7468750000000002 0.8421875 0.7468750000000002 0.8421875 0.8359375 0.971875 0.8359375
2 0.9703125 0.30937500000000007 0.8953125 0.30937500000000007 0.8953125 0.3671875000000001 0.9703125 0.3671875000000001
2 0.9859375 0.5343750000000002 0.8828125 0.5343750000000002 0.8828125 0.6750000000000002 0.9859375 0.6750000000000002
2 0.99375 0.3296875000000001 0.95625 0.3296875000000001 0.95625 0.37968750000000007 0.99375 0.37968750000000007
2 0.328125 0.2203125 0.2078125 0.2203125 0.2078125 0.3453125 0.328125 0.3453125
2 0.7828125 0.2656250000000001 0.746875 0.2656250000000001 0.746875 0.3062500000000001 0.7828125 0.3062500000000001
2 0.7203125000000001 0.7125 0.5671875 0.7125 0.5671875000000001 0.8796875 0.7203125000000001 0.8796875
2 0.2640625 0.11406250000000002 0.14375 0.1140625 0.14375000000000002 0.23125 0.2640625 0.23125
2 0.3765625 0.22031250000000005 0.3109375 0.2203125 0.3109375 0.31718750000000007 0.3765625 0.31718750000000007
2 0.3125000000000001 0.7171875 0.02656250000000009 0.7171875 0.0265625000000001 0.9515625 0.3125000000000001 0.9515625
2 0.5953125 0.4421875 0.521875 0.4421875 0.521875 0.55 0.5953125 0.55
2 1 0.4046875000000002 0.88125 0.4046875000000002 0.88125 0.5578125000000002 1 0.5578125000000002
2 0.7578125 0.2687500000000001 0.71875 0.2687500000000001 0.71875 0.3203125000000001 0.7578125 0.3203125000000001
2 1 0.10156250000000014 0.9625 0.10156250000000014 0.9625 0.19062500000000013 1 0.19062500000000013
2 0.853125 0.24375000000000008 0.815625 0.24375000000000008 0.815625 0.2843750000000001 0.853125 0.2843750000000001
2 0.16562500000000005 0.2453125 0.10000000000000005 0.2453125 0.10000000000000005 0.3359375 0.16562500000000005 0.3359375
2 0.99375 0.3609375000000001 0.9109375 0.3609375000000001 0.9109375 0.43281250000000016 0.99375 0.43281250000000016
2 0.671875 0.3859375000000001 0.6125 0.3859375000000001 0.6125 0.45 0.671875 0.45
2 0.721875 0.48125 0.68125 0.48125 0.68125 0.521875 0.721875 0.521875
2 0.5218750000000002 0.8109375 0.42968750000000017 0.8109375 0.42968750000000017 0.9796875 0.5218750000000002 0.9796875
2 0.8328125 0.27031250000000007 0.7765625 0.27031250000000007 0.7765625 0.34062500000000007 0.8328125 0.34062500000000007
2 1 0.5328125000000001 0.965625 0.5328125000000001 0.965625 0.6156250000000002 1 0.6156250000000002
2 0.2734375000000001 0.909375 0.11562500000000013 0.909375 0.11562500000000013 1 0.2734375000000001 1
2 0.7359375 0.5109375 0.69375 0.5109375 0.69375 0.5953125000000001 0.7359375 0.5953125000000001
2 0.6953125 0.440625 0.646875 0.440625 0.646875 0.4921875 0.6953125 0.4921875
2 0.6765625 0.3578125000000001 0.6375 0.3578125000000001 0.6375 0.3921875000000001 0.6765625 0.3921875000000001
2 0.75 0.5578125 0.646875 0.5578125 0.646875 0.6625000000000001 0.75 0.6625000000000002
2 0.6984375 0.4546875 0.590625 0.4546875 0.590625 0.5625 0.6984375 0.5625
2 0.3265625000000001 0.421875 0.18437500000000004 0.421875 0.18437500000000007 0.621875 0.3265625000000001 0.621875
2 1 0.4078125000000002 0.96875 0.4078125000000002 0.96875 0.46406250000000016 1 0.46406250000000016
2 0.6046875 0.6859375 0.4640625 0.6859375 0.4640625000000001 0.825 0.6046875000000002 0.825
2 0.7703125 0.3437500000000001 0.7046875 0.3437500000000001 0.7046875 0.4156250000000001 0.7703125 0.4156250000000002
2 0.38750000000000007 0.7546875 0.2984375000000001 0.7546875 0.2984375000000001 0.8578125 0.38750000000000007 0.8578125
2 0.7234375 0.2718750000000001 0.66875 0.2718750000000001 0.66875 0.3187500000000001 0.7234375 0.3187500000000001
2 0.509375 0.5609375 0.425 0.5609375 0.425 0.625 0.509375 0.625
2 1 0.7703125000000002 0.96875 0.7703125000000002 0.96875 0.8609375 1 0.8609375
2 0.4890625000000002 0.7375 0.3609375000000001 0.7375 0.3609375000000001 0.840625 0.4890625000000002 0.840625
2 0.7859375 0.42187500000000017 0.7375 0.42187500000000017 0.7375 0.4812500000000002 0.7859375 0.4812500000000002
2 0.6921875 0.6453125 0.5984375 0.6453125 0.5984375 0.715625 0.6921875 0.715625
2 0.0953125000000001 0.6734375 8.247230788007957e-17 0.6734375 9.557985565220359e-17 0.8875 0.0953125000000001 0.8875
2 0.6671875 0.5109375 0.578125 0.5109375 0.578125 0.6453125 0.6671875 0.6453125
2 0.30156250000000007 0.31875 0.225 0.31875 0.22500000000000003 0.39375 0.30156250000000007 0.39375
2 0.22656250000000006 0.2953125 0.16406250000000006 0.2953125 0.16406250000000006 0.365625 0.22656250000000008 0.365625
2 1 0.20468750000000008 0.9453125 0.20468750000000008 0.9453125 0.2718750000000001 1 0.2718750000000001
2 1 0.3828125000000001 0.975 0.3828125000000001 0.975 0.40937500000000016 1 0.40937500000000016
2 0.9296875 0.2906250000000001 0.88125 0.2906250000000001 0.88125 0.32500000000000007 0.9296875 0.32500000000000007
2 0.70625 0.2953125000000001 0.6671875 0.2953125000000001 0.6671875 0.3296875000000001 0.70625 0.3296875000000001
2 0.8859375 0.4390625000000002 0.7328125 0.4390625000000002 0.7328125 0.6859375000000002 0.8859375 0.6859375000000002
2 0.9953125 0.14687500000000014 0.94375 0.14687500000000014 0.94375 0.2062500000000001 0.9953125 0.2062500000000001
2 0.3703125000000001 0.55 0.17968750000000008 0.55 0.17968750000000008 0.7671875 0.3703125000000001 0.7671875
2 0.85 0.21250000000000008 0.81875 0.21250000000000008 0.81875 0.23593750000000008 0.85 0.23593750000000008
2 0.978125 0.0953125000000001 0.9484375 0.0953125000000001 0.9484375 0.13281250000000014 0.978125 0.13281250000000014
2 0.44531250000000017 0.834375 0.3296875000000001 0.834375 0.3296875000000001 0.921875 0.44531250000000017 0.921875
2 0.18125000000000008 0.4921875 0.00468750000000006 0.4921875 0.004687500000000073 0.6984375 0.18125000000000008 0.6984375
2 0.740625 0.4390625000000001 0.6953125 0.4390625 0.6953125 0.5062500000000001 0.740625 0.5062500000000002
2 0.4328125 0.37968750000000007 0.38750000000000007 0.37968750000000007 0.38750000000000007 0.4421875 0.4328125 0.4421875