2 0.5515625 0.6703125 0.4890625 0.6703125 0.4890625 0.7171875 0.5515625 0.7171875
2 0.8625 0.7390625000000002 0.7765625000000002 0.7390625000000002 0.7765625000000002 0.8140625 0.8625 0.8140625
2 0.95625 0.3812500000000001 0.7953125 0.3812500000000001 0.7953125 0.5265625000000002 0.95625 0.5265625000000002
2 0.61875 0.3906250000000001 0.578125 0.3906250000000001 0.578125 0.425 0.61875 0.425
2 0.7828125000000001 0.6703125000000001 0.715625 0.6703125 0.7156250000000001 0.7515625000000001 0.7828125000000001 0.7515625000000001
2 0.6421875 0.6203125 0.55 0.6203125 0.55 0.7125 0.6421875 0.7125
2 0.996875 0.7750000000000001 0.86875 0.7750000000000001 0.86875 0.8625 0.996875 0.8625
2 0.996875 0.3421875000000001 0.921875 0.3421875000000001 0.921875 0.3984375000000001 0.996875 0.3984375000000001
2 1 0.5640625000000001 0.9078125 0.5640625000000001 0.9078125 0.7031250000000002 1 0.7031250000000002
2 1 0.3625000000000001 0.9796875 0.3625000000000001 0.9796875 0.4031250000000002 1 0.4031250000000002
2 0.35937500000000006 0.253125 0.240625 0.253125 0.24062500000000003 0.3765625 0.3593750000000001 0.3765625
2 0.809375 0.2984375000000001 0.775 0.2984375000000001 0.775 0.3390625000000001 0.809375 0.3390625000000001
2 0.7484375000000002 0.7390625000000001 0.5968750000000002 0.7390625 0.5968750000000002 0.9046875 0.7484375000000002 0.9046875
2 0.296875 0.14843750000000003 0.1765625 0.1484375 0.1765625 0.2640625 0.296875 0.2640625
2 0.4078125 0.25468750000000007 0.34375 0.2546875 0.34375 0.35000000000000003 0.4078125 0.3500000000000001
2 0.3453125000000001 0.7453125 0.06250000000000008 0.7453125 0.0625000000000001 0.9765625 0.3453125000000001 0.9765625
2 0.6234375 0.4734375 0.5515625 0.4734375 0.5515625 0.5796875 0.6234375 0.5796875
2 1 0.4359375000000002 0.90625 0.4359375000000002 0.90625 0.5875000000000001 1 0.5875000000000001
2 0.784375 0.30156250000000007 0.746875 0.30156250000000007 0.746875 0.3531250000000001 0.784375 0.3531250000000001
2 0.8796875 0.2765625000000001 0.8421875 0.2765625000000001 0.8421875 0.31718750000000007 0.8796875 0.31718750000000007
2 0.20000000000000004 0.278125 0.13437500000000005 0.278125 0.13437500000000005 0.36875 0.2000000000000001 0.36875
2 1 0.3937500000000001 0.9359375 0.3937500000000001 0.9359375 0.46406250000000016 1 0.46406250000000016
2 0.7 0.4171875 0.6421875 0.4171875 0.6421875 0.48125 0.7 0.48125
2 0.75 0.5125000000000001 0.709375 0.5125 0.709375 0.5515625000000001 0.75 0.5515625000000002
2 0.5531250000000002 0.8375 0.46093750000000017 0.8375 0.46093750000000017 1 0.5531250000000002 1
2 0.859375 0.3031250000000001 0.8046875 0.3031250000000001 0.8046875 0.3734375000000001 0.859375 0.3734375000000001
2 0.3062500000000001 0.934375 0.17343750000000013 0.934375 0.17343750000000013 1 0.3062500000000001 1
2 0.7640625 0.5421875 0.721875 0.5421875 0.721875 0.6250000000000001 0.7640625 0.6250000000000002
2 0.7234375 0.4734375 0.675 0.4734375 0.675 0.5234375 0.7234375 0.5234375
2 0.70625 0.3890625000000001 0.6671875 0.3890625000000001 0.6671875 0.4234375 0.70625 0.4234375
2 0.778125 0.5875000000000001 0.675 0.5875 0.675 0.690625 0.778125 0.6906250000000002
2 0.7265625 0.4859375000000001 0.6203125 0.4859375 0.6203125 0.5921875000000001 0.7265625 0.5921875000000002
2 0.3593750000000001 0.4515625 0.21875000000000008 0.4515625 0.21875000000000008 0.65 0.3593750000000001 0.65
2 0.6343750000000001 0.7140625 0.4953125 0.7140625 0.4953125000000001 0.8515625 0.6343750000000001 0.8515625
2 0.796875 0.3765625000000001 0.73125 0.3765625000000001 0.73125 0.4468750000000002 0.796875 0.4468750000000002
2 0.4203125000000002 0.7828125 0.3312500000000001 0.7828125 0.3312500000000001 0.884375 0.4203125000000002 0.884375
2 0.7515625 0.3046875000000001 0.696875 0.3046875000000001 0.696875 0.3515625000000001 0.7515625 0.3515625000000001
2 0.5390625 0.5921875 0.4546875 0.5921875 0.4546875 0.6546875 0.5390625 0.6546875
2 0.5187500000000002 0.765625 0.3921875000000001 0.765625 0.3921875000000001 0.8671875 0.5187500000000002 0.8671875
2 0.8125 0.45312500000000017 0.765625 0.45312500000000017 0.765625 0.5109375000000002 0.8125 0.5109375000000002
2 0.7203125000000001 0.675 0.6265625 0.675 0.6265625000000001 0.74375 0.7203125000000001 0.74375
2 0.12968750000000012 0.7015625 8.591662700268149e-17 0.7015625 9.902417477480551e-17 0.915625 0.12968750000000012 0.915625
2 0.6953125 0.5421875 0.60625 0.5421875 0.60625 0.675 0.6953125 0.675
2 0.33437500000000003 0.3515625 0.2578125 0.3515625 0.25781250000000006 0.425 0.3343750000000001 0.425
2 0.26093750000000004 0.328125 0.19843750000000004 0.328125 0.19843750000000004 0.3984375 0.2609375000000001 0.3984375
2 1 0.2375000000000001 0.9703125 0.2375000000000001 0.9703125 0.2750000000000001 1 0.2750000000000001
2 0.9546875 0.32500000000000007 0.90625 0.32500000000000007 0.90625 0.3578125000000001 0.9546875 0.3578125000000001
2 0.734375 0.3281250000000001 0.6953125 0.3281250000000001 0.6953125 0.3625000000000001 0.734375 0.3625000000000001
2 0.9109375 0.4703125000000002 0.759375 0.4703125000000002 0.759375 0.7140625000000002 0.9109375 0.7140625000000002
2 1 0.18281250000000013 0.9703125 0.18281250000000013 0.9703125 0.2406250000000001 1 0.2406250000000001
2 0.4015625000000001 0.5796875 0.21250000000000008 0.5796875 0.21250000000000008 0.7953125 0.40156250000000016 0.7953125
2 0.8765625 0.2468750000000001 0.846875 0.2468750000000001 0.846875 0.27031250000000007 0.8765625 0.27031250000000007
2 1 0.13125000000000014 0.9734375 0.13125000000000014 0.9734375 0.16718750000000013 1 0.16718750000000013
2 0.47656250000000017 0.8609375 0.3625000000000001 0.8609375 0.3625000000000001 0.946875 0.47656250000000017 0.946875
2 0.2140625000000001 0.521875 0.040625000000000064 0.521875 0.04062500000000008 0.7265625 0.2140625000000001 0.7265625
2 0.76875 0.4703125000000001 0.7234375 0.4703125 0.7234375 0.5375000000000001 0.76875 0.5375000000000002
2 0.4625 0.4109375 0.41875 0.4109375 0.41875 0.4734375 0.4625 0.4734375