2 0.80625 0.12031250000000009 0.7421875 0.12031250000000009 0.7421875 0.1937500000000001 0.80625 0.1937500000000001
2 0.8453125 0.46406250000000016 0.765625 0.46406250000000016 0.765625 0.5078125000000002 0.8453125 0.5078125000000002
2 0.73125 0.4687500000000001 0.7 0.46875 0.7 0.51875 0.73125 0.5187500000000002
2 0.5109375 0.4578125 0.471875 0.4578125 0.471875 0.5203125 0.5109375 0.5203125
2 0.7296875 0.3781250000000001 0.6828125 0.3781250000000001 0.6828125 0.4093750000000001 0.7296875 0.40937500000000016
2 1 0.953125 0.91875 0.953125 0.91875 1 1 1
2 0.978125 0.4515625000000002 0.8734375 0.4515625000000002 0.8734375 0.5250000000000001 0.978125 0.5250000000000001
2 0.5359375 0.5078125 0.496875 0.5078125 0.496875 0.553125 0.5359375 0.553125
2 0.7078125 0.61875 0.6125 0.61875 0.6125 0.6984375 0.7078125 0.6984375
2 0.571875 0.11406250000000007 0.53125 0.11406250000000004 0.53125 0.14843750000000006 0.571875 0.14843750000000008
2 0.465625 0.4921875 0.3906250000000001 0.4921875 0.3906250000000001 0.5265625 0.465625 0.5265625
2 0.953125 0.2765625000000001 0.8625 0.2765625000000001 0.8625 0.34843750000000007 0.953125 0.34843750000000007
2 0.81875 0.3078125000000001 0.725 0.3078125000000001 0.725 0.40312500000000007 0.81875 0.4031250000000002
2 0.7390625 0.3156250000000001 0.709375 0.3156250000000001 0.709375 0.3437500000000001 0.7390625 0.3437500000000001
2 0.8765625 0.2375000000000001 0.834375 0.2375000000000001 0.834375 0.2906250000000001 0.8765625 0.2906250000000001
2 0.596875 0.6359375 0.55625 0.6359375 0.55625 0.6859375 0.596875 0.6859375
2 0.8921875 0.5703125000000002 0.8359375 0.5703125000000002 0.8359375 0.6671875000000002 0.8921875 0.6671875000000002
2 0.740625 0.3437500000000001 0.7 0.3437500000000001 0.7 0.3859375000000001 0.740625 0.3859375000000001
2 0.5796875 0.4921875 0.4828125 0.4921875 0.4828125 0.590625 0.5796875 0.590625
2 0.434375 0.54375 0.3734375000000001 0.54375 0.3734375000000001 0.596875 0.434375 0.596875
2 1 0.031250000000000125 0.975 0.031250000000000125 0.975 0.08125000000000013 1 0.08125000000000013
2 1 0.5187500000000002 0.95 0.5187500000000002 0.95 0.5984375000000002 1 0.5984375000000002
2 0.9421875 0.9 0.859375 0.9 0.859375 0.971875 0.9421875 0.971875
2 0.5828125 0.2953125000000001 0.5546875 0.2953125000000001 0.5546875 0.3218750000000001 0.5828125 0.3218750000000001
2 0.5171875 0.515625 0.428125 0.515625 0.428125 0.596875 0.5171875 0.596875
2 0.6765625 0.3812500000000001 0.6296875 0.3812500000000001 0.6296875 0.421875 0.6765625 0.421875
2 0.8640625 0.7687500000000002 0.7593750000000001 0.7687500000000002 0.7593750000000001 0.878125 0.8640625 0.878125
2 0.821875 0.0765625000000001 0.7625 0.07656250000000009 0.7625 0.1437500000000001 0.821875 0.1437500000000001
2 0.996875 0.07343750000000011 0.934375 0.07343750000000011 0.934375 0.12968750000000012 0.996875 0.12968750000000012
2 0.4671875000000002 0.7890625 0.4281250000000002 0.7890625 0.4281250000000002 0.8390625 0.4671875000000002 0.8390625
2 0.903125 0.6796875000000001 0.7171875 0.6796875 0.7171875000000001 0.7734375000000001 0.903125 0.7734375000000002
2 0.8265625 9.797174393178826e-17 0.7734375 9.47187758715531e-17 0.7734375 0.010937500000000096 0.8265625 0.0109375000000001
2 0.5015625 0.6015625 0.446875 0.6015625 0.446875 0.65625 0.5015625 0.65625
2 0.7359375 0.534375 0.6765625 0.534375 0.6765625 0.5734375 0.7359375 0.5734375000000002
2 0.765625 0.10468750000000009 0.69375 0.10468750000000009 0.69375 0.16562500000000008 0.765625 0.16562500000000008
2 0.7171875 0.1546875000000001 0.6453125 0.1546875000000001 0.6453125 0.1937500000000001 0.7171875 0.1937500000000001
2 0.5546875 0.07968750000000006 0.515625 0.07968750000000006 0.515625 0.12187500000000007 0.5546875 0.1218750000000001
2 0.621875 0.32500000000000007 0.5375 0.32500000000000007 0.5375 0.4390625 0.621875 0.4390625
2 0.8921875 0.3906250000000001 0.8484375 0.3906250000000001 0.8484375 0.4515625000000002 0.8921875 0.4515625000000002
2 0.9421875 0.5828125000000002 0.875 0.5828125000000002 0.875 0.6515625000000002 0.9421875 0.6515625000000002
2 0.8109375 0.23437500000000008 0.75 0.23437500000000008 0.75 0.2875000000000001 0.8109375 0.2875000000000001
2 0.5984375 7.137394626280668e-17 0.5671875 6.946043563913895e-17 0.5671875 0.020312500000000074 0.5984375 0.020312500000000074
2 0.803125 0.5281250000000002 0.7515625 0.5281250000000002 0.7515625 0.5921875000000002 0.803125 0.5921875000000002
2 1 0.2828125000000001 0.940625 0.2828125000000001 0.940625 0.3500000000000001 1 0.3500000000000001
2 0.54375 0.32500000000000007 0.5171875 0.32500000000000007 0.5171875 0.36406250000000007 0.54375 0.36406250000000007
2 0.46875000000000017 0.7265625 0.4203125000000002 0.7265625 0.4203125000000002 0.76875 0.46875000000000017 0.76875
2 0.790625 9.127445674895116e-17 0.7 8.572527594031472e-17 0.7 0.08437500000000009 0.790625 0.08437500000000009
2 0.6453125 0.459375 0.6125 0.459375 0.6125 0.4828125 0.6453125 0.4828125
2 0.7546875000000002 0.9640625 0.6765625000000002 0.9640625 0.6765625000000002 1 0.7546875000000002 1
2 0.9640625 0.1265625000000001 0.90625 0.12656250000000008 0.90625 0.1656250000000001 0.9640625 0.16562500000000013
2 0.853125 0.5140625000000002 0.7921875 0.5140625000000002 0.7921875 0.5750000000000002 0.853125 0.5750000000000002
2 0.8546875 0.39531250000000007 0.75625 0.39531250000000007 0.75625 0.49531250000000016 0.8546875 0.49531250000000016
2 0.8390625 0.5968750000000002 0.753125 0.5968750000000002 0.753125 0.6937500000000002 0.8390625 0.6937500000000002
2 0.4906250000000001 0.69375 0.44375 0.69375 0.4437500000000001 0.7265625 0.4906250000000002 0.7265625
2 1 0.2484375000000001 0.940625 0.2484375000000001 0.940625 0.2953125000000001 1 0.2953125000000001
2 1 0.3265625000000001 0.965625 0.3265625000000001 0.965625 0.3828125000000001 1 0.3828125000000001
2 0.759375 0.2531250000000001 0.6734375 0.2531250000000001 0.6734375 0.32500000000000007 0.759375 0.32500000000000007
2 0.7234375 0.08906250000000009 0.675 0.08906250000000009 0.675 0.1281250000000001 0.7234375 0.1281250000000001
2 0.4609375 0.60625 0.3812500000000001 0.60625 0.3812500000000001 0.6875 0.4609375 0.6875
2 0.7406250000000002 0.81875 0.6796875000000002 0.81875 0.6796875000000002 0.890625 0.7406250000000002 0.890625
2 0.6046875 0.2484375000000001 0.5640625 0.2484375000000001 0.5640625 0.2968750000000001 0.6046875 0.2968750000000001
2 0.8171875 0.26250000000000007 0.7546875 0.26250000000000007 0.7546875 0.32500000000000007 0.8171875 0.32500000000000007
2 0.78125 0.0671875000000001 0.725 0.0671875000000001 0.725 0.11093750000000009 0.78125 0.11093750000000009
2 0.6109375000000001 0.975 0.5421875000000002 0.975 0.5421875000000002 1 0.6109375000000001 1
2 0.6437500000000002 0.9 0.5968750000000002 0.9 0.5968750000000002 0.959375 0.6437500000000002 0.959375
2 0.4609375000000001 0.7015625 0.4140625 0.7015625 0.4140625000000001 0.73125 0.46093750000000017 0.73125
2 0.9890625 0.36406250000000007 0.8765625 0.36406250000000007 0.8765625 0.46875000000000017 0.9890625 0.46875000000000017
2 0.9765625 0.6906250000000002 0.8984375 0.6906250000000002 0.8984375 0.7984375000000001 0.9765625 0.7984375000000001
2 0.475 0.446875 0.4109375 0.446875 0.4109375 0.4921875 0.475 0.4921875
2 0.8625 0.3062500000000001 0.79375 0.3062500000000001 0.79375 0.3734375000000001 0.8625 0.3734375000000001
2 0.8296875 0.0296875000000001 0.778125 0.0296875000000001 0.778125 0.0812500000000001 0.8296875 0.08125000000000011
2 0.6031250000000001 0.6828125 0.54375 0.6828125 0.5437500000000001 0.7359375 0.6031250000000001 0.7359375
2 0.9546875 1.1327982892113018e-16 0.8953125 1.0964415873616147e-16 0.8953125 0.06562500000000011 0.9546875 0.06562500000000011
2 0.4765625 0.425 0.44375 0.425 0.44375 0.4484375 0.4765625 0.4484375
2 0.7015625 0.58125 0.6203125 0.58125 0.6203125 0.6359375 0.7015625 0.6359375
2 0.5296875 0.60625 0.4890625 0.60625 0.4890625 0.646875 0.5296875 0.646875
2 0.984375 0.15000000000000013 0.925 0.15000000000000013 0.925 0.21250000000000008 0.984375 0.21250000000000008
2 0.725 8.486419615966424e-17 0.6609375 8.094149938114538e-17 0.6609375 0.015625000000000087 0.725 0.01562500000000009
2 0.521875 0.08125000000000007 0.49375 0.08125000000000007 0.49375 0.12812500000000004 0.521875 0.12812500000000004
2 0.890625 0.10156250000000008 0.7890625 0.10156250000000008 0.7890625 0.24218750000000008 0.890625 0.24218750000000008
2 0.90625 0.5250000000000001 0.8515625 0.5250000000000001 0.8515625 0.5640625000000001 0.90625 0.5640625000000001
2 0.690625 0.5046875 0.6390625 0.5046875 0.6390625 0.5515625 0.690625 0.5515625