2 0.840625 0.7046875000000001 0.7703125 0.7046875000000001 0.7703125000000001 0.7656250000000002 0.840625 0.7656250000000002
2 0.5140625000000002 0.7265625 0.47187500000000016 0.7265625 0.47187500000000016 0.8015625 0.5140625000000002 0.8015625
2 0.509375 0.6640625 0.4609375 0.6640625 0.4609375 0.69375 0.509375 0.69375
2 0.5203125 0.446875 0.4609375 0.446875 0.4609375 0.484375 0.5203125 0.484375
2 0.5953125 0.6484375 0.565625 0.6484375 0.565625 0.69375 0.5953125 0.69375
2 0.04843750000000012 0.8703125 1.0658254173829309e-16 0.8703125 1.1213172254692953e-16 0.9609375 0.04843750000000012 0.9609375
2 0.5265625000000002 0.828125 0.45625000000000016 0.828125 0.45625000000000016 0.9265625 0.5265625000000002 0.9265625
2 0.4734375 0.4703125 0.4296875 0.4703125 0.4296875 0.5078125 0.4734375 0.5078125
2 0.3656250000000001 0.58125 0.2906250000000001 0.58125 0.2906250000000001 0.671875 0.3656250000000001 0.671875
2 0.8453125 0.5031250000000002 0.8125 0.5031250000000002 0.8125 0.5421875000000002 0.8453125 0.5421875000000002
2 0.4875 0.3703125000000001 0.4546875 0.3703125000000001 0.4546875 0.4421875 0.4875 0.4421875
2 0.6921875000000002 0.8171875 0.6234375000000002 0.8171875 0.6234375000000002 0.903125 0.6921875000000002 0.903125
2 0.6625000000000001 0.6875 0.571875 0.6875 0.5718750000000001 0.7765625 0.6625000000000002 0.7765625
2 0.6546875 0.6734375 0.628125 0.6734375 0.628125 0.7015625 0.6546875 0.7015625
2 0.7281250000000001 0.7906250000000001 0.6781250000000002 0.790625 0.6781250000000002 0.83125 0.7281250000000001 0.83125
2 0.3515625000000001 0.528125 0.3031250000000001 0.528125 0.3031250000000001 0.5671875 0.3515625000000001 0.5671875
2 0.4125000000000002 0.7921875 0.3203125000000001 0.7921875 0.3203125000000001 0.846875 0.4125000000000002 0.846875
2 0.628125 0.6625 0.5875 0.6625 0.5875 0.7015625 0.628125 0.7015625
2 0.4875 0.4578125 0.3937500000000001 0.4578125 0.3937500000000001 0.55 0.4875 0.55
2 0.4390625 0.3531250000000001 0.3875 0.3531250000000001 0.38750000000000007 0.4109375 0.4390625 0.4109375
2 0.925 0.925 0.8765625 0.925 0.8765625 0.9875 0.925 0.9875
2 1 0.9265625 0.9765625 0.9265625 0.9765625 1 1 1
2 0.5125000000000002 0.959375 0.4750000000000002 0.959375 0.4750000000000002 1 0.5125000000000002 1
2 0.4625000000000002 0.9015625 0.38750000000000007 0.9015625 0.38750000000000007 0.9546875 0.4625000000000002 0.9546875
2 0.0984375000000001 0.815625 0.0312500000000001 0.815625 0.031250000000000104 0.89375 0.09843750000000011 0.89375
2 0.6734375 0.5265625 0.6484375 0.5265625 0.6484375 0.553125 0.6734375 0.553125
2 0.465625 0.40625 0.38750000000000007 0.40625 0.38750000000000007 0.490625 0.465625 0.490625
2 1 0.7890625000000002 0.9484375 0.7890625000000002 0.9484375 0.8625 1 0.8625
2 0.5921875 0.5984375 0.553125 0.5984375 0.553125 0.6421875 0.5921875 0.6421875
2 0.2250000000000001 0.7203125 0.12031250000000009 0.7203125 0.12031250000000009 0.81875 0.2250000000000001 0.81875
2 1 0.5546875000000002 0.9796875 0.5546875000000002 0.9796875 0.6250000000000002 1 0.6250000000000002
2 0.88125 0.7234375000000002 0.81875 0.7234375000000002 0.81875 0.7796875000000002 0.88125 0.7796875000000002
2 0.884375 0.8859375 0.8296875 0.8859375 0.8296875 0.9453125 0.884375 0.9453125
2 0.2062500000000001 0.40625 0.15937500000000004 0.40625 0.15937500000000004 0.44375 0.2062500000000001 0.44375
2 0.4359375000000002 0.940625 0.3593750000000001 0.940625 0.3593750000000001 0.9890625 0.4359375000000002 0.9890625
2 0.30937500000000007 0.6796875 0.22031250000000008 0.6796875 0.22031250000000008 0.85625 0.30937500000000007 0.85625
2 0.990625 0.7328125000000002 0.94375 0.7328125000000002 0.94375 0.7875000000000002 0.990625 0.7875000000000002
2 0.3828125000000001 0.4234375 0.3312500000000001 0.4234375 0.3312500000000001 0.475 0.3828125000000001 0.475
2 0.446875 0.640625 0.409375 0.640625 0.409375 0.696875 0.446875 0.696875
2 0.8546875 0.6593750000000002 0.796875 0.6593750000000002 0.7968750000000001 0.7265625000000002 0.8546875 0.7265625000000002
2 0.80625 0.6109375000000001 0.7703125 0.6109375000000001 0.7703125 0.6796875000000002 0.80625 0.6796875000000002
2 0.8796875 0.4890625000000002 0.8390625 0.4890625000000002 0.8390625 0.5265625000000002 0.8796875 0.5265625000000002
2 0.646875 0.5109375 0.5375 0.5109375 0.5375 0.590625 0.646875 0.590625
2 0.5828125000000002 0.8046875 0.5250000000000001 0.8046875 0.5250000000000001 0.846875 0.5828125000000002 0.846875
2 0.4000000000000002 0.8296875 0.3359375000000001 0.8296875 0.3359375000000001 0.8921875 0.4000000000000002 0.8921875
2 0.7312500000000001 0.7125000000000001 0.68125 0.7125 0.6812500000000001 0.7703125000000001 0.7312500000000002 0.7703125000000002
2 0.9859375 0.5296875000000002 0.934375 0.5296875000000002 0.934375 0.5671875000000002 0.9859375 0.5671875000000002
2 0.4515625000000001 0.7125 0.3906250000000001 0.7125 0.3906250000000001 0.7609375 0.4515625000000002 0.7609375
2 0.6859375000000002 0.8921875 0.6218750000000002 0.8921875 0.6218750000000002 0.953125 0.6859375000000002 0.953125
2 0.6453125 0.490625 0.609375 0.490625 0.609375 0.515625 0.6453125 0.515625
2 0.2656250000000001 0.3984375 0.2250000000000001 0.3984375 0.2250000000000001 0.4453125 0.2656250000000001 0.4453125
2 0.9640625 0.6640625000000002 0.8734375 0.6640625000000002 0.8734375 0.7500000000000002 0.9640625 0.7500000000000002
2 0.51875 0.58125 0.496875 0.58125 0.496875 0.6109375 0.51875 0.6109375
2 0.03906250000000008 0.6375 7.807123344564376e-17 0.6375 8.295068553599651e-17 0.7171875 0.03906250000000009 0.7171875
2 0.8328125 0.8609375 0.7953125000000002 0.8609375 0.7953125000000002 0.915625 0.8328125 0.915625
2 0.4671875000000002 0.7515625 0.40937500000000016 0.7515625 0.40937500000000016 0.809375 0.4671875000000002 0.809375
2 0.5796875000000001 0.7171875 0.4859375 0.7171875 0.4859375000000001 0.8109375 0.5796875000000001 0.8109375
2 0.38750000000000007 0.715625 0.2953125000000001 0.715625 0.2953125000000001 0.796875 0.38750000000000007 0.796875
2 0.2953125000000001 0.4203125 0.2640625000000001 0.4203125 0.2640625000000001 0.4640625 0.2953125000000001 0.4640625
2 0.7171875000000002 0.8921875 0.6734375000000001 0.8921875 0.6734375000000001 0.95625 0.7171875000000002 0.95625
2 1 0.8609375 0.946875 0.8609375 0.946875 0.953125 1 0.953125
2 0.6437500000000002 0.915625 0.5906250000000002 0.915625 0.5906250000000002 0.959375 0.6437500000000002 0.959375
2 0.7140625 0.6390625 0.6453125 0.6390625 0.6453125 0.7203125 0.7140625 0.7203125
2 0.86875 0.6406250000000002 0.83125 0.6406250000000002 0.83125 0.6859375000000002 0.86875 0.6859375000000002
2 0.37968750000000007 0.3609375 0.3015625 0.3609375 0.30156250000000007 0.4375 0.37968750000000007 0.4375
2 0.1765625000000001 0.6453125 0.10781250000000009 0.6453125 0.10781250000000009 0.703125 0.1765625000000001 0.703125
2 0.71875 0.534375 0.671875 0.534375 0.671875 0.5734375 0.71875 0.5734375
2 0.7046875000000001 0.715625 0.6453125 0.715625 0.6453125000000001 0.775 0.7046875000000001 0.775
2 0.890625 0.6875000000000002 0.85 0.6875000000000002 0.85 0.7406250000000002 0.890625 0.7406250000000002
2 0.028125000000000067 0.5140625 6.295449951866863e-17 0.5140625 6.697287182837088e-17 0.5796875 0.028125000000000067 0.5796875
2 0.10000000000000009 0.565625 0.04375000000000007 0.565625 0.043750000000000074 0.609375 0.10000000000000009 0.609375
2 0.2890625000000001 0.39375 0.2609375000000001 0.39375 0.2609375000000001 0.4375 0.2890625000000001 0.4375
2 0.6093750000000002 0.83125 0.5093750000000001 0.83125 0.5093750000000001 0.9375 0.6093750000000002 0.9375
2 0.47656250000000017 0.95625 0.42968750000000017 0.95625 0.42968750000000017 1 0.47656250000000017 1
2 0.2984375000000001 0.8515625 0.19687500000000008 0.8515625 0.1968750000000001 0.925 0.2984375000000001 0.925
2 0.5296875 0.3890625000000001 0.4875 0.3890625000000001 0.4875 0.45 0.5296875 0.45
2 0.6640625000000002 0.753125 0.6000000000000002 0.753125 0.6000000000000002 0.81875 0.6640625000000002 0.81875
2 0.925 0.7375000000000002 0.8765625 0.7375000000000002 0.8765625 0.7875000000000002 0.925 0.7875000000000002
2 0.3062500000000001 0.5171875 0.2562500000000001 0.5171875 0.2562500000000001 0.5734375 0.3062500000000001 0.5734375
2 0.959375 0.85 0.890625 0.85 0.890625 0.90625 0.959375 0.90625
2 0.55 0.4203125 0.528125 0.4203125 0.528125 0.4515625 0.55 0.4515625
2 0.4015625 0.5890625 0.3500000000000001 0.5890625 0.3500000000000001 0.665625 0.4015625 0.665625
2 0.37968750000000007 0.4640625 0.34062500000000007 0.4640625 0.34062500000000007 0.503125 0.37968750000000007 0.503125
2 0.8125 0.878125 0.7531250000000002 0.878125 0.7531250000000002 0.934375 0.8125 0.934375
2 0.996875 0.6265625000000001 0.9390625 0.6265625000000001 0.9390625 0.6968750000000001 0.996875 0.6968750000000001
2 0.8765625 0.4671875000000002 0.8328125 0.4671875000000002 0.8328125 0.4937500000000002 0.8765625 0.4937500000000002
2 0.8578125 0.7484375000000001 0.7234375000000002 0.7484375 0.7234375000000002 0.8453125 0.8578125 0.8453125
2 0.45625000000000016 0.8078125 0.4187500000000002 0.8078125 0.4187500000000002 0.8609375 0.45625000000000016 0.8609375
2 0.475 0.60625 0.4296875 0.60625 0.4296875 0.6546875 0.475 0.6546875