2 0.7640625 0.1984375000000001 0.703125 0.1984375000000001 0.703125 0.2687500000000001 0.7640625 0.2687500000000001
2 0.8 0.5234375000000001 0.725 0.5234375 0.725 0.565625 0.8 0.5656250000000002
2 0.6921875 0.528125 0.6625 0.528125 0.6625 0.5765625 0.6921875 0.5765625
2 0.4828125 0.51875 0.4453125 0.51875 0.4453125 0.578125 0.4828125 0.578125
2 0.6921875 0.4421875 0.646875 0.4421875 0.646875 0.471875 0.6921875 0.471875
2 0.925 0.5125000000000002 0.8265625 0.5125000000000002 0.8265625 0.5828125000000002 0.925 0.5828125000000002
2 0.50625 0.565625 0.46875 0.565625 0.46875 0.609375 0.50625 0.609375
2 0.6703125000000001 0.671875 0.5796875 0.671875 0.5796875000000001 0.746875 0.6703125000000002 0.746875
2 0.540625 0.19218750000000004 0.5015625 0.19218750000000004 0.5015625 0.2250000000000001 0.540625 0.2250000000000001
2 0.440625 0.5515625 0.3687500000000001 0.5515625 0.3687500000000001 0.584375 0.440625 0.584375
2 0.9015625 0.3468750000000001 0.815625 0.3468750000000001 0.815625 0.4156250000000002 0.9015625 0.4156250000000002
2 0.775 0.3765625000000001 0.6859375 0.3765625000000001 0.6859375 0.4671875000000001 0.775 0.4671875000000002
2 0.7 0.3843750000000001 0.671875 0.3843750000000001 0.671875 0.4109375 0.7 0.4109375
2 0.8296875 0.3109375000000001 0.7890625 0.3109375000000001 0.7890625 0.3609375000000001 0.8296875 0.3609375000000001
2 0.565625 0.6875 0.5265625 0.6875 0.5265625 0.7359375 0.5656250000000002 0.7359375
2 0.8453125 0.6265625000000001 0.790625 0.6265625000000001 0.790625 0.7187500000000002 0.8453125 0.7187500000000002
2 0.7 0.409375 0.6609375 0.409375 0.6609375 0.45 0.7 0.45
2 0.5484375 0.5515625 0.45625 0.5515625 0.45625 0.6453125 0.5484375 0.6453125
2 0.409375 0.6 0.3515625000000001 0.6 0.3515625000000001 0.6515625 0.409375 0.6515625
2 0.9859375 0.11406250000000014 0.9234375 0.11406250000000014 0.9234375 0.16250000000000014 0.9859375 0.16250000000000014
2 1 1.1787225441793274e-16 0.925 1.1327982892113018e-16 0.925 0.060937500000000124 1 0.06093750000000013
2 1 0.5250000000000001 0.9578125 0.5250000000000001 0.9578125 0.5625000000000002 1 0.5625000000000002
2 0.953125 0.5765625000000002 0.9 0.5765625000000002 0.9 0.6515625000000002 0.953125 0.6515625000000002
2 0.8921875 0.9390625 0.8140625 0.9390625 0.8140625 1 0.8921875 1
2 0.5515625 0.36406250000000007 0.525 0.36406250000000007 0.525 0.3890625000000001 0.5515625 0.3890625000000001
2 0.4890625 0.5734375 0.4046875 0.5734375 0.4046875 0.6515625 0.4890625 0.6515625
2 0.8625 0.003125000000000101 0.7875 0.0031250000000000956 0.7875 0.0890625000000001 0.8625 0.08906250000000011
2 0.640625 0.446875 0.596875 0.446875 0.596875 0.4859375 0.640625 0.4859375
2 0.8171875 0.8140625 0.7187500000000002 0.8140625 0.7187500000000002 0.91875 0.8171875 0.91875
2 0.6265625 7.1947999449907e-17 0.5484375 6.716422289073765e-17 0.5484375 0.057812500000000065 0.6265625 0.057812500000000065
2 0.778125 0.15781250000000008 0.721875 0.15781250000000008 0.721875 0.22031250000000008 0.778125 0.22031250000000008
2 0.94375 0.15468750000000012 0.884375 0.1546875000000001 0.884375 0.2093750000000001 0.94375 0.2093750000000001
2 0.4421875000000002 0.8328125 0.4046875000000002 0.8328125 0.4046875000000002 0.8796875 0.4421875000000002 0.8796875
2 0.9875 0.6015625000000002 0.9390625 0.6015625000000002 0.9390625 0.6781250000000002 0.9875 0.6781250000000002
2 0.8546875 0.7296875 0.6781250000000002 0.7296875 0.6781250000000002 0.81875 0.8546875 0.81875
2 0.7859375 0.04843750000000009 0.73125 0.04843750000000009 0.73125 0.09531250000000009 0.7859375 0.09531250000000009
2 0.4734375 0.65625 0.421875 0.65625 0.421875 0.7078125 0.4734375 0.7078125
2 0.6953125 0.5921875 0.6390625 0.5921875 0.6390625 0.6296875 0.6953125 0.6296875
2 0.725 0.1843750000000001 0.6578125 0.1843750000000001 0.6578125 0.24218750000000008 0.725 0.24218750000000008
2 0.678125 0.2312500000000001 0.609375 0.2312500000000001 0.609375 0.2671875000000001 0.678125 0.2671875000000001
2 0.525 0.15937500000000004 0.4875 0.15937500000000004 0.4875 0.2000000000000001 0.525 0.2000000000000001
2 0.5890625 0.3921875000000001 0.509375 0.3921875000000001 0.509375 0.5015625 0.5890625 0.5015625
2 0.8453125 0.45625000000000016 0.803125 0.45625000000000016 0.803125 0.5140625000000002 0.8453125 0.5140625000000002
2 0.890625 0.6375000000000002 0.828125 0.6375000000000002 0.828125 0.7015625000000002 0.890625 0.7015625000000002
2 0.76875 0.3078125000000001 0.7109375 0.3078125000000001 0.7109375 0.3578125000000001 0.76875 0.3578125000000001
2 0.565625 0.05156250000000007 0.528125 0.05156250000000007 0.528125 0.10312500000000006 0.565625 0.10312500000000009
2 0.759375 0.5859375000000001 0.7109375 0.5859375 0.7109375 0.6468750000000001 0.759375 0.6468750000000002
2 0.953125 0.3531250000000001 0.8921875 0.3531250000000001 0.8921875 0.41718750000000016 0.953125 0.41718750000000016
2 0.5140625 0.3937500000000001 0.4890625 0.3937500000000001 0.4890625 0.4296875 0.5140625 0.4296875
2 0.4437500000000002 0.7734375 0.3968750000000001 0.7734375 0.3968750000000001 0.8140625 0.4437500000000002 0.8140625
2 0.7484375 0.0750000000000001 0.6625 0.0750000000000001 0.6625 0.16562500000000008 0.7484375 0.16562500000000008
2 0.609375 0.5203125 0.5796875 0.5203125 0.5796875 0.5421875 0.609375 0.5421875
2 0.9140625 0.20468750000000008 0.859375 0.20468750000000008 0.859375 0.24218750000000008 0.9140625 0.24218750000000008
2 0.8078125 0.5718750000000001 0.75 0.5718750000000001 0.75 0.6296875000000002 0.8078125 0.6296875000000002
2 0.809375 0.4593750000000001 0.715625 0.459375 0.715625 0.5531250000000001 0.809375 0.5531250000000002
2 0.7953125000000001 0.6515625 0.7140625 0.6515625 0.7140625 0.7437500000000001 0.7953125000000002 0.7437500000000001
2 0.4625000000000002 0.7421875 0.4187500000000002 0.7421875 0.4187500000000002 0.7734375 0.4625000000000002 0.7734375
2 0.9546875 0.3218750000000001 0.890625 0.3218750000000001 0.890625 0.3656250000000001 0.9546875 0.3656250000000001
2 0.9609375 1.114619938286458e-16 0.859375 1.0524308430172568e-16 0.859375 0.09062500000000011 0.9609375 0.09062500000000011
2 0.9578125 0.39531250000000007 0.9140625 0.39531250000000007 0.9140625 0.44843750000000016 0.9578125 0.44843750000000016
2 0.71875 0.32500000000000007 0.6375 0.32500000000000007 0.6375 0.3937500000000001 0.71875 0.3937500000000001
2 0.684375 0.1687500000000001 0.6390625 0.1687500000000001 0.6390625 0.2062500000000001 0.684375 0.2062500000000001
2 0.4359375000000001 0.659375 0.3593750000000001 0.659375 0.3593750000000001 0.7375 0.4359375000000002 0.7375
2 0.7015625000000002 0.8609375 0.6437500000000002 0.8609375 0.6437500000000002 0.9296875 0.7015625000000002 0.9296875
2 0.571875 0.3203125000000001 0.5328125 0.3203125000000001 0.5328125 0.3671875000000001 0.571875 0.3671875000000001
2 0.7734375 0.3343750000000001 0.7140625 0.3343750000000001 0.7140625 0.3937500000000001 0.7734375 0.3937500000000001
2 0.7390625 0.14843750000000008 0.6859375 0.14843750000000008 0.6859375 0.18906250000000008 0.7390625 0.18906250000000008
2 0.7515625 8.849986634463295e-17 0.69375 8.495987169084762e-17 0.69375 0.03281250000000009 0.7515625 0.03281250000000009
2 0.6078125000000002 0.9390625 0.5640625000000001 0.9390625 0.5640625000000001 0.9953125 0.6078125000000002 0.9953125
2 0.4359375000000002 0.75 0.3921875000000001 0.75 0.3921875000000001 0.778125 0.4359375000000002 0.778125
2 0.9359375 0.42968750000000017 0.8296875 0.42968750000000017 0.8296875 0.5296875000000002 0.9359375 0.5296875000000002
2 1 0.5625000000000002 0.9546875 0.5625000000000002 0.9546875 0.6093750000000002 1 0.6093750000000002
2 0.9234375 0.7390625000000002 0.85 0.7390625000000002 0.85 0.840625 0.9234375 0.840625
2 0.4484375 0.509375 0.38750000000000007 0.509375 0.38750000000000007 0.5515625 0.4484375 0.5515625
2 0.8171875 0.3750000000000001 0.7515625 0.3750000000000001 0.7515625 0.4390625000000002 0.8171875 0.4390625000000002
2 0.7859375 0.1140625000000001 0.7359375 0.1140625000000001 0.7359375 0.1625000000000001 0.7859375 0.1625000000000001
2 0.5718750000000001 0.7328125 0.5156250000000002 0.7328125 0.5156250000000002 0.7828125 0.5718750000000001 0.7828125
2 0.9046875 0.07812500000000011 0.8484375 0.07812500000000011 0.8484375 0.1468750000000001 0.9046875 0.1468750000000001
2 0.45 0.4875 0.41875 0.4875 0.41875 0.509375 0.45 0.509375
2 0.6640625 0.6375 0.5875 0.6375 0.5875 0.6890625 0.6640625 0.6890625
2 0.5015625 0.659375 0.4625 0.659375 0.4625 0.6984375 0.5015625 0.6984375
2 0.9328125 0.22656250000000008 0.8765625 0.22656250000000008 0.8765625 0.28593750000000007 0.9328125 0.28593750000000007
2 0.6953125 0.042187500000000086 0.625 0.04218750000000008 0.625 0.10000000000000009 0.6953125 0.10000000000000009
2 0.4921875 0.16250000000000003 0.465625 0.16250000000000003 0.465625 0.2062500000000001 0.4921875 0.2062500000000001
2 0.84375 0.17968750000000008 0.746875 0.17968750000000008 0.746875 0.3140625000000001 0.84375 0.3140625000000001
2 0.859375 0.5812500000000002 0.80625 0.5812500000000002 0.80625 0.6187500000000001 0.859375 0.6187500000000001
2 0.653125 0.5625 0.6046875 0.5625 0.6046875 0.6078125 0.653125 0.6078125