2 0.434375 0.13750000000000004 0.3625 0.13750000000000004 0.3625 0.19218750000000004 0.434375 0.19218750000000004
2 0.4859375 0.2609375000000001 0.459375 0.2609375000000001 0.459375 0.2875000000000001 0.4859375 0.2875000000000001
2 0.6546875 0.2390625000000001 0.5796875 0.2390625000000001 0.5796875 0.3078125000000001 0.6546875 0.3078125000000001
2 0.8796875 0.3390625000000001 0.8140625 0.3390625000000001 0.8140625 0.3781250000000001 0.8796875 0.3781250000000001
2 0.8328125 0.10781250000000009 0.7734375 0.10781250000000009 0.7734375 0.1593750000000001 0.8328125 0.1593750000000001
2 0.5359375 0.24218750000000008 0.503125 0.24218750000000008 0.503125 0.27031250000000007 0.5359375 0.27031250000000007
2 0.9109375 0.3343750000000001 0.8734375 0.3343750000000001 0.8734375 0.38750000000000007 0.9109375 0.38750000000000007
2 0.721875 0.471875 0.6078125 0.471875 0.6078125 0.5609375 0.721875 0.5609375
2 0.228125 0.14687500000000003 0.121875 0.146875 0.12187500000000002 0.2546875 0.228125 0.2546875
2 0.6 0.5328125 0.546875 0.5328125 0.546875 0.584375 0.6 0.584375
2 0.465625 0.11562500000000005 0.4328125 0.11562500000000005 0.4328125 0.15937500000000004 0.465625 0.15937500000000004
2 0.8046875 0.3906250000000001 0.778125 0.3906250000000001 0.778125 0.42968750000000017 0.8046875 0.42968750000000017
2 0.4625 0.26250000000000007 0.4125 0.26250000000000007 0.4125 0.29375000000000007 0.4625 0.29375000000000007
2 0.709375 0.10312500000000009 0.6578125 0.10312500000000009 0.6578125 0.15781250000000008 0.709375 0.15781250000000008
2 0.496875 0.20468750000000008 0.3953125 0.20468750000000008 0.3953125 0.2843750000000001 0.496875 0.2843750000000001
2 0.9671875 0.012500000000000112 0.871875 0.012500000000000105 0.871875 0.1109375000000001 0.9671875 0.11093750000000013
2 0.7515625 0.07187500000000009 0.7015625 0.07187500000000009 0.7015625 0.12031250000000009 0.7515625 0.12031250000000009
2 0.4953125 0.09531250000000006 0.45625 0.09531250000000006 0.45625 0.13906250000000003 0.4953125 0.13906250000000003
2 0.3265625000000001 0.5015625 0.2390625000000001 0.5015625 0.2390625000000001 0.5609375 0.3265625000000001 0.5609375
2 0.4671875 0.55625 0.3781250000000001 0.55625 0.3781250000000001 0.6375 0.4671875 0.6375
2 0.78125 0.4156250000000001 0.7125 0.415625 0.7125 0.4640625000000001 0.78125 0.46406250000000016
2 1 0.22812500000000008 0.9109375 0.22812500000000008 0.9109375 0.29375000000000007 1 0.29375000000000007
2 0.721875 0.440625 0.671875 0.440625 0.671875 0.4875 0.721875 0.4875
2 0.5453125 0.13906250000000006 0.490625 0.13906250000000003 0.490625 0.18437500000000007 0.5453125 0.1843750000000001
2 0.5234375 0.15937500000000004 0.440625 0.15937500000000004 0.440625 0.2328125000000001 0.5234375 0.2328125000000001
2 0.48125 0.509375 0.41875 0.509375 0.41875 0.565625 0.48125 0.565625
2 0.7609375 0.2906250000000001 0.7203125 0.2906250000000001 0.7203125 0.3625000000000001 0.7609375 0.3625000000000001
2 0.296875 0.15000000000000005 0.2234375 0.15000000000000005 0.2234375 0.228125 0.296875 0.228125
2 0.2609375000000001 0.5390625 0.14531250000000004 0.5390625 0.14531250000000007 0.671875 0.2609375000000001 0.671875
2 0.3390625 0.11093750000000005 0.2890625 0.11093750000000005 0.2890625 0.16562500000000005 0.3390625 0.16562500000000005
2 0.40312500000000007 0.6828125 0.30156250000000007 0.6828125 0.30156250000000007 0.784375 0.4031250000000002 0.784375
2 0.36875 0.12812500000000004 0.315625 0.12812500000000004 0.315625 0.18750000000000006 0.36875 0.18750000000000006
2 0.4421875 0.4953125 0.3296875000000001 0.4953125 0.3296875000000001 0.5875 0.4421875 0.5875
2 0.509375 0.25468750000000007 0.4828125 0.25468750000000007 0.4828125 0.2906250000000001 0.509375 0.2906250000000001
2 0.60625 0.06718750000000007 0.5546875 0.06718750000000007 0.5546875 0.1687500000000001 0.60625 0.1687500000000001
2 0.3437500000000001 0.6234375 0.25468750000000007 0.6234375 0.25468750000000007 0.7421875 0.3437500000000001 0.7421875
2 0.8421875 0.3921875000000001 0.809375 0.3921875000000001 0.809375 0.4390625000000002 0.8421875 0.4390625000000002
2 0.03593750000000008 0.6421875 7.864528663274409e-17 0.6421875 8.218528128652941e-17 0.7 0.03593750000000009 0.7
2 0.8 0.3781250000000001 0.75625 0.3781250000000001 0.75625 0.4187500000000002 0.8 0.4187500000000002
2 0.7390625 0.2078125000000001 0.7 0.2078125000000001 0.7 0.2578125000000001 0.7390625 0.2578125000000001