2 0.6531250000000002 0.8265625 0.5796875000000001 0.8265625 0.5796875000000001 0.8828125 0.6531250000000002 0.8828125
2 0.5546875000000002 0.728125 0.5265625000000002 0.728125 0.5265625000000002 0.75625 0.5546875000000002 0.75625
2 0.4312500000000001 0.7078125 0.3546875000000001 0.7078125 0.3546875000000001 0.7796875 0.4312500000000002 0.7796875
2 0.1906250000000001 0.6359375 0.12343750000000009 0.6359375 0.12343750000000009 0.675 0.1906250000000001 0.675
2 0.2328125000000001 0.859375 0.17187500000000008 0.859375 0.1718750000000001 0.9125 0.2328125000000001 0.9125
2 0.5093750000000001 0.7453125 0.47656250000000017 0.7453125 0.47656250000000017 0.7734375 0.5093750000000001 0.7734375
2 0.1296875000000001 0.6265625 0.09062500000000007 0.6265625 0.09062500000000008 0.6796875 0.1296875000000001 0.6796875
2 0.403125 0.4484375 0.28593750000000007 0.4484375 0.28593750000000007 0.540625 0.403125 0.540625
2 0.9015625 0.7609375000000002 0.7921875000000002 0.7609375000000002 0.7921875000000002 0.871875 0.9015625 0.871875
2 0.4640625 0.4234375 0.4109375 0.4234375 0.4109375 0.4765625 0.4640625 0.4765625
2 0.5812500000000002 0.8609375 0.5484375000000001 0.8609375 0.5484375000000001 0.90625 0.5812500000000002 0.90625
2 0.22812500000000008 0.58125 0.2000000000000001 0.58125 0.2000000000000001 0.621875 0.22812500000000008 0.621875
2 0.6031250000000001 0.721875 0.5515625 0.721875 0.5515625000000001 0.7546875 0.6031250000000001 0.7546875
2 0.3500000000000001 0.8609375 0.2984375000000001 0.8609375 0.2984375000000001 0.9171875 0.3500000000000001 0.9171875
2 0.6218750000000002 0.73125 0.5171875000000001 0.73125 0.5171875000000001 0.8125 0.6218750000000002 0.8125
2 0.13281250000000014 0.909375 0.034375000000000114 0.909375 0.034375000000000114 1 0.13281250000000014 1
2 0.3062500000000001 0.9 0.25468750000000007 0.9 0.25468750000000007 0.95 0.3062500000000001 0.95
2 0.5578125000000002 0.88125 0.5171875000000001 0.88125 0.5171875000000001 0.925 0.5578125000000002 0.925
2 0.7796875 0.4468750000000001 0.690625 0.446875 0.690625 0.5078125000000001 0.7796875 0.5078125000000002
2 0.6375 0.3687500000000001 0.546875 0.3687500000000001 0.546875 0.453125 0.6375 0.453125
2 0.2953125000000001 0.546875 0.2250000000000001 0.546875 0.2250000000000001 0.5953125 0.2953125000000001 0.5953125
2 0.0906250000000001 0.721875 8.840419081344957e-17 0.721875 9.25182386543352e-17 0.7890625 0.0906250000000001 0.7890625
2 0.3375000000000001 0.5234375 0.28593750000000007 0.5234375 0.28593750000000007 0.5703125 0.3375000000000001 0.5703125
2 0.5218750000000002 0.8359375 0.4671875000000002 0.8359375 0.4671875000000002 0.88125 0.5218750000000002 0.88125
2 0.5750000000000002 0.7859375 0.4890625000000002 0.7859375 0.4890625000000002 0.8609375 0.5750000000000002 0.8609375
2 0.596875 0.4421875 0.5328125 0.4421875 0.5328125 0.5 0.596875 0.5
2 0.2875000000000001 0.6515625 0.2468750000000001 0.6515625 0.2468750000000001 0.725 0.2875000000000001 0.725
2 0.7968750000000002 0.7890625000000001 0.7218750000000002 0.7890625 0.7218750000000002 0.8703125 0.7968750000000002 0.8703125
2 0.8765625 0.3343750000000001 0.7578125 0.3343750000000001 0.7578125 0.4703125000000002 0.8765625 0.4703125000000002
2 0.7281250000000001 0.8546875 0.6765625000000002 0.8546875 0.6765625000000002 0.9109375 0.7281250000000001 0.9109375
2 0.7171875 0.21875000000000008 0.6125 0.21875000000000008 0.6125 0.3218750000000001 0.7171875 0.3218750000000001
2 0.7031250000000002 0.83125 0.6484375000000002 0.83125 0.6484375000000002 0.8921875 0.7031250000000002 0.8921875
2 0.6875 0.4203125 0.571875 0.4203125 0.571875 0.515625 0.6875 0.515625
2 0.5296875000000002 0.7265625 0.5031250000000002 0.7265625 0.5031250000000002 0.7625 0.5296875000000002 0.7625
2 0.45625000000000016 0.8515625 0.4031250000000002 0.8515625 0.4031250000000002 0.9546875 0.45625000000000016 0.9546875
2 0.765625 0.26250000000000007 0.675 0.26250000000000007 0.675 0.3843750000000001 0.765625 0.3843750000000001
2 0.19531250000000008 0.5734375 0.1609375000000001 0.5734375 0.1609375000000001 0.6203125 0.19531250000000008 0.6203125
2 0.2500000000000001 0.5921875 0.2062500000000001 0.5921875 0.2062500000000001 0.634375 0.2500000000000001 0.634375
2 0.3078125000000001 0.7578125 0.2687500000000001 0.7578125 0.2687500000000001 0.809375 0.3078125000000001 0.809375