2 0.871875 0.37187500000000007 0.8125 0.37187500000000007 0.8125 0.44843750000000016 0.871875 0.44843750000000016
2 0.7390625 0.4750000000000001 0.7109375 0.475 0.7109375 0.503125 0.7390625 0.5031250000000002
2 0.7640625 0.6031250000000001 0.690625 0.603125 0.690625 0.6828125 0.7640625 0.6828125000000002
2 0.6562500000000002 0.853125 0.6156250000000002 0.853125 0.6156250000000002 0.9234375 0.6562500000000002 0.9234375
2 0.9015625 0.809375 0.846875 0.809375 0.846875 0.871875 0.9015625 0.871875
2 0.7578125 0.5234375000000002 0.728125 0.5234375000000002 0.728125 0.5578125000000002 0.7578125 0.5578125000000002
2 0.6609375000000002 0.9171875 0.6046875000000002 0.9171875 0.6046875000000002 0.9578125 0.6609375000000002 0.9578125
2 0.5140625000000001 0.6328125 0.41875 0.6328125 0.41875000000000007 0.7546875 0.5140625000000002 0.7546875
2 0.8609375 0.1140625000000001 0.7453125 0.1140625000000001 0.7453125 0.22812500000000008 0.8609375 0.22812500000000008
2 0.4484375 0.56875 0.3937500000000001 0.56875 0.3937500000000001 0.625 0.4484375 0.625
2 0.8953125 0.4468750000000002 0.8484375 0.4468750000000002 0.8484375 0.4812500000000002 0.8953125 0.4812500000000002
2 0.6000000000000002 0.8140625 0.5578125000000002 0.8140625 0.5578125000000002 0.84375 0.6000000000000002 0.84375
2 0.7390625 0.4250000000000001 0.7046875 0.425 0.7046875 0.4781250000000001 0.7390625 0.4781250000000002
2 0.9078125 0.6859375000000002 0.8484375 0.6859375000000002 0.8484375 0.7406250000000002 0.9078125 0.7406250000000002
2 0.7984375 0.4062500000000001 0.7140625 0.40625 0.7140625 0.5156250000000001 0.7984375 0.5156250000000002
2 1 0.9140625 0.9 0.9140625 0.9 1 1 1
2 0.9421875 0.7343750000000002 0.8890625 0.7343750000000002 0.8890625 0.7875000000000002 0.9421875 0.7875000000000002
2 0.9140625 0.47187500000000016 0.86875 0.47187500000000016 0.86875 0.5140625000000002 0.9140625 0.5140625000000002
2 0.4828125 0.2406250000000001 0.41875 0.2406250000000001 0.41875 0.3343750000000001 0.4828125 0.3343750000000001
2 0.425 0.38906250000000003 0.3375000000000001 0.3890625 0.3375000000000001 0.484375 0.425 0.484375
2 0.5734375000000002 0.7453125 0.5218750000000002 0.7453125 0.5218750000000002 0.81875 0.5734375000000002 0.81875
2 0.7734375000000002 0.95625 0.7046875000000001 0.95625 0.7046875000000001 1 0.7734375000000002 1
2 0.5468750000000001 0.7015625 0.496875 0.7015625 0.49687500000000007 0.7546875 0.5468750000000002 0.7546875
2 0.8703125 0.5093750000000001 0.821875 0.5093750000000001 0.821875 0.5671875000000002 0.8703125 0.5671875000000002
2 0.8484375 0.4546875000000002 0.7703125 0.4546875000000002 0.7703125 0.5437500000000002 0.8484375 0.5437500000000002
2 0.4734375 0.43125 0.4140625 0.43125 0.4140625 0.496875 0.4734375 0.496875
2 0.7078125000000002 0.753125 0.6312500000000002 0.753125 0.6312500000000002 0.7953125 0.7078125000000002 0.7953125
2 0.8578125 0.2234375000000001 0.7734375 0.2234375000000001 0.7734375 0.30156250000000007 0.8578125 0.30156250000000007
2 0.4421875 0.14062500000000006 0.3 0.14062500000000006 0.3 0.26406250000000003 0.4421875 0.2640625000000001
2 0.9 0.29375000000000007 0.840625 0.29375000000000007 0.840625 0.3468750000000001 0.9 0.3468750000000001
2 0.28750000000000003 0.3078125 0.17968750000000006 0.3078125 0.17968750000000006 0.415625 0.2875000000000001 0.415625
2 0.88125 0.3203125000000001 0.8171875 0.3203125000000001 0.8171875 0.3781250000000001 0.88125 0.3781250000000001
2 0.4890625 0.3375000000000001 0.390625 0.3375000000000001 0.39062500000000006 0.4578125 0.4890625 0.4578125
2 0.746875 0.5000000000000001 0.709375 0.5 0.709375 0.5281250000000001 0.746875 0.5281250000000002
2 0.946875 0.5781250000000002 0.8390625 0.5781250000000002 0.8390625 0.6328125000000002 0.946875 0.6328125000000002
2 0.353125 0.25625 0.2265625 0.25625 0.2265625 0.35 0.353125 0.35
2 0.5984375000000002 0.8484375 0.5484375000000001 0.8484375 0.5484375000000001 0.8828125 0.5984375000000002 0.8828125
2 0.328125 3.702643056797075e-17 0.2765625 3.386913803891899e-17 0.2765625 0.023437500000000035 0.328125 0.023437500000000038
2 0.6140625000000002 0.7921875 0.5703125000000002 0.7921875 0.5703125000000002 0.8375 0.6140625000000002 0.8375
2 0.7953125000000002 0.7328125000000002 0.7406250000000002 0.7328125000000002 0.7406250000000002 0.7734375000000002 0.7953125000000002 0.7734375000000002