2 0.2921875000000001 0.9078125 0.18750000000000014 0.9078125 0.18750000000000014 1 0.2921875000000001 1
2 0.6640625 0.5921875 0.5921875 0.5921875 0.5921875 0.671875 0.6640625 0.671875
2 0.65 0.3921875000000001 0.6125 0.3921875000000001 0.6125 0.4171875 0.65 0.4171875
2 0.4515625 0.10468750000000004 0.3625 0.10468750000000004 0.3625 0.27187500000000003 0.4515625 0.2718750000000001
2 0.1609375 0.010937500000000015 0.0953125 0.010937500000000011 0.0953125 0.07656250000000002 0.1609375 0.07656250000000002
2 0.4140625000000001 0.66875 0.3234375000000001 0.66875 0.3234375000000001 0.7421875 0.41406250000000017 0.7421875
2 0.6265625 0.3906250000000001 0.503125 0.3906250000000001 0.503125 0.5046875 0.6265625 0.5046875
2 0.5046875 0.31718750000000007 0.353125 0.3171875 0.353125 0.5 0.5046875 0.5
2 0.3843750000000001 0.40625 0.2015625000000001 0.40625 0.2015625000000001 0.59375 0.3843750000000001 0.59375
2 0.5046875 0.31718750000000007 0.353125 0.3171875 0.353125 0.5 0.5046875 0.5
2 0.2296875 0.215625 0.15312500000000004 0.215625 0.15312500000000004 0.2671875 0.2296875 0.2671875
2 0.1546875000000001 0.625 0.06562500000000007 0.625 0.06562500000000007 0.684375 0.1546875000000001 0.684375
2 0.19687500000000008 0.6625 0.014062500000000084 0.6625 0.014062500000000094 0.853125 0.19687500000000008 0.853125
2 0.6921875 0.03906250000000008 0.6296875 0.039062500000000076 0.6296875 0.08281250000000008 0.6921875 0.0828125000000001
2 0.7671875 0.6078125000000001 0.6859375 0.6078125 0.6859375 0.7156250000000001 0.7671875 0.7156250000000002
2 0.5250000000000001 0.6921875 0.3890625000000001 0.6921875 0.3890625000000001 0.828125 0.5250000000000001 0.828125
2 0.6703125 0.5328125 0.6140625 0.5328125 0.6140625 0.6078125 0.6703125 0.6078125
2 0.7484375 0.3203125000000001 0.6828125 0.3203125000000001 0.6828125 0.4046875000000001 0.7484375 0.4046875000000002
2 0.7296875 0.04375000000000009 0.6890625 0.04375000000000009 0.6890625 0.08750000000000009 0.7296875 0.08750000000000009
2 0.14218750000000005 0.2171875 0.04062500000000002 0.2171875 0.040625000000000036 0.3234375 0.14218750000000005 0.3234375
2 0.665625 0.05781250000000008 0.6046875 0.057812500000000065 0.6046875 0.11718750000000008 0.665625 0.11718750000000008
2 0.18906250000000002 0.13906250000000003 0.08750000000000002 0.1390625 0.08750000000000002 0.2171875 0.18906250000000005 0.2171875
2 0.2625 0.25625 0.07500000000000002 0.25625 0.07500000000000004 0.3515625 0.2625 0.3515625
2 0.10468750000000007 0.5078125 0.03593750000000007 0.5078125 0.03593750000000007 0.5578125 0.10468750000000009 0.5578125
2 0.4921875 5.243019108849606e-17 0.3640625 4.4584797531458325e-17 0.3640625 0.12187500000000004 0.4921875 0.12187500000000004
2 0.06875000000000002 0.115625 0.017187500000000015 0.115625 0.01718750000000002 0.1703125 0.06875000000000002 0.1703125
2 0.296875 0.2234375 0.2328125 0.2234375 0.2328125 0.2890625 0.296875 0.2890625
2 0.2562500000000001 0.540625 0.11718750000000004 0.540625 0.11718750000000007 0.6921875 0.2562500000000001 0.6921875
2 0.3578125000000001 0.60625 0.2328125000000001 0.60625 0.2328125000000001 0.7296875 0.3578125000000001 0.7296875
2 1 0.5953125000000001 0.88125 0.5953125000000001 0.88125 0.7312500000000002 1 0.7312500000000002
2 0.20468750000000008 0.390625 0.11875000000000005 0.390625 0.11875000000000005 0.4921875 0.20468750000000008 0.4921875
2 0.734375 0.5437500000000001 0.6640625 0.54375 0.6640625 0.6625000000000001 0.734375 0.6625000000000002
2 0.3906250000000001 0.725 0.1437500000000001 0.725 0.1437500000000001 0.9375 0.3906250000000001 0.9375
2 0.4609375 0.2750000000000001 0.3859375 0.2750000000000001 0.3859375 0.3437500000000001 0.4609375 0.3437500000000001
2 0.6109375 0.46875 0.5046875 0.46875 0.5046875 0.659375 0.6109375 0.659375
2 0.20468750000000008 0.5125 0.07812500000000007 0.5125 0.07812500000000007 0.60625 0.20468750000000008 0.60625
2 1 0.10937500000000011 0.7109375 0.10937500000000008 0.7109375 0.6656250000000001 1 0.6656250000000001
2 0.5953125 0.08593750000000006 0.453125 0.08593750000000004 0.453125 0.19531250000000006 0.5953125 0.19531250000000008
2 0.30625 0.18750000000000006 0.221875 0.18750000000000006 0.221875 0.25 0.30625 0.25
2 0.6375000000000002 0.746875 0.5781250000000002 0.746875 0.5781250000000002 0.828125 0.6375000000000002 0.828125
2 0.509375 0.509375 0.40625 0.509375 0.40625 0.6078125 0.509375 0.6078125
2 0.2593750000000001 0.540625 0.11718750000000004 0.540625 0.11718750000000007 0.6921875 0.2593750000000001 0.6921875
2 0.225 0.18593750000000003 0.18437500000000004 0.18593750000000003 0.18437500000000004 0.221875 0.225 0.221875
2 0.05468750000000007 0.4796875 5.87447761465996e-17 0.4796875 6.352855270576895e-17 0.5578125 0.05468750000000007 0.5578125
2 0.765625 0.07031250000000008 0.725 0.07031250000000008 0.725 0.12500000000000008 0.765625 0.12500000000000008
2 0.728125 0.07968750000000008 0.6265625 0.07968750000000006 0.6265625 0.1593750000000001 0.728125 0.1593750000000001
2 0.13437500000000005 0.396875 0.07187500000000005 0.396875 0.07187500000000005 0.453125 0.13437500000000005 0.453125
2 0.7734375000000001 0.6953125000000001 0.621875 0.6953125 0.6218750000000001 0.859375 0.7734375000000002 0.859375
2 0.415625 0.23906250000000004 0.26875 0.2390625 0.26875 0.3375 0.415625 0.3375000000000001
2 0.5875000000000001 0.603125 0.440625 0.603125 0.4406250000000001 0.7390625 0.5875000000000001 0.7390625
2 0.37968750000000007 0.5171875 0.24375000000000008 0.5171875 0.24375000000000008 0.6109375 0.37968750000000007 0.6109375