2 0.2671875000000001 0.909375 0.16875000000000012 0.909375 0.16875000000000012 1 0.2671875000000001 1
2 0.6171875 0.6125 0.55 0.6125 0.55 0.6875 0.6171875 0.6875
2 1 0.42500000000000016 0.9140625 0.42500000000000016 0.9140625 0.5812500000000002 1 0.5812500000000002
2 0.6046875 0.425 0.56875 0.425 0.56875 0.4484375 0.6046875 0.4484375
2 0.4171875 0.15468750000000003 0.3328125 0.15468750000000003 0.3328125 0.31093750000000003 0.4171875 0.3109375000000001
2 0.1453125 0.06562500000000002 0.0828125 0.065625 0.08281250000000001 0.1265625 0.1453125 0.1265625
2 0.3828125000000001 0.6859375 0.2968750000000001 0.6859375 0.2968750000000001 0.7546875 0.3828125000000001 0.7546875
2 0.5828125 0.4234375 0.4671875 0.4234375 0.4671875 0.53125 0.5828125 0.53125
2 0.4671875 0.353125 0.325 0.353125 0.32500000000000007 0.525 0.4671875 0.525
2 0.3546875000000001 0.4375 0.18281250000000004 0.4375 0.18281250000000007 0.6140625 0.3546875000000001 0.6140625
2 0.4671875 0.353125 0.325 0.353125 0.32500000000000007 0.525 0.4671875 0.525
2 0.209375 0.2578125 0.13593750000000004 0.2578125 0.13593750000000004 0.30625 0.209375 0.30625
2 0.1375000000000001 0.6421875 0.05468750000000009 0.6421875 0.05468750000000009 0.6984375 0.1375000000000001 0.6984375
2 0.1781250000000001 0.6796875 0.006250000000000084 0.6796875 0.006250000000000094 0.8578125 0.1781250000000001 0.8578125
2 0.64375 0.09218750000000007 0.584375 0.09218750000000006 0.584375 0.13281250000000008 0.64375 0.13281250000000008
2 0.7140625 0.6265625 0.6375 0.6265625 0.6375000000000001 0.728125 0.7140625000000002 0.728125
2 0.4859375000000001 0.70625 0.3578125000000001 0.70625 0.3578125000000001 0.834375 0.4859375000000002 0.834375
2 0.621875 0.55625 0.5703125 0.55625 0.5703125 0.6265625 0.621875 0.6265625
2 0.696875 0.3578125000000001 0.634375 0.3578125000000001 0.634375 0.4375 0.696875 0.4375
2 0.6796875 0.09687500000000009 0.6421875 0.09687500000000009 0.6421875 0.1375000000000001 0.6796875 0.1375000000000001
2 0.12656250000000005 0.259375 0.031250000000000035 0.259375 0.03125000000000004 0.359375 0.12656250000000005 0.359375
2 0.6203125 0.10937500000000008 0.5625 0.10937500000000008 0.5625 0.16562500000000008 0.6203125 0.16562500000000008
2 0.17031250000000003 0.1859375 0.07500000000000002 0.1859375 0.07500000000000002 0.259375 0.17031250000000003 0.259375
2 0.23906250000000004 0.2953125 0.06250000000000004 0.2953125 0.06250000000000004 0.3859375 0.2390625000000001 0.3859375
2 0.09062500000000007 0.5328125 0.025000000000000067 0.5328125 0.025000000000000067 0.5796875 0.09062500000000007 0.5796875
2 0.4546875 0.053125000000000054 0.334375 0.05312500000000005 0.334375 0.17031250000000003 0.4546875 0.17031250000000003
2 0.05625000000000002 0.1625 0.007812500000000019 0.1625 0.007812500000000023 0.2140625 0.05625000000000002 0.2140625
2 0.271875 0.2671875 0.2109375 0.2671875 0.2109375 0.328125 0.271875 0.328125
2 1 0.2250000000000001 0.940625 0.2250000000000001 0.940625 0.32500000000000007 1 0.32500000000000007
2 0.23437500000000008 0.565625 0.10312500000000009 0.565625 0.10312500000000009 0.7078125 0.23437500000000008 0.7078125
2 0.3281250000000001 0.6265625 0.21093750000000008 0.6265625 0.21093750000000008 0.7421875 0.3281250000000001 0.7421875
2 0.946875 0.6156250000000002 0.821875 0.6156250000000002 0.821875 0.7437500000000001 0.946875 0.7437500000000001
2 0.18437500000000004 0.421875 0.10468750000000004 0.421875 0.10468750000000004 0.51875 0.18437500000000004 0.51875
2 0.684375 0.5671875 0.61875 0.5671875 0.61875 0.678125 0.684375 0.678125
2 0.3593750000000001 0.7375 0.12656250000000008 0.7375 0.1265625000000001 0.9375 0.3593750000000001 0.9375
2 0.425 0.31250000000000006 0.3546875 0.3125 0.35468750000000004 0.37812500000000004 0.425 0.3781250000000001
2 0.5671875 0.4953125 0.4671875 0.4953125 0.4671875 0.675 0.5671875 0.675
2 0.18593750000000006 0.5375 0.06718750000000007 0.5375 0.06718750000000007 0.625 0.1859375000000001 0.625
2 0.9734375 0.1578125000000001 0.6625 0.15781250000000008 0.6625 0.6812500000000001 0.9734375 0.6812500000000001
2 0.553125 0.13593750000000007 0.41875 0.13593750000000004 0.41875 0.2390625000000001 0.553125 0.2390625000000001
2 0.28125 0.23125 0.2015625 0.23125 0.2015625 0.290625 0.28125 0.290625
2 0.5921875000000002 0.7578125 0.5375000000000002 0.7578125 0.5375000000000002 0.834375 0.5921875000000002 0.834375
2 0.471875 0.5328125 0.3750000000000001 0.5328125 0.3750000000000001 0.6265625 0.471875 0.6265625
2 0.2375000000000001 0.565625 0.10312500000000009 0.565625 0.10312500000000009 0.7078125 0.2375000000000001 0.7078125
2 0.2046875 0.23125 0.16562500000000005 0.23125 0.16562500000000005 0.2640625 0.2046875 0.2640625
2 0.04375000000000007 0.5078125 6.218909526920153e-17 0.5078125 6.668584523482072e-17 0.58125 0.04375000000000007 0.58125
2 0.7125 0.1218750000000001 0.6734375 0.1218750000000001 0.6734375 0.17343750000000008 0.7125 0.17343750000000008
2 0.678125 0.1296875000000001 0.5828125 0.1296875000000001 0.5828125 0.20468750000000008 0.678125 0.20468750000000008
2 0.11718750000000004 0.428125 0.059375000000000046 0.428125 0.05937500000000005 0.48125 0.11718750000000004 0.48125
2 0.7203125000000001 0.709375 0.578125 0.709375 0.5781250000000001 0.8640625 0.7203125000000001 0.8640625
2 0.38281250000000006 0.28125000000000006 0.2453125 0.28125 0.24531250000000004 0.37343750000000003 0.3828125000000001 0.3734375000000001
2 0.5453125000000001 0.6234375 0.4078125 0.6234375 0.4078125000000001 0.7515625 0.5453125000000002 0.7515625
2 0.3500000000000001 0.540625 0.2218750000000001 0.540625 0.2218750000000001 0.6296875 0.3500000000000001 0.6296875