2 0.4703125 0.26250000000000007 0.3953125 0.26250000000000007 0.3953125 0.3437500000000001 0.4703125 0.3437500000000001
2 0.06718750000000005 0.3796875 4.649830815512607e-17 0.3796875 5.673558999174847e-17 0.546875 0.06718750000000007 0.546875
2 0.4484375 0.525 0.409375 0.525 0.409375 0.5515625 0.4484375 0.5515625
2 0.70625 0.6765625 0.6140625 0.6765625 0.6140625000000001 0.85 0.7062500000000002 0.85
2 0.9828125 0.8796875 0.9140625 0.8796875 0.9140625 0.946875 0.9828125 0.946875
2 0.746875 0.18906250000000008 0.653125 0.18906250000000008 0.653125 0.2656250000000001 0.746875 0.2656250000000001
2 0.559375 0.434375 0.4328125 0.434375 0.4328125 0.553125 0.559375 0.553125
2 0.7171875 0.440625 0.5609375 0.440625 0.5609375 0.6296875 0.7171875 0.6296875
2 0.8734375 0.3437500000000001 0.684375 0.3437500000000001 0.684375 0.5390625000000001 0.8734375 0.5390625000000002
2 0.7171875 0.440625 0.5609375 0.440625 0.5609375 0.6296875 0.7171875 0.6296875
2 0.9234375 0.6828125000000002 0.84375 0.6828125000000002 0.84375 0.7359375000000001 0.9234375 0.7359375000000001
2 1 0.2500000000000001 0.9234375 0.2500000000000001 0.9234375 0.3125000000000001 1 0.3125000000000001
2 1 0.07968750000000012 0.8765625 0.0796875000000001 0.8765625 0.2718750000000001 1 0.2718750000000001
2 0.4312500000000002 0.8734375 0.3656250000000001 0.8734375 0.3656250000000001 0.91875 0.4312500000000002 0.91875
2 0.371875 0.21718750000000003 0.2875 0.2171875 0.2875 0.3296875 0.371875 0.3296875000000001
2 0.6796875 0.10156250000000007 0.5390625 0.10156250000000004 0.5390625 0.24218750000000008 0.6796875 0.24218750000000008
2 0.4453125 0.3296875000000001 0.3875 0.3296875000000001 0.38750000000000007 0.40625 0.4453125 0.40625
2 0.3750000000000001 0.5390625 0.3062500000000001 0.5390625 0.3062500000000001 0.6265625 0.3750000000000001 0.6265625
2 0.3671875000000001 0.86875 0.3265625000000001 0.86875 0.3265625000000001 0.9140625 0.3671875000000001 0.9140625
2 1 0.6234375000000002 0.934375 0.6234375000000002 0.934375 0.7343750000000002 1 0.7343750000000002
2 0.4546875000000002 0.8390625 0.3906250000000001 0.8390625 0.3906250000000001 0.9 0.4546875000000002 0.9
2 0.9921875 0.7328125000000002 0.8859375 0.7328125000000002 0.8859375 0.8140625 0.9921875 0.8140625
2 1 0.5953125000000001 0.8109375 0.5953125000000001 0.8109375 0.6937500000000002 1 0.6937500000000002
2 1 0.3937500000000001 0.9734375 0.3937500000000001 0.9734375 0.43281250000000016 1 0.43281250000000016
2 0.7062500000000002 0.8328125 0.5734375000000002 0.8328125 0.5734375000000002 0.9609375 0.7062500000000002 0.9609375
2 0.8421875 0.6593750000000002 0.775 0.6593750000000002 0.7750000000000001 0.7265625000000002 0.8421875 0.7265625000000002
2 0.037500000000000096 0.684375 8.381176531664698e-17 0.684375 8.916959506291665e-17 0.771875 0.0375000000000001 0.771875
2 0.9609375 0.2406250000000001 0.8171875 0.2406250000000001 0.8171875 0.3968750000000001 0.9609375 0.3968750000000001
2 0.8421875 0.20312500000000008 0.7125 0.20312500000000008 0.7125 0.3296875000000001 0.8421875 0.3296875000000001
2 0.16875000000000004 0.2015625 0.03125000000000002 0.2015625 0.031250000000000035 0.3421875 0.16875000000000004 0.3421875
2 0.959375 0.44843750000000016 0.8703125 0.44843750000000016 0.8703125 0.5546875000000002 0.959375 0.5546875000000002
2 0.39375000000000004 0.27187500000000003 0.321875 0.271875 0.321875 0.39531250000000007 0.3937500000000001 0.39531250000000007
2 0.934375 9.873714818125535e-17 0.678125 8.304636106717989e-17 0.678125 0.2078125000000001 0.934375 0.2078125000000001
2 0.6828125 0.603125 0.6046875 0.603125 0.6046875 0.675 0.6828125 0.675
2 0.559375 0.2765625000000001 0.4484375 0.2765625000000001 0.4484375 0.4734375 0.559375 0.4734375
2 1 0.3312500000000001 0.8703125 0.3312500000000001 0.8703125 0.4281250000000002 1 0.4281250000000002
2 0.3453125 0.26875 0.003125000000000033 0.26875 0.0031250000000000687 0.846875 0.3453125000000001 0.846875
2 0.6140625000000002 0.7578125 0.4656250000000002 0.7578125 0.4656250000000002 0.8703125 0.6140625000000002 0.8703125
2 0.853125 0.6984375000000002 0.765625 0.6984375000000002 0.7656250000000001 0.7640625000000002 0.853125 0.7640625000000002
2 0.4828125 0.10156250000000004 0.421875 0.10156250000000004 0.421875 0.18437500000000004 0.4828125 0.18437500000000004
2 0.6625 0.3296875000000001 0.5546875 0.3296875000000001 0.5546875 0.4328125 0.6625 0.4328125
2 0.9609375 0.2406250000000001 0.8125 0.2406250000000001 0.8125 0.3968750000000001 0.9609375 0.3968750000000001
2 0.8921875 0.7296875000000002 0.85 0.7296875000000002 0.85 0.7671875000000001 0.8921875 0.7671875000000001
2 0.3312500000000001 0.8296875 0.2890625000000001 0.8296875 0.2890625000000001 0.8859375 0.3312500000000001 0.8859375
2 0.43281250000000016 0.79375 0.3281250000000001 0.79375 0.3281250000000001 0.8765625 0.43281250000000016 0.8765625
2 1 0.4890625000000002 0.94375 0.4890625000000002 0.94375 0.5468750000000002 1 0.5468750000000002
2 0.4375 0.06718750000000004 0.28125 0.06718750000000004 0.28125 0.23750000000000004 0.4375 0.2375000000000001
2 0.803125 0.6093750000000001 0.6515625 0.609375 0.6515625 0.7109375000000001 0.803125 0.7109375000000002
2 0.6265625 0.19375000000000006 0.475 0.19375000000000003 0.475 0.3343750000000001 0.6265625 0.3343750000000001
2 0.8296875 0.3265625000000001 0.6890625 0.3265625000000001 0.6890625 0.4234375000000001 0.8296875 0.4234375000000002