2 0.3000000000000001 0.6578125 0.1687500000000001 0.6578125 0.1687500000000001 0.8578125 0.3000000000000001 0.8578125
2 0.5890625 0.5078125 0.51875 0.5078125 0.51875 0.6109375 0.5890625 0.6109375
2 0.5765625 0.14843750000000006 0.53125 0.14843750000000006 0.53125 0.2078125000000001 0.5765625 0.2078125000000001
2 0.790625 0.0828125000000001 0.7546875 0.0828125000000001 0.7546875 0.1390625000000001 0.790625 0.1390625000000001
2 0.3890625000000001 0.68125 0.1921875000000001 0.68125 0.19218750000000012 0.9171875 0.3890625000000001 0.9171875
2 0.840625 0.48125000000000007 0.5640625 0.48125 0.5640625000000001 0.934375 0.840625 0.934375
2 0.3750000000000001 0.50625 0.17500000000000004 0.50625 0.17500000000000007 0.659375 0.3750000000000001 0.659375
2 0.9078125 0.040625000000000105 0.775 0.0406250000000001 0.775 0.14531250000000012 0.9078125 0.14531250000000012
2 0.8390625 0.1671875000000001 0.759375 0.1671875000000001 0.759375 0.2890625000000001 0.8390625 0.2890625000000001
2 0.6734375 0.07812500000000008 0.5765625 0.07812500000000007 0.5765625 0.1937500000000001 0.6734375 0.1937500000000001
2 0.940625 0.1828125000000001 0.8734375 0.1828125000000001 0.8734375 0.29375000000000007 0.940625 0.29375000000000007
2 0.909375 0.3046875000000001 0.775 0.3046875000000001 0.775 0.41718750000000016 0.909375 0.41718750000000016
2 0.9 0.7953125000000002 0.80625 0.7953125000000002 0.80625 0.903125 0.9 0.903125
2 0.9484375 0.6562500000000002 0.8453125 0.6562500000000002 0.8453125 0.7968750000000002 0.9484375 0.7968750000000002
2 0.7859375 0.3234375000000001 0.7078125 0.3234375000000001 0.7078125 0.41093750000000007 0.7859375 0.4109375000000002
2 0.321875 0.2203125 0.18750000000000006 0.2203125 0.18750000000000006 0.321875 0.321875 0.321875
2 0.6234375 0.3546875000000001 0.5671875 0.3546875000000001 0.5671875 0.4328125 0.6234375 0.4328125
2 0.571875 0.34843750000000007 0.5078125 0.34843750000000007 0.5078125 0.459375 0.571875 0.459375
2 0.5921875000000001 0.634375 0.3937500000000001 0.634375 0.3937500000000001 0.875 0.5921875000000002 0.875
2 0.6921875 0.18125000000000008 0.6015625 0.18125000000000008 0.6015625 0.2531250000000001 0.6921875 0.2531250000000001
2 0.17187500000000008 0.66875 0.06406250000000009 0.66875 0.0640625000000001 0.8828125 0.17187500000000008 0.8828125
2 0.1312500000000001 0.59375 7.271340369937409e-17 0.59375 8.22809568177128e-17 0.75 0.1312500000000001 0.75
2 0.7375 0.09218750000000009 0.64375 0.09218750000000009 0.64375 0.20312500000000008 0.7375 0.20312500000000008
2 0.5109375 0.2640625000000001 0.4515625 0.2640625000000001 0.4515625 0.3281250000000001 0.5109375 0.3281250000000001
2 0.68125 0.421875 0.6015625 0.421875 0.6015625 0.4921875 0.68125 0.4921875
2 1 0.8375 0.8015625 0.8375 0.8015625 1 1 1
2 0.89375 0.12343750000000009 0.828125 0.12343750000000009 0.828125 0.2015625000000001 0.89375 0.2015625000000001
2 0.5015625 0.11718750000000004 0.428125 0.11718750000000004 0.428125 0.19062500000000004 0.5015625 0.19062500000000004
2 0.37500000000000006 0.28125000000000006 0.08437500000000005 0.28125 0.08437500000000006 0.5390625 0.3750000000000001 0.5390625
2 0.8453125 0.39531250000000007 0.746875 0.39531250000000007 0.746875 0.4937500000000002 0.8453125 0.4937500000000002
2 0.9640625 0.47968750000000016 0.8515625 0.47968750000000016 0.8515625 0.5468750000000002 0.9640625 0.5468750000000002
2 0.39375000000000004 0.29531250000000003 0.321875 0.2953125 0.321875 0.37812500000000004 0.3937500000000001 0.3781250000000001
2 0.5265625 0.2234375000000001 0.4265625 0.2234375000000001 0.4265625 0.2765625000000001 0.5265625 0.2765625000000001
2 0.859375 0.4500000000000002 0.7703125 0.4500000000000002 0.7703125 0.5671875000000002 0.859375 0.5671875000000002
2 0.9625 0.4000000000000002 0.8390625 0.4000000000000002 0.8390625 0.4937500000000002 0.9625 0.4937500000000002
2 0.4875 0.44375 0.3656250000000001 0.44375 0.3656250000000001 0.55625 0.4875 0.55625
2 0.703125 0.44375 0.5890625 0.44375 0.5890625 0.565625 0.703125 0.565625
2 0.7875000000000002 0.934375 0.6234375000000002 0.934375 0.6234375000000002 1 0.7875000000000002 1
2 0.578125 0.04531250000000007 0.503125 0.04531250000000007 0.503125 0.11250000000000007 0.578125 0.11250000000000009
2 0.6578125000000001 0.8609375 0.48750000000000016 0.8609375 0.48750000000000016 1 0.6578125000000001 1
2 0.71875 0.2328125000000001 0.6109375 0.2328125000000001 0.6109375 0.3703125000000001 0.71875 0.3703125000000001
2 0.8234375 0.6531250000000002 0.759375 0.6531250000000002 0.759375 0.7234375000000002 0.8234375 0.7234375000000002