2 0.5718750000000001 0.8484375 0.4781250000000002 0.8484375 0.4781250000000002 0.996875 0.5718750000000001 0.996875
2 0.6265625 0.5546875 0.5734375 0.5546875 0.5734375 0.63125 0.6265625 0.63125
2 0.4203125000000002 0.8109375 0.0343750000000001 0.8109375 0.034375000000000114 1 0.4203125000000002 1
2 0.875 0.21250000000000008 0.6734375 0.21250000000000008 0.6734375 0.4718750000000001 0.875 0.47187500000000016
2 0.434375 0.17656250000000004 0.371875 0.17656250000000004 0.371875 0.2609375000000001 0.434375 0.2609375000000001
2 0.3468750000000001 0.3921875 0.18906250000000005 0.3921875 0.18906250000000005 0.484375 0.3468750000000001 0.484375
2 0.7375 0.4359375000000001 0.6265625 0.4359375 0.6265625 0.5796875000000001 0.7375 0.5796875000000001
2 0.821875 0.659375 0.6921875 0.659375 0.6921875000000001 0.8390625 0.821875 0.8390625
2 0.28906250000000006 0.2859375 0.17968750000000006 0.2859375 0.17968750000000006 0.3984375 0.2890625000000001 0.3984375
2 0.746875 0.23593750000000008 0.6140625 0.23593750000000008 0.6140625 0.3625000000000001 0.746875 0.3625000000000001
2 1 0.9171875 0.80625 0.9171875 0.80625 1 1 1
2 0.540625 0.2218750000000001 0.4640625 0.2218750000000001 0.4640625 0.2765625000000001 0.540625 0.2765625000000001
2 0.628125 0.2078125000000001 0.5734375 0.2078125000000001 0.5734375 0.2921875000000001 0.628125 0.2921875000000001
2 0.11718750000000008 0.7 0.003125000000000086 0.7 0.003125000000000095 0.8453125 0.11718750000000008 0.8453125
2 0.5109375 0.3390625000000001 0.440625 0.3390625000000001 0.440625 0.43125 0.5109375 0.43125
2 0.2609375 0.2046875 0.13125000000000003 0.2046875 0.13125000000000003 0.3109375 0.2609375 0.3109375
2 0.27812500000000007 0.578125 0.1296875000000001 0.578125 0.1296875000000001 0.7375 0.27812500000000007 0.7375
2 0.7734375 0.1781250000000001 0.7015625 0.1781250000000001 0.7015625 0.22031250000000008 0.7734375 0.22031250000000008
2 0.3640625 0.17343750000000005 0.29375 0.17343750000000005 0.29375 0.22500000000000003 0.3640625 0.2250000000000001
2 1 0.43750000000000017 0.971875 0.43750000000000017 0.971875 0.5359375000000002 1 0.5359375000000002
2 0.7390625000000001 0.6562500000000001 0.5734375 0.65625 0.5734375 0.8625 0.7390625000000002 0.8625
2 0.425 0.290625 0.3328125 0.290625 0.3328125 0.3375 0.425 0.3375000000000001
2 0.7109375 8.256798341126295e-17 0.6375 7.807123344564376e-17 0.6375 0.05468750000000009 0.7109375 0.05468750000000009
2 0.2140625000000001 0.509375 0.025000000000000067 0.509375 0.025000000000000078 0.684375 0.2140625000000001 0.684375
2 1 0.8671875 0.896875 0.8671875 0.896875 0.9546875 1 0.9546875
2 0.5843750000000001 0.5890625 0.2093750000000001 0.5890625 0.2093750000000001 0.8609375 0.5843750000000002 0.8609375
2 1 0.46093750000000017 0.8671875 0.46093750000000017 0.8671875 0.6125000000000002 1 0.6125000000000002
2 0.8328125 0.10468750000000009 0.7125 0.10468750000000009 0.7125 0.2171875000000001 0.8328125 0.2171875000000001
2 0.5890625 0.18906250000000008 0.5296875 0.18906250000000005 0.5296875 0.2593750000000001 0.5890625 0.2593750000000001
2 0.365625 0.22500000000000003 0.3 0.225 0.3 0.26562500000000006 0.365625 0.2656250000000001
2 0.528125 0.4203125 0.3140625000000001 0.4203125 0.3140625000000001 0.521875 0.528125 0.521875
2 0.6125000000000002 0.7625 0.5265625000000002 0.7625 0.5265625000000002 0.90625 0.6125000000000002 0.90625
2 0.640625 0.3625000000000001 0.475 0.3625000000000001 0.475 0.509375 0.640625 0.509375
2 0.3890625 0.24531250000000004 0.325 0.2453125 0.325 0.30000000000000004 0.3890625 0.3000000000000001
2 0.9125 0.001562500000000106 0.8140625 0.0015625000000000998 0.8140625 0.0968750000000001 0.9125 0.09687500000000011
2 0.13906250000000003 0.2375 0.057812500000000024 0.2375 0.05781250000000003 0.346875 0.13906250000000003 0.346875
2 0.3703125 0.14531250000000004 0.3140625 0.14531250000000004 0.3140625 0.17968750000000006 0.3703125 0.17968750000000006
2 0.575 0.5015625 0.3781250000000001 0.5015625 0.3781250000000001 0.6296875 0.575 0.6296875
2 0.12187500000000004 0.19375 0.035937500000000025 0.19375 0.035937500000000025 0.2515625 0.12187500000000004 0.2515625
2 0.51875 0.2593750000000001 0.459375 0.2593750000000001 0.459375 0.32500000000000007 0.51875 0.32500000000000007
2 0.7093750000000002 0.840625 0.5671875000000002 0.840625 0.5671875000000002 1 0.7093750000000002 1
2 0.8875 0.815625 0.7281250000000001 0.815625 0.7281250000000001 0.95 0.8875 0.95
2 1 0.6484375000000002 0.8703125 0.6484375000000002 0.8703125 0.865625 1 0.865625
2 0.625 0.10000000000000006 0.4296875 0.10000000000000005 0.4296875 0.2656250000000001 0.625 0.2656250000000001
2 0.4078125 0.4640625 0.2062500000000001 0.4640625 0.2062500000000001 0.5984375 0.4078125 0.5984375
2 0.10468750000000013 0.9125 1.1174902042219599e-16 0.9125 1.1710685016846565e-16 1 0.10468750000000013 1
2 0.7718750000000002 0.9546875 0.6984375000000002 0.9546875 0.6984375000000002 1 0.7718750000000002 1
2 0.8296875 0.4968750000000002 0.740625 0.4968750000000002 0.740625 0.6531250000000002 0.8296875 0.6531250000000002
2 0.70625 0.06250000000000008 0.6234375 0.06250000000000007 0.6234375 0.11250000000000009 0.70625 0.11250000000000009
2 0.99375 0.5515625000000002 0.83125 0.5515625000000002 0.83125 0.7468750000000002 0.99375 0.7468750000000002
2 0.4890625000000002 0.8328125 0.40156250000000016 0.8328125 0.40156250000000016 0.9515625 0.4890625000000002 0.9515625
2 1 0.2296875000000001 0.896875 0.2296875000000001 0.896875 0.42968750000000017 1 0.42968750000000017
2 1 0.1109375000000001 0.884375 0.11093750000000009 0.884375 0.1984375000000001 1 0.19843750000000013