2 0.5609375000000002 0.8109375 0.4703125000000002 0.8109375 0.4703125000000002 0.953125 0.5609375000000002 0.953125
2 0.6125 0.528125 0.5625 0.528125 0.5625 0.6015625 0.6125 0.6015625
2 0.4156250000000002 0.775 0.0437500000000001 0.775 0.04375000000000011 1 0.4156250000000002 1
2 0.8515625 0.2000000000000001 0.6578125 0.2000000000000001 0.6578125 0.45000000000000007 0.8515625 0.4500000000000002
2 0.428125 0.16406250000000006 0.3671875 0.16406250000000006 0.3671875 0.2453125000000001 0.428125 0.2453125000000001
2 0.3437500000000001 0.371875 0.19218750000000004 0.371875 0.19218750000000004 0.4609375 0.3437500000000001 0.4609375
2 0.7203125 0.4140625 0.6140625 0.4140625 0.6140625 0.553125 0.7203125 0.553125
2 0.8015625 0.6296875000000001 0.6765625 0.6296875 0.6765625000000001 0.803125 0.8015625 0.803125
2 0.28906250000000006 0.2703125 0.18437500000000004 0.2703125 0.18437500000000004 0.378125 0.2890625000000001 0.378125
2 0.728125 0.2218750000000001 0.6015625 0.2218750000000001 0.6015625 0.3437500000000001 0.728125 0.3437500000000001
2 1 0.8765625 0.7859375000000002 0.8765625 0.7859375000000002 1 1 1
2 0.53125 0.2078125000000001 0.4578125 0.2078125000000001 0.4578125 0.2609375000000001 0.53125 0.2609375000000001
2 0.6140625 0.1937500000000001 0.5625 0.1937500000000001 0.5625 0.2750000000000001 0.6140625 0.2750000000000001
2 0.12343750000000009 0.66875 0.012500000000000084 0.66875 0.012500000000000091 0.8078125 0.12343750000000009 0.8078125
2 0.503125 0.3203125000000001 0.434375 0.3203125000000001 0.434375 0.409375 0.503125 0.409375
2 0.2609375 0.1921875 0.13593750000000004 0.1921875 0.13593750000000004 0.29375 0.2609375 0.29375
2 0.27812500000000007 0.5515625 0.13437500000000008 0.5515625 0.13437500000000008 0.7046875 0.27812500000000007 0.7046875
2 0.7546875 0.16562500000000008 0.684375 0.16562500000000008 0.684375 0.2062500000000001 0.7546875 0.2062500000000001
2 0.3609375 0.16093750000000004 0.2921875 0.16093750000000004 0.2921875 0.2109375 0.3609375 0.2109375
2 1 0.41406250000000017 0.9453125 0.41406250000000017 0.9453125 0.5109375000000002 1 0.5109375000000002
2 0.721875 0.6265625 0.5625 0.6265625 0.5625000000000001 0.825 0.7218750000000002 0.825
2 0.4203125 0.275 0.33125 0.275 0.33125 0.32031250000000006 0.4203125 0.3203125000000001
2 0.69375 8.065447278759521e-17 0.6234375 7.634907388434281e-17 0.6234375 0.04687500000000008 0.69375 0.04687500000000009
2 0.2171875000000001 0.4859375 0.03437500000000006 0.4859375 0.034375000000000065 0.653125 0.2171875000000001 0.653125
2 0.996875 0.828125 0.8734375 0.828125 0.8734375 0.9125 0.996875 0.9125
2 0.5718750000000001 0.5625 0.21093750000000008 0.5625 0.21093750000000008 0.825 0.5718750000000001 0.825
2 0.975 0.4390625000000002 0.8453125 0.4390625000000002 0.8453125 0.5859375000000002 0.975 0.5859375000000002
2 0.8125 0.09531250000000009 0.6953125 0.09531250000000009 0.6953125 0.20468750000000008 0.8125 0.20468750000000008
2 0.5765625 0.17656250000000007 0.5203125 0.17656250000000004 0.5203125 0.2453125000000001 0.5765625 0.2453125000000001
2 0.3625 0.2125 0.2984375 0.2125 0.2984375 0.2515625 0.3625 0.2515625
2 0.51875 0.4 0.3125000000000001 0.4 0.3125000000000001 0.496875 0.51875 0.496875
2 0.5984375000000002 0.728125 0.5171875000000001 0.728125 0.5171875000000001 0.8671875 0.5984375000000002 0.8671875
2 0.6265625 0.3453125000000001 0.4671875 0.3453125000000001 0.4671875 0.4859375 0.6265625 0.4859375
2 0.384375 0.23125000000000004 0.321875 0.23125 0.321875 0.2828125 0.384375 0.2828125000000001
2 0.8890625 1.0304254708450775e-16 0.79375 9.720633968232116e-17 0.79375 0.0875000000000001 0.8890625 0.0875000000000001
2 0.14375000000000004 0.2234375 0.06562500000000002 0.2234375 0.06562500000000003 0.328125 0.14375000000000004 0.328125
2 0.3671875 0.13593750000000004 0.3125 0.13593750000000004 0.3125 0.16875000000000004 0.3671875 0.16875000000000004
2 0.5593750000000002 0.9515625 0.3984375000000001 0.9515625 0.3984375000000001 1 0.5593750000000002 1
2 0.5640625 0.4765625 0.3734375000000001 0.4765625 0.3734375000000001 0.6 0.5640625 0.6
2 0.12812500000000002 0.18125 0.04531250000000002 0.18125 0.045312500000000026 0.2375 0.12812500000000004 0.2375
2 0.509375 0.2453125000000001 0.4515625 0.2453125000000001 0.4515625 0.3078125000000001 0.509375 0.3078125000000001
2 0.7000000000000002 0.803125 0.5562500000000001 0.803125 0.5562500000000001 1 0.7000000000000002 1
2 0.865625 0.7796875000000001 0.7109375000000002 0.7796875 0.7109375000000002 0.9078125 0.865625 0.9078125
2 1 0.6187500000000001 0.8484375 0.6187500000000001 0.8484375 0.8265625 1 0.8265625
2 0.6109375 0.09062500000000005 0.4234375 0.09062500000000004 0.4234375 0.2500000000000001 0.6109375 0.2500000000000001
2 0.403125 0.440625 0.2093750000000001 0.440625 0.2093750000000001 0.5703125 0.403125 0.5703125
2 0.16250000000000012 0.8625 1.0562578642645922e-16 0.8625 1.1404523317059726e-16 1 0.16250000000000014 1
2 0.7796875000000002 0.9125 0.6812500000000001 0.9125 0.6812500000000001 1 0.7796875000000002 1
2 0.8078125 0.47343750000000007 0.7234375 0.4734375 0.7234375 0.6234375000000001 0.8078125 0.6234375000000002
2 0.690625 0.054687500000000076 0.6109375 0.05468750000000007 0.6109375 0.10312500000000009 0.690625 0.10312500000000009
2 0.965625 0.5265625000000002 0.809375 0.5265625000000002 0.809375 0.7140625000000002 0.965625 0.7140625000000002
2 0.4812500000000002 0.7953125 0.3968750000000001 0.7953125 0.3968750000000001 0.909375 0.4812500000000002 0.909375
2 1 0.5140625000000002 0.9703125 0.5140625000000002 0.9703125 0.6375000000000002 1 0.6375000000000002
2 1 0.2156250000000001 0.8734375 0.2156250000000001 0.8734375 0.4078125000000002 1 0.4078125000000002
2 0.9828125 0.10156250000000011 0.8609375 0.10156250000000008 0.8609375 0.18593750000000012 0.9828125 0.18593750000000014