2 0.5421875000000002 0.840625 0.44531250000000017 0.840625 0.44531250000000017 0.9921875 0.5421875000000002 0.9921875
2 0.5953125 0.5421875 0.5421875 0.5421875 0.5421875 0.61875 0.5953125 0.61875
2 0.3859375000000001 0.803125 9.83544460565218e-17 0.803125 1.1040956298562856e-16 1 0.3859375000000001 1
2 0.8484375 0.1937500000000001 0.64375 0.1937500000000001 0.64375 0.45781250000000007 0.8484375 0.4578125000000002
2 0.4 0.15781250000000005 0.3359375 0.15781250000000005 0.3359375 0.24218750000000006 0.4 0.24218750000000008
2 0.3109375000000001 0.378125 0.15000000000000005 0.378125 0.15000000000000005 0.471875 0.3109375000000001 0.471875
2 0.709375 0.421875 0.596875 0.421875 0.596875 0.56875 0.709375 0.56875
2 0.7953125000000001 0.6500000000000001 0.6640625 0.65 0.6640625000000001 0.8328125 0.7953125000000002 0.8328125
2 0.25312500000000004 0.26875 0.14218750000000005 0.26875 0.14218750000000005 0.3828125 0.2531250000000001 0.3828125
2 0.7171875 0.21875000000000008 0.5828125 0.21875000000000008 0.5828125 0.3468750000000001 0.7171875 0.3468750000000001
2 1 0.9109375 0.7796875000000002 0.9109375 0.7796875000000002 1 1 1
2 0.509375 0.20312500000000008 0.43125 0.20312500000000008 0.43125 0.2593750000000001 0.509375 0.2593750000000001
2 0.5984375 0.18906250000000008 0.54375 0.18906250000000005 0.54375 0.2750000000000001 0.5984375 0.2750000000000001
2 0.0781250000000001 0.690625 8.457716956611408e-17 0.690625 9.357066949735244e-17 0.8375 0.07812500000000011 0.8375
2 0.4796875 0.3234375000000001 0.4078125 0.3234375000000001 0.4078125 0.4171875 0.4796875 0.4171875
2 0.225 0.18593750000000003 0.09218750000000002 0.1859375 0.09218750000000003 0.29375 0.225 0.29375
2 0.2406250000000001 0.5671875 0.08906250000000007 0.5671875 0.08906250000000007 0.7296875 0.2406250000000001 0.7296875
2 0.7453125 0.1593750000000001 0.671875 0.1593750000000001 0.671875 0.2015625000000001 0.7453125 0.2015625000000001
2 0.3296875 0.15312500000000004 0.2578125 0.15312500000000004 0.2578125 0.20625 0.3296875 0.20625
2 1 0.4203125000000002 0.946875 0.4203125000000002 0.946875 0.5234375000000002 1 0.5234375000000002
2 0.7109375000000001 0.646875 0.5421875 0.646875 0.5421875 0.85625 0.7109375000000002 0.85625
2 0.3921875 0.27343750000000006 0.2984375 0.2734375 0.2984375 0.321875 0.3921875 0.3218750000000001
2 0.68125 7.912366428866103e-17 0.6109375 7.481826538540861e-17 0.6109375 0.032812500000000085 0.68125 0.03281250000000009
2 0.17656250000000007 0.496875 6.084963783263412e-17 0.496875 7.175664838754022e-17 0.675 0.1765625000000001 0.675
2 1 0.859375 0.8703125 0.859375 0.8703125 0.9484375 1 0.9484375
2 0.5515625000000001 0.578125 0.1703125000000001 0.578125 0.1703125000000001 0.8546875 0.5515625000000002 0.8546875
2 0.9796875 0.4468750000000002 0.8421875 0.4468750000000002 0.8421875 0.6015625000000002 0.9796875 0.6015625000000002
2 0.80625 0.08437500000000009 0.6828125 0.08437500000000009 0.6828125 0.2000000000000001 0.80625 0.2000000000000001
2 0.5578125 0.17031250000000006 0.4984375 0.17031250000000003 0.4984375 0.24218750000000008 0.5578125 0.24218750000000008
2 0.33125 0.2078125 0.2640625 0.2078125 0.2640625 0.25 0.33125 0.25
2 0.496875 0.4046875 0.2796875000000001 0.4046875 0.2796875000000001 0.5078125 0.496875 0.5078125
2 0.5796875000000001 0.753125 0.4937500000000002 0.753125 0.4937500000000002 0.9 0.5796875000000001 0.9
2 0.609375 0.34843750000000007 0.440625 0.34843750000000007 0.440625 0.496875 0.609375 0.496875
2 0.3546875 0.228125 0.2890625 0.228125 0.2890625 0.2828125 0.3546875 0.2828125
2 0.8875 1.0256416942859084e-16 0.7875 9.644093543285407e-17 0.7875 0.0765625000000001 0.8875 0.07656250000000012
2 0.10000000000000005 0.2203125 0.01718750000000003 0.2203125 0.017187500000000033 0.33125 0.10000000000000005 0.33125
2 0.3359375 0.12656250000000005 0.278125 0.12656250000000005 0.278125 0.16093750000000004 0.3359375 0.16093750000000004
2 0.5453125 0.4875 0.3437500000000001 0.4875 0.3437500000000001 0.6171875 0.5453125 0.6171875
2 0.08281250000000002 0.175 2.143131898507868e-17 0.175 2.4971313638864e-17 0.2328125 0.08281250000000002 0.2328125
2 0.4859375 0.24218750000000008 0.425 0.24218750000000008 0.425 0.30937500000000007 0.4859375 0.30937500000000007
2 0.6828125000000002 0.8328125 0.5359375000000002 0.8328125 0.5359375000000002 1 0.6828125000000002 1
2 0.8625 0.8078125 0.7000000000000002 0.8078125 0.7000000000000002 0.94375 0.8625 0.94375
2 1 0.6375000000000002 0.8453125 0.6375000000000002 0.8453125 0.8578125 1 0.8578125
2 0.59375 0.07968750000000005 0.3953125 0.07968750000000005 0.3953125 0.2484375000000001 0.59375 0.2484375000000001
2 0.3734375000000001 0.45 0.16875000000000004 0.45 0.16875000000000007 0.5875 0.3734375000000001 0.5875
2 0.7500000000000002 0.9484375 0.6687500000000002 0.9484375 0.6687500000000002 1 0.7500000000000002 1
2 0.803125 0.4828125000000001 0.7125 0.4828125 0.7125 0.6421875000000001 0.803125 0.6421875000000001
2 0.678125 0.04218750000000008 0.59375 0.04218750000000008 0.59375 0.09375000000000008 0.678125 0.09375000000000008
2 0.96875 0.5406250000000001 0.803125 0.5406250000000001 0.803125 0.7390625000000002 0.96875 0.7390625000000002
2 0.45625000000000016 0.825 0.3671875000000001 0.825 0.3671875000000001 0.9453125 0.45625000000000016 0.9453125
2 1 0.5281250000000002 0.9734375 0.5281250000000002 0.9734375 0.6468750000000002 1 0.6468750000000002
2 1 0.21250000000000008 0.871875 0.21250000000000008 0.871875 0.4156250000000002 1 0.4156250000000002
2 0.9875 0.09062500000000011 0.8578125 0.09062500000000011 0.8578125 0.1796875000000001 0.9875 0.17968750000000014