2 0.5328125 0.3187500000000001 0.4671875 0.3187500000000001 0.4671875 0.3765625000000001 0.5328125 0.3765625000000001
2 0.6015625 0.4140625 0.5453125 0.4140625 0.5453125 0.484375 0.6015625 0.484375
2 0.42656250000000007 0.625 0.2234375000000001 0.625 0.2234375000000001 0.7828125 0.4265625000000002 0.7828125
2 0.3937500000000001 0.5078125 0.3265625000000001 0.5078125 0.3265625000000001 0.5890625 0.3937500000000001 0.5890625
2 0.2812500000000001 0.81875 0.20312500000000008 0.81875 0.20312500000000008 0.8734375 0.2812500000000001 0.8734375
2 0.2843750000000001 0.7046875 0.2468750000000001 0.7046875 0.2468750000000001 0.7703125 0.2843750000000001 0.7703125
2 0.4781250000000001 0.5890625 0.3546875000000001 0.5890625 0.3546875000000001 0.7265625 0.4781250000000002 0.7265625
2 0.11250000000000004 0.265625 3.2529680602351567e-17 0.265625 4.0662100752939466e-17 0.3984375 0.11250000000000004 0.3984375
2 0.10468750000000004 0.234375 0.026562500000000034 0.234375 0.026562500000000034 0.309375 0.10468750000000004 0.309375
2 0.6515625 0.578125 0.58125 0.578125 0.58125 0.63125 0.6515625 0.63125
2 0.27656250000000004 0.3578125 0.2 0.3578125 0.20000000000000004 0.4375 0.2765625000000001 0.4375
2 0.6593750000000002 0.896875 0.47656250000000017 0.896875 0.47656250000000017 1 0.6593750000000002 1
2 0.8328125 0.5453125000000002 0.7328125 0.5453125000000002 0.7328125 0.6421875000000001 0.8328125 0.6421875000000001
2 0.19843750000000007 0.5140625 6.295449951866863e-17 0.5140625 7.921933981984441e-17 0.7796875 0.1984375000000001 0.7796875
2 0.6484375 0.3156250000000001 0.5765625 0.3156250000000001 0.5765625 0.3890625000000001 0.6484375 0.3890625000000001
2 0.5203125 0.4296875 0.4734375 0.4296875 0.4734375 0.4875 0.5203125 0.4875
2 0.5265625 0.2609375000000001 0.4703125 0.2609375000000001 0.4703125 0.3218750000000001 0.5265625 0.3218750000000001
2 0.5578125 0.5015625 0.4578125 0.5015625 0.4578125 0.5796875 0.5578125 0.5796875
2 0.18593750000000003 0.44375 0.08906250000000004 0.44375 0.08906250000000006 0.525 0.18593750000000003 0.525
2 0.6265625000000001 0.659375 0.471875 0.659375 0.4718750000000001 0.8125 0.6265625000000001 0.8125
2 0.38750000000000007 0.415625 0.3234375000000001 0.415625 0.3234375000000001 0.4703125 0.38750000000000007 0.4703125
2 0.575 0.3609375000000001 0.50625 0.3609375000000001 0.50625 0.4421875 0.575 0.4421875
2 0.35 0.08437500000000005 0.3046875 0.08437500000000005 0.3046875 0.19531250000000006 0.35 0.19531250000000006
2 0.1375 0.171875 0.03125000000000002 0.171875 0.03125000000000003 0.271875 0.13750000000000004 0.271875
2 0.7421875 0.37968750000000007 0.684375 0.37968750000000007 0.684375 0.4531250000000001 0.7421875 0.45312500000000017
2 0.3593750000000001 0.578125 0.2843750000000001 0.578125 0.2843750000000001 0.6578125 0.3593750000000001 0.6578125
2 0.8921875 0.2968750000000001 0.80625 0.2968750000000001 0.80625 0.3609375000000001 0.8921875 0.3609375000000001
2 0.734375 0.5078125000000001 0.6234375 0.5078125 0.6234375 0.6234375000000001 0.734375 0.6234375000000002
2 0.5046875 0.453125 0.4140625 0.453125 0.4140625 0.5375 0.5046875 0.5375
2 0.709375 0.39531250000000007 0.6546875 0.39531250000000007 0.6546875 0.459375 0.709375 0.459375
2 0.4468750000000002 0.7296875 0.3390625000000001 0.7296875 0.3390625000000001 0.8171875 0.4468750000000002 0.8171875
2 0.32812500000000006 0.3234375 0.2625 0.3234375 0.26250000000000007 0.378125 0.3281250000000001 0.378125
2 0.9703125 0.4390625000000002 0.89375 0.4390625000000002 0.89375 0.5406250000000001 0.9703125 0.5406250000000001
2 0.6953125 0.428125 0.6171875 0.428125 0.6171875 0.521875 0.6953125 0.521875
2 0.55625 0.5453125 0.4515625 0.5453125 0.4515625 0.6609375 0.55625 0.6609375
2 0.2687500000000001 0.3890625 0.12968750000000004 0.3890625 0.12968750000000004 0.521875 0.2687500000000001 0.521875
2 0.1062500000000001 0.734375 8.993499931238375e-17 0.734375 9.586688224575373e-17 0.83125 0.1062500000000001 0.83125
2 0.06562500000000006 0.4453125 5.4535052774530576e-17 0.4453125 5.778802083476573e-17 0.4984375 0.06562500000000007 0.4984375
2 0.775 0.3281250000000001 0.7359375 0.3281250000000001 0.7359375 0.3921875000000001 0.775 0.3921875000000001
2 0.3343750000000001 0.465625 0.24375000000000008 0.465625 0.24375000000000008 0.5515625 0.3343750000000001 0.5515625