2 0.225 0.03750000000000002 0.115625 0.03750000000000001 0.115625 0.11718750000000003 0.225 0.11718750000000004
2 0.6734375000000001 0.8046875 0.5937500000000002 0.8046875 0.5937500000000002 0.8875 0.6734375000000001 0.8875
2 0.85625 0.47968750000000016 0.7765625 0.47968750000000016 0.7765625 0.5312500000000002 0.85625 0.5312500000000002
2 1 0.6437500000000002 0.8625 0.6437500000000002 0.8625 0.9640625 1 0.9640625
2 0.5109375 0.5546875 0.446875 0.5546875 0.446875 0.6265625 0.5109375 0.6265625
2 0.840625 0.4937500000000001 0.7078125 0.49375 0.7078125 0.6343750000000001 0.840625 0.6343750000000001
2 0.9 0.2296875000000001 0.8296875 0.2296875000000001 0.8296875 0.3203125000000001 0.9 0.3203125000000001
2 1 0.2609375000000001 0.9109375 0.2609375000000001 0.9109375 0.5250000000000001 1 0.5250000000000001
2 0.6937500000000002 0.8765625 0.5312500000000002 0.8765625 0.5312500000000002 0.99375 0.6937500000000002 0.99375
2 0.2375000000000001 0.75 0.02656250000000009 0.75 0.0265625000000001 0.909375 0.2375000000000001 0.909375
2 0.5734375000000002 0.790625 0.3625000000000001 0.790625 0.3625000000000001 1 0.5734375000000002 1
2 0.4390625 0.53125 0.37187500000000007 0.53125 0.37187500000000007 0.6296875 0.4390625 0.6296875
2 0.34843750000000007 0.890625 0.19531250000000008 0.890625 0.1953125000000001 1 0.34843750000000007 1
2 0.03437500000000005 0.396875 4.860316984116058e-17 0.396875 5.2717217682046225e-17 0.4640625 0.03437500000000006 0.4640625
2 0.534375 5.443937724334719e-17 0.3546875 4.343669115725768e-17 0.3546875 0.07500000000000005 0.534375 0.07500000000000007
2 0.3703125 3.7887510348621235e-17 0.2484375 3.042481891631706e-17 0.2484375 0.04687500000000004 0.3703125 0.04687500000000004
2 0.6109375 0.08906250000000007 0.478125 0.08906250000000007 0.478125 0.17500000000000007 0.6109375 0.1750000000000001
2 0.571875 0.17343750000000008 0.49375 0.17343750000000005 0.49375 0.3062500000000001 0.571875 0.3062500000000001
2 0.6125 0.6265625 0.3984375000000001 0.6265625 0.3984375000000001 0.79375 0.6125000000000002 0.79375
2 0.7203125000000001 0.759375 0.6562500000000002 0.759375 0.6562500000000002 0.90625 0.7203125000000001 0.90625
2 0.6890625000000001 0.6890625 0.6078125 0.6890625 0.6078125000000001 0.81875 0.6890625000000001 0.81875
2 0.884375 0.6250000000000002 0.8171875 0.6250000000000002 0.8171875 0.7031250000000002 0.884375 0.7031250000000002
2 0.9640625 0.08906250000000011 0.9 0.08906250000000011 0.9 0.2562500000000001 0.9640625 0.2562500000000001
2 0.24687500000000004 0.3078125 0.06718750000000004 0.3078125 0.06718750000000004 0.4453125 0.2468750000000001 0.4453125
2 0.6625 0.1531250000000001 0.5703125 0.1531250000000001 0.5703125 0.3187500000000001 0.6625 0.3187500000000001
2 0.234375 0.2515625 0.15000000000000005 0.2515625 0.15000000000000005 0.346875 0.234375 0.346875
2 0.7968750000000001 0.6968750000000001 0.675 0.696875 0.675 0.8265625 0.7968750000000002 0.8265625
2 0.2453125 0.15000000000000002 0.128125 0.15 0.12812500000000002 0.2546875 0.2453125 0.2546875
2 0.51875 0.3984375000000001 0.4453125 0.3984375000000001 0.4453125 0.4875 0.51875 0.4875
2 0.44218750000000007 0.5546875 0.22812500000000008 0.5546875 0.22812500000000008 0.7453125 0.4421875000000002 0.7453125
2 0.15468750000000003 0.09843750000000001 1.2055116929106758e-17 0.0984375 2.870265935501609e-17 0.3703125 0.15468750000000003 0.3703125
2 0.75 0.4703125000000001 0.64375 0.4703125 0.64375 0.565625 0.75 0.5656250000000002
2 0.16875000000000004 0.4109375 0.04218750000000006 0.4109375 0.04218750000000006 0.5109375 0.16875000000000004 0.5109375
2 0.7140625 0.3390625000000001 0.6078125 0.3390625000000001 0.6078125 0.459375 0.7140625 0.459375
2 0.9140625 1.0151173858557357e-16 0.74375 9.10831056865844e-17 0.74375 0.1250000000000001 0.9140625 0.12500000000000014
2 0.7875 0.13437500000000008 0.6640625 0.13437500000000008 0.6640625 0.2687500000000001 0.7875 0.2687500000000001
2 0.4828125 0.025000000000000043 0.24375 0.025000000000000033 0.24375 0.20937500000000003 0.4828125 0.2093750000000001
2 0.4953125 0.20937500000000003 0.240625 0.209375 0.24062500000000003 0.4984375 0.4953125 0.4984375
2 0.8703125 0.2843750000000001 0.778125 0.2843750000000001 0.778125 0.3703125000000001 0.8703125 0.3703125000000001
2 0.2250000000000001 0.4640625 5.683126552293186e-17 0.4640625 7.950636641339456e-17 0.834375 0.2250000000000001 0.834375
2 0.3765625 0.19687500000000005 0.2140625 0.19687500000000005 0.2140625 0.33125000000000004 0.3765625 0.3312500000000001
2 0.6328125 0.2921875000000001 0.4984375 0.2921875000000001 0.4984375 0.465625 0.6328125 0.465625
2 0.728125 0.6171875000000001 0.5984375 0.6171875 0.5984375 0.7203125000000001 0.728125 0.7203125000000001
2 0.6984375 7.300043029292426e-17 0.49375 6.046693570790056e-17 0.49375 0.11875000000000006 0.6984375 0.11875000000000009