2 0.978125 0.16875000000000012 0.8984375 0.1687500000000001 0.8984375 0.27812500000000007 0.978125 0.27812500000000007
2 0.21093750000000008 0.646875 0.1281250000000001 0.646875 0.1281250000000001 0.7265625 0.21093750000000008 0.7265625
2 0.5359375000000002 0.83125 0.48437500000000017 0.83125 0.48437500000000017 0.9109375 0.5359375000000002 0.9109375
2 0.37187500000000007 0.915625 0.11093750000000013 0.915625 0.11093750000000013 1 0.37187500000000007 1
2 0.4609375 0.5 0.3890625000000001 0.5 0.3890625000000001 0.5640625 0.4609375 0.5640625
2 0.5218750000000002 0.7609375 0.3812500000000001 0.7609375 0.3812500000000001 0.89375 0.5218750000000002 0.89375
2 0.7859375000000002 0.8828125 0.6953125000000002 0.8828125 0.6953125000000002 0.953125 0.7859375000000002 0.953125
2 0.7312500000000002 0.9640625 0.5093750000000001 0.9640625 0.5093750000000001 1 0.7312500000000002 1
2 0.1390625000000001 0.584375 0.02187500000000007 0.584375 0.021875000000000082 0.746875 0.1390625000000001 0.746875
2 0.2671875 0.07968750000000002 0.1078125 0.07968750000000002 0.10781250000000002 0.290625 0.2671875 0.290625
2 0.2234375000000001 0.415625 5.089938258956187e-17 0.415625 6.38155792993191e-17 0.6265625 0.2234375000000001 0.6265625
2 0.484375 0.425 0.3859375000000001 0.425 0.3859375000000001 0.4921875 0.484375 0.4921875
2 0.12343750000000005 0.25 3.061616997868383e-17 0.25 3.9992372034655755e-17 0.403125 0.12343750000000005 0.403125
2 0.61875 0.023437500000000073 0.5515625 0.023437500000000066 0.5515625 0.08906250000000007 0.61875 0.08906250000000007
2 1 0.4078125000000002 0.9390625 0.4078125000000002 0.9390625 0.5875000000000001 1 0.5875000000000001
2 1 0.30156250000000007 0.96875 0.30156250000000007 0.96875 0.4078125000000002 1 0.4078125000000002
2 0.9265625 0.5312500000000002 0.840625 0.5312500000000002 0.840625 0.6640625000000002 0.9265625 0.6640625000000002
2 0.8421875 0.5468750000000001 0.709375 0.546875 0.709375 0.6250000000000001 0.8421875 0.6250000000000002
2 0.3890625000000001 0.4515625 0.2218750000000001 0.4515625 0.2218750000000001 0.665625 0.3890625000000001 0.665625
2 0.2562500000000001 0.709375 0.10937500000000008 0.709375 0.10937500000000008 0.7734375 0.2562500000000001 0.7734375
2 0.3265625000000001 0.6609375 0.19687500000000008 0.6609375 0.19687500000000008 0.7421875 0.3265625000000001 0.7421875
2 0.3906250000000001 0.8703125 0.3125000000000001 0.8703125 0.3125000000000001 0.9375 0.3906250000000001 0.9375
2 0.915625 0.953125 0.7593750000000001 0.953125 0.7593750000000001 1 0.915625 1
2 0.7078125 0.12031250000000009 0.5703125 0.12031250000000009 0.5703125 0.3000000000000001 0.7078125 0.3000000000000001
2 0.8625 0.6234375000000001 0.696875 0.6234375 0.696875 0.7156250000000001 0.8625 0.7156250000000002
2 0.765625 0.20312500000000008 0.6703125 0.20312500000000008 0.6703125 0.2875000000000001 0.765625 0.2875000000000001
2 0.3187500000000001 0.728125 0.18906250000000008 0.728125 0.18906250000000008 0.85 0.3187500000000001 0.85
2 1 1.1739387676201583e-16 0.9171875 1.123230736092963e-16 0.9171875 0.09843750000000012 1 0.09843750000000014
2 0.865625 0.18125000000000008 0.7609375 0.18125000000000008 0.7609375 0.2984375000000001 0.865625 0.2984375000000001
2 0.9109375 9.91198503059889e-17 0.7078125 8.668203125214859e-17 0.7078125 0.0500000000000001 0.9109375 0.050000000000000114
2 0.6171875 0.4984375 0.528125 0.4984375 0.528125 0.571875 0.6171875 0.571875
2 0.4609375 0.28125000000000006 0.2703125 0.28125 0.27031250000000007 0.4953125 0.4609375 0.4953125
2 0.9171875 0.020312500000000094 0.6453125 0.020312500000000077 0.6453125 0.2093750000000001 0.9171875 0.2093750000000001
2 0.5453125000000001 0.696875 0.45 0.696875 0.45000000000000007 0.803125 0.5453125000000002 0.803125
2 0.6046875 0.09531250000000006 0.5046875 0.09531250000000006 0.5046875 0.2218750000000001 0.6046875 0.2218750000000001
2 0.6765625000000001 0.6625 0.55625 0.6625 0.5562500000000001 0.76875 0.6765625000000002 0.76875
2 1 0.7984375000000001 0.8890625 0.7984375000000001 0.8890625 0.96875 1 0.96875
2 0.88125 0.7171875000000002 0.746875 0.7171875000000002 0.7468750000000001 0.840625 0.88125 0.840625
2 0.990625 0.2968750000000001 0.80625 0.2968750000000001 0.80625 0.5359375000000002 0.990625 0.5359375000000002
2 0.80625 0.29375000000000007 0.5171875 0.29375000000000007 0.5171875 0.5484375000000001 0.80625 0.5484375000000001
2 0.7312500000000002 0.8328125 0.6453125000000002 0.8328125 0.6453125000000002 0.925 0.7312500000000002 0.925
2 0.5546875 4.5063175187375266e-17 0.18125 2.2196723234545777e-17 0.18125000000000002 0.27968750000000003 0.5546875 0.2796875000000001
2 0.81875 0.2671875000000001 0.684375 0.2671875000000001 0.684375 0.4296875000000001 0.81875 0.42968750000000017
2 0.7234375 0.5515625 0.55 0.5515625 0.55 0.6859375 0.7234375 0.6859375
2 0.3984375000000001 0.6515625 0.2953125000000001 0.6515625 0.2953125000000001 0.78125 0.3984375000000001 0.78125
2 1 0.5468750000000002 0.8953125 0.5468750000000002 0.8953125 0.7515625000000001 1 0.7515625000000001