2 0.1703125000000001 0.7484375 0.0984375000000001 0.7484375 0.0984375000000001 0.8484375 0.1703125000000001 0.8484375
2 0.0531250000000001 0.753125 9.223121206078505e-17 0.753125 1.0026795668018957e-16 0.884375 0.05312500000000011 0.884375
2 0.8765625 0.3375000000000001 0.8 0.3375000000000001 0.8 0.40937500000000016 0.8765625 0.40937500000000016
2 0.55 0.17031250000000006 0.503125 0.17031250000000003 0.503125 0.24375000000000008 0.55 0.24375000000000008
2 0.946875 0.0015625000000000979 0.6515625 0.0015625000000000799 0.6515625 0.1656250000000001 0.946875 0.16562500000000013
2 0.6375 0.4875 0.571875 0.4875 0.571875 0.5453125 0.6375 0.5453125
2 0.64375 0.18437500000000007 0.515625 0.18437500000000004 0.515625 0.3062500000000001 0.64375 0.3062500000000001
2 0.35625 0.13125000000000003 0.2734375 0.13125000000000003 0.2734375 0.19531250000000006 0.35625 0.19531250000000006
2 0.5453125 5.195181343257913e-17 0.303125 3.7122106099154144e-17 0.303125 0.12031250000000007 0.5453125 0.12031250000000009
2 0.9734375 0.3203125000000001 0.865625 0.3203125000000001 0.865625 0.46875000000000017 0.9734375 0.46875000000000017
2 0.8953125 0.7359375000000001 0.7500000000000002 0.7359375000000001 0.7500000000000002 0.9296875 0.8953125 0.9296875
2 1 0.4281250000000002 0.7875 0.4281250000000002 0.7875 0.6218750000000002 1 0.6218750000000002
2 0.640625 0.553125 0.55 0.553125 0.55 0.6140625 0.640625 0.6140625
2 1 0.6343750000000001 0.8796875 0.6343750000000001 0.8796875 0.7750000000000001 1 0.7750000000000001
2 0.4890625000000002 0.921875 0.4281250000000002 0.921875 0.4281250000000002 0.9828125 0.4890625000000002 0.9828125
2 0.13281250000000006 0.465625 5.702261658529863e-17 0.465625 6.706854735955427e-17 0.6296875 0.13281250000000008 0.6296875
2 0.1062500000000001 0.596875 7.309610582410764e-17 0.596875 8.094149938114538e-17 0.725 0.1062500000000001 0.725
2 0.2250000000000001 0.39375 0.14531250000000004 0.39375 0.14531250000000004 0.515625 0.2250000000000001 0.515625
2 0.3437500000000001 0.43125 0.2234375000000001 0.43125 0.2234375000000001 0.503125 0.3437500000000001 0.503125
2 0.790625 0.3937500000000001 0.6375 0.3937500000000001 0.6375 0.5890625 0.790625 0.5890625000000002
2 0.89375 0.29375000000000007 0.759375 0.29375000000000007 0.759375 0.3531250000000001 0.89375 0.3531250000000001
2 0.8140625 0.32500000000000007 0.6953125 0.32500000000000007 0.6953125 0.3984375000000001 0.8140625 0.3984375000000001
2 0.7078125 0.1437500000000001 0.6359375 0.1437500000000001 0.6359375 0.2062500000000001 0.7078125 0.2062500000000001
2 0.2984375 0.07187500000000004 0.1453125 0.07187500000000002 0.1453125 0.1296875 0.2984375 0.12968750000000004
2 0.47187500000000016 0.728125 0.3468750000000001 0.728125 0.3468750000000001 0.8921875 0.47187500000000016 0.8921875
2 0.35625000000000007 0.346875 0.2046875 0.346875 0.20468750000000005 0.43125 0.35625000000000007 0.43125
2 0.3812500000000001 0.7390625 0.29375000000000007 0.7390625 0.29375000000000007 0.8171875 0.3812500000000001 0.8171875
2 0.8203125 0.2250000000000001 0.7015625 0.2250000000000001 0.7015625 0.3359375000000001 0.8203125 0.3359375000000001
2 0.1515625000000001 0.8671875 1.0619983961355955e-16 0.8671875 1.1433225976414744e-16 1 0.15156250000000013 1
2 0.2984375000000001 0.7296875 0.2015625000000001 0.7296875 0.2015625000000001 0.8359375 0.2984375000000001 0.8359375
2 0.34062500000000007 0.95625 0.15937500000000013 0.95625 0.15937500000000013 1 0.34062500000000007 1
2 0.5109375 0.4796875 0.4296875 0.4796875 0.4296875 0.546875 0.5109375 0.546875
2 0.7468750000000001 0.5484375000000001 0.571875 0.5484375 0.5718750000000001 0.7453125 0.7468750000000002 0.7453125000000002
2 0.4031250000000002 0.8125 0.1546875000000001 0.8125 0.15468750000000012 0.984375 0.4031250000000002 0.984375
2 0.58125 0.2671875000000001 0.49375 0.2671875000000001 0.49375 0.36406250000000007 0.58125 0.36406250000000007
2 0.5312500000000002 0.8 0.44062500000000016 0.8 0.44062500000000016 0.915625 0.5312500000000002 0.915625
2 0.484375 0.3000000000000001 0.3734375 0.3000000000000001 0.37343750000000003 0.3968750000000001 0.484375 0.3968750000000001
2 0.17968750000000003 0.1171875 0.04531250000000001 0.1171875 0.04531250000000002 0.271875 0.17968750000000006 0.271875
2 0.309375 0.2328125 0.18593750000000003 0.2328125 0.18593750000000003 0.3453125 0.309375 0.3453125
2 0.2562500000000001 0.5125 0.08750000000000006 0.5125 0.08750000000000008 0.73125 0.2562500000000001 0.73125
2 0.51875 0.5015625 0.25468750000000007 0.5015625 0.25468750000000007 0.734375 0.5187500000000002 0.734375
2 0.403125 0.15625000000000006 0.3234375 0.15625000000000006 0.3234375 0.24062500000000003 0.403125 0.2406250000000001
2 0.828125 0.7468750000000001 0.4859375000000002 0.746875 0.4859375000000002 1 0.828125 1
2 0.3671875000000001 0.609375 0.24375000000000008 0.609375 0.24375000000000008 0.759375 0.3671875000000001 0.759375
2 0.490625 0.37500000000000006 0.3312500000000001 0.375 0.3312500000000001 0.4984375 0.490625 0.4984375
2 0.7234375 0.2875000000000001 0.628125 0.2875000000000001 0.628125 0.40625 0.7234375 0.40625
2 0.17343750000000005 0.315625 0.06406250000000005 0.315625 0.06406250000000005 0.503125 0.17343750000000005 0.503125