2 0.7625 0.2718750000000001 0.578125 0.2718750000000001 0.578125 0.5046875000000001 0.7625 0.5046875000000002
2 0.58125 0.2765625000000001 0.5171875 0.2765625000000001 0.5171875 0.3500000000000001 0.58125 0.3500000000000001
2 0.3781250000000001 0.36718750000000006 0.2078125000000001 0.3671875 0.2078125000000001 0.5578125 0.3781250000000001 0.5578125
2 0.46093750000000017 0.896875 0.2984375000000001 0.896875 0.2984375000000001 1 0.46093750000000017 1
2 0.578125 6.630314311008718e-17 0.5046875 6.180639314446799e-17 0.5046875 0.04687500000000007 0.578125 0.04687500000000007
2 0.3859375 0.16093750000000004 0.2703125 0.16093750000000004 0.2703125 0.33281250000000007 0.3859375 0.33281250000000007
2 0.5296875 0.13750000000000004 0.4578125 0.13750000000000004 0.4578125 0.22031250000000008 0.5296875 0.22031250000000008
2 0.6546875000000001 0.634375 0.5640625 0.634375 0.5640625000000001 0.74375 0.6546875000000002 0.74375
2 0.7703125000000002 0.896875 0.5937500000000002 0.896875 0.5937500000000002 1 0.7703125000000002 1
2 0.5406250000000001 0.8796875 0.46875000000000017 0.8796875 0.46875000000000017 0.9578125 0.5406250000000001 0.9578125
2 0.17812500000000003 0.34375 0.07656250000000005 0.34375 0.07656250000000006 0.4578125 0.17812500000000003 0.4578125
2 0.048437500000000036 0.24375 2.985076572921674e-17 0.24375 3.8174536942171404e-17 0.3796875 0.04843750000000004 0.3796875
2 0.4875 0.2828125 0.35 0.2828125 0.35000000000000003 0.434375 0.4875 0.434375
2 0.5109375 0.55625 0.4140625 0.55625 0.4140625 0.665625 0.5109375 0.665625
2 0.634375 7.386151007357473e-17 0.571875 7.003448882623926e-17 0.571875 0.045312500000000075 0.634375 0.045312500000000075
2 0.31718750000000007 0.81875 0.1859375000000001 0.81875 0.18593750000000012 1 0.31718750000000007 1
2 0.603125 0.5578125 0.496875 0.5578125 0.496875 0.671875 0.603125 0.671875
2 1 0.3078125000000001 0.8625 0.3078125000000001 0.8625 0.4703125000000002 1 0.4703125000000002
2 0.6125 0.06875000000000006 0.54375 0.06875000000000006 0.54375 0.11875000000000006 0.6125 0.11875000000000009
2 0.353125 0.3328125 0.28125 0.3328125 0.28125000000000006 0.39375 0.3531250000000001 0.39375
2 0.84375 0.4375000000000001 0.7203125 0.4375 0.7203125 0.5734375 0.84375 0.5734375000000002
2 0.3390625000000001 0.7640625 0.2171875000000001 0.7640625 0.2171875000000001 0.8546875 0.3390625000000001 0.8546875
2 0.75 8.830851528226617e-17 0.6921875 8.476852062848085e-17 0.6921875 0.06093750000000009 0.75 0.06093750000000009
2 0.5859375 0.3468750000000001 0.54375 0.3468750000000001 0.54375 0.4359375 0.5859375 0.4359375
2 0.965625 0.5562500000000001 0.7375 0.5562500000000001 0.7375 0.7562500000000002 0.965625 0.7562500000000002
2 0.546875 0.14843750000000006 0.5046875 0.14843750000000006 0.5046875 0.18750000000000006 0.546875 0.18750000000000008
2 0.7546875000000001 0.721875 0.546875 0.721875 0.5468750000000001 0.90625 0.7546875000000002 0.90625
2 0.4906250000000001 0.7140625 0.4265625 0.7140625 0.42656250000000007 0.8 0.4906250000000002 0.8
2 0.5359375 0.434375 0.4109375 0.434375 0.4109375 0.56875 0.5359375 0.56875
2 0.6578125 0.465625 0.5421875 0.465625 0.5421875 0.5734375 0.6578125 0.5734375
2 0.4734375 5.1186409183112024e-17 0.3625 4.4393446469091554e-17 0.3625 0.08125000000000006 0.4734375 0.08125000000000007
2 0.6265625 0.09843750000000007 0.5765625 0.09843750000000007 0.5765625 0.15625000000000008 0.6265625 0.15625000000000008
2 0.8328125 0.026562500000000093 0.721875 0.02656250000000009 0.721875 0.0984375000000001 0.8328125 0.09843750000000011
2 0.4203125000000002 0.775 0.30937500000000007 0.775 0.30937500000000007 0.9234375 0.4203125000000002 0.9234375
2 0.5796875 0.2015625000000001 0.4578125 0.2015625000000001 0.4578125 0.2578125000000001 0.5796875 0.2578125000000001
2 1 0.050000000000000114 0.8078125 0.050000000000000086 0.8078125 0.21093750000000008 1 0.21093750000000008
2 0.93125 0.4625000000000002 0.8328125 0.4625000000000002 0.8328125 0.6015625000000002 0.93125 0.6015625000000002
2 0.06875000000000006 0.3828125 4.6881010279859617e-17 0.3828125 5.817072295949927e-17 0.5671875 0.06875000000000006 0.5671875
2 0.54375 0.3375000000000001 0.4921875 0.3375000000000001 0.4921875 0.453125 0.54375 0.453125
2 0.2765625 0.17968750000000006 0.2140625 0.17968750000000006 0.2140625 0.246875 0.2765625 0.246875
2 1 0.7546875000000001 0.7031250000000002 0.7546875 0.7031250000000002 1 1 1
2 0.5468750000000002 0.7796875 0.47968750000000016 0.7796875 0.47968750000000016 0.8671875 0.5468750000000002 0.8671875
2 0.51875 5.912747827133314e-17 0.446875 5.472640383689735e-17 0.446875 0.08125000000000006 0.51875 0.08125000000000007
2 0.4875000000000001 0.625 0.4125 0.625 0.4125000000000001 0.7453125 0.48750000000000016 0.7453125
2 0.534375 0.2328125000000001 0.4453125 0.2328125000000001 0.4453125 0.3515625000000001 0.534375 0.3515625000000001
2 0.18593750000000012 0.8984375 0.02187500000000011 0.8984375 0.021875000000000117 1 0.18593750000000014 1
2 0.85625 0.19687500000000008 0.6984375 0.19687500000000008 0.6984375 0.3609375000000001 0.85625 0.3609375000000001
2 0.4125000000000001 0.4828125 5.912747827133314e-17 0.4828125 7.730582919617668e-17 0.7796875 0.4125000000000002 0.7796875
2 0.19531250000000006 0.425 0.12187500000000004 0.425 0.12187500000000004 0.4921875 0.19531250000000006 0.4921875