2 0.7203125000000001 0.5859375 0.478125 0.5859375 0.4781250000000001 0.778125 0.7203125000000001 0.778125
2 0.715625 0.521875 0.640625 0.521875 0.640625 0.5890625 0.715625 0.5890625
2 0.621875 0.2015625000000001 0.425 0.2015625000000001 0.425 0.3781250000000001 0.621875 0.3781250000000001
2 0.07343750000000004 0.2953125 3.6165350787320275e-17 0.2953125 4.5541552843292194e-17 0.4484375 0.07343750000000004 0.4484375
2 1 0.5093750000000001 0.9546875 0.5093750000000001 0.9546875 0.5843750000000002 1 0.5843750000000002
2 0.8359375 0.2656250000000001 0.6578125 0.2656250000000001 0.6578125 0.3843750000000001 0.8359375 0.3843750000000001
2 0.859375 0.46093750000000017 0.7734375 0.46093750000000017 0.7734375 0.5359375000000002 0.859375 0.5359375000000002
2 0.3453125000000001 0.5703125 0.2312500000000001 0.5703125 0.2312500000000001 0.6640625 0.3453125000000001 0.6640625
2 0.07187500000000008 0.6015625 7.367015901120797e-17 0.6015625 8.37160897854636e-17 0.765625 0.07187500000000009 0.765625
2 0.09062500000000007 0.471875 0.009375000000000059 0.471875 0.009375000000000062 0.546875 0.09062500000000007 0.546875
2 0.646875 0.06562500000000007 0.528125 0.06562500000000007 0.528125 0.17031250000000006 0.646875 0.1703125000000001
2 0.74375 8.342906319191344e-17 0.61875 7.577502069724248e-17 0.61875 0.03593750000000008 0.74375 0.03593750000000009
2 0.709375 0.3500000000000001 0.5515625 0.3500000000000001 0.5515625 0.4921875 0.709375 0.4921875
2 0.4265625 0.415625 0.3125000000000001 0.415625 0.3125000000000001 0.515625 0.4265625 0.515625
2 1 0.5781250000000002 0.95625 0.5781250000000002 0.95625 0.6421875000000001 1 0.6421875000000001
2 0.153125 0.18125 2.2196723234545777e-17 0.18125 3.042481891631706e-17 0.315625 0.15312500000000004 0.315625
2 0.425 0.5 0.3062500000000001 0.5 0.3062500000000001 0.6109375 0.425 0.6109375
2 0.6812500000000001 0.88125 0.5140625000000002 0.88125 0.5140625000000002 1 0.6812500000000001 1
2 0.9328125 0.5500000000000002 0.88125 0.5500000000000002 0.88125 0.6203125000000002 0.9328125 0.6203125000000002
2 0.6578125 0.2765625000000001 0.5953125 0.2765625000000001 0.5953125 0.3515625000000001 0.6578125 0.3515625000000001
2 0.5500000000000002 0.7328125 0.40937500000000016 0.7328125 0.40937500000000016 0.8609375 0.5500000000000002 0.8609375
2 0.2109375 0.2109375 0.11718750000000004 0.2109375 0.11718750000000004 0.3375 0.2109375 0.3375
2 1 0.7031250000000002 0.9390625 0.7031250000000002 0.9390625 0.7625000000000002 1 0.7625000000000002
2 0.64375 0.5484375 0.5515625 0.5484375 0.5515625 0.5921875 0.64375 0.5921875
2 0.4265625000000002 0.7515625 0.21875000000000008 0.7515625 0.21875000000000008 0.9875 0.4265625000000002 0.9875
2 0.85 0.5093750000000001 0.809375 0.5093750000000001 0.809375 0.5531250000000002 0.85 0.5531250000000002
2 0.25468750000000007 0.553125 0.06250000000000007 0.553125 0.06250000000000008 0.76875 0.25468750000000007 0.76875
2 0.26250000000000007 0.428125 0.17343750000000005 0.428125 0.17343750000000005 0.4953125 0.26250000000000007 0.4953125
2 0.553125 0.4109375 0.4140625 0.4109375 0.4140625 0.540625 0.553125 0.540625
2 0.5203125 0.5484375 0.4078125 0.5484375 0.4078125 0.6671875 0.5203125 0.6671875
2 1 0.3625000000000001 0.91875 0.3625000000000001 0.91875 0.47656250000000017 1 0.47656250000000017
2 0.9 0.5828125000000002 0.840625 0.5828125000000002 0.840625 0.6343750000000001 0.9 0.6343750000000001
2 0.975 0.7343750000000002 0.9 0.7343750000000002 0.9 0.8484375 0.975 0.8484375
2 0.20000000000000004 0.30625 0.046875000000000035 0.30625 0.04687500000000004 0.421875 0.2000000000000001 0.421875
2 0.79375 0.46093750000000017 0.7359375 0.46093750000000017 0.7359375 0.5859375000000002 0.79375 0.5859375000000002
2 0.95 0.825 0.7828125000000001 0.825 0.7828125000000001 1 0.95 1
2 0.5234375000000002 0.8484375 0.37968750000000007 0.8484375 0.37968750000000007 0.9515625 0.5234375000000002 0.9515625
2 0.6046875 6.391125483050251e-17 0.4390625 5.376964852506348e-17 0.4390625 0.05781250000000006 0.6046875 0.057812500000000065
2 0.653125 0.496875 0.5328125 0.496875 0.5328125 0.55 0.653125 0.55
2 0.8171875 0.2078125000000001 0.7484375 0.2078125000000001 0.7484375 0.2734375000000001 0.8171875 0.2734375000000001
2 0.22031250000000008 0.7140625 8.744743550161569e-17 0.7140625 1.0495605770817549e-16 1 0.22031250000000008 1
2 0.19375000000000006 0.4828125 0.10312500000000005 0.4828125 0.10312500000000006 0.553125 0.1937500000000001 0.553125
2 1 0.4500000000000002 0.9171875 0.4500000000000002 0.9171875 0.5234375000000002 1 0.5234375000000002
2 0.35625000000000007 0.4140625 0.2312500000000001 0.4140625 0.2312500000000001 0.4921875 0.35625000000000007 0.4921875
2 0.7609375 0.4484375000000001 0.6375 0.4484375 0.6375 0.5406250000000001 0.7609375 0.5406250000000001
2 0.07187500000000001 0.028125000000000004 3.444319122601931e-18 0.028125 1.2342143522656918e-17 0.1734375 0.07187500000000002 0.1734375
2 0.8 0.7109375000000001 0.6296875 0.7109375 0.6296875000000001 0.875 0.8 0.875
2 0.5015625 4.25756113766072e-17 0.19375 2.3727531733479968e-17 0.19375000000000003 0.4125 0.5015625 0.4125
2 0.5625 0.11093750000000006 0.4921875 0.11093750000000005 0.4921875 0.18750000000000006 0.5625 0.18750000000000008