2 0.7328125000000001 0.58125 0.4890625 0.58125 0.48906250000000007 0.7734375000000001 0.7328125000000002 0.7734375000000002
2 0.728125 0.51875 0.6515625 0.51875 0.6515625 0.5859375000000001 0.728125 0.5859375000000002
2 0.634375 0.19531250000000006 0.4359375 0.19531250000000006 0.4359375 0.3734375000000001 0.634375 0.3734375000000001
2 0.08125000000000004 0.2890625 3.539994653785318e-17 0.2890625 4.5158850718558645e-17 0.4484375 0.08125000000000004 0.4484375
2 1 0.5062500000000002 0.9671875 0.5062500000000002 0.9671875 0.5734375000000002 1 0.5734375000000002
2 0.846875 0.2593750000000001 0.66875 0.2593750000000001 0.66875 0.37968750000000007 0.846875 0.37968750000000007
2 0.871875 0.45625000000000016 0.7859375 0.45625000000000016 0.7859375 0.5312500000000002 0.871875 0.5312500000000002
2 0.3546875000000001 0.565625 0.2406250000000001 0.565625 0.2406250000000001 0.659375 0.3546875000000001 0.659375
2 0.07968750000000008 0.596875 7.309610582410764e-17 0.596875 8.342906319191344e-17 0.765625 0.07968750000000009 0.765625
2 0.09843750000000007 0.4671875 0.017187500000000057 0.4671875 0.01718750000000006 0.5421875 0.09843750000000007 0.5421875
2 0.659375 0.05781250000000008 0.5390625 0.057812500000000065 0.5390625 0.16406250000000006 0.659375 0.16406250000000008
2 0.746875 8.476852062848085e-17 0.6375 7.807123344564376e-17 0.6375 0.028125000000000084 0.746875 0.028125000000000087
2 0.721875 0.3437500000000001 0.5625 0.3437500000000001 0.5625 0.4875 0.721875 0.4875
2 0.4359375 0.4109375 0.3218750000000001 0.4109375 0.3218750000000001 0.5125 0.4359375 0.5125
2 1 0.5750000000000002 0.96875 0.5750000000000002 0.96875 0.6390625000000002 1 0.6390625000000002
2 0.1609375 0.1734375 2.1239967922711906e-17 0.1734375 2.956373913566657e-17 0.309375 0.16093750000000004 0.309375
2 0.434375 0.4953125 0.3156250000000001 0.4953125 0.3156250000000001 0.60625 0.434375 0.60625
2 0.6937500000000002 0.878125 0.5250000000000001 0.878125 0.5250000000000001 1 0.6937500000000002 1
2 0.9453125 0.5468750000000002 0.89375 0.5468750000000002 0.89375 0.6171875000000002 0.9453125 0.6171875000000002
2 0.66875 0.27031250000000007 0.60625 0.27031250000000007 0.60625 0.3453125000000001 0.66875 0.3453125000000001
2 0.5609375000000002 0.7296875 0.4203125000000002 0.7296875 0.4203125000000002 0.859375 0.5609375000000002 0.859375
2 0.2203125 0.2046875 0.12656250000000005 0.2046875 0.12656250000000005 0.3328125 0.2203125 0.3328125
2 1 0.7000000000000002 0.9515625 0.7000000000000002 0.9515625 0.7593750000000001 1 0.7593750000000001
2 0.6546875 0.5453125 0.5625 0.5453125 0.5625 0.5890625 0.6546875 0.5890625
2 0.43750000000000017 0.7484375 0.22812500000000008 0.7484375 0.22812500000000008 0.9859375 0.43750000000000017 0.9859375
2 0.8625 0.5046875000000002 0.821875 0.5046875000000002 0.821875 0.5484375000000001 0.8625 0.5484375000000001
2 0.2640625000000001 0.55 0.07187500000000006 0.55 0.07187500000000008 0.765625 0.2640625000000001 0.765625
2 0.2718750000000001 0.421875 0.18125000000000005 0.421875 0.18125000000000005 0.4890625 0.2718750000000001 0.4890625
2 0.5640625 0.40625 0.4234375 0.40625 0.4234375 0.5359375 0.5640625 0.5359375
2 0.53125 0.54375 0.41875 0.54375 0.41875 0.6640625 0.53125 0.6640625
2 1 0.3687500000000001 0.93125 0.3687500000000001 0.93125 0.47187500000000016 1 0.47187500000000016
2 0.9140625 0.5796875000000001 0.853125 0.5796875000000001 0.853125 0.6312500000000002 0.9140625 0.6312500000000002
2 0.9890625 0.7312500000000002 0.9140625 0.7312500000000002 0.9140625 0.846875 0.9890625 0.846875
2 0.20937500000000003 0.3015625 0.05468750000000004 0.3015625 0.05468750000000004 0.4171875 0.2093750000000001 0.4171875
2 0.80625 0.45625000000000016 0.7484375 0.45625000000000016 0.7484375 0.5828125000000002 0.80625 0.5828125000000002
2 0.9640625 0.821875 0.7968750000000002 0.821875 0.7968750000000002 1 0.9640625 1
2 0.5343750000000002 0.846875 0.3890625000000001 0.846875 0.3890625000000001 0.95 0.5343750000000002 0.95
2 0.615625 6.592044098535362e-17 0.4609375 5.644856339819831e-17 0.4609375 0.050000000000000065 0.615625 0.050000000000000065
2 0.665625 0.4921875 0.54375 0.4921875 0.54375 0.5453125 0.665625 0.5453125
2 0.8296875 0.2015625000000001 0.759375 0.2015625000000001 0.759375 0.2671875000000001 0.8296875 0.2671875000000001
2 0.22812500000000008 0.7109375 8.706473337688214e-17 0.7109375 1.0476470664580872e-16 1 0.22812500000000008 1
2 0.20312500000000008 0.478125 0.11250000000000004 0.478125 0.11250000000000007 0.5484375 0.20312500000000008 0.5484375
2 1 0.4437500000000002 0.93125 0.4437500000000002 0.93125 0.5187500000000002 1 0.5187500000000002
2 0.3656250000000001 0.4078125 0.2390625000000001 0.4078125 0.2390625000000001 0.4859375 0.3656250000000001 0.4859375
2 0.7734375 0.4437500000000001 0.6484375 0.44375 0.6484375 0.5359375000000001 0.7734375 0.5359375000000002
2 0.07968750000000001 0.017187500000000005 2.1048616860345133e-18 0.0171875 1.1576739273189824e-17 0.171875 0.07968750000000002 0.171875
2 0.8125 0.70625 0.640625 0.70625 0.6406250000000001 0.871875 0.8125 0.871875
2 0.5140625 4.3915068813174614e-17 0.203125 2.487563810768061e-17 0.20312500000000006 0.4078125 0.5140625 0.4078125
2 0.5734375 0.10468750000000007 0.503125 0.10468750000000004 0.503125 0.18125000000000008 0.5734375 0.18125000000000008