2 0.6250000000000002 0.9375 0.5734375000000002 0.9375 0.5734375000000002 0.9765625 0.6250000000000002 0.9765625
2 0.4890625 0.58125 0.4390625 0.58125 0.4390625 0.621875 0.4890625 0.621875
2 0.9703125 1.1538469060716468e-16 0.9140625 1.1194037148456274e-16 0.9140625 0.042187500000000114 0.9703125 0.04218750000000012
2 0.6046875 0.04843750000000007 0.55625 0.048437500000000064 0.55625 0.08906250000000007 0.6046875 0.08906250000000007
2 1 0.48750000000000016 0.784375 0.48750000000000016 0.784375 0.6593750000000002 1 0.6593750000000002
2 0.8234375 0.6921875000000001 0.7203125 0.6921875 0.7203125000000001 0.7875000000000001 0.8234375 0.7875000000000002
2 0.3656250000000001 0.409375 0.2875000000000001 0.409375 0.2875000000000001 0.4984375 0.3656250000000001 0.4984375
2 0.24218750000000008 0.8484375 0.17968750000000008 0.8484375 0.17968750000000008 0.8953125 0.24218750000000008 0.8953125
2 0.421875 0.08906250000000004 0.3765625 0.08906250000000004 0.3765625 0.11875000000000005 0.421875 0.11875000000000005
2 0.484375 0.425 0.4484375 0.425 0.4484375 0.4578125 0.484375 0.4578125
2 0.8140625 0.3140625000000001 0.74375 0.3140625000000001 0.74375 0.3859375000000001 0.8140625 0.3859375000000001
2 0.959375 0.3468750000000001 0.709375 0.3468750000000001 0.709375 0.5328125000000001 0.959375 0.5328125000000001
2 0.5484375 0.4453125 0.5046875 0.4453125 0.5046875 0.4921875 0.5484375 0.4921875
2 1 0.6593750000000002 0.78125 0.6593750000000002 0.7812500000000001 1 1 1
2 0.8109375 0.1546875000000001 0.771875 0.1546875000000001 0.771875 0.18750000000000008 0.8109375 0.18750000000000008
2 0.3312500000000001 0.65 0.2609375000000001 0.65 0.2609375000000001 0.73125 0.3312500000000001 0.73125
2 0.2312500000000001 0.515625 0.18750000000000006 0.515625 0.18750000000000006 0.571875 0.2312500000000001 0.571875
2 0.440625 0.446875 0.3203125000000001 0.446875 0.3203125000000001 0.5234375 0.440625 0.5234375
2 1 0.1828125000000001 0.859375 0.1828125000000001 0.859375 0.3437500000000001 1 0.3437500000000001
2 0.22812500000000008 0.8328125 0.1671875000000001 0.8328125 0.1671875000000001 0.89375 0.22812500000000008 0.89375
2 0.8734375 0.1593750000000001 0.7734375 0.1593750000000001 0.7734375 0.31718750000000007 0.8734375 0.31718750000000007
2 0.2843750000000001 0.5640625 0.2140625000000001 0.5640625 0.2140625000000001 0.6140625 0.2843750000000001 0.6140625
2 0.21093750000000008 0.55625 0.17343750000000008 0.55625 0.17343750000000008 0.5875 0.21093750000000008 0.5875
2 0.628125 0.4421875 0.575 0.4421875 0.575 0.49375 0.628125 0.49375
2 0.9140625 0.1750000000000001 0.853125 0.1750000000000001 0.853125 0.2500000000000001 0.9140625 0.2500000000000001
2 0.2984375000000001 0.5890625 0.2578125000000001 0.5890625 0.2578125000000001 0.6421875 0.2984375000000001 0.6421875
2 0.803125 0.18750000000000008 0.74375 0.18750000000000008 0.74375 0.2500000000000001 0.803125 0.2500000000000001
2 0.4109375000000002 0.9578125 0.3078125000000001 0.9578125 0.3078125000000001 1 0.4109375000000002 1
2 0.725 0.5828125 0.6890625 0.5828125 0.6890625 0.6234375 0.725 0.6234375
2 0.4125000000000001 0.6921875 0.35625000000000007 0.6921875 0.35625000000000007 0.7421875 0.4125000000000002 0.7421875
2 0.4171875 0.575 0.3703125000000001 0.575 0.3703125000000001 0.6140625 0.4171875 0.6140625
2 1 0.05000000000000012 0.83125 0.050000000000000114 0.83125 0.2015625000000001 1 0.2015625000000001
2 0.5000000000000002 0.965625 0.4281250000000002 0.965625 0.4281250000000002 1 0.5000000000000002 1
2 0.834375 0.7796875000000002 0.7515625000000001 0.7796875000000002 0.7515625000000001 0.85 0.834375 0.85
2 0.80625 0.5484375000000001 0.7203125 0.5484375 0.7203125 0.6171875000000001 0.80625 0.6171875000000002
2 0.2609375000000001 0.5296875 0.2250000000000001 0.5296875 0.2250000000000001 0.5671875 0.2609375000000001 0.5671875
2 0.571875 0.5921875 0.5140625 0.5921875 0.5140625 0.6734375 0.571875 0.6734375
2 0.509375 0.4734375 0.45 0.4734375 0.45 0.525 0.509375 0.525
2 0.5046875 0.50625 0.459375 0.50625 0.459375 0.55 0.5046875 0.55
2 0.7625 0.03125000000000009 0.73125 0.03125000000000009 0.73125 0.07187500000000009 0.7625 0.07187500000000009
2 0.37968750000000007 0.9109375 0.2843750000000001 0.9109375 0.2843750000000001 0.959375 0.37968750000000007 0.959375
2 0.89375 0.3078125000000001 0.771875 0.3078125000000001 0.771875 0.4234375000000002 0.89375 0.4234375000000002
2 0.11406250000000014 0.94375 0.0640625000000001 0.94375 0.0640625000000001 0.990625 0.11406250000000014 0.990625
2 0.7234375000000002 0.8734375 0.6437500000000002 0.8734375 0.6437500000000002 0.940625 0.7234375000000002 0.940625
2 0.5843750000000001 0.6609375 0.4984375 0.6609375 0.4984375000000001 0.753125 0.5843750000000002 0.753125
2 0.5515625 0.3421875000000001 0.4921875 0.3421875000000001 0.4921875 0.39531250000000007 0.5515625 0.39531250000000007
2 0.415625 0.23906250000000004 0.23125 0.2390625 0.23125000000000004 0.440625 0.415625 0.440625
2 0.5578125 0.5 0.5015625 0.5 0.5015625 0.5890625 0.5578125 0.5890625
2 0.2609375000000001 0.603125 0.22031250000000008 0.603125 0.22031250000000008 0.653125 0.2609375000000001 0.653125
2 0.6515625 0.5015625 0.58125 0.5015625 0.58125 0.5828125 0.6515625 0.5828125
2 0.7609375 0.6562500000000001 0.6859375 0.65625 0.6859375 0.7140625 0.7609375 0.7140625000000002
2 0.16562500000000008 0.8109375 0.10781250000000009 0.8109375 0.10781250000000009 0.859375 0.16562500000000008 0.859375
2 0.7703125000000002 0.9390625 0.6921875000000002 0.9390625 0.6921875000000002 1 0.7703125000000002 1
2 0.85625 0.0546875000000001 0.8125 0.05468750000000009 0.8125 0.10156250000000008 0.85625 0.10156250000000008
2 0.3140625000000001 0.93125 0.26250000000000007 0.93125 0.26250000000000007 0.99375 0.3140625000000001 0.99375
2 0.5171875000000001 0.70625 0.4765625 0.70625 0.4765625000000001 0.7515625 0.5171875000000001 0.7515625
2 0.2328125000000001 0.7578125 0.1609375000000001 0.7578125 0.1609375000000001 0.81875 0.2328125000000001 0.81875
2 0.3125000000000001 0.7484375 0.19531250000000008 0.7484375 0.19531250000000008 0.8578125 0.3125000000000001 0.8578125
2 0.721875 0.709375 0.659375 0.709375 0.659375 0.771875 0.7218750000000002 0.771875
2 0.6765625 0.60625 0.596875 0.60625 0.596875 0.6546875 0.6765625 0.6546875
2 0.4890625 0.3843750000000001 0.4578125 0.3843750000000001 0.4578125 0.4265625 0.4890625 0.4265625
2 0.31718750000000007 0.51875 0.2734375000000001 0.51875 0.2734375000000001 0.5640625 0.31718750000000007 0.5640625
2 0.71875 0.3125000000000001 0.5453125 0.3125000000000001 0.5453125 0.4671875 0.71875 0.4671875
2 0.2390625000000001 0.7140625 0.20312500000000008 0.7140625 0.20312500000000008 0.7484375 0.2390625000000001 0.7484375
2 1 0.32500000000000007 0.95 0.32500000000000007 0.95 0.43750000000000017 1 0.43750000000000017
2 0.5828125000000002 0.890625 0.5000000000000002 0.890625 0.5000000000000002 0.9859375 0.5828125000000002 0.9859375
2 0.7703125 0.2593750000000001 0.653125 0.2593750000000001 0.653125 0.3625000000000001 0.7703125 0.3625000000000001
2 0.6296875000000002 0.89375 0.5828125000000002 0.89375 0.5828125000000002 0.940625 0.6296875000000002 0.940625
2 0.571875 0.3703125000000001 0.5296875 0.3703125000000001 0.5296875 0.41875 0.571875 0.41875
2 0.19687500000000008 0.8171875 0.1671875000000001 0.8171875 0.1671875000000001 0.846875 0.19687500000000008 0.846875
2 0.4421875 0.3031250000000001 0.4109375 0.3031250000000001 0.4109375 0.3578125000000001 0.4421875 0.3578125000000001
2 0.18125000000000008 0.7703125 0.12500000000000008 0.7703125 0.12500000000000008 0.8265625 0.18125000000000008 0.8265625
2 1 1.195944139792337e-16 0.953125 1.1672414804373209e-16 0.953125 0.053125000000000124 1 0.05312500000000013
2 0.21093750000000008 0.615625 0.1515625000000001 0.615625 0.1515625000000001 0.6859375 0.21093750000000008 0.6859375
2 0.3296875000000001 0.5953125 0.28593750000000007 0.5953125 0.28593750000000007 0.634375 0.3296875000000001 0.634375
2 0.2171875000000001 0.6921875 0.1281250000000001 0.6921875 0.1281250000000001 0.775 0.2171875000000001 0.775
2 0.3125000000000001 0.7484375 0.19531250000000008 0.7484375 0.19531250000000008 0.8578125 0.3125000000000001 0.8578125
2 0.8828125 0.6875000000000002 0.8015625 0.6875000000000002 0.8015625 0.7812500000000002 0.8828125 0.7812500000000002