2 0.4671875 0.08593750000000006 0.415625 0.08593750000000004 0.415625 0.12500000000000006 0.4671875 0.12500000000000006
2 0.6015625 0.4421875 0.5515625 0.4421875 0.5515625 0.4828125 0.6015625 0.4828125
2 0.4828125000000002 0.9734375 0.4343750000000002 0.9734375 0.4343750000000002 1 0.4828125000000002 1
2 0.25468750000000007 0.403125 4.9368574090627673e-17 0.403125 6.056261123908394e-17 0.5859375 0.25468750000000007 0.5859375
2 0.31875000000000003 0.275 0.215625 0.275 0.21562500000000004 0.3703125 0.3187500000000001 0.3703125
2 0.753125 0.565625 0.675 0.565625 0.675 0.6546875000000001 0.753125 0.6546875000000002
2 0.859375 0.1671875000000001 0.796875 0.1671875000000001 0.796875 0.2140625000000001 0.859375 0.2140625000000001
2 0.6640625000000002 0.9453125 0.6187500000000001 0.9453125 0.6187500000000001 0.975 0.6640625000000002 0.975
2 0.5921875 0.6046875 0.55625 0.6046875 0.55625 0.6375 0.5921875 0.6375
2 0.2968750000000001 0.6765625 0.22656250000000008 0.6765625 0.22656250000000008 0.7484375 0.2968750000000001 0.7484375
2 0.3296875000000001 0.5296875 0.07968750000000006 0.5296875 0.07968750000000008 0.715625 0.3296875000000001 0.715625
2 1 1.1481063742006435e-16 0.875 1.0715659492539341e-16 0.875 0.10468750000000011 1 0.10468750000000013
2 0.534375 0.5703125 0.490625 0.5703125 0.490625 0.6171875 0.534375 0.6171875
2 0.25625000000000003 1.5690787114075467e-17 0 0 2.688482426253174e-17 0.4390625 0.2562500000000001 0.4390625
2 0.2671875000000001 0.875 0.22812500000000008 0.875 0.22812500000000008 0.9078125 0.2671875000000001 0.9078125
2 0.7796875 0.3312500000000001 0.709375 0.3312500000000001 0.709375 0.4125000000000001 0.7796875 0.4125000000000002
2 0.853125 0.49218750000000017 0.809375 0.49218750000000017 0.809375 0.5484375000000001 0.853125 0.5484375000000001
2 0.7203125 0.540625 0.6 0.540625 0.6 0.6171875 0.7203125 0.6171875
2 0.17968750000000008 0.71875 0.007812500000000088 0.71875 0.007812500000000099 0.8796875 0.17968750000000008 0.8796875
2 0.871875 0.1687500000000001 0.8109375 0.1687500000000001 0.8109375 0.2296875000000001 0.871875 0.2296875000000001
2 0.2671875000000001 0.7453125 0.1671875000000001 0.7453125 0.1671875000000001 0.903125 0.2671875000000001 0.903125
2 0.8265625 0.44843750000000016 0.75625 0.44843750000000016 0.75625 0.4984375000000002 0.8265625 0.4984375000000002
2 0.8671875 0.47656250000000017 0.8296875 0.47656250000000017 0.8296875 0.5078125000000002 0.8671875 0.5078125000000002
2 0.4640625 0.5703125 0.4109375 0.5703125 0.4109375 0.621875 0.4640625 0.621875
2 0.1859375000000001 0.8125 0.12500000000000008 0.8125 0.12500000000000008 0.8875 0.1859375000000001 0.8875
2 0.78125 0.42187500000000017 0.740625 0.42187500000000017 0.740625 0.4750000000000002 0.78125 0.4750000000000002
2 0.2953125000000001 0.8125 0.23593750000000008 0.8125 0.23593750000000008 0.875 0.2953125000000001 0.875
2 0.74375 8.122852597469554e-17 0.5828125 7.137394626280668e-17 0.5828125 0.10468750000000009 0.74375 0.10468750000000009
2 0.3500000000000001 0.440625 0.3140625000000001 0.440625 0.3140625000000001 0.48125 0.3500000000000001 0.48125
2 0.684375 0.3218750000000001 0.628125 0.3218750000000001 0.628125 0.37187500000000007 0.684375 0.37187500000000007
2 0.66875 0.4484375 0.621875 0.4484375 0.621875 0.4875 0.66875 0.4875
2 0.2078125000000001 0.853125 1.0447768005225856e-16 0.853125 1.1347117998349694e-16 1 0.2078125000000001 1
2 0.6109375 0.021875000000000068 0.5390625 0.021875000000000068 0.5390625 0.09843750000000007 0.6109375 0.09843750000000007
2 0.2890625 0.2125 0.20625 0.2125 0.20625 0.2828125 0.2890625 0.2828125
2 0.3203125000000001 0.4453125 0.23437500000000008 0.4453125 0.23437500000000008 0.5140625 0.3203125000000001 0.5140625
2 0.815625 0.49531250000000016 0.7796875 0.49531250000000016 0.7796875 0.5328125000000001 0.815625 0.5328125000000001
2 0.5265625 0.3890625000000001 0.46875 0.3890625000000001 0.46875 0.4703125 0.5265625 0.4703125
2 0.5890625 0.5390625 0.5296875 0.5390625 0.5296875 0.590625 0.5890625 0.590625
2 0.5796875 0.5125 0.534375 0.5125 0.534375 0.55625 0.5796875 0.55625
2 0.7546875 0.10468750000000009 0.659375 0.10468750000000009 0.659375 0.1531250000000001 0.7546875 0.1531250000000001
2 0.2671875000000001 0.640625 0.1453125000000001 0.640625 0.1453125000000001 0.75625 0.2671875000000001 0.75625
2 0.975 0.07343750000000011 0.925 0.07343750000000011 0.925 0.12031250000000013 0.975 0.12031250000000013
2 0.3953125 0.12343750000000005 0.315625 0.12343750000000005 0.315625 0.19062500000000004 0.3953125 0.19062500000000004
2 0.5421875 0.30937500000000007 0.45625 0.30937500000000007 0.45625 0.4015625 0.5421875 0.4015625
2 0.5484375 0.66875 0.4890625 0.66875 0.4890625 0.721875 0.5484375 0.721875
2 0.8078125 0.6234375000000001 0.6234375 0.6234375 0.6234375000000001 0.825 0.8078125 0.825
2 0.5375 0.4734375 0.48125 0.4734375 0.48125 0.5625 0.5375 0.5625
2 0.81875 0.40937500000000016 0.778125 0.40937500000000016 0.778125 0.4593750000000002 0.81875 0.4593750000000002
2 0.459375 0.4796875 0.3890625000000001 0.4796875 0.3890625000000001 0.5609375 0.459375 0.5609375
2 0.353125 0.3484375 0.278125 0.3484375 0.27812500000000007 0.40625 0.3531250000000001 0.40625
2 0.93125 0.20468750000000008 0.8734375 0.20468750000000008 0.8734375 0.2531250000000001 0.93125 0.2531250000000001
2 0.3484375 0.06250000000000003 0.2703125 0.06250000000000003 0.2703125 0.12343750000000005 0.3484375 0.12343750000000005
2 0.22656250000000008 0.9609375 0.18281250000000013 0.9609375 0.18281250000000013 1 0.22656250000000008 1
2 0.7765625 0.06875000000000009 0.725 0.06875000000000009 0.725 0.1312500000000001 0.7765625 0.1312500000000001
2 0.5640625 0.3109375000000001 0.5234375 0.3109375000000001 0.5234375 0.35625000000000007 0.5640625 0.35625000000000007
2 0.878125 0.24375000000000008 0.80625 0.24375000000000008 0.80625 0.3046875000000001 0.878125 0.3046875000000001
2 0.8453125 0.2062500000000001 0.728125 0.2062500000000001 0.728125 0.3156250000000001 0.8453125 0.3156250000000001
2 0.3796875 0.29218750000000004 0.3171875 0.2921875 0.3171875 0.35468750000000004 0.3796875 0.3546875000000001
2 0.4421875 0.4078125 0.3625000000000001 0.4078125 0.3625000000000001 0.45625 0.4421875 0.45625
2 0.5828125 0.6359375 0.5515625 0.6359375 0.5515625 0.678125 0.5828125 0.678125
2 0.765625 0.4984375000000001 0.721875 0.4984375 0.721875 0.5437500000000001 0.765625 0.5437500000000002
2 0.035937500000000094 0.7640625 9.357066949735246e-17 0.7640625 9.921552583717228e-17 0.85625 0.0359375000000001 0.85625
2 0.4937500000000001 0.5953125 0.3203125000000001 0.5953125 0.3203125000000001 0.75 0.4937500000000002 0.75
2 0.8359375 0.3140625000000001 0.8 0.3140625000000001 0.8 0.34843750000000007 0.8359375 0.34843750000000007
2 0.08906250000000007 0.625 7.654042494670958e-17 0.625 8.400311637901375e-17 0.746875 0.08906250000000009 0.746875
2 0.5390625 0.07812500000000007 0.45625 0.07812500000000007 0.45625 0.17343750000000005 0.5390625 0.17343750000000005
2 0.3859375000000001 0.7 0.2687500000000001 0.7 0.2687500000000001 0.803125 0.3859375000000001 0.803125
2 0.4578125 0.12187500000000004 0.4109375 0.12187500000000004 0.4109375 0.16875000000000004 0.4578125 0.16875000000000004
2 0.509375 0.64375 0.4671875 0.64375 0.4671875 0.6921875 0.509375 0.6921875
2 0.8734375 0.2156250000000001 0.84375 0.2156250000000001 0.84375 0.2453125000000001 0.8734375 0.2453125000000001
2 0.628125 0.70625 0.596875 0.70625 0.596875 0.7609375 0.6281250000000002 0.7609375
2 0.9140625 0.23593750000000008 0.8578125 0.23593750000000008 0.8578125 0.2921875000000001 0.9140625 0.2921875000000001
2 0.8890625 0.3781250000000001 0.8296875 0.3781250000000001 0.8296875 0.44843750000000016 0.8890625 0.44843750000000016
2 0.753125 0.4281250000000001 0.709375 0.428125 0.709375 0.4671875000000001 0.753125 0.4671875000000002
2 0.9109375 0.2875000000000001 0.821875 0.2875000000000001 0.821875 0.3703125000000001 0.9109375 0.3703125000000001
2 0.8453125 0.2062500000000001 0.728125 0.2062500000000001 0.728125 0.3156250000000001 0.8453125 0.3156250000000001
2 0.23906250000000004 0.28125 0.15781250000000005 0.28125 0.15781250000000005 0.375 0.2390625000000001 0.375