2 0.6406250000000002 0.8953125 0.5875000000000001 0.8953125 0.5875000000000001 0.9359375 0.6406250000000002 0.9359375
2 0.503125 0.5328125 0.4515625 0.5328125 0.4515625 0.5734375 0.503125 0.5734375
2 0.621875 7.309610582410764e-17 0.571875 7.003448882623926e-17 0.571875 0.03125000000000007 0.621875 0.031250000000000076
2 1 0.4390625000000002 0.803125 0.4390625000000002 0.803125 0.6125000000000002 1 0.6125000000000002
2 0.84375 0.6468750000000002 0.7390625 0.6468750000000002 0.7390625000000001 0.7437500000000001 0.84375 0.7437500000000001
2 0.3765625 0.35781250000000003 0.296875 0.3578125 0.29687500000000006 0.4484375 0.3765625000000001 0.4484375
2 0.2515625000000001 0.80625 0.18750000000000008 0.80625 0.18750000000000008 0.8546875 0.2515625000000001 0.8546875
2 0.434375 0.03125000000000005 0.3890625 0.03125000000000004 0.3890625 0.06093750000000005 0.434375 0.06093750000000005
2 0.4984375 0.3750000000000001 0.4609375 0.3750000000000001 0.4609375 0.4078125 0.4984375 0.4078125
2 0.834375 0.26250000000000007 0.7625 0.26250000000000007 0.7625 0.3359375000000001 0.834375 0.3359375000000001
2 0.9828125 0.2953125000000001 0.728125 0.2953125000000001 0.728125 0.48437500000000017 0.9828125 0.48437500000000017
2 0.16406250000000014 0.9171875 0.04843750000000011 0.9171875 0.04843750000000012 1 0.16406250000000014 1
2 0.5625 0.39531250000000007 0.51875 0.39531250000000007 0.51875 0.44375 0.5625 0.44375
2 1 0.6359375000000002 0.8015625 0.6359375000000002 0.8015625 1 1 1
2 0.83125 0.10000000000000009 0.790625 0.10000000000000009 0.790625 0.13281250000000008 0.83125 0.13281250000000008
2 0.3421875000000001 0.6046875 0.27031250000000007 0.6046875 0.27031250000000007 0.6875 0.3421875000000001 0.6875
2 0.2406250000000001 0.465625 0.19531250000000006 0.465625 0.19531250000000006 0.5234375 0.2406250000000001 0.5234375
2 0.453125 0.39687500000000003 0.3296875000000001 0.396875 0.3296875000000001 0.475 0.453125 0.475
2 1 0.12968750000000012 0.8796875 0.1296875000000001 0.8796875 0.2921875000000001 1 0.2921875000000001
2 0.2375000000000001 0.790625 0.1750000000000001 0.790625 0.1750000000000001 0.853125 0.2375000000000001 0.853125
2 0.89375 0.10312500000000009 0.7921875 0.10312500000000009 0.7921875 0.2640625000000001 0.89375 0.2640625000000001
2 0.29375000000000007 0.515625 0.2218750000000001 0.515625 0.2218750000000001 0.5671875 0.29375000000000007 0.5671875
2 0.21875000000000008 0.5078125 0.18125000000000005 0.5078125 0.18125000000000005 0.540625 0.21875000000000008 0.540625
2 0.6453125 0.3921875000000001 0.5921875 0.3921875000000001 0.5921875 0.44375 0.6453125 0.44375
2 0.9359375 0.12031250000000011 0.8734375 0.12031250000000009 0.8734375 0.1953125000000001 0.9359375 0.19531250000000014
2 0.30937500000000007 0.540625 0.2671875000000001 0.540625 0.2671875000000001 0.59375 0.30937500000000007 0.59375
2 0.8234375 0.13281250000000008 0.7625 0.13281250000000008 0.7625 0.19687500000000008 0.8234375 0.19687500000000008
2 0.45312500000000017 0.9171875 0.3062500000000001 0.9171875 0.3062500000000001 1 0.45312500000000017 1
2 0.74375 0.534375 0.70625 0.534375 0.70625 0.5750000000000001 0.74375 0.5750000000000002
2 0.425 0.646875 0.3671875000000001 0.646875 0.3671875000000001 0.696875 0.425 0.696875
2 0.4296875 0.5265625 0.3828125000000001 0.5265625 0.3828125000000001 0.5671875 0.4296875 0.5671875
2 1 1.1337550445231355e-16 0.8515625 1.0428632898989179e-16 0.8515625 0.13750000000000012 1 0.13750000000000012
2 0.5140625000000002 0.9234375 0.44062500000000016 0.9234375 0.44062500000000016 1 0.5140625000000002 1
2 0.8546875 0.7359375000000001 0.7703125000000002 0.7359375000000001 0.7703125000000002 0.8078125 0.8546875 0.8078125
2 0.825 0.5000000000000002 0.7375 0.5000000000000002 0.7375 0.5687500000000002 0.825 0.5687500000000002
2 0.27031250000000007 0.48125 0.23437500000000008 0.48125 0.23437500000000008 0.5203125 0.27031250000000007 0.5203125
2 0.5875 0.5453125 0.528125 0.5453125 0.528125 0.628125 0.5875 0.628125
2 0.5234375 0.4234375 0.4640625 0.4234375 0.4640625 0.475 0.5234375 0.475
2 0.51875 0.4578125 0.4734375 0.4578125 0.4734375 0.5015625 0.51875 0.5015625
2 0.78125 9.385769609090263e-17 0.7515625 9.203986099841827e-17 0.7515625 0.014062500000000094 0.78125 0.014062500000000094
2 0.3921875000000001 0.86875 0.2953125000000001 0.86875 0.2953125000000001 0.91875 0.3921875000000001 0.91875
2 0.915625 0.25468750000000007 0.790625 0.25468750000000007 0.790625 0.37187500000000007 0.915625 0.37187500000000007
2 0.12187500000000011 0.903125 0.0718750000000001 0.903125 0.0718750000000001 0.95 0.12187500000000014 0.95
2 0.7421875000000002 0.8296875 0.6609375000000002 0.8296875 0.6609375000000002 0.8984375 0.7421875000000002 0.8984375
2 0.6 0.615625 0.5125 0.615625 0.5125 0.709375 0.6 0.709375
2 0.5671875 0.2890625000000001 0.50625 0.2890625000000001 0.50625 0.3437500000000001 0.5671875 0.3437500000000001
2 0.428125 0.18437500000000004 0.240625 0.18437500000000004 0.24062500000000003 0.38906250000000003 0.428125 0.3890625000000001
2 0.5734375 0.4515625 0.515625 0.4515625 0.515625 0.5421875 0.5734375 0.5421875
2 0.27031250000000007 0.55625 0.22812500000000008 0.55625 0.22812500000000008 0.60625 0.27031250000000007 0.60625
2 0.6671875 0.4515625 0.596875 0.4515625 0.596875 0.534375 0.6671875 0.534375
2 0.7796875 0.6093750000000001 0.703125 0.609375 0.703125 0.6687500000000001 0.7796875 0.6687500000000002
2 0.17343750000000008 0.7671875 0.11562500000000009 0.7671875 0.11562500000000009 0.815625 0.17343750000000008 0.815625
2 0.7890625000000002 0.8984375 0.7093750000000002 0.8984375 0.7093750000000002 0.959375 0.7890625000000002 0.959375
2 0.8765625 1.0466903111462535e-16 0.8328125 1.019901162414905e-16 0.8328125 0.0453125000000001 0.8765625 0.04531250000000011
2 0.32500000000000007 0.890625 0.2718750000000001 0.890625 0.2718750000000001 0.953125 0.32500000000000007 0.953125
2 0.53125 0.6609375 0.4890625 0.6609375 0.4890625 0.7078125 0.53125 0.7078125
2 0.24218750000000008 0.7125 0.1687500000000001 0.7125 0.1687500000000001 0.775 0.24218750000000008 0.775
2 0.3218750000000001 0.7015625 0.20312500000000008 0.7015625 0.20312500000000008 0.8140625 0.3218750000000001 0.8140625
2 0.7406250000000001 0.6625000000000001 0.678125 0.6625 0.6781250000000001 0.7265625000000001 0.7406250000000002 0.7265625000000002
2 0.69375 0.559375 0.6125 0.559375 0.6125 0.6078125 0.69375 0.6078125
2 0.5015625 0.33281250000000007 0.4703125 0.33281250000000007 0.4703125 0.3765625000000001 0.5015625 0.3765625000000001
2 0.3281250000000001 0.4703125 0.2828125000000001 0.4703125 0.2828125000000001 0.5171875 0.3281250000000001 0.5171875
2 0.7375 0.2609375000000001 0.5609375 0.2609375000000001 0.5609375 0.4171875000000001 0.7375 0.41718750000000016
2 0.2484375000000001 0.66875 0.21093750000000008 0.66875 0.21093750000000008 0.7046875 0.2484375000000001 0.7046875
2 0.5984375000000002 0.846875 0.5140625000000002 0.846875 0.5140625000000002 0.9453125 0.5984375000000002 0.9453125
2 0.790625 0.20468750000000008 0.6703125 0.20468750000000008 0.6703125 0.3109375000000001 0.790625 0.3109375000000001
2 0.6453125000000002 0.8515625 0.5984375000000002 0.8515625 0.5984375000000002 0.9 0.6453125000000002 0.9
2 0.5875 0.3187500000000001 0.5453125 0.3187500000000001 0.5453125 0.3671875000000001 0.5875 0.3671875000000001
2 0.20468750000000008 0.775 0.1750000000000001 0.775 0.1750000000000001 0.8046875 0.20468750000000008 0.8046875
2 0.4546875 0.2500000000000001 0.4234375 0.2500000000000001 0.4234375 0.3062500000000001 0.4546875 0.3062500000000001
2 0.18906250000000008 0.725 0.13281250000000008 0.725 0.13281250000000008 0.7828125 0.18906250000000008 0.7828125
2 0.22031250000000008 0.56875 0.1593750000000001 0.56875 0.1593750000000001 0.6390625 0.22031250000000008 0.6390625
2 0.34062500000000007 0.5484375 0.2968750000000001 0.5484375 0.2968750000000001 0.5875 0.34062500000000007 0.5875
2 0.22656250000000008 0.646875 0.1359375000000001 0.646875 0.1359375000000001 0.73125 0.22656250000000008 0.73125
2 0.3218750000000001 0.7015625 0.20312500000000008 0.7015625 0.20312500000000008 0.8140625 0.3218750000000001 0.8140625
2 0.903125 0.6421875000000001 0.8203125 0.6421875000000001 0.8203125 0.7375000000000002 0.903125 0.7375000000000002