2 0.4296875 0.03281250000000005 0.3890625 0.03281250000000004 0.3890625 0.06718750000000004 0.4296875 0.06718750000000004
2 0.615625 7.26177281681907e-17 0.5703125 6.984313776387249e-17 0.5703125 0.03125000000000007 0.615625 0.031250000000000076
2 1 0.2671875000000001 0.8859375 0.2671875000000001 0.8859375 0.3312500000000001 1 0.3312500000000001
2 0.765625 0.6421875000000001 0.7359375 0.6421875000000001 0.7359375 0.6671875000000002 0.765625 0.6671875000000002
2 0.21875000000000008 0.4984375 0.18281250000000004 0.4984375 0.18281250000000004 0.53125 0.21875000000000008 0.53125
2 0.7828125000000001 0.8859375 0.7015625000000002 0.8859375 0.7015625000000002 0.95 0.7828125000000001 0.95
2 0.5015625 0.3296875000000001 0.465625 0.3296875000000001 0.465625 0.3750000000000001 0.5015625 0.3750000000000001
2 0.51875 0.5890625 0.48125 0.5890625 0.48125 0.6359375 0.51875 0.6359375
2 0.95 0.5843750000000002 0.9046875 0.5843750000000002 0.9046875 0.6171875000000002 0.95 0.6171875000000002
2 0.34062500000000007 0.54375 0.29375000000000007 0.54375 0.29375000000000007 0.578125 0.34062500000000007 0.578125
2 0.6375 0.5484375 0.6078125 0.5484375 0.6078125 0.5828125 0.6375 0.5828125
2 0.5578125 0.3921875000000001 0.51875 0.3921875000000001 0.51875 0.440625 0.5578125 0.440625
2 0.3187500000000001 0.696875 0.20312500000000008 0.696875 0.20312500000000008 0.80625 0.3187500000000001 0.80625
2 0.3078125000000001 0.4 0.2687500000000001 0.4 0.2687500000000001 0.44375 0.3078125000000001 0.44375
2 0.4046875000000001 0.7109375 0.3890625000000001 0.7109375 0.3890625000000001 0.73125 0.4046875000000002 0.73125
2 0.6468750000000002 0.8 0.5843750000000002 0.8 0.5843750000000002 0.8515625 0.6468750000000002 0.8515625
2 0.6359375000000002 0.8859375 0.5828125000000002 0.8859375 0.5828125000000002 0.9234375 0.6359375000000002 0.9234375
2 0.2453125000000001 0.8 0.1859375000000001 0.8 0.1859375000000001 0.84375 0.2453125000000001 0.84375
2 0.2140625000000001 0.5625 0.15625000000000008 0.5625 0.15625000000000008 0.6046875 0.2140625000000001 0.6046875
2 0.4390625000000002 0.9125 0.4156250000000002 0.9125 0.4156250000000002 0.9375 0.4390625000000002 0.9375
2 0.7265625 0.2609375000000001 0.5578125 0.2609375000000001 0.5578125 0.4140625000000001 0.7265625 0.41406250000000017
2 0.2296875000000001 0.59375 0.1937500000000001 0.59375 0.1937500000000001 0.6375 0.2296875000000001 0.6375
2 0.7734375 9.347499396616907e-17 0.753125 9.223121206078505e-17 0.753125 0.012500000000000094 0.7734375 0.012500000000000094
2 1 0.4359375000000002 0.7953125 0.4359375000000002 0.7953125 0.6046875000000002 1 0.6046875000000002
2 0.5062500000000002 0.7453125 0.4156250000000002 0.7453125 0.4156250000000002 0.8703125 0.5062500000000002 0.8703125
2 1 0.37968750000000007 0.9453125 0.37968750000000007 0.9453125 0.43750000000000017 1 0.43750000000000017
2 0.7359375000000001 0.8203125 0.6562500000000002 0.8203125 0.6562500000000002 0.8921875 0.7359375000000001 0.8921875
2 0.4296875 0.19531250000000006 0.240625 0.19531250000000006 0.24062500000000003 0.39375000000000004 0.4296875 0.3937500000000001
2 0.81875 0.1359375000000001 0.7421875 0.1359375000000001 0.7421875 0.1937500000000001 0.81875 0.1937500000000001
2 0.6390625 0.3843750000000001 0.584375 0.3843750000000001 0.584375 0.4375 0.6390625 0.4375
2 0.771875 0.6031250000000001 0.7 0.603125 0.7 0.6625000000000001 0.771875 0.6625000000000002
2 0.3046875000000001 0.5359375 0.2687500000000001 0.5359375 0.2687500000000001 0.5875 0.3046875000000001 0.5875
2 0.8984375 0.6328125000000002 0.8140625 0.6328125000000002 0.8140625 0.7265625000000002 0.8984375 0.7265625000000002
2 0.8203125 0.0968750000000001 0.784375 0.09687500000000009 0.784375 0.13437500000000008 0.8203125 0.13437500000000008
2 0.6203125 0.4453125 0.5125 0.4453125 0.5125 0.5578125 0.6203125 0.5578125
2 0.9296875 0.11718750000000011 0.8671875 0.11718750000000008 0.8671875 0.1953125000000001 0.9296875 0.19531250000000014
2 0.5921875 0.615625 0.5078125 0.615625 0.5078125 0.6984375 0.5921875 0.6984375
2 0.90625 0.2531250000000001 0.7859375 0.2531250000000001 0.7859375 0.3671875000000001 0.90625 0.3671875000000001
2 0.37500000000000006 0.35781250000000003 0.2953125 0.3578125 0.29531250000000003 0.4375 0.3750000000000001 0.4375
2 0.2406250000000001 0.70625 0.1671875000000001 0.70625 0.1671875000000001 0.7703125 0.2406250000000001 0.7703125
2 0.721875 0.7234375 0.696875 0.7234375 0.6968750000000001 0.75 0.7218750000000002 0.75
2 0.16093750000000004 0.509375 0.11875000000000005 0.509375 0.11875000000000005 0.54375 0.16093750000000004 0.54375
2 0.8140625 0.5718750000000001 0.759375 0.5718750000000001 0.759375 0.6203125000000002 0.8140625 0.6203125000000002
2 0.04375000000000007 0.5609375 6.869503138967185e-17 0.5609375 7.041719095097281e-17 0.5890625 0.04375000000000007 0.5890625
2 0.378125 4.33410156260743e-17 0.3296875 4.0375074159389303e-17 0.3296875 0.04687500000000004 0.378125 0.04687500000000004
2 0.6984375 0.6375 0.653125 0.6375 0.653125 0.6765625 0.6984375 0.6765625
2 0.3265625000000001 0.8796875 0.2718750000000001 0.8796875 0.2718750000000001 0.9421875 0.3265625000000001 0.9421875
2 0.8375 0.6140625000000002 0.7609375 0.6140625000000002 0.7609375 0.6546875000000002 0.8375 0.6546875000000002
2 0.584375 0.5390625 0.5265625 0.5390625 0.5265625 0.615625 0.584375 0.615625
2 0.4546875 0.2515625000000001 0.4234375 0.2515625000000001 0.4234375 0.30156250000000007 0.4546875 0.30156250000000007
2 0.9328125 0.6250000000000002 0.8828125 0.6250000000000002 0.8828125 0.6734375000000001 0.9328125 0.6734375000000001
2 0.4171875 0.08437500000000005 0.38125 0.08437500000000005 0.38125 0.11875000000000005 0.4171875 0.11875000000000005
2 0.7812500000000002 0.990625 0.7625000000000002 0.990625 0.7625000000000002 1 0.7812500000000002 1
2 0.3156250000000001 0.8453125 0.2578125000000001 0.8453125 0.2578125000000001 0.878125 0.3156250000000001 0.878125
2 0.8375 0.6406250000000002 0.73125 0.6406250000000002 0.7312500000000001 0.7390625000000002 0.8375 0.7390625000000002
2 0.5265625 0.65625 0.4859375 0.65625 0.4859375 0.6984375 0.5265625 0.6984375
2 0.5875000000000001 0.8375 0.5343750000000002 0.8375 0.5343750000000002 0.8890625 0.5875000000000001 0.8890625
2 0.7984375 0.0468750000000001 0.775 0.0468750000000001 0.775 0.07031250000000008 0.7984375 0.07031250000000008
2 0.4421875 0.14218750000000005 0.4046875 0.14218750000000005 0.4046875 0.19062500000000004 0.4421875 0.19062500000000004
2 0.4296875 0.521875 0.3812500000000001 0.521875 0.3812500000000001 0.5625 0.4296875 0.5625
2 0.478125 0.4015625 0.4453125 0.4015625 0.4453125 0.4296875 0.478125 0.4296875
2 0.6890625 0.5515625 0.6046875 0.5515625 0.6046875 0.6046875 0.6890625 0.6046875
2 0.81875 0.4937500000000002 0.7328125 0.4937500000000002 0.7328125 0.5625000000000002 0.81875 0.5625000000000002
2 0.51875 0.4515625 0.471875 0.4515625 0.471875 0.5 0.51875 0.5
2 0.7640625000000001 0.7031250000000001 0.7203125 0.703125 0.7203125000000001 0.7343750000000001 0.7640625000000002 0.7343750000000002
2 0.5671875 0.3609375000000001 0.5328125 0.3609375000000001 0.5328125 0.37968750000000007 0.5671875 0.37968750000000007
2 0.809375 0.05468750000000009 0.784375 0.05468750000000009 0.784375 0.07812500000000008 0.809375 0.07812500000000008
2 1 0.2968750000000001 0.9625 0.2968750000000001 0.9625 0.3828125000000001 1 0.3828125000000001
2 0.5156250000000002 0.7703125 0.49218750000000017 0.7703125 0.49218750000000017 0.8015625 0.5156250000000002 0.8015625
2 0.740625 0.5312500000000001 0.7015625 0.53125 0.7015625 0.5687500000000001 0.740625 0.5687500000000002
2 0.4515625 0.39531250000000007 0.3203125000000001 0.3953125 0.3203125000000001 0.4671875 0.4515625 0.4671875
2 0.425 0.6375 0.3671875000000001 0.6375 0.3671875000000001 0.690625 0.425 0.690625
2 1 1.1136631829746244e-16 0.81875 1.0026795668018954e-16 0.81875 0.1484375000000001 1 0.14843750000000014
2 0.2953125000000001 0.5109375 0.2234375000000001 0.5109375 0.2234375000000001 0.5625 0.2953125000000001 0.5625
2 0.08906250000000007 0.596875 0.05312500000000007 0.596875 0.05312500000000007 0.6203125 0.08906250000000007 0.6203125
2 0.5234375 0.3625000000000001 0.49375 0.3625000000000001 0.49375 0.3890625000000001 0.5234375 0.3890625000000001
2 0.2140625000000001 0.8421875 0.14062500000000008 0.8421875 0.1406250000000001 0.9125 0.2140625000000001 0.9125
2 0.496875 0.5296875 0.4453125 0.5296875 0.4453125 0.5671875 0.496875 0.5671875
2 0.5078125 5.817072295949927e-17 0.4421875 5.415235064979703e-17 0.4421875 0.02500000000000006 0.5078125 0.025000000000000067
2 0.5859375 0.3187500000000001 0.5421875 0.3187500000000001 0.5421875 0.3656250000000001 0.5859375 0.3656250000000001
2 0.7906250000000001 0.934375 0.7234375000000002 0.934375 0.7234375000000002 0.99375 0.7906250000000001 0.99375
2 1 0.5921875000000002 0.978125 0.5921875000000002 0.978125 0.6437500000000002 1 0.6437500000000002
2 0.2687500000000001 0.5515625 0.22812500000000008 0.5515625 0.22812500000000008 0.6015625 0.2687500000000001 0.6015625
2 0.2140625000000001 0.6375 0.13437500000000008 0.6375 0.13437500000000008 0.7171875 0.2140625000000001 0.7171875
2 0.6718750000000002 0.8578125 0.6218750000000002 0.8578125 0.6218750000000002 0.9046875 0.6718750000000002 0.9046875
2 0.3625000000000001 0.8578125 0.29375000000000007 0.8578125 0.29375000000000007 0.9046875 0.3625000000000001 0.9046875
2 0.7000000000000002 0.8015625 0.6296875000000002 0.8015625 0.6296875000000002 0.8375 0.7000000000000002 0.8375
2 1 0.6265625000000001 0.7640625 0.6265625000000001 0.7640625000000001 1 1 1
2 0.3656250000000001 0.7234375 0.3281250000000001 0.7234375 0.3281250000000001 0.771875 0.3656250000000001 0.771875
2 0.440625 5.080370705837849e-17 0.3890625 4.7646414529326714e-17 0.3890625 0.03593750000000005 0.440625 0.03593750000000005
2 0.7859375 0.20468750000000008 0.6671875 0.20468750000000008 0.6671875 0.3109375000000001 0.7859375 0.3109375000000001
2 0.3453125000000001 0.5953125 0.2687500000000001 0.5953125 0.2687500000000001 0.678125 0.3453125000000001 0.678125
2 1 0.1328125000000001 0.871875 0.13281250000000008 0.871875 0.2906250000000001 1 0.2906250000000001
2 0.17187500000000008 0.7609375 0.12031250000000009 0.7609375 0.12031250000000009 0.80625 0.17187500000000008 0.80625
2 0.3968750000000001 0.5453125 0.36406250000000007 0.5453125 0.36406250000000007 0.5890625 0.3968750000000001 0.5890625
2 0.9640625 0.6015625000000002 0.91875 0.6015625000000002 0.91875 0.6656250000000001 0.9640625 0.6656250000000001
2 0.740625 0.6578125000000001 0.659375 0.6578125 0.659375 0.7250000000000001 0.740625 0.7250000000000002
2 0.33281250000000007 0.6609375 0.3000000000000001 0.6609375 0.3000000000000001 0.696875 0.33281250000000007 0.696875
2 0.8390625 0.7296875000000002 0.7609375000000002 0.7296875000000002 0.7609375000000002 0.7968750000000002 0.8390625 0.7968750000000002
2 0.5390625 0.17343750000000005 0.4875 0.17343750000000005 0.4875 0.2140625000000001 0.5390625 0.2140625000000001
2 0.2375000000000001 0.4609375 0.17968750000000006 0.4609375 0.17968750000000006 0.51875 0.2375000000000001 0.51875
2 0.2687500000000001 0.4765625 0.2328125000000001 0.4765625 0.2328125000000001 0.5125 0.2687500000000001 0.5125
2 0.9671875 0.30156250000000007 0.7234375 0.30156250000000007 0.7234375 0.4906250000000001 0.9671875 0.4906250000000002
2 0.7390625000000002 0.7500000000000001 0.6953125000000002 0.75 0.6953125000000002 0.7968750000000001 0.7390625000000002 0.7968750000000002
2 0.3265625000000001 0.4671875 0.2687500000000001 0.4671875 0.2687500000000001 0.5171875 0.3265625000000001 0.5171875
2 0.5640625 0.2890625000000001 0.4984375 0.2890625000000001 0.4984375 0.3546875000000001 0.5640625 0.3546875000000001
2 0.4515625000000002 0.909375 0.3062500000000001 0.909375 0.3062500000000001 1 0.4515625000000002 1
2 0.15000000000000008 0.534375 0.09843750000000007 0.534375 0.09843750000000007 0.565625 0.15000000000000008 0.565625
2 0.1734375000000001 0.9046875 0.04531250000000011 0.9046875 0.04531250000000012 1 0.17343750000000013 1
2 0.2562500000000001 0.8515625 0.21093750000000008 0.8515625 0.21093750000000008 0.9328125 0.2562500000000001 0.9328125