2 1 0.3781250000000001 0.975 0.3781250000000001 0.975 0.4203125000000002 1 0.4203125000000002
2 0.7703125000000002 0.8859375 0.7046875000000001 0.8859375 0.7046875000000001 1 0.7703125000000002 1
2 0.3890625000000001 0.73125 0.36406250000000007 0.73125 0.36406250000000007 0.7625 0.3890625000000001 0.7625
2 0.5359375 0.17031250000000003 0.503125 0.17031250000000003 0.503125 0.2062500000000001 0.5359375 0.2062500000000001
2 0.14062500000000008 0.696875 0.0750000000000001 0.696875 0.0750000000000001 0.7796875 0.14062500000000008 0.7796875
2 0.70625 0.4578125 0.659375 0.4578125 0.659375 0.49375 0.70625 0.49375
2 0.4421875 0.4734375 0.3937500000000001 0.4734375 0.3937500000000001 0.5109375 0.4421875 0.5109375
2 0.44843750000000016 0.9046875 0.4156250000000002 0.9046875 0.4156250000000002 0.95 0.44843750000000016 0.95
2 0.490625 0.2828125000000001 0.4546875 0.2828125000000001 0.4546875 0.3312500000000001 0.490625 0.3312500000000001
2 0.484375 0.6015625 0.45 0.6015625 0.45 0.63125 0.484375 0.63125
2 0.6421875 0.5109375 0.59375 0.5109375 0.59375 0.5515625 0.6421875 0.5515625
2 0.334375 0.18906250000000005 0.221875 0.18906250000000005 0.221875 0.30625 0.334375 0.30625
2 0.6359375 0.2562500000000001 0.590625 0.2562500000000001 0.590625 0.2953125000000001 0.6359375 0.2953125000000001
2 0.3187500000000001 0.378125 0.2984375000000001 0.378125 0.2984375000000001 0.39375 0.3187500000000001 0.39375
2 0.22812500000000008 0.5765625 0.1750000000000001 0.5765625 0.1750000000000001 0.640625 0.22812500000000008 0.640625
2 0.14062500000000008 0.5765625 0.10312500000000009 0.5765625 0.10312500000000009 0.6296875 0.14062500000000008 0.6296875
2 0.228125 0.17187500000000006 0.1828125 0.17187500000000006 0.18281250000000002 0.2328125 0.228125 0.2328125
2 0.4703125 0.14218750000000005 0.428125 0.14218750000000005 0.428125 0.2000000000000001 0.4703125 0.2000000000000001
2 0.11250000000000004 0.4046875 0.08750000000000005 0.4046875 0.08750000000000005 0.4296875 0.11250000000000004 0.4296875
2 0.7765625 0.5515625000000001 0.621875 0.5515625 0.621875 0.7234375000000001 0.7765625 0.7234375000000002
2 0.018750000000000086 0.7015625 8.591662700268149e-17 0.7015625 8.735175997043229e-17 0.725 0.01875000000000009 0.725
2 0.4390625 0.17968750000000006 0.39375 0.17968750000000006 0.39375 0.2156250000000001 0.4390625 0.2156250000000001
2 0.5984375000000002 0.79375 0.4265625000000002 0.79375 0.4265625000000002 1 0.5984375000000002 1
2 0.2828125000000001 0.40625 0.15625000000000006 0.40625 0.15625000000000006 0.4984375 0.2828125000000001 0.4984375
2 0.6546875000000002 0.9453125 0.5968750000000002 0.9453125 0.5968750000000002 1 0.6546875000000002 1
2 0.2078125000000001 0.6515625 0.13437500000000008 0.6515625 0.13437500000000008 0.7328125 0.2078125000000001 0.7328125
2 0.84375 0.22812500000000008 0.6421875 0.22812500000000008 0.6421875 0.4203125000000001 0.84375 0.4203125000000002
2 0.9046875 0.7390625000000002 0.8453125 0.7390625000000002 0.8453125 0.8171875 0.9046875 0.8171875
2 0.6515625 0.578125 0.596875 0.578125 0.596875 0.6328125 0.6515625 0.6328125
2 0.4281250000000001 0.6953125 0.3687500000000001 0.6953125 0.3687500000000001 0.76875 0.4281250000000002 0.76875
2 0.496875 0.2562500000000001 0.44375 0.2562500000000001 0.44375 0.29375000000000007 0.496875 0.29375000000000007
2 0.3968750000000001 0.8125 0.30156250000000007 0.8125 0.30156250000000007 0.8984375 0.3968750000000001 0.8984375
2 0.94375 0.7812500000000002 0.90625 0.7812500000000002 0.90625 0.81875 0.94375 0.81875
2 0.5890625 0.5046875 0.475 0.5046875 0.475 0.615625 0.5890625 0.615625
2 0.9234375 0.8671875 0.84375 0.8671875 0.84375 0.9296875 0.9234375 0.9296875
2 0.415625 0.5 0.3312500000000001 0.5 0.3312500000000001 0.5859375 0.415625 0.5859375
2 0.7843750000000002 0.7828125000000001 0.6687500000000002 0.7828125 0.6687500000000002 0.9046875 0.7843750000000002 0.9046875
2 0.6796875 0.2843750000000001 0.5984375 0.2843750000000001 0.5984375 0.3656250000000001 0.6796875 0.3656250000000001
2 0.3234375 0.15312500000000004 0.2578125 0.15312500000000004 0.2578125 0.228125 0.3234375 0.228125
2 0.3078125000000001 0.690625 0.2796875000000001 0.690625 0.2796875000000001 0.7171875 0.3078125000000001 0.7171875
2 0.5234375 0.10468750000000004 0.4875 0.10468750000000004 0.4875 0.14687500000000003 0.5234375 0.14687500000000003
2 0.46093750000000017 0.75625 0.4125000000000002 0.75625 0.4125000000000002 0.8109375 0.46093750000000017 0.8109375
2 0.471875 5.597018574228137e-17 0.4421875 5.415235064979703e-17 0.4421875 0.028125000000000056 0.471875 0.028125000000000056
2 0.3937500000000001 0.6484375 0.3531250000000001 0.6484375 0.3531250000000001 0.6953125 0.3937500000000001 0.6953125
2 0.14687500000000003 0.259375 0.08281250000000002 0.259375 0.08281250000000004 0.315625 0.14687500000000003 0.315625
2 0.41718750000000016 0.7578125 0.3765625000000001 0.7578125 0.3765625000000001 0.8359375 0.41718750000000016 0.8359375
2 0.49375 0.51875 0.415625 0.51875 0.415625 0.578125 0.49375 0.578125
2 0.7875 0.41406250000000017 0.7359375 0.41406250000000017 0.7359375 0.4468750000000002 0.7875 0.4468750000000002
2 0.40625000000000017 0.88125 0.3578125000000001 0.88125 0.3578125000000001 0.9328125 0.40625000000000017 0.9328125
2 0.95625 0.3703125000000001 0.921875 0.3703125000000001 0.921875 0.40625000000000017 0.95625 0.40625000000000017
2 0.03281250000000009 0.7578125 0.003125000000000093 0.7578125 0.0031250000000000943 0.7828125 0.0328125000000001 0.7828125
2 0.18281250000000004 0.2453125 0.14843750000000006 0.2453125 0.14843750000000006 0.3046875 0.18281250000000004 0.3046875
2 0.3906250000000001 0.728125 0.2906250000000001 0.728125 0.2906250000000001 0.8359375 0.3906250000000001 0.8359375
2 0.3750000000000001 0.478125 0.33281250000000007 0.478125 0.33281250000000007 0.51875 0.3750000000000001 0.51875
2 0.18906250000000008 0.5265625 0.13750000000000004 0.5265625 0.13750000000000007 0.58125 0.18906250000000008 0.58125
2 0.9953125 0.7734375000000002 0.971875 0.7734375000000002 0.971875 0.7968750000000002 0.9953125 0.7968750000000002
2 0.8984375 0.39531250000000007 0.8484375 0.39531250000000007 0.8484375 0.43281250000000016 0.8984375 0.43281250000000016
2 0.5109375 0.3703125000000001 0.4703125 0.3703125000000001 0.4703125 0.4203125 0.5109375 0.4203125
2 0.634375 0.4375 0.6046875 0.4375 0.6046875 0.4703125 0.634375 0.4703125
2 0.48125 0.5984375 0.4265625 0.5984375 0.4265625 0.684375 0.48125 0.684375
2 0.5406250000000001 0.7296875 0.4703125000000002 0.7296875 0.4703125000000002 0.8171875 0.5406250000000001 0.8171875
2 0.58125 0.4625 0.5328125 0.4625 0.5328125 0.5109375 0.58125 0.5109375
2 0.3265625000000001 0.7171875 0.2953125000000001 0.7171875 0.2953125000000001 0.7609375 0.3265625000000001 0.7609375
2 0.675 0.525 0.65625 0.525 0.65625 0.5609375 0.675 0.5609375
2 0.9859375 0.7812500000000002 0.9625 0.7812500000000002 0.9625 0.80625 0.9859375 0.80625
2 0.2578125000000001 0.484375 0.22656250000000008 0.484375 0.22656250000000008 0.509375 0.2578125000000001 0.509375
2 0.5015625000000001 0.696875 0.4640625 0.696875 0.4640625000000001 0.7375 0.5015625000000001 0.7375
2 0.640625 0.30937500000000007 0.5671875 0.30937500000000007 0.5671875 0.4421875 0.640625 0.4421875
2 0.39375000000000004 0.35625000000000007 0.3390625 0.35625 0.33906250000000004 0.415625 0.3937500000000001 0.415625
2 1 0.8171875 0.8921875 0.8171875 0.8921875 1 1 1
2 0.521875 0.2093750000000001 0.4703125 0.2093750000000001 0.4703125 0.2828125000000001 0.521875 0.2828125000000001
2 0.434375 0.03593750000000005 0.4109375 0.03593750000000005 0.4109375 0.07187500000000005 0.434375 0.07187500000000005
2 0.6734375 0.4859375 0.646875 0.4859375 0.646875 0.515625 0.6734375 0.515625
2 0.184375 0.12656250000000002 0.1125 0.1265625 0.11250000000000002 0.2015625 0.18437500000000004 0.2015625
2 0.503125 0.4359375 0.465625 0.4359375 0.465625 0.4890625 0.503125 0.4890625
2 0.71875 0.534375 0.6703125 0.534375 0.6703125 0.5796875 0.71875 0.5796875
2 0.0906250000000001 0.71875 0.03125000000000009 0.71875 0.0312500000000001 0.7875 0.0906250000000001 0.7875
2 0.4390625000000002 0.9796875 0.38750000000000007 0.9796875 0.38750000000000007 1 0.4390625000000002 1
2 0.48125 0.2156250000000001 0.43125 0.2156250000000001 0.43125 0.2562500000000001 0.48125 0.2562500000000001
2 0.39375 0.11875000000000005 0.3125 0.11875000000000005 0.3125 0.20000000000000004 0.39375 0.2000000000000001
2 0.1703125000000001 0.615625 0.1218750000000001 0.615625 0.1218750000000001 0.6671875 0.1703125000000001 0.6671875
2 0.16875000000000004 0.28125 0.12187500000000004 0.28125 0.12187500000000004 0.3515625 0.16875000000000004 0.3515625
2 0.22656250000000008 0.625 0.1906250000000001 0.625 0.1906250000000001 0.696875 0.22656250000000008 0.696875
2 0.4031250000000002 0.7609375 9.318796737261892e-17 0.7609375 1.0782632364367712e-16 1 0.4031250000000002 1
2 0.30625 0.3171875 0.25625 0.3171875 0.25625 0.35625 0.30625 0.35625
2 0.834375 0.6609375000000002 0.7265625 0.6609375000000002 0.7265625000000001 0.7828125000000001 0.834375 0.7828125000000001
2 0.4359375 0.25625000000000003 0.3515625 0.25625 0.3515625 0.33437500000000003 0.4359375 0.3343750000000001
2 0.90625 0.8703125 0.7468750000000002 0.8703125 0.7468750000000002 1 0.90625 1
2 0.2671875 0.10468750000000004 0.221875 0.10468750000000004 0.221875 0.15781250000000005 0.2671875 0.15781250000000005
2 0.4875 0.3531250000000001 0.4421875 0.3531250000000001 0.4421875 0.38750000000000007 0.4875 0.38750000000000007
2 0.42968750000000017 0.91875 0.3656250000000001 0.91875 0.3656250000000001 0.9640625 0.42968750000000017 0.9640625
2 0.3734375000000001 0.653125 0.3046875000000001 0.653125 0.3046875000000001 0.7359375 0.3734375000000001 0.7359375
2 0.36875 0.28906250000000006 0.3328125 0.2890625 0.3328125 0.321875 0.36875 0.3218750000000001
2 0.3000000000000001 0.7578125 0.2312500000000001 0.7578125 0.2312500000000001 0.8375 0.3000000000000001 0.8375
2 0.8671875 0.4781250000000002 0.825 0.4781250000000002 0.825 0.5312500000000002 0.8671875 0.5312500000000002
2 0.5734375 0.16562500000000008 0.5140625 0.16562500000000005 0.5140625 0.2250000000000001 0.5734375 0.2250000000000001
2 0.55625 0.22031250000000008 0.5203125 0.22031250000000008 0.5203125 0.2562500000000001 0.55625 0.2562500000000001
2 0.7359375000000001 0.7187500000000001 0.54375 0.71875 0.5437500000000001 0.9671875 0.7359375000000001 0.9671875
2 0.2796875000000001 0.690625 0.2328125000000001 0.690625 0.2328125000000001 0.734375 0.2796875000000001 0.734375
2 0.5671875 0.2562500000000001 0.515625 0.2562500000000001 0.515625 0.3140625000000001 0.5671875 0.3140625000000001
2 0.7484375 0.48906250000000007 0.68125 0.4890625 0.68125 0.5562500000000001 0.7484375 0.5562500000000001
2 0.11562500000000005 0.2953125 3.6165350787320275e-17 0.2953125 4.601993049920913e-17 0.45625 0.11562500000000005 0.45625
2 0.4984375 0.08281250000000007 0.4671875 0.08281250000000007 0.4671875 0.13437500000000005 0.4984375 0.13437500000000005
2 0.1203125 0.010937500000000006 1.3394574365674175e-18 0.0109375 1.071565949253934e-17 0.1640625 0.1203125 0.1640625
2 0.17656250000000004 0.196875 0.09375000000000003 0.196875 0.09375000000000003 0.24375 0.17656250000000004 0.24375