2 0.3671875 0.03281250000000004 0.3265625 0.03281250000000004 0.3265625 0.06718750000000004 0.3671875 0.06718750000000004
2 0.5515625 6.477233461115298e-17 0.50625 6.199774420683476e-17 0.50625 0.03125000000000007 0.5515625 0.03125000000000007
2 0.9375 0.2671875000000001 0.821875 0.2671875000000001 0.821875 0.3312500000000001 0.9375 0.3312500000000001
2 0.7015625 0.640625 0.671875 0.640625 0.671875 0.665625 0.7015625 0.665625
2 0.15781250000000005 0.496875 0.12187500000000004 0.496875 0.12187500000000004 0.5296875 0.15781250000000005 0.5296875
2 0.7171875000000002 0.8828125 0.6375000000000002 0.8828125 0.6375000000000002 0.946875 0.7171875000000002 0.946875
2 0.4390625 0.3296875000000001 0.403125 0.3296875000000001 0.403125 0.3750000000000001 0.4390625 0.3750000000000001
2 0.45625 0.5875 0.4203125 0.5875 0.4203125 0.634375 0.45625 0.634375
2 0.884375 0.5812500000000002 0.8390625 0.5812500000000002 0.8390625 0.6140625000000002 0.884375 0.6140625000000002
2 0.2796875000000001 0.540625 0.2328125000000001 0.540625 0.2328125000000001 0.575 0.2796875000000001 0.575
2 0.5734375 0.546875 0.54375 0.546875 0.54375 0.58125 0.5734375 0.58125
2 0.4953125 0.3921875000000001 0.45625 0.3921875000000001 0.45625 0.440625 0.4953125 0.440625
2 0.2562500000000001 0.69375 0.14218750000000008 0.69375 0.14218750000000008 0.803125 0.2562500000000001 0.803125
2 0.2468750000000001 0.3984375 0.2078125000000001 0.3984375 0.2078125000000001 0.4421875 0.2468750000000001 0.4421875
2 0.3421875000000001 0.7078125 0.3265625000000001 0.7078125 0.3265625000000001 0.7265625 0.3421875000000001 0.7265625
2 0.5828125000000002 0.796875 0.5203125000000002 0.796875 0.5203125000000002 0.8484375 0.5828125000000002 0.8484375
2 0.5734375000000002 0.8828125 0.5203125000000002 0.8828125 0.5203125000000002 0.9203125 0.5734375000000002 0.9203125
2 0.1843750000000001 0.796875 0.12500000000000008 0.796875 0.12500000000000008 0.840625 0.1843750000000001 0.840625
2 0.1531250000000001 0.559375 0.09687500000000007 0.559375 0.09687500000000007 0.6015625 0.1531250000000001 0.6015625
2 0.3765625000000001 0.909375 0.3531250000000001 0.909375 0.3531250000000001 0.934375 0.3765625000000001 0.934375
2 0.6625 0.2609375000000001 0.4953125 0.2609375000000001 0.4953125 0.4125 0.6625 0.4125
2 1 0.13125000000000014 0.940625 0.13125000000000014 0.940625 0.2609375000000001 1 0.2609375000000001
2 0.1687500000000001 0.590625 0.13437500000000008 0.590625 0.13437500000000008 0.634375 0.1687500000000001 0.634375
2 0.7078125 8.543824934676456e-17 0.6875 8.419446744138054e-17 0.6875 0.014062500000000085 0.7078125 0.014062500000000089
2 0.9953125 0.43281250000000016 0.73125 0.43281250000000016 0.73125 0.6031250000000001 0.9953125 0.6031250000000001
2 0.4437500000000002 0.74375 0.3531250000000001 0.74375 0.3531250000000001 0.8671875 0.4437500000000002 0.8671875
2 0.9671875 0.37968750000000007 0.8796875 0.37968750000000007 0.8796875 0.4359375000000002 0.9671875 0.4359375000000002
2 0.6718750000000002 0.8171875 0.5921875000000002 0.8171875 0.5921875000000002 0.8890625 0.6718750000000002 0.8890625
2 0.36718750000000006 0.19531250000000003 0.17968750000000006 0.1953125 0.17968750000000006 0.3921875 0.3671875000000001 0.3921875000000001
2 0.7546875 0.1359375000000001 0.678125 0.1359375000000001 0.678125 0.1937500000000001 0.7546875 0.1937500000000001
2 0.575 0.3828125000000001 0.5203125 0.3828125000000001 0.5203125 0.4359375 0.575 0.4359375
2 0.7078125 0.6 0.6359375 0.6 0.6359375 0.6578125 0.7078125 0.6578125
2 0.24375000000000008 0.534375 0.2078125000000001 0.534375 0.2078125000000001 0.5859375 0.24375000000000008 0.5859375
2 0.8328125 0.6312500000000002 0.7484375 0.6312500000000002 0.7484375 0.7250000000000002 0.8328125 0.7250000000000002
2 0.75625 0.0984375000000001 0.7203125 0.0984375000000001 0.7203125 0.1359375000000001 0.75625 0.1359375000000001
2 0.5578125 0.44375 0.45 0.44375 0.45 0.5546875 0.5578125 0.5546875
2 0.8640625 0.11718750000000008 0.803125 0.11718750000000008 0.803125 0.19531250000000008 0.8640625 0.19531250000000008
2 0.5296875 0.6140625 0.4453125 0.6140625 0.4453125 0.696875 0.5296875 0.696875
2 0.840625 0.2531250000000001 0.721875 0.2531250000000001 0.721875 0.3656250000000001 0.840625 0.3656250000000001
2 0.3140625 0.35625 0.234375 0.35625 0.23437500000000006 0.4359375 0.3140625000000001 0.4359375
2 0.17968750000000008 0.703125 0.10781250000000009 0.703125 0.10781250000000009 0.7671875 0.17968750000000008 0.7671875
2 0.6562500000000001 0.7203125 0.63125 0.7203125 0.6312500000000001 0.746875 0.6562500000000002 0.746875
2 0.10000000000000005 0.5078125 0.05937500000000007 0.5078125 0.05937500000000007 0.5421875 0.10000000000000005 0.5421875
2 0.7484375 0.5687500000000001 0.69375 0.56875 0.69375 0.6171875000000001 0.7484375 0.6171875000000002
2 0.3171875 0.0015625000000000356 0.26875 0.0015625000000000326 0.26875 0.048437500000000036 0.3171875 0.048437500000000036
2 0.634375 0.6359375 0.5890625 0.6359375 0.5890625 0.675 0.634375 0.675
2 0.2656250000000001 0.875 0.21093750000000008 0.875 0.21093750000000008 0.9375 0.2656250000000001 0.9375
2 0.771875 0.6109375000000001 0.696875 0.6109375 0.696875 0.6515625 0.771875 0.6515625000000002
2 0.521875 0.5375 0.4640625 0.5375 0.4640625 0.6125 0.521875 0.6125
2 1 0.5562500000000001 0.965625 0.5562500000000001 0.965625 0.5984375000000002 1 0.5984375000000002
2 0.3921875 0.25000000000000006 0.3609375 0.25 0.3609375 0.30000000000000004 0.3921875 0.3000000000000001
2 1 0.5000000000000002 0.9734375 0.5000000000000002 0.9734375 0.5593750000000002 1 0.5593750000000002
2 0.8671875 0.6218750000000002 0.8171875 0.6218750000000002 0.8171875 0.6703125000000002 0.8671875 0.6703125000000002
2 0.353125 0.08593750000000004 0.31875 0.08593750000000004 0.31875 0.11875000000000005 0.353125 0.11875000000000005
2 0.7203125000000001 0.9859375 0.6968750000000001 0.9859375 0.6968750000000001 1 0.7203125000000001 1
2 0.25468750000000007 0.8421875 0.19687500000000008 0.8421875 0.19687500000000008 0.875 0.25468750000000007 0.875
2 0.7718750000000001 0.6375000000000001 0.665625 0.6375 0.6656250000000001 0.7359375000000001 0.7718750000000002 0.7359375000000001
2 0.4625 0.653125 0.4234375 0.653125 0.4234375 0.69375 0.4625 0.69375
2 0.5250000000000001 0.834375 0.47187500000000016 0.834375 0.47187500000000016 0.884375 0.5250000000000001 0.884375
2 0.734375 0.04687500000000009 0.7109375 0.04687500000000009 0.7109375 0.07031250000000008 0.734375 0.07031250000000008
2 0.3796875 0.14218750000000005 0.3421875 0.14218750000000005 0.3421875 0.19062500000000004 0.3796875 0.19062500000000004
2 0.3671875000000001 0.51875 0.3187500000000001 0.51875 0.3187500000000001 0.559375 0.3671875000000001 0.559375
2 0.415625 0.4 0.3828125000000001 0.4 0.3828125000000001 0.428125 0.415625 0.428125
2 0.6265625 0.5484375 0.5421875 0.5484375 0.5421875 0.6015625 0.6265625 0.6015625
2 0.7546875 0.4921875000000001 0.66875 0.4921875 0.66875 0.5609375000000001 0.7546875 0.5609375000000002
2 0.45625 0.45 0.409375 0.45 0.409375 0.4984375 0.45625 0.4984375
2 0.7000000000000001 0.7015625 0.65625 0.7015625 0.6562500000000001 0.7328125 0.7000000000000002 0.7328125
2 0.5046875 0.3593750000000001 0.4703125 0.3593750000000001 0.4703125 0.3781250000000001 0.5046875 0.3781250000000001
2 0.74375 0.05625000000000009 0.71875 0.05625000000000009 0.71875 0.07968750000000009 0.74375 0.07968750000000009
2 1 0.2593750000000001 0.896875 0.2593750000000001 0.896875 0.3828125000000001 1 0.3828125000000001
2 0.45312500000000017 0.7671875 0.42968750000000017 0.7671875 0.42968750000000017 0.7984375 0.45312500000000017 0.7984375
2 0.6765625 0.528125 0.6375 0.528125 0.6375 0.565625 0.6765625 0.565625
2 0.3890625000000001 0.39375000000000004 0.2593750000000001 0.39375 0.2593750000000001 0.465625 0.3890625000000001 0.465625
2 0.3625000000000001 0.634375 0.3046875000000001 0.634375 0.3046875000000001 0.6875 0.3625000000000001 0.6875
2 1 1.0744362151894358e-16 0.7546875 9.242256312315182e-17 0.7546875 0.1562500000000001 1 0.15625000000000014
2 0.23437500000000008 0.5078125 0.16250000000000003 0.5078125 0.16250000000000006 0.559375 0.23437500000000008 0.559375
2 0.028125000000000077 0.59375 7.271340369937409e-17 0.59375 7.41485366671249e-17 0.6171875 0.028125000000000077 0.6171875
2 0.4609375 0.3625000000000001 0.43125 0.3625000000000001 0.43125 0.3890625000000001 0.4609375 0.3890625000000001
2 0.15312500000000012 0.8390625 0.08125000000000011 0.8390625 0.08125000000000011 0.909375 0.15312500000000012 0.909375
2 0.434375 0.5265625 0.3828125000000001 0.5265625 0.3828125000000001 0.5640625 0.434375 0.5640625
2 0.4453125 5.042100493364494e-17 0.378125 4.63069570927593e-17 0.378125 0.02656250000000005 0.4453125 0.026562500000000055
2 0.5234375 0.3187500000000001 0.4796875 0.3187500000000001 0.4796875 0.3656250000000001 0.5234375 0.3656250000000001
2 0.7265625000000002 0.9296875 0.6593750000000002 0.9296875 0.6593750000000002 0.9875 0.7265625000000002 0.9875
2 0.98125 0.5828125000000002 0.9125 0.5828125000000002 0.9125 0.6406250000000002 0.98125 0.6406250000000002
2 0.2062500000000001 0.5484375 0.1671875000000001 0.5484375 0.1671875000000001 0.5984375 0.2062500000000001 0.5984375
2 0.1531250000000001 0.634375 0.07343750000000007 0.634375 0.07343750000000007 0.7125 0.1531250000000001 0.7125
2 0.6078125000000002 0.853125 0.5578125000000002 0.853125 0.5578125000000002 0.9 0.6078125000000002 0.9
2 0.30156250000000007 0.8546875 0.2328125000000001 0.8546875 0.2328125000000001 0.9015625 0.30156250000000007 0.9015625
2 0.6359375000000002 0.7984375 0.5656250000000002 0.7984375 0.5656250000000002 0.834375 0.6359375000000002 0.834375
2 1 0.5218750000000001 0.7 0.521875 0.7000000000000001 1 1 1
2 0.3046875000000001 0.7203125 0.2671875000000001 0.7203125 0.2671875000000001 0.76875 0.3046875000000001 0.76875
2 0.378125 4.324534009489091e-17 0.328125 4.0183723097022526e-17 0.328125 0.03750000000000005 0.378125 0.03750000000000005
2 0.721875 0.20468750000000008 0.603125 0.20468750000000008 0.603125 0.30937500000000007 0.721875 0.30937500000000007
2 0.2828125000000001 0.59375 0.2062500000000001 0.59375 0.2062500000000001 0.6765625 0.2828125000000001 0.6765625
2 0.9796875 0.1343750000000001 0.80625 0.13437500000000008 0.80625 0.2906250000000001 0.9796875 0.2906250000000001
2 0.11093750000000009 0.7578125 0.05937500000000009 0.7578125 0.05937500000000009 0.803125 0.11093750000000009 0.803125
2 0.3343750000000001 0.5421875 0.30156250000000007 0.5421875 0.30156250000000007 0.5859375 0.3343750000000001 0.5859375
2 0.8984375 0.6000000000000002 0.8546875 0.6000000000000002 0.8546875 0.6625000000000002 0.8984375 0.6625000000000002
2 0.6765625 0.6546875 0.5953125 0.6546875 0.5953125 0.721875 0.6765625 0.721875
2 0.2718750000000001 0.659375 0.2390625000000001 0.659375 0.2390625000000001 0.6953125 0.2718750000000001 0.6953125
2 0.7734375000000002 0.7265625000000001 0.6953125000000002 0.7265625 0.6953125000000002 0.7937500000000001 0.7734375000000002 0.7937500000000002
2 0.475 0.17343750000000005 0.4234375 0.17343750000000005 0.4234375 0.2140625000000001 0.475 0.2140625000000001
2 0.17656250000000004 0.459375 0.11875000000000005 0.459375 0.11875000000000005 0.5171875 0.17656250000000004 0.5171875
2 0.2078125000000001 0.475 0.17187500000000006 0.475 0.17187500000000006 0.5109375 0.2078125000000001 0.5109375
2 0.9015625 0.30156250000000007 0.659375 0.30156250000000007 0.659375 0.48906250000000007 0.9015625 0.4890625000000002
2 0.6734375000000001 0.746875 0.6312500000000002 0.746875 0.6312500000000002 0.7921875 0.6734375000000001 0.7921875
2 0.2640625000000001 0.465625 0.2078125000000001 0.465625 0.2078125000000001 0.515625 0.2640625000000001 0.515625
2 0.5 0.2890625000000001 0.434375 0.2890625000000001 0.434375 0.3546875000000001 0.5 0.3546875000000001
2 0.3937500000000001 0.9046875 0.2453125000000001 0.9046875 0.2453125000000001 1 0.3937500000000001 1
2 0.08906250000000007 0.5328125 0.03906250000000007 0.5328125 0.03906250000000007 0.5640625 0.08906250000000007 0.5640625
2 0.11250000000000011 0.9 1.1021821192326179e-16 0.9 1.1634144591899854e-16 1 0.11250000000000013 1
2 0.1953125000000001 0.846875 0.15000000000000008 0.846875 0.1500000000000001 0.928125 0.19531250000000014 0.928125