2 0.2296875 0.12656250000000002 0.11875 0.1265625 0.11875000000000002 0.2375 0.2296875 0.2375
2 0.27031250000000007 0.7671875 0.1671875000000001 0.7671875 0.1671875000000001 0.8421875 0.27031250000000007 0.8421875
2 0.07656250000000012 0.8609375 1.0543443536409245e-16 0.8609375 1.139495576394139e-16 1 0.07656250000000013 1
2 0.7140625 8.495987169084762e-17 0.6734375 8.247230788007957e-17 0.6734375 0.023437500000000087 0.7140625 0.02343750000000009
2 0.765625 9.089175462421763e-17 0.71875 8.802148868871601e-17 0.71875 0.01562500000000009 0.765625 0.015625000000000094
2 0.6156250000000002 0.94375 0.5250000000000001 0.94375 0.5250000000000001 1 0.6156250000000002 1
2 0.5921875 0.3125000000000001 0.503125 0.3125000000000001 0.503125 0.421875 0.5921875 0.421875
2 0.646875 0.578125 0.58125 0.578125 0.58125 0.6359375 0.646875 0.6359375
2 0.6796875 0.5953125 0.6421875 0.5953125 0.6421875 0.6296875 0.6796875 0.6296875
2 0.7140625 0.5921875 0.6796875 0.5921875 0.6796875 0.625 0.7140625 0.625
2 0.41875 0.4109375 0.2921875000000001 0.4109375 0.2921875000000001 0.55 0.41875 0.55
2 0.546875 0.3812500000000001 0.5140625 0.3812500000000001 0.5140625 0.4265625 0.546875 0.4265625
2 0.475 0.403125 0.4359375 0.403125 0.4359375 0.4421875 0.475 0.4421875
2 0.7234375000000002 0.8890625 0.6609375000000002 0.8890625 0.6609375000000002 0.9609375 0.7234375000000002 0.9609375
2 0.6609375 0.484375 0.5984375 0.484375 0.5984375 0.5296875 0.6609375 0.5296875
2 0.4656250000000002 0.75625 0.2406250000000001 0.75625 0.2406250000000001 1 0.4656250000000002 1
2 0.4531250000000001 0.7125 0.3593750000000001 0.7125 0.3593750000000001 0.8296875 0.45312500000000017 0.8296875
2 0.1234375 0.009375000000000012 0.065625 0.009375000000000008 0.065625 0.08593750000000001 0.1234375 0.08593750000000003
2 0.6937500000000002 0.853125 0.6609375000000002 0.853125 0.6609375000000002 0.890625 0.6937500000000002 0.890625
2 0.7656250000000002 0.8 0.6843750000000002 0.8 0.6843750000000002 0.890625 0.7656250000000002 0.890625
2 0.2828125 0.3078125 0.2265625 0.3078125 0.22656250000000006 0.365625 0.2828125000000001 0.365625
2 0.4859375 0.4984375 0.3859375000000001 0.4984375 0.3859375000000001 0.6109375 0.4859375 0.6109375
2 0.709375 0.5203125 0.6625 0.5203125 0.6625 0.575 0.709375 0.575
2 0.54375 0.2062500000000001 0.4828125 0.2062500000000001 0.4828125 0.2656250000000001 0.54375 0.2656250000000001
2 0.7453125 0.1828125000000001 0.7109375 0.1828125000000001 0.7109375 0.21875000000000008 0.7453125 0.21875000000000008
2 0.7140625 0.2812500000000001 0.64375 0.2812500000000001 0.64375 0.3578125000000001 0.7140625 0.3578125000000001
2 0.840625 0.1218750000000001 0.7578125 0.1218750000000001 0.7578125 0.2000000000000001 0.840625 0.2000000000000001
2 0.6468750000000002 0.7875 0.5562500000000001 0.7875 0.5562500000000001 0.8625 0.6468750000000002 0.8625
2 0.884375 0.871875 0.7812500000000002 0.871875 0.7812500000000002 0.9609375 0.884375 0.9609375
2 0.1671875000000001 0.8171875 0.1375000000000001 0.8171875 0.1375000000000001 0.85 0.1671875000000001 0.85
2 0.1843750000000001 0.5671875 0.08437500000000006 0.5671875 0.08437500000000007 0.675 0.1843750000000001 0.675
2 0.534375 0.6421875 0.496875 0.6421875 0.496875 0.6796875 0.534375 0.6796875
2 0.14218750000000008 0.609375 0.02968750000000008 0.609375 0.029687500000000082 0.7078125 0.14218750000000008 0.7078125
2 0.3546875000000001 0.3703125 0.3046875000000001 0.3703125 0.3046875000000001 0.4203125 0.3546875000000001 0.4203125
2 0.6140625 0.2718750000000001 0.534375 0.2718750000000001 0.534375 0.3703125000000001 0.6140625 0.3703125000000001
2 0.859375 0.7453125000000002 0.8046875 0.7453125000000002 0.8046875 0.7921875000000002 0.859375 0.7921875000000002
2 0.94375 0.809375 0.878125 0.809375 0.878125 0.8828125 0.94375 0.8828125
2 0.7265625000000002 0.7265625000000001 0.6250000000000002 0.7265625 0.6250000000000002 0.8015625 0.7265625000000002 0.8015625
2 0.7171875000000002 0.9765625 0.6781250000000002 0.9765625 0.6781250000000002 1 0.7171875000000002 1
2 0.5531250000000002 0.8765625 0.48437500000000017 0.8765625 0.48437500000000017 0.9484375 0.5531250000000002 0.9484375
2 0.04218750000000003 0.1375 1.6838893488276106e-17 0.1375 2.631077107543142e-17 0.2921875 0.04218750000000003 0.2921875
2 0.6015625 0.4125 0.55625 0.4125 0.55625 0.4609375 0.6015625 0.4609375
2 0.7546875000000002 0.9421875 0.7046875000000001 0.9421875 0.7046875000000001 0.9921875 0.7546875000000002 0.9921875
2 0.4671875 0.6 0.40625 0.6 0.40625 0.671875 0.4671875 0.671875
2 0.4984375000000002 0.890625 0.45312500000000017 0.890625 0.45312500000000017 0.971875 0.4984375000000002 0.971875
2 0.1812500000000001 0.8828125 0.0718750000000001 0.8828125 0.07187500000000012 0.9984375 0.18125000000000013 0.9984375
2 0.746875 0.3734375000000001 0.6765625 0.3734375000000001 0.6765625 0.4296875000000001 0.746875 0.42968750000000017
2 0.8703125 0.5625000000000002 0.815625 0.5625000000000002 0.815625 0.6156250000000002 0.8703125 0.6156250000000002
2 0.5109375 0.07968750000000006 0.4671875 0.07968750000000006 0.4671875 0.12031250000000004 0.5109375 0.12031250000000004
2 0.6218750000000002 0.884375 0.5671875000000002 0.884375 0.5671875000000002 0.9234375 0.6218750000000002 0.9234375
2 0.6078125 0.4890625 0.528125 0.4890625 0.528125 0.5296875 0.6078125 0.5296875
2 0.46875 0.020312500000000056 0.4453125 0.020312500000000056 0.4453125 0.046875000000000056 0.46875 0.046875000000000056
2 0.821875 0.0578125000000001 0.7375 0.057812500000000086 0.7375 0.1453125000000001 0.821875 0.1453125000000001
2 0.553125 0.16718750000000007 0.5078125 0.16718750000000004 0.5078125 0.2078125000000001 0.553125 0.2078125000000001
2 0.5140625 0.603125 0.4078125 0.603125 0.4078125 0.7046875 0.5140625 0.7046875
2 0.09375000000000001 0.08281250000000001 0.04375000000000001 0.0828125 0.04375000000000002 0.15625 0.09375000000000003 0.15625
2 0.6781250000000002 0.8640625 0.6156250000000002 0.8640625 0.6156250000000002 0.9359375 0.6781250000000002 0.9359375
2 0.4703125 0.2578125000000001 0.440625 0.2578125000000001 0.440625 0.2843750000000001 0.4703125 0.2843750000000001
2 0.6656250000000001 0.9359375 0.6265625000000001 0.9359375 0.6265625000000001 0.99375 0.6656250000000001 0.99375
2 0.3625000000000001 0.44375 0.2718750000000001 0.44375 0.2718750000000001 0.5390625 0.3625000000000001 0.5390625
2 0.5234375000000002 0.9484375 0.4937500000000002 0.9484375 0.4937500000000002 0.9828125 0.5234375000000002 0.9828125
2 0.35625 0.309375 0.296875 0.309375 0.296875 0.35625 0.35625 0.35625
2 0.6453125 0.2640625000000001 0.6046875 0.2640625000000001 0.6046875 0.33281250000000007 0.6453125 0.33281250000000007
2 0.8953125 0.6546875000000002 0.8484375 0.6546875000000002 0.8484375 0.6796875000000002 0.8953125 0.6796875000000002