2 0.253125 0.18281250000000002 0.15156250000000004 0.1828125 0.15156250000000004 0.2859375 0.253125 0.2859375
2 0.2906250000000001 0.7734375 0.19531250000000008 0.7734375 0.19531250000000008 0.8421875 0.2906250000000001 0.8421875
2 0.11250000000000011 0.859375 1.0524308430172568e-16 0.859375 1.1385388210823048e-16 1 0.11250000000000013 1
2 0.7 0.06093750000000009 0.6625 0.06093750000000009 0.6625 0.08750000000000009 0.7 0.08750000000000009
2 0.7546875 0.04531250000000009 0.703125 0.04531250000000009 0.703125 0.07968750000000009 0.7546875 0.07968750000000009
2 0.6093750000000002 0.9375 0.5265625000000002 0.9375 0.5265625000000002 1 0.6093750000000002 1
2 0.5875 0.3546875000000001 0.50625 0.3546875000000001 0.50625 0.45625 0.5875 0.45625
2 0.6390625 0.5984375 0.578125 0.5984375 0.578125 0.6515625 0.6390625 0.6515625
2 0.66875 0.615625 0.634375 0.615625 0.634375 0.646875 0.66875 0.646875
2 0.7 0.6109375 0.6671875 0.6109375 0.6671875 0.6421875 0.7 0.6421875
2 0.428125 0.4453125 0.3109375000000001 0.4453125 0.3109375000000001 0.5734375 0.428125 0.5734375
2 0.5453125 0.4171875 0.515625 0.4171875 0.515625 0.4578125 0.5453125 0.4578125
2 0.4796875 0.4375 0.44375 0.4375 0.44375 0.4734375 0.4796875 0.4734375
2 0.7078125000000002 0.8859375 0.6500000000000001 0.8859375 0.6500000000000001 0.953125 0.7078125000000002 0.953125
2 0.6515625 0.5125 0.59375 0.5125 0.59375 0.5546875 0.6515625 0.5546875
2 0.47187500000000016 0.7640625 0.2656250000000001 0.7640625 0.2656250000000001 0.9921875 0.47187500000000016 0.9921875
2 0.4609375000000001 0.7234375 0.3734375000000001 0.7234375 0.3734375000000001 0.83125 0.46093750000000017 0.83125
2 0.15625 0.07343750000000002 0.103125 0.07343750000000002 0.103125 0.14375 0.15625 0.14375
2 0.6828125000000002 0.853125 0.6515625000000002 0.853125 0.6515625000000002 0.8875 0.6828125000000002 0.8875
2 0.7484375000000002 0.8046875 0.6734375000000001 0.8046875 0.6734375000000001 0.8875 0.7484375000000002 0.8875
2 0.30312500000000003 0.35 0.2515625 0.35 0.2515625 0.403125 0.3031250000000001 0.403125
2 0.4890625 0.5265625 0.3968750000000001 0.5265625 0.3968750000000001 0.6296875 0.4890625 0.6296875
2 0.6953125 0.5453125 0.6515625 0.5453125 0.6515625 0.5953125 0.6953125 0.5953125
2 0.54375 0.2562500000000001 0.4875 0.2562500000000001 0.4875 0.3109375000000001 0.54375 0.3109375000000001
2 0.7296875 0.23593750000000008 0.6984375 0.23593750000000008 0.6984375 0.2687500000000001 0.7296875 0.2687500000000001
2 0.7015625 0.32500000000000007 0.6359375 0.32500000000000007 0.6359375 0.39531250000000007 0.7015625 0.39531250000000007
2 0.81875 0.1781250000000001 0.7421875 0.1781250000000001 0.7421875 0.2500000000000001 0.81875 0.2500000000000001
2 0.6390625000000002 0.7921875 0.5546875000000002 0.7921875 0.5546875000000002 0.8609375 0.6390625000000002 0.8609375
2 0.8578125 0.8703125 0.7625000000000002 0.8703125 0.7625000000000002 0.953125 0.8578125 0.953125
2 0.19687500000000008 0.8203125 0.1687500000000001 0.8203125 0.1687500000000001 0.85 0.19687500000000008 0.85
2 0.21093750000000008 0.5890625 0.11875000000000009 0.5890625 0.11875000000000009 0.6890625 0.21093750000000008 0.6890625
2 0.534375 0.6578125 0.5 0.6578125 0.5 0.6921875 0.534375 0.6921875
2 0.17343750000000008 0.628125 0.06875000000000006 0.628125 0.06875000000000007 0.71875 0.17343750000000008 0.71875
2 0.3703125000000001 0.40625 0.3234375000000001 0.40625 0.3234375000000001 0.453125 0.3703125000000001 0.453125
2 0.6078125 0.3156250000000001 0.534375 0.3156250000000001 0.534375 0.40625 0.6078125 0.40625
2 0.834375 0.7531250000000002 0.7843750000000002 0.7531250000000002 0.7843750000000002 0.7968750000000002 0.834375 0.7968750000000002
2 0.9125 0.8125 0.8515625 0.8125 0.8515625 0.8796875 0.9125 0.8796875
2 0.7125000000000001 0.7359375 0.6187500000000001 0.7359375 0.6187500000000001 0.8046875 0.7125000000000001 0.8046875
2 0.7031250000000002 0.9671875 0.6656250000000001 0.9671875 0.6656250000000001 1 0.7031250000000002 1
2 0.5531250000000002 0.8734375 0.4890625000000002 0.8734375 0.4890625000000002 0.940625 0.5531250000000002 0.940625
2 0.08125000000000003 0.184375 0.0015625000000000229 0.184375 0.001562500000000032 0.3359375 0.08125000000000004 0.3359375
2 0.596875 0.4453125 0.5546875 0.4453125 0.5546875 0.490625 0.596875 0.490625
2 0.7375000000000002 0.934375 0.6921875000000002 0.934375 0.6921875000000002 0.9796875 0.7375000000000002 0.9796875
2 0.4734375 0.61875 0.4171875 0.61875 0.4171875 0.6859375 0.4734375 0.6859375
2 0.5015625000000001 0.8875 0.4593750000000002 0.8875 0.4593750000000002 0.9625 0.5015625000000001 0.9625
2 0.2093750000000001 0.8796875 0.10937500000000008 0.8796875 0.10937500000000011 0.9875 0.2093750000000001 0.9875
2 0.71875 0.009375000000000085 0.6578125 0.009375000000000081 0.6578125 0.06562500000000009 0.71875 0.06562500000000009
2 0.73125 0.41093750000000007 0.665625 0.4109375 0.665625 0.4625000000000001 0.73125 0.4625000000000002
2 0.84375 0.5843750000000002 0.79375 0.5843750000000002 0.79375 0.6343750000000001 0.84375 0.6343750000000001
2 0.5125 0.13906250000000003 0.471875 0.13906250000000003 0.471875 0.17656250000000004 0.5125 0.17656250000000004
2 0.6140625000000002 0.88125 0.5640625000000001 0.88125 0.5640625000000001 0.9171875 0.6140625000000002 0.9171875
2 0.603125 0.5171875 0.5296875 0.5171875 0.5296875 0.5546875 0.603125 0.5546875
2 0.475 0.08437500000000006 0.453125 0.08437500000000005 0.453125 0.10937500000000004 0.475 0.10937500000000004
2 0.8 0.11875000000000009 0.721875 0.11875000000000009 0.721875 0.1984375000000001 0.8 0.1984375000000001
2 0.553125 0.22031250000000008 0.5109375 0.22031250000000008 0.5109375 0.2578125000000001 0.553125 0.2578125000000001
2 0.515625 0.621875 0.4171875 0.621875 0.4171875 0.715625 0.515625 0.715625
2 0.12812500000000002 0.1421875 0.08281250000000002 0.1421875 0.08281250000000002 0.2109375 0.12812500000000004 0.2109375
2 0.6671875000000002 0.8625 0.6093750000000002 0.8625 0.6093750000000002 0.9296875 0.6671875000000002 0.9296875
2 0.4765625 0.3046875000000001 0.4484375 0.3046875000000001 0.4484375 0.3281250000000001 0.4765625 0.3281250000000001
2 0.6546875000000002 0.9296875 0.6187500000000001 0.9296875 0.6187500000000001 0.9828125 0.6546875000000002 0.9828125
2 0.3765625000000001 0.475 0.2921875000000001 0.475 0.2921875000000001 0.5640625 0.3765625000000001 0.5640625
2 0.5250000000000001 0.940625 0.4968750000000002 0.940625 0.4968750000000002 0.9734375 0.5250000000000001 0.9734375
2 0.37031250000000004 0.35156250000000006 0.315625 0.3515625 0.31562500000000004 0.39531250000000007 0.3703125000000001 0.39531250000000007
2 0.6359375 0.30937500000000007 0.5984375 0.30937500000000007 0.5984375 0.37187500000000007 0.6359375 0.37187500000000007
2 0.8671875 0.6687500000000002 0.8234375 0.6687500000000002 0.8234375 0.6921875000000002 0.8671875 0.6921875000000002