2 0.2640625 0.19375000000000003 0.16250000000000003 0.19375 0.16250000000000003 0.296875 0.2640625 0.296875
2 0.30156250000000007 0.7828125 0.2062500000000001 0.7828125 0.2062500000000001 0.8515625 0.30156250000000007 0.8515625
2 0.12343750000000012 0.86875 0.0046875000000001065 0.86875 0.004687500000000114 1 0.12343750000000013 1
2 0.7078125 0.07343750000000009 0.6703125 0.07343750000000009 0.6703125 0.10000000000000009 0.7078125 0.10000000000000009
2 0.7625 0.05937500000000009 0.7109375 0.05937500000000009 0.7109375 0.09218750000000009 0.7625 0.09218750000000009
2 0.6187500000000001 0.9453125 0.5359375000000002 0.9453125 0.5359375000000002 1 0.6187500000000001 1
2 0.5953125 0.3656250000000001 0.5140625 0.3656250000000001 0.5140625 0.4671875 0.5953125 0.4671875
2 0.646875 0.609375 0.5859375 0.609375 0.5859375 0.6609375 0.646875 0.6609375
2 0.678125 0.625 0.64375 0.625 0.64375 0.65625 0.678125 0.65625
2 0.7078125 0.6203125 0.6765625 0.6203125 0.6765625 0.6515625 0.7078125 0.6515625
2 0.4375 0.45625 0.3218750000000001 0.45625 0.3218750000000001 0.5828125 0.4375 0.5828125
2 0.5546875 0.428125 0.525 0.428125 0.525 0.46875 0.5546875 0.46875
2 0.4890625 0.4484375 0.453125 0.4484375 0.453125 0.484375 0.4890625 0.484375
2 0.7171875000000002 0.89375 0.6593750000000002 0.89375 0.6593750000000002 0.9609375 0.7171875000000002 0.9609375
2 0.659375 0.5234375 0.6015625 0.5234375 0.6015625 0.565625 0.659375 0.565625
2 0.4812500000000002 0.771875 0.2750000000000001 0.771875 0.2750000000000001 1 0.4812500000000002 1
2 0.4703125000000002 0.7328125 0.3843750000000001 0.7328125 0.3843750000000001 0.840625 0.4703125000000002 0.840625
2 0.1671875 0.08750000000000002 0.1140625 0.08750000000000002 0.1140625 0.1578125 0.1671875 0.1578125
2 0.6906250000000002 0.8625 0.6593750000000002 0.8625 0.6593750000000002 0.896875 0.6906250000000002 0.896875
2 0.7562500000000002 0.8140625 0.6812500000000001 0.8140625 0.6812500000000001 0.896875 0.7562500000000002 0.896875
2 0.3140625 0.3609375 0.2625 0.3609375 0.26250000000000007 0.4140625 0.3140625000000001 0.4140625
2 0.4984375 0.5359375 0.4078125 0.5359375 0.4078125 0.6390625 0.4984375 0.6390625
2 0.703125 0.55625 0.659375 0.55625 0.659375 0.60625 0.703125 0.60625
2 0.553125 0.2687500000000001 0.496875 0.2687500000000001 0.496875 0.3218750000000001 0.553125 0.3218750000000001
2 0.7375 0.2468750000000001 0.70625 0.2468750000000001 0.70625 0.2796875000000001 0.7375 0.2796875000000001
2 0.709375 0.3375000000000001 0.64375 0.3375000000000001 0.64375 0.4078125 0.709375 0.4078125
2 0.825 0.1906250000000001 0.75 0.1906250000000001 0.75 0.26250000000000007 0.825 0.26250000000000007
2 0.6468750000000002 0.8015625 0.5625000000000002 0.8015625 0.5625000000000002 0.8703125 0.6468750000000002 0.8703125
2 0.8640625 0.8796875 0.7703125000000002 0.8796875 0.7703125000000002 0.9609375 0.8640625 0.9609375
2 0.2078125000000001 0.8296875 0.17968750000000008 0.8296875 0.17968750000000008 0.859375 0.2078125000000001 0.859375
2 0.2234375000000001 0.6 0.1312500000000001 0.6 0.1312500000000001 0.6984375 0.2234375000000001 0.6984375
2 0.54375 0.66875 0.509375 0.66875 0.509375 0.703125 0.54375 0.703125
2 0.1843750000000001 0.6390625 0.08125000000000009 0.6390625 0.08125000000000009 0.728125 0.1843750000000001 0.728125
2 0.37968750000000007 0.41875 0.3343750000000001 0.41875 0.3343750000000001 0.4640625 0.37968750000000007 0.4640625
2 0.615625 0.3281250000000001 0.5421875 0.3281250000000001 0.5421875 0.41875 0.615625 0.41875
2 0.840625 0.7625000000000002 0.7906250000000001 0.7625000000000002 0.7906250000000001 0.80625 0.840625 0.80625
2 0.91875 0.8203125 0.859375 0.8203125 0.859375 0.8875 0.91875 0.8875
2 0.7203125000000001 0.7453125 0.6281250000000002 0.7453125 0.6281250000000002 0.8140625 0.7203125000000001 0.8140625
2 0.7109375000000002 0.975 0.6750000000000002 0.975 0.6750000000000002 1 0.7109375000000002 1
2 0.5609375000000002 0.8828125 0.4968750000000002 0.8828125 0.4968750000000002 0.9484375 0.5609375000000002 0.9484375
2 0.09375000000000003 0.196875 0.014062500000000023 0.196875 0.014062500000000033 0.346875 0.09375000000000004 0.346875
2 0.6046875 0.45625 0.5640625 0.45625 0.5640625 0.5015625 0.6046875 0.5015625
2 0.7453125000000002 0.94375 0.7000000000000002 0.94375 0.7000000000000002 0.9890625 0.7453125000000002 0.9890625
2 0.4828125 0.6296875 0.4265625 0.6296875 0.4265625 0.6953125 0.4828125 0.6953125
2 0.5109375000000002 0.8953125 0.46875000000000017 0.8953125 0.46875000000000017 0.96875 0.5109375000000002 0.96875
2 0.22031250000000008 0.8890625 0.12031250000000009 0.8890625 0.12031250000000011 0.9953125 0.22031250000000008 0.9953125
2 0.7265625 0.021875000000000085 0.665625 0.021875000000000082 0.665625 0.07812500000000008 0.7265625 0.07812500000000008
2 0.7390625 0.4218750000000001 0.675 0.421875 0.675 0.47343750000000007 0.7390625 0.4734375000000002
2 0.8515625 0.5953125000000001 0.8015625 0.5953125000000001 0.8015625 0.6437500000000002 0.8515625 0.6437500000000002
2 0.521875 0.15156250000000004 0.48125 0.15156250000000004 0.48125 0.18906250000000005 0.521875 0.18906250000000005
2 0.6234375000000002 0.890625 0.5734375000000002 0.890625 0.5734375000000002 0.9265625 0.6234375000000002 0.9265625
2 0.6109375 0.528125 0.5375 0.528125 0.5375 0.565625 0.6109375 0.565625
2 0.484375 0.09687500000000007 0.4625 0.09687500000000007 0.4625 0.12187500000000004 0.484375 0.12187500000000004
2 0.8078125 0.1312500000000001 0.73125 0.1312500000000001 0.73125 0.21093750000000008 0.8078125 0.21093750000000008
2 0.5609375 0.2312500000000001 0.5203125 0.2312500000000001 0.5203125 0.2687500000000001 0.5609375 0.2687500000000001
2 0.5234375 0.63125 0.4265625 0.63125 0.4265625 0.725 0.5234375 0.725
2 0.13906250000000003 0.15625 0.09375000000000003 0.15625 0.09375000000000003 0.2234375 0.13906250000000003 0.2234375
2 0.6750000000000002 0.871875 0.6171875000000002 0.871875 0.6171875000000002 0.9375 0.6750000000000002 0.9375
2 0.4859375 0.3156250000000001 0.4578125 0.3156250000000001 0.4578125 0.3390625000000001 0.4859375 0.3390625000000001
2 0.6625000000000002 0.9375 0.6265625000000001 0.9375 0.6265625000000001 0.990625 0.6625000000000002 0.990625
2 0.3859375000000001 0.4859375 0.30156250000000007 0.4859375 0.30156250000000007 0.5734375 0.3859375000000001 0.5734375
2 0.5343750000000002 0.95 0.5062500000000002 0.95 0.5062500000000002 0.98125 0.5343750000000002 0.98125
2 0.37968750000000007 0.36406250000000007 0.32500000000000007 0.3640625 0.32500000000000007 0.40625 0.37968750000000007 0.40625
2 0.6453125 0.3203125000000001 0.6078125 0.3203125000000001 0.6078125 0.3828125000000001 0.6453125 0.3828125000000001
2 0.8734375 0.6781250000000002 0.83125 0.6781250000000002 0.83125 0.7015625000000002 0.8734375 0.7015625000000002