2 0.88125 0.2640625000000001 0.84375 0.2640625000000001 0.84375 0.3078125000000001 0.88125 0.3078125000000001
2 0.7437500000000001 0.83125 0.6718750000000002 0.83125 0.6718750000000002 0.959375 0.7437500000000001 0.959375
2 0.6953125000000002 0.753125 0.5546875000000002 0.753125 0.5546875000000002 0.8890625 0.6953125000000002 0.8890625
2 0.934375 0.6171875000000002 0.8796875 0.6171875000000002 0.8796875 0.6953125000000002 0.934375 0.6953125000000002
2 0.7281250000000001 0.6250000000000001 0.596875 0.625 0.596875 0.7796875000000001 0.7281250000000001 0.7796875000000002
2 0.990625 0.7125000000000001 0.934375 0.7125000000000001 0.934375 0.7546875000000002 0.990625 0.7546875000000002
2 0.859375 0.6468750000000002 0.8125 0.6468750000000002 0.8125 0.7187500000000002 0.859375 0.7187500000000002
2 0.6421875 0.3734375000000001 0.5078125 0.3734375000000001 0.5078125 0.4875 0.6421875 0.4875
2 0.95625 0.7406250000000002 0.9390625 0.7406250000000002 0.9390625 0.7609375000000002 0.95625 0.7609375000000002
2 0.45 0.5765625 0.3703125000000001 0.5765625 0.3703125000000001 0.653125 0.45 0.653125
2 0.8890625 0.5781250000000002 0.8328125 0.5781250000000002 0.8328125 0.6187500000000001 0.8890625 0.6187500000000001
2 0.834375 0.5171875000000001 0.75625 0.5171875000000001 0.75625 0.5781250000000002 0.834375 0.5781250000000002
2 1 0.17812500000000014 0.9390625 0.17812500000000014 0.9390625 0.27812500000000007 1 0.27812500000000007
2 1 0.8609375 0.959375 0.8609375 0.959375 0.9578125 1 0.9578125
2 0.421875 0.46875 0.3078125000000001 0.46875 0.3078125000000001 0.5921875 0.421875 0.5921875
2 0.6171875 0.5875 0.5703125 0.5875 0.5703125 0.6484375 0.6171875 0.6484375
2 0.259375 1.990051048614449e-17 0.065625 8.036744619404505e-18 0.06562500000000002 0.10312500000000002 0.259375 0.10312500000000005
2 1 0.05000000000000012 0.8390625 0.050000000000000114 0.8390625 0.17812500000000012 1 0.17812500000000014
2 0.14375000000000013 0.909375 0.07343750000000011 0.909375 0.07343750000000011 0.98125 0.14375000000000013 0.98125
2 0.4171875 0.16406250000000006 0.3203125 0.16406250000000006 0.3203125 0.27343750000000006 0.4171875 0.2734375000000001
2 0.521875 0.4484375 0.4375 0.4484375 0.4375 0.5375 0.521875 0.5375
2 0.98125 0.7890625000000002 0.9390625 0.7890625000000002 0.9390625 0.8390625 0.98125 0.8390625
2 0.740625 0.23437500000000008 0.6875 0.23437500000000008 0.6875 0.2812500000000001 0.740625 0.2812500000000001
2 0.7765625 0.5375000000000001 0.7015625 0.5375 0.7015625 0.6125 0.7765625 0.6125000000000002
2 0.1531250000000001 0.74375 0.06562500000000009 0.74375 0.0656250000000001 0.8171875 0.1531250000000001 0.8171875
2 0.7640625000000001 0.7125000000000001 0.71875 0.7125 0.7187500000000001 0.7437500000000001 0.7640625000000002 0.7437500000000001
2 0.5437500000000001 0.6359375 0.471875 0.6359375 0.4718750000000001 0.734375 0.5437500000000002 0.734375
2 0.8453125 0.24375000000000008 0.7984375 0.24375000000000008 0.7984375 0.2843750000000001 0.8453125 0.2843750000000001
2 0.8921875 0.6250000000000002 0.84375 0.6250000000000002 0.84375 0.6875000000000002 0.8921875 0.6875000000000002
2 0.06250000000000008 0.6125 7.500961644777538e-17 0.6125 8.161122809942908e-17 0.7203125 0.06250000000000008 0.7203125
2 0.5859375 0.5453125 0.4796875 0.5453125 0.4796875 0.6453125 0.5859375 0.6453125
2 0.628125 0.2984375000000001 0.4203125 0.2984375000000001 0.4203125 0.4421875 0.628125 0.4421875
2 0.4109375 0.36562500000000003 0.3421875000000001 0.365625 0.3421875000000001 0.45625 0.4109375 0.45625
2 0.2078125000000001 0.7375 0.11093750000000009 0.7375 0.11093750000000009 0.8515625 0.2078125000000001 0.8515625
2 0.46875 0.31562500000000004 0.3609375 0.315625 0.3609375 0.4359375 0.46875 0.4359375
2 0.8296875 0.5734375 0.678125 0.5734375 0.678125 0.7171875000000001 0.8296875 0.7171875000000002
2 0.6484375 0.6015625 0.5828125 0.6015625 0.5828125 0.68125 0.6484375 0.68125
2 0.16250000000000014 0.9203125 0.11406250000000014 0.9203125 0.11406250000000014 0.9984375 0.16250000000000014 0.9984375
2 0.1906250000000001 0.6203125 0.09687500000000007 0.6203125 0.09687500000000007 0.7203125 0.1906250000000001 0.7203125
2 0.14843750000000003 0.1390625 0.125 0.1390625 0.12500000000000003 0.1828125 0.14843750000000006 0.1828125
2 1 0.5812500000000002 0.9796875 0.5812500000000002 0.9796875 0.6453125000000002 1 0.6453125000000002
2 0.8828125 0.7828125000000001 0.8296875 0.7828125000000001 0.8296875 0.834375 0.8828125 0.834375
2 0.953125 0.5375000000000002 0.896875 0.5375000000000002 0.896875 0.5968750000000002 0.953125 0.5968750000000002
2 0.965625 0.5718750000000001 0.8890625 0.5718750000000001 0.8890625 0.6187500000000001 0.965625 0.6187500000000001
2 0.28750000000000003 0.19062500000000002 2.3344829608746423e-17 0.190625 5.3291270869146544e-17 0.6796875 0.2875000000000001 0.6796875
2 0.921875 0.4078125000000002 0.7609375 0.4078125000000002 0.7609375 0.5656250000000002 0.921875 0.5656250000000002
2 0.709375 0.5453125 0.60625 0.5453125 0.60625 0.6234375 0.709375 0.6234375
2 0.1500000000000001 0.8296875 0.0453125000000001 0.8296875 0.0453125000000001 0.9265625 0.15000000000000013 0.9265625
2 0.63125 6.592044098535362e-17 0.4453125 5.4535052774530576e-17 0.4453125 0.15781250000000008 0.63125 0.15781250000000008
2 1 0.5484375000000001 0.95625 0.5484375000000001 0.95625 0.5906250000000002 1 0.5906250000000002
2 1 0.3468750000000001 0.925 0.3468750000000001 0.925 0.5484375000000001 1 0.5484375000000001
2 0.4015625 0.44375 0.3046875000000001 0.44375 0.3046875000000001 0.5171875 0.4015625 0.5171875
2 0.050000000000000114 0.9015625 1.1040956298562856e-16 0.9015625 1.1414090870178066e-16 0.9625 0.050000000000000114 0.9625
2 0.5156250000000002 0.79375 0.42968750000000017 0.79375 0.42968750000000017 0.8859375 0.5156250000000002 0.8859375
2 0.5109375 0.4015625 0.4140625 0.4015625 0.4140625 0.478125 0.5109375 0.478125
2 0.38750000000000007 0.9375 0.3062500000000001 0.9375 0.3062500000000001 1 0.38750000000000007 1
2 0.35625000000000007 0.5609375 0.2171875000000001 0.5609375 0.2171875000000001 0.6796875 0.35625000000000007 0.6796875
2 0.75625 0.4125000000000001 0.6140625 0.4125 0.6140625 0.5750000000000001 0.75625 0.5750000000000002
2 0.4578125000000002 0.84375 0.3750000000000001 0.84375 0.3750000000000001 0.915625 0.4578125000000002 0.915625
2 0.2375 0.09843750000000002 0.1296875 0.09843750000000002 0.1296875 0.203125 0.2375 0.203125
2 0.9828125 0.6171875000000002 0.9109375 0.6171875000000002 0.9109375 0.7046875000000001 0.9828125 0.7046875000000001
2 0.74375 0.07500000000000007 0.39375 0.07500000000000004 0.39375 0.3187500000000001 0.74375 0.3187500000000001
2 0.6328125000000001 0.7078125 0.6 0.7078125 0.6000000000000001 0.753125 0.6328125000000002 0.753125
2 0.809375 0.3265625000000001 0.709375 0.3265625000000001 0.709375 0.4015625000000001 0.809375 0.40156250000000016
2 0.953125 0.2390625000000001 0.91875 0.2390625000000001 0.91875 0.2953125000000001 0.953125 0.2953125000000001
2 0.6171875000000002 0.878125 0.3812500000000001 0.878125 0.3812500000000001 1 0.6171875000000002 1
2 0.2140625000000001 0.8203125 0.1531250000000001 0.8203125 0.1531250000000001 0.8875 0.2140625000000001 0.8875
2 0.22812500000000008 0.5765625 0.1546875000000001 0.5765625 0.1546875000000001 0.665625 0.22812500000000008 0.665625
2 0.0640625000000001 0.8125 0.0328125000000001 0.8125 0.032812500000000105 0.8828125 0.0640625000000001 0.8828125
2 0.3859375 0.007812500000000036 0.1984375 0.007812500000000024 0.19843750000000002 0.20625000000000004 0.3859375 0.2062500000000001
2 0.3875 0.026562500000000044 0.3484375 0.026562500000000044 0.3484375 0.07031250000000004 0.3875 0.07031250000000004
2 0.6421875 0.2765625000000001 0.4625 0.2765625000000001 0.4625 0.3750000000000001 0.6421875 0.3750000000000001
2 0.5984375000000001 0.68125 0.5375 0.68125 0.5375000000000001 0.7546875 0.5984375000000002 0.7546875
2 0.7250000000000002 0.9609375 0.6625000000000002 0.9609375 0.6625000000000002 1 0.7250000000000002 1
2 0.634375 0.45 0.509375 0.45 0.509375 0.59375 0.634375 0.59375
2 0.40625 0.24531250000000004 0.11562500000000005 0.2453125 0.11562500000000006 0.565625 0.40625 0.565625
2 0.9234375 0.2171875000000001 0.8671875 0.2171875000000001 0.8671875 0.27031250000000007 0.9234375 0.27031250000000007
2 0.0359375000000001 0.8203125 1.0045930774255631e-16 0.8203125 1.0256416942859082e-16 0.8546875 0.0359375000000001 0.8546875