2 0.821875 0.26250000000000007 0.7875 0.26250000000000007 0.7875 0.3031250000000001 0.821875 0.3031250000000001
2 0.6937500000000002 0.796875 0.6265625000000001 0.796875 0.6265625000000001 0.9171875 0.6937500000000002 0.9171875
2 0.6484375000000001 0.7234375 0.515625 0.7234375 0.5156250000000001 0.8515625 0.6484375000000002 0.8515625
2 0.8734375 0.5953125000000001 0.821875 0.5953125000000001 0.821875 0.6687500000000002 0.8734375 0.6687500000000002
2 0.6781250000000001 0.6015625 0.5546875 0.6015625 0.5546875000000001 0.746875 0.6781250000000002 0.746875
2 0.9265625 0.6843750000000002 0.8734375 0.6843750000000002 0.8734375 0.7234375000000002 0.9265625 0.7234375000000002
2 0.8015625 0.6218750000000002 0.7578125 0.6218750000000002 0.7578125 0.6906250000000002 0.8015625 0.6906250000000002
2 0.5984375 0.3656250000000001 0.471875 0.3656250000000001 0.471875 0.4734375 0.5984375 0.4734375
2 0.89375 0.7109375000000002 0.8765625 0.7109375000000002 0.8765625 0.7296875000000002 0.89375 0.7296875000000002
2 1 0.7250000000000002 0.965625 0.7250000000000002 0.965625 0.7578125000000002 1 0.7578125000000002
2 0.4171875 0.5578125 0.3421875000000001 0.5578125 0.3421875000000001 0.6296875 0.4171875 0.6296875
2 0.971875 0.6359375000000002 0.9375 0.6359375000000002 0.9375 0.6859375000000002 0.971875 0.6859375000000002
2 0.8296875 0.5578125000000002 0.7765625 0.5578125000000002 0.7765625 0.5968750000000002 0.8296875 0.5968750000000002
2 0.778125 0.5015625000000001 0.7046875 0.5015625 0.7046875 0.5578125 0.778125 0.5578125000000002
2 0.9859375 0.1750000000000001 0.878125 0.1750000000000001 0.878125 0.2765625000000001 0.9859375 0.2765625000000001
2 1 0.825 0.896875 0.825 0.896875 0.940625 1 0.940625
2 0.3921875000000001 0.4546875 0.2843750000000001 0.4546875 0.2843750000000001 0.5703125 0.3921875000000001 0.5703125
2 0.575 0.5671875 0.53125 0.5671875 0.53125 0.625 0.575 0.625
2 0.2390625 1.8178350924843523e-17 0.0578125 7.079989307570636e-18 0.05781250000000001 0.11093750000000002 0.2390625 0.11093750000000005
2 0.6562500000000002 0.96875 0.6281250000000002 0.96875 0.6281250000000002 1 0.6562500000000002 1
2 1 0.06093750000000011 0.7828125 0.06093750000000009 0.7828125 0.1812500000000001 1 0.18125000000000013
2 0.975 0.5875000000000001 0.9390625 0.5875000000000001 0.9390625 0.6312500000000002 0.975 0.6312500000000002
2 0.13125000000000012 0.8703125 0.0640625000000001 0.8703125 0.0640625000000001 0.9375 0.13125000000000014 0.9375
2 0.3875 0.16875000000000004 0.296875 0.16875000000000004 0.296875 0.27187500000000003 0.3875 0.2718750000000001
2 0.4859375 0.4359375 0.40625 0.4359375 0.40625 0.5203125 0.4859375 0.5203125
2 0.9171875 0.7578125000000002 0.8765625 0.7578125000000002 0.8765625 0.8046875 0.9171875 0.8046875
2 0.690625 0.23593750000000008 0.640625 0.23593750000000008 0.640625 0.2796875000000001 0.690625 0.2796875000000001
2 0.725 0.5203125 0.6546875 0.5203125 0.6546875 0.590625 0.725 0.590625
2 0.1390625000000001 0.7140625 0.057812500000000086 0.7140625 0.057812500000000086 0.7828125 0.1390625000000001 0.7828125
2 0.7125 0.6859375 0.6703125 0.6859375 0.6703125 0.7140625 0.7125 0.7140625
2 1 0.05781250000000012 0.971875 0.057812500000000114 0.971875 0.10468750000000013 1 0.10468750000000013
2 0.50625 0.6125 0.4390625 0.6125 0.4390625 0.7046875 0.50625 0.7046875
2 0.790625 0.24375000000000008 0.7453125 0.24375000000000008 0.7453125 0.2828125000000001 0.790625 0.2828125000000001
2 0.8328125 0.6031250000000001 0.7875 0.6031250000000001 0.7875 0.6609375000000002 0.8328125 0.6609375000000002
2 0.053125000000000075 0.5921875 7.252205263700732e-17 0.5921875 7.864528663274409e-17 0.6921875 0.05312500000000009 0.6921875
2 0.54375 0.528125 0.4453125 0.528125 0.4453125 0.621875 0.54375 0.621875
2 0.5859375 0.2953125000000001 0.390625 0.2953125000000001 0.39062500000000006 0.43125 0.5859375 0.43125
2 0.37968750000000007 0.35937500000000006 0.315625 0.359375 0.31562500000000004 0.44375 0.37968750000000007 0.44375
2 0.1906250000000001 0.7078125 0.0984375000000001 0.7078125 0.0984375000000001 0.815625 0.1906250000000001 0.815625
2 0.434375 0.31250000000000006 0.3328125 0.3125 0.33281250000000007 0.425 0.434375 0.425
2 0.990625 0.6812500000000001 0.925 0.6812500000000001 0.925 0.7390625000000002 0.990625 0.7390625000000002
2 0.775 0.5531250000000001 0.6328125 0.553125 0.6328125 0.6875000000000001 0.775 0.6875000000000002
2 1 0.7515625000000001 0.9671875 0.7515625000000001 0.9671875 0.8234375 1 0.8234375
2 0.6046875 0.5796875 0.54375 0.5796875 0.54375 0.6546875 0.6046875 0.6546875
2 0.1484375000000001 0.88125 0.10312500000000009 0.88125 0.1031250000000001 0.9546875 0.14843750000000014 0.9546875
2 0.17343750000000008 0.5984375 0.08437500000000006 0.5984375 0.08437500000000007 0.6921875 0.17343750000000008 0.6921875
2 0.13437500000000002 0.1453125 0.1125 0.1453125 0.11250000000000002 0.1859375 0.13437500000000005 0.1859375
2 0.9828125 0.5578125000000002 0.915625 0.5578125000000002 0.915625 0.6203125000000002 0.9828125 0.6203125000000002
2 0.825 0.7515625000000001 0.7750000000000001 0.7515625000000001 0.7750000000000001 0.8 0.825 0.8
2 0.890625 0.5203125000000002 0.8375 0.5203125000000002 0.8375 0.5765625000000002 0.890625 0.5765625000000002
2 0.903125 0.5515625000000002 0.83125 0.5515625000000002 0.83125 0.5953125000000001 0.903125 0.5953125000000001
2 0.26562500000000006 0.19375000000000003 2.3727531733479968e-17 0.19375 5.1856137901395736e-17 0.653125 0.2656250000000001 0.653125
2 0.8625 0.3984375000000001 0.7109375 0.3984375000000001 0.7109375 0.5468750000000001 0.8625 0.5468750000000002
2 0.6625 0.528125 0.565625 0.528125 0.565625 0.6015625 0.6625 0.6015625
2 0.1359375000000001 0.7953125 0.0375000000000001 0.7953125 0.0375000000000001 0.8859375 0.1359375000000001 0.8859375
2 0.5890625 6.142369101973443e-17 0.4140625 5.070803152719509e-17 0.4140625 0.16250000000000006 0.5890625 0.1625000000000001
2 0.9703125 0.5312500000000002 0.89375 0.5312500000000002 0.89375 0.5703125000000002 0.9703125 0.5703125000000002
2 1 0.3359375000000001 0.8640625 0.3359375000000001 0.8640625 0.5343750000000002 1 0.5343750000000002
2 0.3734375000000001 0.4328125 0.2812500000000001 0.4328125 0.2812500000000001 0.5015625 0.3734375000000001 0.5015625
2 0.04062500000000011 0.8625 1.0562578642645922e-16 0.8625 1.0916578108024453e-16 0.9203125 0.04062500000000011 0.9203125
2 0.47968750000000016 0.7609375 0.3984375000000001 0.7609375 0.3984375000000001 0.846875 0.47968750000000016 0.846875
2 0.475 0.3921875000000001 0.3828125000000001 0.3921875000000001 0.3828125000000001 0.4640625 0.475 0.4640625
2 0.40156250000000016 0.896875 0.2796875000000001 0.896875 0.2796875000000001 1 0.40156250000000016 1
2 0.3296875000000001 0.5421875 0.19843750000000004 0.5421875 0.19843750000000007 0.653125 0.3296875000000001 0.653125
2 0.7046875 0.403125 0.571875 0.403125 0.571875 0.55625 0.7046875 0.55625
2 0.42500000000000016 0.809375 0.3468750000000001 0.809375 0.3468750000000001 0.8765625 0.42500000000000016 0.8765625
2 0.21875 0.10625000000000002 0.1171875 0.10625 0.11718750000000003 0.2046875 0.21875 0.2046875
2 0.91875 0.5953125000000001 0.8515625 0.5953125000000001 0.8515625 0.6781250000000002 0.91875 0.6781250000000002
2 0.69375 0.08593750000000007 0.365625 0.08593750000000004 0.365625 0.3156250000000001 0.69375 0.3156250000000001
2 0.5890625 0.6796875 0.5578125 0.6796875 0.5578125 0.7234375 0.5890625 0.7234375
2 0.7546875 0.3218750000000001 0.6609375 0.3218750000000001 0.6609375 0.3921875000000001 0.7546875 0.3921875000000001
2 0.890625 0.2406250000000001 0.8578125 0.2406250000000001 0.8578125 0.29375000000000007 0.890625 0.29375000000000007
2 0.5750000000000002 0.8390625 0.3531250000000001 0.8390625 0.3531250000000001 1 0.5750000000000002 1
2 0.19687500000000008 0.7859375 0.1390625000000001 0.7859375 0.1390625000000001 0.85 0.19687500000000008 0.85
2 0.2093750000000001 0.55625 0.14062500000000008 0.55625 0.14062500000000008 0.640625 0.2093750000000001 0.640625
2 0.0562500000000001 0.7796875 0.0265625000000001 0.7796875 0.0265625000000001 0.8453125 0.05625000000000011 0.8453125
2 0.3578125 0.021875000000000033 0.18125 0.021875000000000023 0.18125000000000002 0.2078125 0.3578125 0.2078125
2 0.359375 0.03906250000000004 0.321875 0.03906250000000004 0.321875 0.08125000000000004 0.359375 0.08125000000000004
2 0.5984375 0.2750000000000001 0.4296875 0.2750000000000001 0.4296875 0.3671875000000001 0.5984375 0.3671875000000001
2 0.55625 0.65625 0.5 0.65625 0.5 0.725 0.55625 0.725
2 0.6765625000000002 0.91875 0.6171875000000002 0.91875 0.6171875000000002 0.978125 0.6765625000000002 0.978125
2 0.590625 0.4375 0.4734375 0.4375 0.4734375 0.5734375 0.590625 0.5734375
2 0.37812500000000004 0.24531250000000004 0.10468750000000004 0.2453125 0.10468750000000007 0.546875 0.3781250000000001 0.546875
2 0.8625 0.21875000000000008 0.809375 0.21875000000000008 0.809375 0.2687500000000001 0.8625 0.2687500000000001
2 0.0281250000000001 0.7859375 9.62495843704873e-17 0.7859375 9.825877052533841e-17 0.81875 0.0281250000000001 0.81875