2 0.2015625000000001 0.709375 0.16562500000000008 0.709375 0.16562500000000008 0.75 0.2015625000000001 0.75
2 0.3640625 0.08906250000000004 0.296875 0.08906250000000004 0.296875 0.21093750000000006 0.3640625 0.21093750000000008
2 0.475 0.15468750000000003 0.340625 0.15468750000000003 0.340625 0.28437500000000004 0.475 0.2843750000000001
2 0.16718750000000004 0.3390625 0.11562500000000005 0.3390625 0.11562500000000005 0.4140625 0.16718750000000004 0.4140625
2 0.4359375 0.259375 0.3109375 0.259375 0.31093750000000003 0.40625 0.4359375 0.40625
2 0.11406250000000004 0.2828125 0.06093750000000005 0.2828125 0.06093750000000005 0.321875 0.11406250000000004 0.321875
2 0.23125000000000004 0.3171875 0.18593750000000003 0.3171875 0.18593750000000003 0.3859375 0.2312500000000001 0.3859375
2 0.5203125 0.5375 0.3921875000000001 0.5375 0.3921875000000001 0.6453125 0.5203125 0.6453125
2 0.11093750000000005 0.278125 0.09375000000000004 0.278125 0.09375000000000004 0.296875 0.11093750000000005 0.296875
2 0.020312500000000032 0.2515625 3.080752104105061e-17 0.2515625 3.262535613353496e-17 0.28125 0.020312500000000032 0.28125
2 0.6515625 0.37968750000000007 0.575 0.37968750000000007 0.575 0.4515625 0.6515625 0.4515625
2 0.050000000000000044 0.321875 0.014062500000000039 0.321875 0.014062500000000042 0.3734375 0.050000000000000044 0.3734375
2 0.21250000000000008 0.4125 0.15937500000000004 0.4125 0.15937500000000004 0.4515625 0.21250000000000008 0.4515625
2 0.2843750000000001 0.45 0.2093750000000001 0.45 0.2093750000000001 0.5078125 0.2843750000000001 0.5078125
2 0.11093750000000009 0.7359375 0.0015625000000000903 0.7359375 0.0015625000000000964 0.8375 0.11093750000000009 0.8375
2 0.09062500000000001 0.0640625 7.845393557037732e-18 0.0640625 1.5021058395791755e-17 0.18125 0.09062500000000002 0.18125
2 0.709375 0.4375 0.6015625 0.4375 0.6015625 0.5546875 0.709375 0.5546875
2 0.4609375 0.3843750000000001 0.4171875 0.3843750000000001 0.4171875 0.4421875 0.4609375 0.4421875
2 0.940625 0.9015625 0.7562500000000002 0.9015625 0.7562500000000002 1 0.940625 1
2 0.3625 4.25756113766072e-17 0.3328125 4.075777628412285e-17 0.3328125 0.034375000000000044 0.3625 0.034375000000000044
2 0.20468750000000008 0.83125 1.0179876517912373e-16 0.83125 1.0926145661142792e-16 0.953125 0.20468750000000008 0.953125
2 0.04843750000000005 0.3765625 0.010937500000000048 0.3765625 0.01093750000000005 0.421875 0.04843750000000006 0.421875
2 0.9328125 0.06718750000000011 0.865625 0.06718750000000011 0.865625 0.1359375000000001 0.9328125 0.13593750000000013
2 0.6984375000000002 0.740625 0.6062500000000002 0.740625 0.6062500000000002 0.8453125 0.6984375000000002 0.8453125
2 0.5875 0.4890625 0.5078125 0.4890625 0.5078125 0.5734375 0.5875 0.5734375
2 0.11093750000000005 0.2015625 0.07031250000000003 0.2015625 0.07031250000000003 0.25 0.11093750000000005 0.25
2 0.3500000000000001 0.7328125 0.3000000000000001 0.7328125 0.3000000000000001 0.778125 0.3500000000000001 0.778125
2 0.3343750000000001 0.4171875 0.2640625000000001 0.4171875 0.2640625000000001 0.4890625 0.3343750000000001 0.4890625
2 0.9390625 0.2250000000000001 0.85625 0.2250000000000001 0.85625 0.29375000000000007 0.9390625 0.29375000000000007
2 0.31875 0.2921875 0.2765625 0.2921875 0.2765625 0.321875 0.31875 0.321875
2 0.5546875 0.3031250000000001 0.4859375 0.3031250000000001 0.4859375 0.3968750000000001 0.5546875 0.3968750000000001
2 0.24375000000000008 0.7296875 0.1984375000000001 0.7296875 0.1984375000000001 0.76875 0.24375000000000008 0.76875
2 0.20156250000000003 0.346875 0.15625000000000006 0.346875 0.15625000000000006 0.40625 0.2015625000000001 0.40625
2 1 0.3156250000000001 0.9421875 0.3156250000000001 0.9421875 0.41718750000000016 1 0.41718750000000016
2 0.546875 0.38750000000000007 0.446875 0.38750000000000007 0.446875 0.4828125 0.546875 0.4828125
2 0.603125 0.5796875 0.4046875 0.5796875 0.4046875 0.7171875 0.603125 0.7171875
2 0.678125 0.5671875 0.6125 0.5671875 0.6125 0.653125 0.678125 0.653125
2 0.896875 0.1921875000000001 0.8046875 0.1921875000000001 0.8046875 0.3000000000000001 0.896875 0.3000000000000001
2 0.6609375 0.5859375 0.5578125 0.5859375 0.5578125 0.7 0.6609375 0.7
2 0.06093750000000003 0.26875 3.2912382727085115e-17 0.26875 3.645237738087043e-17 0.3265625 0.06093750000000005 0.3265625
2 0.35781250000000003 0.3203125 0.2140625 0.3203125 0.21406250000000004 0.45625 0.3578125000000001 0.45625
2 0.018750000000000027 0.1859375 2.27707764216461e-17 0.1859375 2.6693473200164965e-17 0.25 0.018750000000000034 0.25
2 0.4484375 0.3531250000000001 0.3859375 0.3531250000000001 0.38593750000000004 0.428125 0.4484375 0.428125
2 0.89375 0.05156250000000011 0.8484375 0.05156250000000011 0.8484375 0.12500000000000008 0.89375 0.12500000000000008
2 0.9109375 0.3156250000000001 0.821875 0.3156250000000001 0.821875 0.4109375000000002 0.9109375 0.4109375000000002
2 0.884375 0.828125 0.8609375 0.828125 0.8609375 0.86875 0.884375 0.86875
2 0.07187500000000005 0.3875 0.003125000000000047 0.3875 0.0031250000000000513 0.4515625 0.07187500000000005 0.4515625
2 0.2140625 0.2078125 0.16406250000000006 0.2078125 0.16406250000000006 0.25625 0.2140625 0.25625
2 0.15156250000000004 0.43125 0.09843750000000004 0.43125 0.09843750000000005 0.4890625 0.15156250000000004 0.4890625
2 0.15781250000000005 0.4125 0.08437500000000005 0.4125 0.08437500000000006 0.4578125 0.15781250000000005 0.4578125
2 1 0.3546875000000001 0.728125 0.3546875000000001 0.7281250000000001 0.8203125 1 0.8203125
2 0.2796875000000001 0.4625 0.12656250000000005 0.4625 0.12656250000000008 0.6125 0.2796875000000001 0.6125
2 0.4265625 0.40625 0.3296875000000001 0.40625 0.3296875000000001 0.48125 0.4265625 0.48125
2 0.959375 0.1187500000000001 0.859375 0.11875000000000009 0.859375 0.21093750000000008 0.959375 0.21093750000000008
2 0.5781250000000002 0.85 0.40156250000000016 0.85 0.40156250000000016 1 0.5781250000000002 1
2 0.09375000000000006 0.4390625 0.015625000000000056 0.4390625 0.01562500000000006 0.478125 0.09375000000000007 0.478125
2 0.12343750000000006 0.475 5.817072295949927e-17 0.475 7.051286648215619e-17 0.6765625 0.12343750000000009 0.6765625
2 0.7125 0.5078125 0.6203125 0.5078125 0.6203125 0.578125 0.7125 0.578125
2 1 0.08593750000000012 0.9546875 0.08593750000000011 0.9546875 0.14375000000000013 1 0.14375000000000013
2 0.59375 0.15937500000000007 0.5125 0.15937500000000004 0.5125 0.2468750000000001 0.59375 0.2468750000000001
2 0.609375 0.5453125 0.5171875 0.5453125 0.5171875 0.61875 0.609375 0.61875
2 0.715625 7.960204194457797e-17 0.584375 7.156529732517345e-17 0.584375 0.10781250000000009 0.715625 0.10781250000000009
2 0.796875 0.3546875000000001 0.6640625 0.3546875000000001 0.6640625 0.4671875000000001 0.796875 0.4671875000000002
2 0.41875 0.453125 0.2843750000000001 0.453125 0.2843750000000001 0.6078125 0.41875 0.6078125
2 0.6453125 0.1296875000000001 0.5671875 0.1296875000000001 0.5671875 0.19687500000000008 0.6453125 0.19687500000000008
2 0.878125 0.8078125 0.7765625000000002 0.8078125 0.7765625000000002 0.9078125 0.878125 0.9078125
2 0.13750000000000004 0.3296875 0.06875000000000005 0.3296875 0.06875000000000005 0.4125 0.13750000000000004 0.4125
2 0.6265625000000001 0.696875 0.2953125000000001 0.696875 0.2953125000000001 0.9296875 0.6265625000000001 0.9296875
2 0.4328125 0.2843750000000001 0.4015625 0.2843750000000001 0.4015625 0.3281250000000001 0.4328125 0.3281250000000001
2 0.3296875000000001 0.61875 0.23437500000000008 0.61875 0.23437500000000008 0.690625 0.3296875000000001 0.690625
2 0.1296875000000001 0.71875 0.09687500000000009 0.71875 0.09687500000000009 0.771875 0.1296875000000001 0.771875
2 0.640625 6.477233461115297e-17 0.4171875 5.109073365192864e-17 0.4171875 0.16562500000000008 0.640625 0.16562500000000008
2 0.8578125 0.15625000000000008 0.8 0.15625000000000008 0.8 0.22031250000000008 0.8578125 0.22031250000000008
2 0.8546875 0.3671875000000001 0.7859375 0.3671875000000001 0.7859375 0.45312500000000017 0.8546875 0.45312500000000017
2 0.971875 0.16093750000000012 0.9421875 0.16093750000000012 0.9421875 0.22812500000000008 0.971875 0.22812500000000008
2 0.8140625 0.8046875 0.6359375000000002 0.8046875 0.6359375000000002 0.9921875 0.8140625 0.9921875
2 0.6718750000000002 0.9328125 0.6343750000000001 0.9328125 0.6343750000000001 0.975 0.6718750000000002 0.975
2 0.5625000000000001 0.64375 0.3921875000000001 0.64375 0.3921875000000001 0.7375 0.5625000000000002 0.7375
2 0.4921875 0.2828125000000001 0.434375 0.2828125000000001 0.434375 0.3515625000000001 0.4921875 0.3515625000000001
2 0.3734375 0.026562500000000037 0.3140625 0.026562500000000034 0.3140625 0.08593750000000004 0.3734375 0.08593750000000004
2 0.51875 0.4359375 0.4 0.4359375 0.4 0.5734375 0.51875 0.5734375
2 0.8921875 0.4625000000000001 0.615625 0.4625 0.6156250000000001 0.7671875000000001 0.8921875 0.7671875000000001
2 0.17968750000000008 0.7421875 0.12500000000000008 0.7421875 0.12500000000000008 0.79375 0.17968750000000008 0.79375
2 1 0.18750000000000014 0.96875 0.18750000000000014 0.96875 0.22031250000000008 1 0.22031250000000008