2 0.278125 0.09687500000000003 0.196875 0.09687500000000002 0.19687500000000002 0.18281250000000004 0.278125 0.18281250000000004
2 0.3062500000000001 0.5765625 0.2093750000000001 0.5765625 0.2093750000000001 0.6875 0.3062500000000001 0.6875
2 0.5531250000000001 0.5625 0.33281250000000007 0.5625 0.33281250000000007 0.74375 0.5531250000000002 0.74375
2 0.20156250000000003 0.2828125 0.07812500000000004 0.2828125 0.07812500000000004 0.3734375 0.2015625000000001 0.3734375
2 0.30937500000000007 0.834375 0.27031250000000007 0.834375 0.27031250000000007 0.88125 0.30937500000000007 0.88125
2 1 0.4031250000000002 0.909375 0.4031250000000002 0.909375 0.4984375000000002 1 0.4984375000000002
2 0.1765625000000001 0.6640625 0.11250000000000009 0.6640625 0.11250000000000009 0.7234375 0.1765625000000001 0.7234375
2 0.878125 0.45000000000000007 0.5109375 0.45 0.5109375 0.6484375000000001 0.878125 0.6484375000000002
2 0.5671875000000002 0.8703125 0.5140625000000002 0.8703125 0.5140625000000002 0.9296875 0.5671875000000002 0.9296875
2 0.18125000000000005 0.35625 4.362804221962446e-17 0.35625 5.195181343257913e-17 0.4921875 0.18125000000000005 0.4921875
2 0.021875000000000103 0.834375 1.0218146730385728e-16 0.834375 1.0409497792752504e-16 0.865625 0.021875000000000106 0.865625
2 0.84375 7.424421219830829e-17 0.36875 4.5158850718558645e-17 0.36875 0.3359375000000001 0.84375 0.3359375000000001
2 0.5250000000000001 0.778125 0.4781250000000002 0.778125 0.4781250000000002 0.8484375 0.5250000000000001 0.8484375
2 0.2015625000000001 0.7953125 0.11875000000000009 0.7953125 0.11875000000000009 0.89375 0.2015625000000001 0.89375
2 0.27812500000000007 0.8078125 0.22812500000000008 0.8078125 0.22812500000000008 0.853125 0.27812500000000007 0.853125
2 0.12343750000000009 0.5890625 0.04375000000000007 0.5890625 0.043750000000000074 0.6640625 0.12343750000000009 0.6640625
2 0.3937500000000001 0.4015625 0.27031250000000007 0.4015625 0.27031250000000007 0.534375 0.3937500000000001 0.534375
2 0.057812500000000114 0.828125 0.009375000000000102 0.828125 0.009375000000000105 0.8859375 0.057812500000000114 0.8859375
2 0.48750000000000016 0.73125 0.4109375000000002 0.73125 0.4109375000000002 0.8375 0.48750000000000016 0.8375
2 0.6078125 0.621875 0.5421875 0.621875 0.5421875 0.7 0.6078125 0.7
2 0.23437500000000008 0.4296875 0.08750000000000005 0.4296875 0.08750000000000005 0.5796875 0.23437500000000008 0.5796875
2 0.22656250000000008 0.7546875 0.20468750000000008 0.7546875 0.20468750000000008 0.809375 0.22656250000000008 0.809375
2 0.5203125 0.45625 0.37968750000000007 0.45625 0.37968750000000007 0.578125 0.5203125 0.578125
2 0.5875000000000001 0.7578125 0.4984375000000002 0.7578125 0.4984375000000002 0.828125 0.5875000000000001 0.828125
2 0.896875 0.8234375 0.84375 0.8234375 0.84375 0.8828125 0.896875 0.8828125
2 0.2140625000000001 0.6296875 0.1296875000000001 0.6296875 0.1296875000000001 0.6828125 0.2140625000000001 0.6828125
2 0.9796875 0.2015625000000001 0.596875 0.2015625000000001 0.596875 0.45000000000000007 0.9796875 0.4500000000000002
2 0.04375000000000006 0.459375 5.625721233583154e-17 0.459375 6.305017504985202e-17 0.5703125 0.04375000000000007 0.5703125
2 0.1296875000000001 0.803125 0.06250000000000008 0.803125 0.0625000000000001 0.8828125 0.1296875000000001 0.8828125
2 0.04531250000000005 0.259375 3.1764276352884476e-17 0.259375 4.1236153940039786e-17 0.4140625 0.045312500000000054 0.4140625
2 0.8375 0.6000000000000001 0.646875 0.6 0.6468750000000001 0.7953125000000001 0.8375 0.7953125000000002
2 0.509375 0.3390625000000001 0.4 0.3390625000000001 0.4 0.490625 0.509375 0.490625
2 0.321875 0.184375 0.14687500000000003 0.184375 0.14687500000000003 0.334375 0.321875 0.334375
2 0.1296875000000001 0.6390625 7.826258450801054e-17 0.6390625 8.735175997043229e-17 0.7875 0.1296875000000001 0.7875
2 0.22656250000000008 0.565625 0.12656250000000008 0.565625 0.12656250000000008 0.6375 0.22656250000000008 0.6375
2 0.921875 0.7375000000000002 0.7515625000000001 0.7375000000000002 0.7515625000000001 0.8671875 0.921875 0.8671875
2 0.4703125 0.24218750000000006 0.2609375 0.2421875 0.26093750000000004 0.4 0.4703125 0.4
2 0.959375 0.5812500000000002 0.7890625 0.5812500000000002 0.7890625000000001 0.7718750000000002 0.959375 0.7718750000000002
2 0.6265625000000001 0.90625 0.5312500000000002 0.90625 0.5312500000000002 0.9796875 0.6265625000000001 0.9796875
2 0.5359375000000001 0.7125 0.478125 0.7125 0.4781250000000001 0.775 0.5359375000000002 0.775
2 0.02656250000000008 0.590625 7.233070157464055e-17 0.590625 7.615772282197602e-17 0.653125 0.02656250000000008 0.653125
2 0.6218750000000001 0.6859375 0.5359375 0.6859375 0.5359375000000001 0.765625 0.6218750000000002 0.765625
2 0.2093750000000001 0.7140625 0.10156250000000008 0.7140625 0.10156250000000008 0.7953125 0.2093750000000001 0.7953125
2 0.6171875 0.36406250000000007 0.5015625 0.36406250000000007 0.5015625 0.471875 0.6171875 0.471875
2 0.3296875000000001 0.6546875 0.2468750000000001 0.6546875 0.2468750000000001 0.74375 0.3296875000000001 0.74375
2 0.215625 0.046875000000000014 5.7405318710032185e-18 0.046875 2.0187537079694652e-17 0.2828125 0.215625 0.2828125
2 0.3343750000000001 0.828125 0.2875000000000001 0.828125 0.2875000000000001 0.859375 0.3343750000000001 0.859375
2 0.30937500000000007 0.290625 0.17812500000000003 0.290625 0.17812500000000003 0.46875 0.30937500000000007 0.46875
2 0.4046875000000002 0.75 0.30156250000000007 0.75 0.30156250000000007 0.8359375 0.4046875000000002 0.8359375
2 0.1671875000000001 0.86875 1.0639119067592632e-16 0.86875 1.144279352953308e-16 1 0.16718750000000013 1
2 0.3640625 0.09375000000000004 0.2828125 0.09375000000000004 0.2828125 0.18281250000000004 0.3640625 0.18281250000000004
2 0.37968750000000007 0.490625 0.2671875000000001 0.490625 0.2671875000000001 0.578125 0.37968750000000007 0.578125
2 0.26250000000000007 0.734375 0.2171875000000001 0.734375 0.2171875000000001 0.815625 0.26250000000000007 0.815625
2 1 0.7765625000000002 0.8890625 0.7765625000000002 0.8890625 0.9578125 1 0.9578125