2 0.8375 0.81875 0.7515625000000001 0.81875 0.7515625000000001 0.9078125 0.8375 0.9078125
2 0.825 0.2921875000000001 0.7234375 0.2921875000000001 0.7234375 0.4078125000000001 0.825 0.4078125000000002
2 0.696875 0.23437500000000008 0.4671875 0.23437500000000008 0.4671875 0.4234375 0.696875 0.4234375
2 0.9609375 0.6203125000000002 0.8328125 0.6203125000000002 0.8328125 0.7140625000000002 0.9609375 0.7140625000000002
2 0.7609375 0.09218750000000009 0.7203125 0.09218750000000009 0.7203125 0.14062500000000008 0.7609375 0.14062500000000008
2 0.09531250000000006 0.4890625 5.989288252080025e-17 0.4890625 6.601611651653701e-17 0.5890625 0.09531250000000006 0.5890625
2 0.9265625 0.2562500000000001 0.859375 0.2562500000000001 0.859375 0.31718750000000007 0.9265625 0.31718750000000007
2 0.5109375 0.33437500000000003 0.12968750000000004 0.334375 0.12968750000000004 0.540625 0.5109375 0.540625
2 0.5078125 0.04218750000000006 0.453125 0.04218750000000006 0.453125 0.10312500000000005 0.5078125 0.10312500000000005
2 1 0.49531250000000016 0.853125 0.49531250000000016 0.853125 0.6375000000000002 1 0.6375000000000002
2 0.659375 0.6578125 0.16562500000000008 0.6578125 0.1656250000000001 1 0.6593750000000002 1
2 0.5453125 0.12500000000000006 0.496875 0.12500000000000006 0.496875 0.19843750000000007 0.5453125 0.1984375000000001
2 0.91875 0.07812500000000011 0.8328125 0.07812500000000011 0.8328125 0.1796875000000001 0.91875 0.17968750000000014
2 0.80625 0.12031250000000009 0.753125 0.12031250000000009 0.753125 0.1671875000000001 0.80625 0.1671875000000001
2 0.996875 0.31718750000000007 0.9140625 0.31718750000000007 0.9140625 0.39531250000000007 0.996875 0.39531250000000007
2 0.7609375 0.4531250000000001 0.63125 0.453125 0.63125 0.5906250000000001 0.7609375 0.5906250000000002
2 1 0.08750000000000012 0.98125 0.0875000000000001 0.98125 0.13906250000000014 1 0.13906250000000014
2 0.615625 0.13750000000000007 0.5359375 0.13750000000000004 0.5359375 0.2484375000000001 0.615625 0.2484375000000001
2 0.478125 0.2796875000000001 0.4109375 0.2796875000000001 0.4109375 0.3609375000000001 0.478125 0.3609375000000001
2 0.9515625 0.4046875000000002 0.8 0.4046875000000002 0.8 0.5609375000000002 0.9515625 0.5609375000000002
2 0.8296875 0.16562500000000008 0.80625 0.16562500000000008 0.80625 0.2218750000000001 0.8296875 0.2218750000000001
2 0.646875 0.40625 0.5015625 0.40625 0.5015625 0.534375 0.646875 0.534375
2 0.5234375 0.14843750000000006 0.43125 0.14843750000000006 0.43125 0.22031250000000008 0.5234375 0.22031250000000008
2 0.165625 0.08906250000000002 0.109375 0.08906250000000002 0.109375 0.15 0.165625 0.15
2 0.9078125 0.2984375000000001 0.8203125 0.2984375000000001 0.8203125 0.3546875000000001 0.9078125 0.3546875000000001
2 0.4218750000000001 0.540625 0.025000000000000067 0.540625 0.025000000000000085 0.7984375 0.42187500000000017 0.7984375
2 0.978125 0.09062500000000011 0.9078125 0.09062500000000011 0.9078125 0.17343750000000013 0.978125 0.17343750000000013
2 0.37031250000000004 0.18125000000000002 0.171875 0.18125 0.17187500000000003 0.384375 0.3703125000000001 0.3843750000000001
2 0.6265625 0.4984375 0.5125 0.4984375 0.5125 0.65625 0.6265625 0.65625
2 0.890625 0.6609375000000001 0.7078125 0.6609375 0.7078125000000001 0.8171875 0.890625 0.8171875
2 1 0.18906250000000013 0.9078125 0.18906250000000013 0.9078125 0.3437500000000001 1 0.3437500000000001
2 0.909375 0.3468750000000001 0.80625 0.3468750000000001 0.80625 0.4203125000000002 0.909375 0.4203125000000002
2 0.2609375 0.10625000000000002 0.08437500000000002 0.10625 0.08437500000000002 0.240625 0.2609375 0.240625
2 0.7718750000000001 0.5921875000000001 0.5546875 0.5921875 0.5546875000000001 0.7562500000000001 0.7718750000000002 0.7562500000000002
2 0.22187500000000004 0.2046875 0.043750000000000025 0.2046875 0.04375000000000003 0.403125 0.2218750000000001 0.403125
2 0.490625 5.3960999587430256e-17 0.390625 4.7837765591693485e-17 0.390625 0.06406250000000005 0.490625 0.06406250000000006
2 0.5453125 0.2015625000000001 0.484375 0.2015625000000001 0.484375 0.2671875000000001 0.5453125 0.2671875000000001
2 0.484375 0.21093750000000008 0.3953125 0.21093750000000008 0.3953125 0.29375000000000007 0.484375 0.29375000000000007
2 0.9375 0.1796875000000001 0.825 0.17968750000000008 0.825 0.2640625000000001 0.9375 0.2640625000000001
2 0.521875 0.5171875 0.4015625 0.5171875 0.4015625 0.6296875 0.521875 0.6296875
2 0.7859375 0.23593750000000008 0.7 0.23593750000000008 0.7 0.3281250000000001 0.7859375 0.3281250000000001
2 1 0.7140625000000002 0.8171875 0.7140625000000002 0.8171875 0.959375 1 0.959375
2 0.74375 0.1140625000000001 0.6953125 0.1140625000000001 0.6953125 0.1468750000000001 0.74375 0.1468750000000001
2 0.8578125 0.5203125000000001 0.721875 0.5203125 0.721875 0.70625 0.8578125 0.7062500000000002
2 0.728125 0.1375000000000001 0.621875 0.1375000000000001 0.621875 0.22656250000000008 0.728125 0.22656250000000008
2 1 1.1433225976414744e-16 0.8671875 1.0619983961355955e-16 0.8671875 0.09218750000000012 1 0.09218750000000013
2 0.7484375000000002 0.81875 0.6640625000000002 0.81875 0.6640625000000002 0.9109375 0.7484375000000002 0.9109375
2 0.765625 0.4062500000000001 0.6484375 0.40625 0.6484375 0.49687500000000007 0.765625 0.4968750000000002
2 0.815625 0.1593750000000001 0.76875 0.1593750000000001 0.76875 0.24375000000000008 0.815625 0.24375000000000008
2 0.11718750000000003 0.012500000000000008 1.5308084989341916e-18 0.0125 1.3107547772124014e-17 0.2015625 0.11718750000000004 0.2015625