2 0.7890625000000002 0.8125 0.7078125000000002 0.8125 0.7078125000000002 0.8984375 0.7890625000000002 0.8984375
2 0.778125 0.30937500000000007 0.68125 0.30937500000000007 0.68125 0.4203125000000001 0.778125 0.4203125000000002
2 0.65625 0.2531250000000001 0.4359375 0.2531250000000001 0.4359375 0.434375 0.65625 0.434375
2 0.9078125 0.6218750000000002 0.784375 0.6218750000000002 0.784375 0.7125000000000001 0.9078125 0.7125000000000001
2 0.7171875 0.11718750000000008 0.678125 0.11718750000000008 0.678125 0.16406250000000008 0.7171875 0.16406250000000008
2 0.08125000000000007 0.496875 6.084963783263412e-17 0.496875 6.668584523482072e-17 0.5921875 0.08125000000000007 0.5921875
2 0.875 0.2750000000000001 0.8109375 0.2750000000000001 0.8109375 0.3343750000000001 0.875 0.3343750000000001
2 0.478125 0.34843750000000007 0.11406250000000004 0.3484375 0.11406250000000007 0.5453125 0.478125 0.5453125
2 0.475 0.07031250000000006 0.421875 0.07031250000000004 0.421875 0.12812500000000004 0.475 0.12812500000000004
2 1 0.5031250000000002 0.8046875 0.5031250000000002 0.8046875 0.6390625000000002 1 0.6390625000000002
2 1 0.13437500000000013 0.9640625 0.13437500000000013 0.9640625 0.16406250000000014 1 0.16406250000000014
2 0.6203125 0.659375 0.1468750000000001 0.659375 0.14687500000000012 1 0.6203125000000002 1
2 0.5109375 0.14843750000000006 0.4640625 0.14843750000000006 0.4640625 0.21875000000000008 0.5109375 0.21875000000000008
2 0.8671875 0.10468750000000009 0.7859375 0.10468750000000009 0.7859375 0.2015625000000001 0.8671875 0.2015625000000001
2 0.759375 0.1453125000000001 0.709375 0.1453125000000001 0.709375 0.1906250000000001 0.759375 0.1906250000000001
2 0.94375 0.3343750000000001 0.8640625 0.3343750000000001 0.8640625 0.4078125000000002 0.94375 0.4078125000000002
2 0.7171875 0.4625 0.59375 0.4625 0.59375 0.59375 0.7171875 0.59375
2 0.9765625 0.11093750000000013 0.928125 0.11093750000000013 0.928125 0.16875000000000012 0.9765625 0.16875000000000012
2 0.578125 0.16093750000000007 0.5015625 0.16093750000000004 0.5015625 0.2671875000000001 0.578125 0.2671875000000001
2 0.446875 0.2968750000000001 0.3828125 0.2968750000000001 0.38281250000000006 0.3750000000000001 0.446875 0.3750000000000001
2 0.8984375 0.41718750000000016 0.753125 0.41718750000000016 0.753125 0.5656250000000002 0.8984375 0.5656250000000002
2 0.7828125 0.18750000000000008 0.7609375 0.18750000000000008 0.7609375 0.24218750000000008 0.7828125 0.24218750000000008
2 0.6078125 0.41875 0.46875 0.41875 0.46875 0.540625 0.6078125 0.540625
2 0.4890625 0.17031250000000003 0.4015625 0.17031250000000003 0.4015625 0.2390625000000001 0.4890625 0.2390625000000001
2 0.146875 0.1140625 0.09375000000000003 0.1140625 0.09375000000000003 0.1734375 0.146875 0.1734375
2 0.8578125 0.3140625000000001 0.7734375 0.3140625000000001 0.7734375 0.3671875000000001 0.8578125 0.3671875000000001
2 0.3921875000000001 0.5453125 0.012500000000000067 0.5453125 0.01250000000000008 0.7921875 0.3921875000000001 0.7921875
2 1 0.41718750000000016 0.9421875 0.41718750000000016 0.9421875 0.5437500000000002 1 0.5437500000000002
2 0.9234375 0.11562500000000012 0.85625 0.11562500000000009 0.85625 0.1953125000000001 0.9234375 0.19531250000000014
2 1 0.5734375000000002 0.9390625 0.5734375000000002 0.9390625 0.7375000000000002 1 0.7375000000000002
2 0.34218750000000003 0.203125 0.15312500000000004 0.203125 0.15312500000000004 0.3984375 0.3421875000000001 0.3984375
2 0.5890625 0.50625 0.4796875 0.50625 0.4796875 0.65625 0.5890625 0.65625
2 0.840625 0.6609375000000001 0.665625 0.6609375 0.6656250000000001 0.8109375 0.840625 0.8109375
2 0.990625 0.2093750000000001 0.85625 0.2093750000000001 0.85625 0.3578125000000001 0.990625 0.3578125000000001
2 0.859375 0.3609375000000001 0.759375 0.3609375000000001 0.759375 0.4312500000000002 0.859375 0.4312500000000002
2 0.2390625 0.1296875 0.07031250000000003 0.1296875 0.07031250000000003 0.259375 0.2390625 0.259375
2 0.7265625000000001 0.596875 0.51875 0.596875 0.51875 0.753125 0.7265625000000002 0.7531250000000002
2 0.20156250000000003 0.2265625 0.03125000000000002 0.2265625 0.03125000000000004 0.415625 0.2015625000000001 0.415625
2 0.4578125 0.01875000000000005 0.3625 0.018750000000000044 0.3625 0.09218750000000006 0.4578125 0.09218750000000006
2 0.5109375 0.2218750000000001 0.453125 0.2218750000000001 0.453125 0.2843750000000001 0.5109375 0.2843750000000001
2 1 0.3437500000000001 0.959375 0.3437500000000001 0.959375 0.4109375000000002 1 0.4109375000000002
2 0.453125 0.2312500000000001 0.36875 0.2312500000000001 0.36875 0.3109375000000001 0.453125 0.3109375000000001
2 0.8859375 0.20312500000000008 0.778125 0.20312500000000008 0.778125 0.2828125000000001 0.8859375 0.2828125000000001
2 0.4875 0.5234375 0.37187500000000007 0.5234375 0.37187500000000007 0.63125 0.4875 0.63125
2 0.7421875 0.25468750000000007 0.659375 0.25468750000000007 0.659375 0.3437500000000001 0.7421875 0.3437500000000001
2 1 0.7125000000000001 0.7703125 0.7125000000000001 0.7703125000000001 0.946875 1 0.946875
2 0.7 0.1390625000000001 0.653125 0.1390625000000001 0.653125 0.1703125000000001 0.7 0.1703125000000001
2 0.809375 0.5265625 0.678125 0.5265625 0.678125 0.7046875000000001 0.809375 0.7046875000000001
2 0.6859375 0.1625000000000001 0.584375 0.1625000000000001 0.584375 0.2468750000000001 0.6859375 0.2468750000000001
2 1 0.18281250000000013 0.978125 0.18281250000000013 0.978125 0.2562500000000001 1 0.2562500000000001
2 1 1.1136631829746244e-16 0.81875 1.0026795668018954e-16 0.81875 0.13125000000000012 1 0.13125000000000014
2 0.7046875000000001 0.8125 0.6234375000000002 0.8125 0.6234375000000002 0.9015625 0.7046875000000001 0.9015625
2 0.7203125 0.4171875 0.6078125 0.4171875 0.6078125 0.5046875 0.7203125 0.5046875
2 0.76875 0.18125000000000008 0.7234375 0.18125000000000008 0.7234375 0.26250000000000007 0.76875 0.26250000000000007
2 0.10156250000000003 0.04062500000000001 4.975127621536122e-18 0.040625 1.5977813707625624e-17 0.2203125 0.10156250000000004 0.2203125