2 0.8421875 0.2671875000000001 0.6640625 0.2671875000000001 0.6640625 0.3828125000000001 0.8421875 0.3828125000000001
2 0.5 0.5359375 0.30156250000000007 0.5359375 0.30156250000000007 0.7203125 0.5 0.7203125
2 0.3687500000000001 0.85 0.31718750000000007 0.85 0.31718750000000007 0.928125 0.3687500000000001 0.928125
2 0.27968750000000003 0.2734375 0.16718750000000004 0.2734375 0.16718750000000004 0.3890625 0.2796875000000001 0.3890625
2 0.08437500000000002 0.103125 0.017187500000000012 0.103125 0.017187500000000015 0.1671875 0.08437500000000002 0.1671875
2 1 0.8203125 0.9390625 0.8203125 0.9390625 0.9046875 1 0.9046875
2 0.996875 0.6828125000000002 0.846875 0.6828125000000002 0.846875 0.840625 0.996875 0.840625
2 0.859375 0.5796875000000001 0.6875 0.5796875 0.6875000000000001 0.753125 0.859375 0.7531250000000002
2 0.6578125000000001 0.7734375 0.47656250000000017 0.7734375 0.47656250000000017 0.8515625 0.6578125000000001 0.8515625
2 0.08593750000000008 0.665625 8.15155525682457e-17 0.665625 8.993499931238375e-17 0.803125 0.08593750000000008 0.803125
2 0.925 0.3781250000000001 0.7015625 0.3781250000000001 0.7015625 0.6734375000000001 0.925 0.6734375000000001
2 0.3984375000000001 0.7296875 0.3031250000000001 0.7296875 0.3031250000000001 0.853125 0.3984375000000001 0.853125
2 0.575 0.10781250000000006 0.428125 0.10781250000000005 0.428125 0.2531250000000001 0.575 0.2531250000000001
2 0.9875 0.4468750000000002 0.8671875 0.4468750000000002 0.8671875 0.5234375000000002 0.9875 0.5234375000000002
2 0.13437500000000008 0.49375 0.0015625000000000604 0.49375 0.0015625000000000703 0.659375 0.13437500000000008 0.659375
2 0.546875 0.23593750000000005 0.2640625 0.2359375 0.26406250000000003 0.4921875 0.546875 0.4921875
2 0.9953125 0.5750000000000002 0.8796875 0.5750000000000002 0.8796875 0.6953125000000002 0.9953125 0.6953125000000002
2 0.47656250000000017 0.825 0.42968750000000017 0.825 0.42968750000000017 0.8703125 0.47656250000000017 0.8703125
2 0.9625 0.3140625000000001 0.903125 0.3140625000000001 0.903125 0.3609375000000001 0.9625 0.3609375000000001
2 0.7390625 0.4906250000000001 0.65 0.490625 0.65 0.6265625000000001 0.7390625 0.6265625000000001
2 0.2906250000000001 0.384375 0.057812500000000044 0.384375 0.05781250000000006 0.621875 0.2906250000000001 0.621875
2 0.8734375 0.10312500000000009 0.825 0.10312500000000009 0.825 0.1828125000000001 0.8734375 0.1828125000000001
2 0.48125 0.015625000000000056 0.409375 0.01562500000000005 0.409375 0.060937500000000054 0.48125 0.06093750000000007
2 0.675 0.3062500000000001 0.5921875 0.3062500000000001 0.5921875 0.3937500000000001 0.675 0.3937500000000001
2 0.971875 0.7375 0.6609375000000002 0.7375 0.6609375000000002 0.9375 0.971875 0.9375
2 0.98125 0.3921875000000001 0.8765625 0.3921875000000001 0.8765625 0.4781250000000002 0.98125 0.4781250000000002
2 0.8875 0.0640625000000001 0.8234375 0.0640625000000001 0.8234375 0.11250000000000009 0.8875 0.11250000000000009
2 0.921875 0.1984375000000001 0.8109375 0.1984375000000001 0.8109375 0.3031250000000001 0.921875 0.3031250000000001
2 0.6734375 0.49375 0.5828125 0.49375 0.5828125 0.678125 0.6734375 0.678125
2 0.81875 0.18906250000000008 0.7421875 0.18906250000000008 0.7421875 0.2468750000000001 0.81875 0.2468750000000001
2 0.026562500000000027 0.1625 1.990051048614449e-17 0.1625 2.487563810768061e-17 0.24375 0.026562500000000034 0.24375
2 0.984375 0.5000000000000002 0.9203125 0.5000000000000002 0.9203125 0.6187500000000001 0.984375 0.6187500000000001
2 0.54375 0.05937500000000007 0.4609375 0.05937500000000007 0.4609375 0.12031250000000004 0.54375 0.12031250000000004
2 0.6171875000000001 0.6453125 0.5015625 0.6453125 0.5015625000000001 0.7578125 0.6171875000000002 0.7578125
2 0.871875 0.809375 0.4578125000000002 0.809375 0.4578125000000002 1 0.871875 1
2 0.584375 0.05312500000000007 0.5296875 0.05312500000000007 0.5296875 0.10468750000000007 0.584375 0.10468750000000009
2 0.4906250000000002 0.790625 0.4500000000000002 0.790625 0.4500000000000002 0.828125 0.4906250000000002 0.828125
2 0.7046875000000001 0.6578125 0.6046875 0.6578125 0.6046875 0.75625 0.7046875000000001 0.75625
2 0.12187500000000004 0.2578125 0.04531250000000003 0.2578125 0.04531250000000004 0.34375 0.12187500000000004 0.34375
2 1 0.9234375 0.9359375 0.9234375 0.9359375 1 1 1
2 1 0.06406250000000012 0.946875 0.0640625000000001 0.946875 0.12812500000000013 1 0.12812500000000013
2 0.06093750000000003 0.2546875 3.119022316578415e-17 0.2546875 3.7313457161520915e-17 0.3546875 0.06093750000000005 0.3546875
2 0.6171875 0.603125 0.5375 0.603125 0.5375 0.65625 0.6171875 0.65625
2 0.21250000000000005 0.3390625 4.152318053358994e-17 0.3390625 4.927289855944429e-17 0.465625 0.21250000000000008 0.465625
2 0.453125 0.03906250000000005 0.3515625 0.03906250000000004 0.3515625 0.17500000000000004 0.453125 0.17500000000000004
2 0.565625 0.4078125 0.3625000000000001 0.4078125 0.3625000000000001 0.5359375 0.565625 0.5359375
2 1 0.2953125000000001 0.9515625 0.2953125000000001 0.9515625 0.46406250000000016 1 0.46406250000000016
2 0.984375 0.012500000000000117 0.9265625 0.012500000000000112 0.9265625 0.07656250000000012 0.984375 0.07656250000000012
2 0.3859375000000001 0.9234375 0.3312500000000001 0.9234375 0.3312500000000001 0.975 0.3859375000000001 0.975
2 0.915625 0.3765625000000001 0.8515625 0.3765625000000001 0.8515625 0.44531250000000017 0.915625 0.44531250000000017
2 0.3875 0.13125000000000003 0.31875 0.13125000000000003 0.31875 0.20156250000000003 0.3875 0.2015625000000001
2 0.65625 0.425 0.5625 0.425 0.5625 0.5421875 0.65625 0.5421875
2 0.6046875 0.09843750000000007 0.553125 0.09843750000000007 0.553125 0.1515625000000001 0.6046875 0.1515625000000001
2 0.3203125000000001 0.596875 0.046875000000000076 0.596875 0.0468750000000001 0.93125 0.3203125000000001 0.93125
2 0.9296875 0.95 0.875 0.95 0.875 1 0.9296875 1