2 0.9703125 0.95 0.8953125 0.95 0.8953125 1 0.9703125 1
2 1 0.28593750000000007 0.8671875 0.28593750000000007 0.8671875 0.4156250000000002 1 0.4156250000000002
2 0.9171875 0.5546875000000002 0.8109375 0.5546875000000002 0.8109375 0.7546875000000002 0.9171875 0.7546875000000002
2 0.73125 0.053125000000000075 0.5796875 0.05312500000000007 0.5796875 0.14218750000000008 0.73125 0.14218750000000008
2 0.925 0.89375 0.8484375 0.89375 0.8484375 0.96875 0.925 0.96875
2 0.7968750000000002 0.95625 0.7281250000000001 0.95625 0.7281250000000001 1 0.7968750000000002 1
2 0.6375 0.14843750000000008 0.565625 0.14843750000000008 0.565625 0.21875000000000008 0.6375 0.21875000000000008
2 0.828125 0.11562500000000009 0.6765625 0.11562500000000009 0.6765625 0.2406250000000001 0.828125 0.2406250000000001
2 0.35937500000000006 0.315625 0.032812500000000036 0.315625 0.03281250000000006 0.646875 0.3593750000000001 0.646875
2 0.8828125 0.7500000000000002 0.8078125 0.7500000000000002 0.8078125 0.8140625 0.8828125 0.8140625
2 0.3671875 2.994644126040012e-17 0.121875 1.492538286460837e-17 0.121875 0.17500000000000002 0.3671875 0.17500000000000004
2 0.871875 0.8609375 0.81875 0.8609375 0.81875 0.928125 0.871875 0.928125
2 0.43125 0.25312500000000004 0.30625 0.253125 0.30625 0.39062500000000006 0.43125 0.3906250000000001
2 0.521875 0.17812500000000003 0.4640625 0.17812500000000003 0.4640625 0.2843750000000001 0.521875 0.2843750000000001
2 0.6890625 0.14062500000000008 0.6375 0.14062500000000008 0.6375 0.18750000000000008 0.6890625 0.18750000000000008
2 0.98125 0.7500000000000002 0.9328125 0.7500000000000002 0.9328125 0.80625 0.98125 0.80625
2 0.1015625 0.035937500000000004 4.401074434435801e-18 0.0359375 1.329889883449079e-17 0.18125 0.1015625 0.18125
2 0.890625 0.48437500000000017 0.821875 0.48437500000000017 0.821875 0.5390625000000002 0.890625 0.5390625000000002
2 0.3671875 0.11406250000000004 0.2203125 0.11406250000000004 0.2203125 0.275 0.3671875 0.2750000000000001
2 0.7437500000000001 0.8484375 0.6859375000000002 0.8484375 0.6859375000000002 0.9046875 0.7437500000000001 0.9046875
2 0.9390625 1.0591281302000936e-16 0.790625 9.682363755758761e-17 0.790625 0.0921875000000001 0.9390625 0.09218750000000012
2 0.8265625 0.7875000000000002 0.7406250000000002 0.7875000000000002 0.7406250000000002 0.8765625 0.8265625 0.8765625
2 0.95 0.39531250000000007 0.8875 0.39531250000000007 0.8875 0.5156250000000002 0.95 0.5156250000000002
2 0.83125 0.2078125000000001 0.6796875 0.2078125000000001 0.6796875 0.3750000000000001 0.83125 0.3750000000000001
2 0.06562500000000007 0.459375 5.625721233583154e-17 0.459375 6.601611651653701e-17 0.61875 0.06562500000000007 0.61875
2 0.7937500000000001 0.27343750000000006 0.3484375 0.2734375 0.34843750000000007 0.9953125 0.7937500000000002 0.9953125
2 0.4000000000000002 0.7625 0.1390625000000001 0.7625 0.13906250000000012 1 0.4000000000000002 1
2 0.6734375 0.1781250000000001 0.5609375 0.1781250000000001 0.5609375 0.2875000000000001 0.6734375 0.2875000000000001
2 0.8859375 0.30937500000000007 0.7890625 0.30937500000000007 0.7890625 0.4890625000000002 0.8859375 0.4890625000000002
2 1 0.16875000000000012 0.88125 0.1687500000000001 0.88125 0.32500000000000007 1 0.32500000000000007
2 0.5734375000000002 0.9078125 0.5234375000000002 0.9078125 0.5234375000000002 0.9578125 0.5734375000000002 0.9578125
2 0.30312500000000003 0.228125 0.19531250000000006 0.228125 0.19531250000000006 0.38125 0.3031250000000001 0.38125
2 0.846875 0.001562500000000095 0.7109375 0.0015625000000000868 0.7109375 0.1515625000000001 0.846875 0.1515625000000001
2 0.990625 0.5281250000000002 0.890625 0.5281250000000002 0.890625 0.6125000000000002 0.990625 0.6125000000000002
2 0.6078125000000002 0.8671875 0.5562500000000001 0.8671875 0.5562500000000001 0.91875 0.6078125000000002 0.91875
2 0.2531250000000001 0.6171875 7.558366963487571e-17 0.6171875 9.902417477480551e-17 1 0.2531250000000001 1
2 1 0.7093750000000002 0.953125 0.7093750000000002 0.953125 0.8 1 0.8
2 0.6843750000000002 0.815625 0.6078125000000002 0.815625 0.6078125000000002 0.9203125 0.6843750000000002 0.9203125
2 0.8578125 0.9328125 0.7843750000000002 0.9328125 0.7843750000000002 0.9984375 0.8578125 0.9984375
2 0.89375 0.1312500000000001 0.796875 0.1312500000000001 0.796875 0.24375000000000008 0.89375 0.24375000000000008
2 0.846875 0.865625 0.7500000000000002 0.865625 0.7500000000000002 0.9421875 0.846875 0.9421875
2 1 0.3750000000000001 0.946875 0.3750000000000001 0.946875 0.5546875000000002 1 0.5546875000000002
2 0.37187500000000007 0.528125 0.2406250000000001 0.528125 0.2406250000000001 0.8421875 0.37187500000000007 0.8421875
2 0.9671875 0.6546875000000002 0.8984375 0.6546875000000002 0.8984375 0.7093750000000002 0.9671875 0.7093750000000002
2 1 1.1758522782438259e-16 0.9203125 1.1270577573402985e-16 0.9203125 0.06406250000000012 1 0.06406250000000013