2 0.06875000000000012 0.9203125 1.1270577573402985e-16 0.9203125 1.1720252569964904e-16 0.99375 0.06875000000000012 0.99375
2 0.7265625000000002 0.8921875 0.5984375000000002 0.8921875 0.5984375000000002 1 0.7265625000000002 1
2 0.46093750000000017 0.8375 0.26250000000000007 0.8375 0.26250000000000007 0.9421875 0.46093750000000017 0.9421875
2 0.95625 0.6078125000000002 0.86875 0.6078125000000002 0.86875 0.7578125000000002 0.95625 0.7578125000000002
2 0.1250000000000001 0.8734375 0.050000000000000114 0.8734375 0.050000000000000114 0.95 0.12500000000000014 0.95
2 0.0609375000000001 0.7546875 9.242256312315182e-17 0.7546875 9.653661096403746e-17 0.821875 0.06093750000000011 0.821875
2 0.8625 0.5921875000000002 0.79375 0.5921875000000002 0.79375 0.6640625000000002 0.8625 0.6640625000000002
2 0.89375 0.7031250000000002 0.7703125 0.7031250000000002 0.7703125000000001 0.853125 0.89375 0.853125
2 0.696875 0.06718750000000007 0.36875 0.06718750000000004 0.36875 0.3906250000000001 0.696875 0.3906250000000001
2 0.2671875000000001 0.8328125 0.20468750000000008 0.8328125 0.20468750000000008 0.9078125 0.2671875000000001 0.9078125
2 1 0.15468750000000012 0.834375 0.1546875000000001 0.834375 0.3968750000000001 1 0.3968750000000001
2 0.15781250000000008 0.84375 0.09062500000000011 0.84375 0.09062500000000011 0.8953125 0.15781250000000008 0.8953125
2 0.7578125 0.3375000000000001 0.621875 0.3375000000000001 0.621875 0.4609375000000001 0.7578125 0.46093750000000017
2 0.8328125 0.49218750000000017 0.728125 0.49218750000000017 0.728125 0.5500000000000002 0.8328125 0.5500000000000002
2 0.8703125 0.6656250000000001 0.8234375 0.6656250000000001 0.8234375 0.7156250000000002 0.8703125 0.7156250000000002
2 0.2671875000000001 0.95625 0.21093750000000008 0.95625 0.21093750000000008 1 0.2671875000000001 1
2 0.9734375 0.02968750000000011 0.8296875 0.0296875000000001 0.8296875 0.1343750000000001 0.9734375 0.13437500000000013
2 0.5312500000000002 0.846875 0.47656250000000017 0.846875 0.47656250000000017 0.915625 0.5312500000000002 0.915625
2 0.896875 0.2515625000000001 0.7375 0.2515625000000001 0.7375 0.3968750000000001 0.896875 0.3968750000000001
2 0.1703125000000001 0.7125 0.1140625000000001 0.7125 0.1140625000000001 0.7703125 0.1703125000000001 0.7703125
2 1 0.81875 0.9171875 0.81875 0.9171875 0.9625 1 0.9625
2 0.2296875000000001 0.7671875 0.14218750000000008 0.7671875 0.14218750000000008 0.8515625 0.2296875000000001 0.8515625
2 0.6187500000000001 0.9125 0.4984375000000002 0.9125 0.4984375000000002 0.9734375 0.6187500000000001 0.9734375
2 0.8046875 0.70625 0.6390625 0.70625 0.6390625000000001 0.85625 0.8046875 0.85625
2 0.5859375 5.663991446056509e-17 0.3390625 4.152318053358994e-17 0.3390625 0.09843750000000005 0.5859375 0.09843750000000007
2 0.7375 0.37968750000000007 0.023437500000000045 0.3796875 0.023437500000000073 0.8203125 0.7375000000000002 0.8203125
2 0.25312500000000004 0.1609375 1.9709159423777714e-17 0.1609375 3.6165350787320275e-17 0.4296875 0.2531250000000001 0.4296875
2 0.8328125 0.5875000000000001 0.725 0.5875 0.725 0.7000000000000001 0.8328125 0.7000000000000002
2 0.7031250000000002 0.815625 0.5250000000000001 0.815625 0.5250000000000001 0.9109375 0.7031250000000002 0.9109375
2 0.8421875 0.90625 0.6875000000000002 0.90625 0.6875000000000002 1 0.8421875 1
2 0.11093750000000009 0.5515625 0.06093750000000007 0.5515625 0.06093750000000007 0.6015625 0.11093750000000009 0.6015625
2 0.7828125 0.22812500000000008 0.63125 0.22812500000000008 0.63125 0.3343750000000001 0.7828125 0.3343750000000001
2 1 0.7375000000000002 0.859375 0.7375000000000002 0.859375 0.871875 1 0.871875
2 0.4859375000000002 0.915625 0.4031250000000002 0.915625 0.4031250000000002 1 0.4859375000000002 1
2 0.1515625000000001 0.5828125 0.10000000000000009 0.5828125 0.10000000000000009 0.634375 0.1515625000000001 0.634375
2 0.403125 2.4684287045313837e-17 0 0 1.7412946675376432e-17 0.28437500000000004 0.403125 0.2843750000000001
2 0.3078125000000001 0.978125 0.2406250000000001 0.978125 0.2406250000000001 1 0.3078125000000001 1
2 0.2015625000000001 0.6359375 0.0984375000000001 0.6359375 0.0984375000000001 0.7125 0.2015625000000001 0.7125
2 0.0843750000000001 0.809375 0.0203125000000001 0.809375 0.0203125000000001 0.88125 0.08437500000000012 0.88125
2 0.8796875 0.8234375 0.7687500000000002 0.8234375 0.7687500000000002 0.91875 0.8796875 0.91875
2 0.1531250000000001 0.7765625 0.07656250000000009 0.7765625 0.0765625000000001 0.871875 0.1531250000000001 0.871875
2 0.6234375000000002 0.971875 0.4812500000000002 0.971875 0.4812500000000002 1 0.6234375000000002 1
2 0.4859375 0.27343750000000006 0.17656250000000004 0.2734375 0.17656250000000004 0.403125 0.4859375 0.403125
2 0.3609375000000001 0.9234375 0.3078125000000001 0.9234375 0.3078125000000001 0.990625 0.3609375000000001 0.990625
2 1 0.95 0.946875 0.95 0.946875 1 1 1