2 0.07500000000000011 0.9203125 1.1270577573402985e-16 0.9203125 1.172982012308324e-16 0.9953125 0.07500000000000011 0.9953125
2 0.7375000000000002 0.89375 0.6078125000000002 0.89375 0.6078125000000002 1 0.7375000000000002 1
2 0.46875000000000017 0.8390625 0.27031250000000007 0.8390625 0.27031250000000007 0.94375 0.46875000000000017 0.94375
2 0.96875 0.6078125000000002 0.8796875 0.6078125000000002 0.8796875 0.7578125000000002 0.96875 0.7578125000000002
2 0.13125000000000012 0.875 0.05625000000000011 0.875 0.05625000000000011 0.9515625 0.13125000000000014 0.9515625
2 0.0671875000000001 0.7546875 9.242256312315182e-17 0.7546875 9.653661096403746e-17 0.821875 0.06718750000000011 0.821875
2 0.8734375 0.5921875000000002 0.803125 0.5921875000000002 0.803125 0.6640625000000002 0.8734375 0.6640625000000002
2 0.9046875 0.7031250000000002 0.7796875 0.7031250000000002 0.7796875000000001 0.853125 0.9046875 0.853125
2 0.7078125 0.06250000000000007 0.378125 0.06250000000000004 0.37812500000000004 0.38750000000000007 0.7078125 0.38750000000000007
2 0.2750000000000001 0.834375 0.21093750000000008 0.834375 0.21093750000000008 0.909375 0.2750000000000001 0.909375
2 1 0.1515625000000001 0.8453125 0.1515625000000001 0.8453125 0.3906250000000001 1 0.3906250000000001
2 0.16406250000000008 0.8453125 0.09687500000000011 0.8453125 0.09687500000000011 0.896875 0.16406250000000008 0.896875
2 0.76875 0.3359375000000001 0.63125 0.3359375000000001 0.63125 0.4593750000000001 0.76875 0.4593750000000002
2 0.8421875 0.49218750000000017 0.7375 0.49218750000000017 0.7375 0.5500000000000002 0.8421875 0.5500000000000002
2 0.88125 0.6656250000000001 0.834375 0.6656250000000001 0.834375 0.7156250000000002 0.88125 0.7156250000000002
2 0.2750000000000001 0.9578125 0.21875000000000008 0.9578125 0.21875000000000008 1 0.2750000000000001 1
2 0.984375 0.02656250000000011 0.840625 0.0265625000000001 0.840625 0.13125000000000012 0.984375 0.13125000000000014
2 0.5390625000000002 0.846875 0.48437500000000017 0.846875 0.48437500000000017 0.915625 0.5390625000000002 0.915625
2 0.9078125 0.2500000000000001 0.7484375 0.2500000000000001 0.7484375 0.3968750000000001 0.9078125 0.3968750000000001
2 0.1765625000000001 0.7125 0.12031250000000009 0.7125 0.12031250000000009 0.7703125 0.1765625000000001 0.7703125
2 1 0.8234375 0.928125 0.8234375 0.928125 0.965625 1 0.965625
2 0.23593750000000008 0.7671875 0.14843750000000008 0.7671875 0.14843750000000008 0.8515625 0.23593750000000008 0.8515625
2 0.6265625000000001 0.9140625 0.5062500000000002 0.9140625 0.5062500000000002 0.975 0.6265625000000001 0.975
2 0.8140625 0.70625 0.6484375 0.70625 0.6484375000000001 0.8578125 0.8140625 0.8578125
2 0.590625 5.759666977239896e-17 0.35 4.286263797015736e-17 0.35 0.09531250000000005 0.590625 0.09531250000000006
2 0.7484375000000001 0.3765625 0.029687500000000044 0.3765625 0.02968750000000007 0.8203125 0.7484375000000002 0.8203125
2 0.26093750000000004 0.15468750000000003 1.894375517431062e-17 0.1546875 3.568697313140334e-17 0.428125 0.2609375000000001 0.428125
2 0.84375 0.5875000000000001 0.734375 0.5875000000000001 0.734375 0.7000000000000002 0.84375 0.7000000000000002
2 0.7140625000000002 0.815625 0.5343750000000002 0.815625 0.5343750000000002 0.9125 0.7140625000000002 0.9125
2 0.853125 0.90625 0.6968750000000001 0.90625 0.6968750000000001 1 0.853125 1
2 0.11718750000000008 0.55 0.06718750000000007 0.55 0.06718750000000007 0.6 0.11718750000000008 0.6
2 0.79375 0.2250000000000001 0.640625 0.2250000000000001 0.640625 0.3312500000000001 0.79375 0.3312500000000001
2 1 0.7375000000000002 0.86875 0.7375000000000002 0.86875 0.871875 1 0.871875
2 0.49531250000000016 0.915625 0.4109375000000002 0.915625 0.4109375000000002 1 0.49531250000000016 1
2 0.15781250000000008 0.5828125 0.1062500000000001 0.5828125 0.1062500000000001 0.634375 0.15781250000000008 0.634375
2 0.4109375 2.5354015763597545e-17 0.003125 3.827021247335479e-19 0.0031250000000000175 0.2828125 0.4109375 0.2828125000000001
2 0.3140625000000001 0.9796875 0.2500000000000001 0.9796875 0.2500000000000001 1 0.3140625000000001 1
2 0.2093750000000001 0.634375 0.10468750000000009 0.634375 0.10468750000000009 0.7109375 0.2093750000000001 0.7109375
2 0.0906250000000001 0.809375 0.0265625000000001 0.809375 0.026562500000000107 0.8828125 0.09062500000000011 0.8828125
2 0.8890625 0.8234375 0.7781250000000002 0.8234375 0.7781250000000002 0.91875 0.8890625 0.91875
2 0.1593750000000001 0.7765625 0.0828125000000001 0.7765625 0.0828125000000001 0.8734375 0.1593750000000001 0.8734375
2 0.6328125000000002 0.9734375 0.4906250000000002 0.9734375 0.4906250000000002 1 0.6328125000000002 1
2 0.4953125 0.27031250000000007 0.18437500000000004 0.2703125 0.18437500000000004 0.4 0.4953125 0.4
2 0.3687500000000001 0.9234375 0.3156250000000001 0.9234375 0.3156250000000001 0.9921875 0.3687500000000001 0.9921875