2 0.14062500000000006 0.4109375 5.032532940246154e-17 0.4109375 6.171071761328458e-17 0.596875 0.14062500000000008 0.596875
2 0.9953125 0.4703125000000002 0.86875 0.4703125000000002 0.86875 0.6218750000000002 0.9953125 0.6218750000000002
2 0.940625 0.5203125000000002 0.728125 0.5203125000000002 0.728125 0.6781250000000002 0.940625 0.6781250000000002
2 0.121875 7.462691432304185e-18 0 0 6.6972871828370884e-18 0.109375 0.121875 0.109375
2 0.690625 0.3281250000000001 0.5921875 0.3281250000000001 0.5921875 0.4078125 0.690625 0.4078125
2 0.603125 0.13125000000000006 0.53125 0.13125000000000003 0.53125 0.19375000000000006 0.603125 0.1937500000000001
2 0.43125 0.3765625 0.3437500000000001 0.3765625 0.3437500000000001 0.4890625 0.43125 0.4890625
2 0.12187500000000002 0.1546875 0.04843750000000002 0.1546875 0.04843750000000003 0.26875 0.12187500000000004 0.26875
2 0.7921875 0.7140625 0.7015625 0.7140625 0.7015625000000001 0.7671875000000001 0.7921875000000002 0.7671875000000001
2 0.05156250000000003 0.2359375 2.8894010417382865e-17 0.2359375 3.300805825826851e-17 0.303125 0.051562500000000046 0.303125
2 0.37031250000000004 0.22500000000000003 0.225 0.225 0.22500000000000003 0.37343750000000003 0.3703125000000001 0.3734375000000001
2 1 0.3281250000000001 0.9234375 0.3281250000000001 0.9234375 0.42500000000000016 1 0.42500000000000016
2 0.771875 0.28593750000000007 0.634375 0.28593750000000007 0.634375 0.4046875000000001 0.771875 0.4046875000000002
2 0.63125 0.2843750000000001 0.55625 0.2843750000000001 0.55625 0.3687500000000001 0.63125 0.3687500000000001
2 0.5703125 0.3343750000000001 0.5015625 0.3343750000000001 0.5015625 0.3906250000000001 0.5703125 0.3906250000000001
2 0.615625 0.19375000000000006 0.5203125 0.19375000000000003 0.5203125 0.2796875000000001 0.615625 0.2796875000000001
2 0.3578125000000001 0.409375 0.13437500000000005 0.409375 0.13437500000000008 0.6703125 0.3578125000000001 0.6703125
2 0.7921875 0.5984375000000002 0.7515625 0.5984375000000002 0.7515625 0.6671875000000002 0.7921875 0.6671875000000002
2 0.84375 0.2000000000000001 0.778125 0.2000000000000001 0.778125 0.2593750000000001 0.84375 0.2593750000000001
2 0.17968750000000008 0.5890625 7.213935051227377e-17 0.5890625 8.562960040913134e-17 0.809375 0.17968750000000008 0.809375
2 0.7796875 0.2375000000000001 0.7046875 0.2375000000000001 0.7046875 0.3156250000000001 0.7796875 0.3156250000000001
2 0.8453125 0.3453125000000001 0.7453125 0.3453125000000001 0.7453125 0.4437500000000002 0.8453125 0.4437500000000002
2 0.41875 0.5875 0.2500000000000001 0.5875 0.2500000000000001 0.6984375 0.41875 0.6984375
2 0.940625 0.5203125000000002 0.728125 0.5203125000000002 0.728125 0.6781250000000002 0.940625 0.6781250000000002
2 0.13593750000000002 0.09375000000000001 0.01562500000000001 0.09375 0.015625000000000017 0.184375 0.13593750000000004 0.184375
2 0.24843750000000003 0.296875 0.19687500000000005 0.296875 0.19687500000000005 0.365625 0.2484375000000001 0.365625
2 0.7015625 0.4015625 0.453125 0.4015625 0.453125 0.66875 0.7015625 0.66875
2 0.2234375 0.14843750000000003 0.115625 0.1484375 0.11562500000000002 0.2703125 0.2234375 0.2703125
2 0.61875 0.625 0.5046875 0.625 0.5046875 0.7203125 0.61875 0.7203125
2 0.965625 0.6250000000000002 0.85 0.6250000000000002 0.85 0.7234375000000002 0.965625 0.7234375000000002
2 0.18125000000000005 0.315625 0.06406250000000005 0.315625 0.06406250000000005 0.425 0.18125000000000005 0.425
2 1 0.5812500000000002 0.95 0.5812500000000002 0.95 0.7046875000000001 1 0.7046875000000001
2 0.19218750000000004 0.409375 0.10781250000000005 0.409375 0.10781250000000005 0.4984375 0.19218750000000004 0.4984375
2 1 0.3765625000000001 0.9703125 0.3765625000000001 0.9703125 0.5500000000000002 1 0.5500000000000002
2 0.3890625 0.06250000000000004 0.3328125 0.06250000000000004 0.3328125 0.14375000000000004 0.3890625 0.14375000000000004
2 0.3531250000000001 0.4375 0.31718750000000007 0.4375 0.31718750000000007 0.49375 0.3531250000000001 0.49375
2 0.1953125000000001 0.78125 0.05468750000000009 0.78125 0.0546875000000001 0.9078125 0.19531250000000014 0.9078125
2 0.29375000000000007 0.3171875 0.24375 0.3171875 0.24375000000000005 0.4234375 0.29375000000000007 0.4234375