2 1 0.3750000000000001 0.8921875 0.3750000000000001 0.8921875 0.5593750000000002 1 0.5593750000000002
2 0.13125000000000003 0.3484375 4.267128690779059e-17 0.3484375 5.243019108849606e-17 0.5078125 0.13125000000000003 0.5078125
2 0.27812500000000007 0.290625 0.05625000000000004 0.290625 0.05625000000000006 0.45625 0.27812500000000007 0.45625
2 1 0.8890625 0.9109375 0.8890625 0.9109375 1 1 1
2 0.4203125 0.5703125 0.31718750000000007 0.5703125 0.31718750000000007 0.6546875 0.4203125 0.6546875
2 0.48437500000000017 0.7953125 0.40937500000000016 0.7953125 0.40937500000000016 0.8609375 0.48437500000000017 0.8609375
2 0.6796875 0.4875 0.5890625 0.4875 0.5890625 0.6046875 0.6796875 0.6046875
2 0.9875 0.7171875000000002 0.9109375 0.7171875000000002 0.9109375 0.8359375 0.9875 0.8359375
2 0.30625 0.19687500000000005 0.2125 0.19687500000000005 0.2125 0.253125 0.30625 0.253125
2 0.8046875 0.6078125000000001 0.653125 0.6078125 0.6531250000000001 0.7625000000000001 0.8046875 0.7625000000000002
2 0.07187500000000008 0.5546875 6.792962714020475e-17 0.5546875 7.41485366671249e-17 0.65625 0.07187500000000009 0.65625
2 0.3750000000000001 0.575 0.2312500000000001 0.575 0.2312500000000001 0.6984375 0.3750000000000001 0.6984375
2 0.459375 0.6140625 0.37968750000000007 0.6140625 0.37968750000000007 0.7015625 0.459375 0.7015625
2 0.515625 0.590625 0.44375 0.590625 0.44375 0.6484375 0.515625 0.6484375
2 0.4953125000000001 0.7046875 0.3968750000000001 0.7046875 0.3968750000000001 0.7953125 0.49531250000000016 0.7953125
2 0.8984375 0.2984375000000001 0.665625 0.2984375000000001 0.665625 0.5703125000000001 0.8984375 0.5703125000000002
2 0.25312500000000004 0.3015625 0.2109375 0.3015625 0.21093750000000006 0.3734375 0.2531250000000001 0.3734375
2 0.2250000000000001 0.7265625 0.15781250000000008 0.7265625 0.15781250000000008 0.7890625 0.2250000000000001 0.7890625
2 1 0.15312500000000012 0.85 0.1531250000000001 0.85 0.3843750000000001 1 0.3843750000000001
2 0.3031250000000001 0.66875 0.2250000000000001 0.66875 0.2250000000000001 0.75 0.3031250000000001 0.75
2 0.2593750000000001 0.5359375 0.15468750000000003 0.5359375 0.15468750000000006 0.6390625 0.2593750000000001 0.6390625
2 0.7765625 0.2687500000000001 0.6 0.2687500000000001 0.6 0.3843750000000001 0.7765625 0.3843750000000001
2 0.27812500000000007 0.290625 0.05625000000000004 0.290625 0.05625000000000006 0.45625 0.27812500000000007 0.45625
2 1 0.8046875 0.8953125 0.8046875 0.8953125 0.9 1 0.9
2 0.8328125 0.6156250000000002 0.7796875 0.6156250000000002 0.7796875 0.6875000000000002 0.8328125 0.6875000000000002
2 0.565625 0.30000000000000004 0.30625 0.3 0.30625 0.5796875 0.565625 0.5796875
2 0.91875 0.7140625000000002 0.80625 0.7140625000000002 0.80625 0.8421875 0.91875 0.8421875
2 0.5125 0.2468750000000001 0.39375 0.2468750000000001 0.39375 0.3453125000000001 0.5125 0.3453125000000001
2 0.15156250000000004 0.2421875 0.031250000000000035 0.2421875 0.03125000000000004 0.3453125 0.15156250000000004 0.3453125
2 0.971875 0.5531250000000002 0.8484375 0.5531250000000002 0.8484375 0.6671875000000002 0.971875 0.6671875000000002
2 0.04531250000000004 0.2625 3.214697847761802e-17 0.2625 3.9418318847555435e-17 0.38125 0.04531250000000005 0.38125
2 0.925 0.47656250000000017 0.8375 0.47656250000000017 0.8375 0.5703125000000002 0.925 0.5703125000000002
2 0.025000000000000067 0.425 5.204748896376251e-17 0.425 6.276314845630184e-17 0.6 0.025000000000000078 0.6
2 0.6921875000000002 0.8484375 0.6328125000000002 0.8484375 0.6328125000000002 0.9328125 0.6921875000000002 0.9328125
2 0.7078125 0.4828125 0.6703125 0.4828125 0.6703125 0.540625 0.7078125 0.540625
2 0.98125 0.050000000000000114 0.834375 0.050000000000000114 0.834375 0.1812500000000001 0.98125 0.18125000000000013
2 0.7828125 0.5562500000000001 0.73125 0.5562500000000001 0.73125 0.6671875000000002 0.7828125 0.6671875000000002