2 0.5968750000000002 0.859375 0.4078125000000002 0.859375 0.4078125000000002 1 0.5968750000000002 1
2 0.621875 6.668584523482072e-17 0.4671875 5.72139676476654e-17 0.4671875 0.12031250000000007 0.621875 0.12031250000000009
2 0.6796875 0.045312500000000075 0.51875 0.04531250000000007 0.51875 0.26250000000000007 0.6796875 0.26250000000000007
2 0.10156250000000011 0.878125 1.0753929705012696e-16 0.878125 1.1500198848243113e-16 1 0.10156250000000014 1
2 0.40625 0.30156250000000007 0.325 0.3015625 0.32500000000000007 0.4015625 0.40625 0.4015625
2 0.18750000000000006 0.390625 0.12343750000000005 0.390625 0.12343750000000005 0.4640625 0.18750000000000006 0.4640625
2 0.4875 0.5640625 0.3734375000000001 0.5640625 0.3734375000000001 0.653125 0.4875 0.653125
2 0.2640625000000001 0.878125 0.14843750000000008 0.878125 0.1484375000000001 0.953125 0.2640625000000001 0.953125
2 0.771875 0.1984375000000001 0.7171875 0.1984375000000001 0.7171875 0.2906250000000001 0.771875 0.2906250000000001
2 0.2984375000000001 0.95 0.2296875000000001 0.95 0.2296875000000001 1 0.2984375000000001 1
2 0.37187500000000007 0.628125 0.22031250000000008 0.628125 0.22031250000000008 0.775 0.37187500000000007 0.775
2 0.4234375 4.582857943684235e-17 0.325 3.980102097228898e-17 0.325 0.06250000000000004 0.4234375 0.06250000000000004
2 0.4015625 0.21875000000000006 0.28125 0.21875 0.28125 0.35781250000000003 0.4015625 0.3578125000000001
2 0.36562500000000003 0.36250000000000004 0.2796875 0.3625 0.27968750000000003 0.4390625 0.3656250000000001 0.4390625
2 0.38750000000000007 0.4234375 0.3312500000000001 0.4234375 0.3312500000000001 0.49375 0.38750000000000007 0.49375
2 0.2750000000000001 0.3765625 0.18750000000000006 0.3765625 0.18750000000000006 0.4734375 0.2750000000000001 0.4734375
2 0.6703125000000001 0.640625 0.40625 0.640625 0.4062500000000001 0.8671875 0.6703125000000002 0.8671875
2 0.66875 0.1984375000000001 0.6 0.1984375000000001 0.6 0.2390625000000001 0.66875 0.2390625000000001
2 0.2546875 0.14687500000000003 0.19375 0.14687500000000003 0.19375000000000003 0.2125 0.2546875 0.2125
2 0.8140625 0.8203125 0.5890625000000002 0.8203125 0.5890625000000002 1 0.8140625 1
2 0.3109375 0.2109375 0.23125 0.2109375 0.23125 0.2875 0.3109375 0.2875
2 0.440625 0.14375000000000004 0.340625 0.14375000000000004 0.340625 0.24531250000000004 0.440625 0.2453125000000001
2 0.7015625000000001 0.5765625 0.5890625 0.5765625 0.5890625 0.7484375 0.7015625000000002 0.7484375
2 0.6796875 0.045312500000000075 0.51875 0.04531250000000007 0.51875 0.26250000000000007 0.6796875 0.26250000000000007
2 0.1796875000000001 0.8640625 0.0875000000000001 0.8640625 0.0875000000000001 0.9875 0.17968750000000014 0.9875
2 0.3625000000000001 0.75 0.2921875000000001 0.75 0.2921875000000001 0.803125 0.3625000000000001 0.803125
2 0.6703125 0.2906250000000001 0.3984375 0.2906250000000001 0.39843750000000006 0.54375 0.6703125 0.54375
2 0.2656250000000001 0.7765625 0.14218750000000008 0.7765625 0.14218750000000008 0.8859375 0.2656250000000001 0.8859375
2 0.7234375 0.3750000000000001 0.6265625 0.3750000000000001 0.6265625 0.490625 0.7234375 0.490625
2 0.7265625 0.021875000000000082 0.6265625 0.02187500000000008 0.6265625 0.1390625000000001 0.7265625 0.1390625000000001
2 0.4234375000000002 0.8171875 0.3125000000000001 0.8171875 0.3125000000000001 0.9375 0.4234375000000002 0.9375
2 0.7015625 7.979339300694474e-17 0.6015625 7.367015901120797e-17 0.6015625 0.03593750000000008 0.7015625 0.03593750000000009
2 0.4984375000000002 0.8078125 0.4078125000000002 0.8078125 0.4078125000000002 0.89375 0.4984375000000002 0.89375
2 0.5484375 5.750099424121557e-17 0.390625 4.7837765591693485e-17 0.390625 0.01562500000000006 0.5484375 0.015625000000000066
2 0.1375000000000001 0.6078125 0.05468750000000007 0.6078125 0.054687500000000076 0.665625 0.1375000000000001 0.665625
2 0.4921875 0.6453125 0.4359375 0.6453125 0.4359375 0.68125 0.4921875 0.68125
2 0.9125 0.8046875 0.7843750000000002 0.8046875 0.7843750000000002 0.946875 0.9125 0.946875
2 0.4218750000000001 0.7046875 0.3140625000000001 0.7046875 0.3140625000000001 0.7546875 0.42187500000000017 0.7546875