2 0.2453125000000001 0.625 0.21250000000000008 0.625 0.21250000000000008 0.665625 0.2453125000000001 0.665625
2 0.65625 0.4984375 0.565625 0.4984375 0.565625 0.625 0.65625 0.625
2 0.6890625 0.5296875 0.646875 0.5296875 0.646875 0.5859375 0.6890625 0.5859375
2 0.5203125 0.34375000000000006 0.321875 0.34375 0.321875 0.4796875 0.5203125 0.4796875
2 0.0796875000000001 0.88125 0.04843750000000011 0.88125 0.04843750000000011 0.93125 0.0796875000000001 0.93125
2 0.15625000000000006 0.3515625 0.028125000000000046 0.3515625 0.02812500000000005 0.4984375 0.15625000000000006 0.4984375
2 0.2593750000000001 0.775 0.20468750000000008 0.775 0.20468750000000008 0.815625 0.2593750000000001 0.815625
2 0.2687500000000001 0.440625 0.2390625000000001 0.440625 0.2390625000000001 0.4875 0.2687500000000001 0.4875
2 0.75625 0.565625 0.6828125 0.565625 0.6828125 0.6468750000000001 0.75625 0.6468750000000002
2 0.6750000000000002 0.8140625 0.5859375000000002 0.8140625 0.5859375000000002 0.9234375 0.6750000000000002 0.9234375
2 0.07968750000000009 0.65 0.028125000000000077 0.65 0.028125000000000084 0.70625 0.07968750000000009 0.70625
2 0.2921875000000001 0.453125 0.2609375000000001 0.453125 0.2609375000000001 0.4890625 0.2921875000000001 0.4890625
2 0.6296875 0.13750000000000007 0.315625 0.13750000000000004 0.31562500000000004 0.4 0.6296875 0.4
2 0.1531250000000001 0.6515625 0.08593750000000008 0.6515625 0.08593750000000008 0.70625 0.1531250000000001 0.70625
2 0.06718750000000008 0.5828125 7.137394626280668e-17 0.5828125 7.577502069724247e-17 0.6546875 0.0671875000000001 0.6546875
2 0.6468750000000002 0.7703125 0.5640625000000001 0.7703125 0.5640625000000001 0.875 0.6468750000000002 0.875
2 1 0.4421875000000002 0.8203125 0.4421875000000002 0.8203125 0.6546875000000002 1 0.6546875000000002
2 0.032812500000000085 0.64375 7.883663769511086e-17 0.64375 8.122852597469554e-17 0.6828125 0.03281250000000009 0.6828125
2 0.1609375000000001 0.8328125 0.13281250000000008 0.8328125 0.13281250000000008 0.86875 0.1609375000000001 0.86875
2 0.6890625 0.5703125 0.61875 0.5703125 0.61875 0.65625 0.6890625 0.65625
2 0.659375 0.671875 0.59375 0.671875 0.5937500000000001 0.7484375 0.6593750000000002 0.7484375
2 0.3921875 4.047074969057269e-17 0.26875 3.2912382727085115e-17 0.26875 0.08281250000000004 0.3921875 0.08281250000000004
2 0.4453125 0.017187500000000043 0.2921875 0.017187500000000033 0.2921875 0.12187500000000004 0.4453125 0.12187500000000004
2 0.22031250000000008 0.565625 0.1828125000000001 0.565625 0.1828125000000001 0.6078125 0.22031250000000008 0.6078125
2 1 0.1343750000000001 0.834375 0.13437500000000008 0.834375 0.4468750000000002 1 0.4468750000000002
2 0.3984375000000001 0.54375 0.3312500000000001 0.54375 0.3312500000000001 0.6015625 0.3984375000000001 0.6015625
2 0.20312500000000008 0.6796875 0.12500000000000008 0.6796875 0.12500000000000008 0.74375 0.20312500000000008 0.74375
2 0.3546875000000001 0.4109375 0.31718750000000007 0.4109375 0.31718750000000007 0.46875 0.3546875000000001 0.46875
2 0.4796875 0.45625 0.34843750000000007 0.45625 0.34843750000000007 0.59375 0.4796875 0.59375
2 0.2796875 2.6119420013064645e-17 0.146875 1.798699986247675e-17 0.146875 0.12812500000000002 0.2796875 0.12812500000000004
2 0.4265625 0.6546875 0.35625000000000007 0.6546875 0.35625000000000007 0.7171875 0.4265625 0.7171875
2 0.18750000000000008 0.5609375 0.07656250000000006 0.5609375 0.07656250000000007 0.6515625 0.18750000000000008 0.6515625
2 0.3765625 0.04687500000000003 0.103125 0.046875000000000014 0.10312500000000002 0.51875 0.3765625000000001 0.51875
2 0.7265625 8.285501000481311e-17 0.6265625 7.673177600907635e-17 0.6265625 0.08750000000000008 0.7265625 0.08750000000000009
2 0.78125 0.4625000000000001 0.6328125 0.4625 0.6328125 0.5718750000000001 0.78125 0.5718750000000001
2 0.8109375 0.6750000000000002 0.7453125 0.6750000000000002 0.7453125 0.7578125000000002 0.8109375 0.7578125000000002
2 0.1625000000000001 0.7921875 0.0984375000000001 0.7921875 0.0984375000000001 0.825 0.1625000000000001 0.825
2 0.7968750000000002 0.9015625 0.6921875000000002 0.9015625 0.6921875000000002 1 0.7968750000000002 1
2 0.3453125000000001 0.578125 0.3062500000000001 0.578125 0.3062500000000001 0.621875 0.3453125000000001 0.621875
2 0.2578125000000001 0.534375 0.2140625000000001 0.534375 0.2140625000000001 0.59375 0.2578125000000001 0.59375
2 0.578125 0.009375000000000062 0.4390625 0.009375000000000053 0.4390625 0.13906250000000006 0.578125 0.1390625000000001
2 0.3968750000000001 0.709375 0.33281250000000007 0.709375 0.33281250000000007 0.7765625 0.3968750000000001 0.7765625
2 0.9765625 0.8328125 0.8953125 0.8328125 0.8953125 0.9140625 0.9765625 0.9140625
2 0.09375000000000003 0.1390625 0.007812500000000017 0.1390625 0.00781250000000002 0.2 0.09375000000000003 0.2
2 0.8875 0.5906250000000002 0.740625 0.5906250000000002 0.7406250000000001 0.7390625000000002 0.8875 0.7390625000000002
2 0.85625 0.7593750000000001 0.7640625000000002 0.7593750000000001 0.7640625000000002 0.825 0.85625 0.825
2 0.09843750000000008 0.6125 0.05312500000000007 0.6125 0.053125000000000075 0.659375 0.0984375000000001 0.659375
2 0.3500000000000001 0.659375 0.2875000000000001 0.659375 0.2875000000000001 0.765625 0.3500000000000001 0.765625
2 0.909375 0.7734375000000002 0.7859375000000002 0.7734375000000002 0.7859375000000002 0.90625 0.909375 0.90625
2 0.4546875 0.5875 0.39531250000000007 0.5875 0.39531250000000007 0.6609375 0.4546875 0.6609375
2 0.65 0.2828125000000001 0.5234375 0.2828125000000001 0.5234375 0.4546875 0.65 0.4546875
2 0.34843750000000007 0.6 0.2734375000000001 0.6 0.2734375000000001 0.659375 0.34843750000000007 0.659375
2 0.6046875 0.625 0.428125 0.625 0.4281250000000001 0.7625 0.6046875000000002 0.7625
2 0.6750000000000002 0.95 0.5906250000000002 0.95 0.5906250000000002 1 0.6750000000000002 1
2 0.7765625 0.09531250000000008 0.6015625 0.09531250000000006 0.6015625 0.3859375000000001 0.7765625 0.3859375000000001
2 0.85 0.17968750000000008 0.740625 0.17968750000000008 0.740625 0.4203125000000002 0.85 0.4203125000000002
2 0.3046875000000001 0.5828125 0.25468750000000007 0.5828125 0.25468750000000007 0.6171875 0.3046875000000001 0.6171875
2 0.15312500000000012 0.85625 0.1218750000000001 0.85625 0.12187500000000011 0.9140625 0.15312500000000012 0.9140625
2 0.5406250000000001 0.7625 0.4828125000000002 0.7625 0.4828125000000002 0.859375 0.5406250000000001 0.859375
2 0.3218750000000001 0.4671875 0.2906250000000001 0.4671875 0.2906250000000001 0.5078125 0.3218750000000001 0.5078125
2 0.18125000000000008 0.5296875 0.10937500000000004 0.5296875 0.10937500000000007 0.6046875 0.18125000000000008 0.6046875
2 0.828125 0.8640625 0.6984375000000002 0.8640625 0.6984375000000002 0.953125 0.828125 0.953125
2 0.1453125 0.1796875 0.004687500000000022 0.1796875 0.004687500000000032 0.340625 0.14531250000000004 0.340625
2 0.7671875000000001 0.7265625000000001 0.6359375000000002 0.7265625 0.6359375000000002 0.8796875 0.7671875000000001 0.8796875
2 0.81875 0.815625 0.7593750000000001 0.815625 0.7593750000000001 0.875 0.81875 0.875
2 0.3109375000000001 0.4296875 0.2828125000000001 0.4296875 0.2828125000000001 0.4734375 0.3109375000000001 0.4734375
2 0.7078125000000001 0.66875 0.653125 0.66875 0.6531250000000001 0.728125 0.7078125000000002 0.728125
2 0.04375000000000011 0.796875 9.758904180705471e-17 0.796875 1.0199011624149052e-16 0.86875 0.04375000000000011 0.86875
2 0.5656250000000002 0.7359375 0.4890625000000002 0.7359375 0.4890625000000002 0.784375 0.5656250000000002 0.784375
2 0.20312500000000008 0.725 0.12656250000000008 0.725 0.12656250000000008 0.8 0.20312500000000008 0.8
2 0.39531250000000007 0.7609375 0.3218750000000001 0.7609375 0.3218750000000001 0.821875 0.39531250000000007 0.821875
2 0.07968750000000005 0.2859375 3.501724441311963e-17 0.2859375 4.3341015626074294e-17 0.421875 0.07968750000000005 0.421875
2 0.2171875000000001 0.8328125 0.17968750000000008 0.8328125 0.17968750000000008 0.8828125 0.2171875000000001 0.8828125
2 0.3140625000000001 0.5015625 0.2515625000000001 0.5015625 0.2515625000000001 0.5921875 0.3140625000000001 0.5921875
2 0.0906250000000001 0.6859375 8.400311637901375e-17 0.6859375 8.763878656398247e-17 0.7453125 0.0906250000000001 0.7453125
2 0.578125 0.590625 0.5171875 0.590625 0.5171875 0.6546875 0.578125 0.6546875
2 0.5656250000000002 0.8640625 0.5218750000000002 0.8640625 0.5218750000000002 0.9171875 0.5656250000000002 0.9171875
2 0.2921875000000001 0.478125 0.19375000000000003 0.478125 0.19375000000000006 0.5453125 0.2921875000000001 0.5453125
2 0.9078125 0.5281250000000002 0.7671875 0.5281250000000002 0.7671875 0.7015625000000002 0.9078125 0.7015625000000002
2 0.19531250000000008 0.7921875 0.1593750000000001 0.7921875 0.1593750000000001 0.8171875 0.19531250000000008 0.8171875
2 0.9125 0.5359375000000002 0.8421875 0.5359375000000002 0.8421875 0.6187500000000001 0.9125 0.6187500000000001
2 0.06875000000000006 0.434375 5.319559533796316e-17 0.434375 5.903180274014976e-17 0.5296875 0.06875000000000006 0.5296875
2 0.1546875000000001 0.71875 0.03750000000000009 0.71875 0.037500000000000096 0.846875 0.1546875000000001 0.846875
2 0.14218750000000013 0.9453125 0.03750000000000011 0.9453125 0.03750000000000012 1 0.14218750000000013 1