2 0.78125 0.3500000000000001 0.7453125 0.3500000000000001 0.7453125 0.3937500000000001 0.78125 0.3937500000000001
2 0.3968750000000001 0.39375000000000004 0.3000000000000001 0.39375 0.3000000000000001 0.5296875 0.3968750000000001 0.5296875
2 0.30937500000000007 0.434375 0.2640625000000001 0.434375 0.2640625000000001 0.4953125 0.30937500000000007 0.4953125
2 0.6625 0.5515625 0.446875 0.5515625 0.446875 0.6984375 0.6625 0.6984375
2 0.959375 0.06093750000000011 0.925 0.06093750000000011 0.925 0.11562500000000013 0.959375 0.11562500000000013
2 0.98125 0.5312500000000002 0.8421875 0.5312500000000002 0.8421875 0.6906250000000002 0.98125 0.6906250000000002
2 0.7890625 0.1859375000000001 0.7296875 0.1859375000000001 0.7296875 0.2296875000000001 0.7890625 0.2296875000000001
2 0.7515625 0.5437500000000001 0.7203125 0.54375 0.7203125 0.5937500000000001 0.7515625 0.5937500000000002
2 0.27031250000000007 0.36875 0.19062500000000004 0.36875 0.19062500000000004 0.4578125 0.27031250000000007 0.4578125
2 0.3765625 0.06875000000000005 0.2796875 0.06875000000000005 0.2796875 0.18750000000000006 0.3765625 0.18750000000000006
2 0.9796875 0.3062500000000001 0.925 0.3062500000000001 0.925 0.3671875000000001 0.9796875 0.3671875000000001
2 0.7296875 0.5406250000000001 0.6953125 0.540625 0.6953125 0.5796875000000001 0.7296875 0.5796875000000001
2 0.6703125000000001 0.6375 0.3281250000000001 0.6375 0.3281250000000001 0.9234375 0.6703125000000002 0.9234375
2 0.91875 0.3062500000000001 0.8453125 0.3062500000000001 0.8453125 0.3656250000000001 0.91875 0.3656250000000001
2 1 0.3625000000000001 0.9375 0.3625000000000001 0.9375 0.44062500000000016 1 0.44062500000000016
2 0.4 0.12343750000000005 0.309375 0.12343750000000005 0.309375 0.23593750000000005 0.4 0.23593750000000008
2 0.12031250000000007 0.403125 4.9368574090627673e-17 0.403125 6.09453133638175e-17 0.5921875 0.12031250000000009 0.5921875
2 1 0.3312500000000001 0.975 0.3312500000000001 0.975 0.3703125000000001 1 0.3703125000000001
2 0.86875 0.1296875000000001 0.8375 0.1296875000000001 0.8375 0.1671875000000001 0.86875 0.1671875000000001
2 0.34062500000000007 0.359375 0.2640625 0.359375 0.26406250000000003 0.4515625 0.34062500000000007 0.4515625
2 0.3671875 0.259375 0.2953125 0.259375 0.2953125 0.34218750000000003 0.3671875 0.3421875000000001
2 0.6953125000000002 0.9390625 0.5281250000000002 0.9390625 0.5281250000000002 1 0.6953125000000002 1
2 0.8140625 0.4109375000000002 0.771875 0.4109375000000002 0.771875 0.45625000000000016 0.8140625 0.45625000000000016
2 0.10468750000000011 0.603125 7.386151007357474e-17 0.603125 9.366634502853585e-17 0.9265625 0.10468750000000013 0.9265625
2 0.6515625 0.41875 0.578125 0.41875 0.578125 0.48125 0.6515625 0.48125
2 0.875 0.2640625000000001 0.790625 0.2640625000000001 0.790625 0.3343750000000001 0.875 0.3343750000000001
2 0.6671875 0.5640625 0.6265625 0.5640625 0.6265625 0.6265625 0.6671875 0.6265625
2 0.6328125 0.4265625 0.4890625 0.4265625 0.4890625 0.5765625 0.6328125 0.5765625
2 0.803125 0.93125 0.7312500000000002 0.93125 0.7312500000000002 1 0.803125 1
2 0.625 0.29375000000000007 0.5484375 0.29375000000000007 0.5484375 0.3609375000000001 0.625 0.3609375000000001
2 0.928125 0.3656250000000001 0.8078125 0.3656250000000001 0.8078125 0.46406250000000016 0.928125 0.46406250000000016
2 0.9 0.5078125000000001 0.603125 0.5078125 0.6031250000000001 1 0.9 1
2 0.32500000000000007 0.4515625 0.16406250000000006 0.4515625 0.16406250000000006 0.5703125 0.32500000000000007 0.5703125
2 0.203125 0.25 0.13125000000000003 0.25 0.13125000000000003 0.3390625 0.203125 0.3390625
2 0.9046875 0.1750000000000001 0.8359375 0.1750000000000001 0.8359375 0.21093750000000008 0.9046875 0.21093750000000008
2 0.2609375 2.4971313638864e-17 0.146875 1.798699986247675e-17 0.146875 0.09218750000000002 0.2609375 0.09218750000000002
2 0.6796875 0.3968750000000001 0.6375 0.3968750000000001 0.6375 0.44375 0.6796875 0.44375
2 0.7796875 0.4265625000000002 0.73125 0.4265625000000002 0.73125 0.49218750000000017 0.7796875 0.49218750000000017
2 0.5125000000000002 0.921875 0.3843750000000001 0.921875 0.3843750000000001 1 0.5125000000000002 1
2 0.65 0.2296875000000001 0.5796875 0.2296875000000001 0.5796875 0.3031250000000001 0.65 0.3031250000000001
2 0.039062500000000014 0.0796875 9.75890418070547e-18 0.0796875 1.511673392697514e-17 0.1671875 0.03906250000000002 0.1671875
2 1 0.853125 0.909375 0.853125 0.909375 0.9203125 1 0.9203125
2 0.20781250000000004 0.2703125 0.048437500000000036 0.2703125 0.04843750000000004 0.43125 0.2078125000000001 0.43125
2 0.18125000000000002 0.1765625 0.08125000000000002 0.1765625 0.08125000000000002 0.2484375 0.18125000000000005 0.2484375
2 0.9546875 0.35625000000000007 0.90625 0.35625000000000007 0.90625 0.40625000000000017 0.9546875 0.40625000000000017
2 0.7 0.2406250000000001 0.63125 0.2406250000000001 0.63125 0.35625000000000007 0.7 0.35625000000000007
2 0.15937500000000002 0.08750000000000001 0.025000000000000012 0.0875 0.025000000000000022 0.2328125 0.15937500000000004 0.2328125
2 0.5828125 0.3546875000000001 0.5171875 0.3546875000000001 0.5171875 0.434375 0.5828125 0.434375
2 0.4437500000000001 0.578125 0.3062500000000001 0.578125 0.3062500000000001 0.7640625 0.4437500000000002 0.7640625
2 0.7140625 0.35625000000000007 0.6328125 0.35625000000000007 0.6328125 0.4203125 0.7140625 0.4203125
2 0.546875 0.24375000000000005 0.3546875 0.24375 0.35468750000000004 0.39375000000000004 0.546875 0.3937500000000001
2 0.3703125 3.970534544110559e-17 0.278125 3.406048910128576e-17 0.278125 0.03906250000000004 0.3703125 0.03906250000000004
2 0.3578125000000001 0.653125 0.1671875000000001 0.653125 0.1671875000000001 0.96875 0.3578125000000001 0.96875
2 0.2078125000000001 0.6140625 0.08906250000000007 0.6140625 0.08906250000000009 0.8765625 0.2078125000000001 0.8765625
2 0.734375 0.4015625000000001 0.6796875 0.4015625 0.6796875 0.4390625000000001 0.734375 0.4390625000000002
2 0.8796875 0.0796875000000001 0.8453125 0.0796875000000001 0.8453125 0.14218750000000008 0.8796875 0.14218750000000008
2 0.4875 0.13750000000000004 0.425 0.13750000000000004 0.425 0.24375000000000008 0.4875 0.24375000000000008
2 0.696875 0.521875 0.6625 0.521875 0.6625 0.565625 0.696875 0.565625
2 0.8921875 0.4156250000000002 0.8140625 0.4156250000000002 0.8140625 0.4968750000000002 0.8921875 0.4968750000000002
2 0.253125 0.035937500000000025 0.1125 0.03593750000000001 0.1125 0.13281250000000003 0.253125 0.13281250000000006
2 1 0.7015625000000002 0.8546875 0.7015625000000002 0.8546875 0.8703125 1 0.8703125
2 0.321875 0.11718750000000003 0.178125 0.1171875 0.17812500000000003 0.2828125 0.321875 0.2828125
2 0.18750000000000003 0.12187500000000002 0.121875 0.121875 0.12187500000000002 0.18593750000000003 0.18750000000000006 0.18593750000000003
2 0.7046875 0.5578125 0.6734375 0.5578125 0.6734375 0.6046875 0.7046875 0.6046875
2 0.303125 0.2828125 0.24375 0.2828125 0.24375 0.346875 0.303125 0.346875
2 1 0.12812500000000013 0.9625 0.12812500000000013 0.9625 0.19687500000000013 1 0.19687500000000013
2 0.48125 0.22031250000000008 0.396875 0.22031250000000008 0.396875 0.2734375000000001 0.48125 0.2734375000000001
2 0.875 0.20468750000000008 0.7921875 0.20468750000000008 0.7921875 0.28593750000000007 0.875 0.28593750000000007
2 0.6625 0.17968750000000008 0.5828125 0.17968750000000008 0.5828125 0.2453125000000001 0.6625 0.2453125000000001
2 1 0.6125000000000002 0.925 0.6125000000000002 0.925 0.7609375000000002 1 0.7609375000000002
2 0.8171875 0.1140625000000001 0.7765625 0.1140625000000001 0.7765625 0.1687500000000001 0.8171875 0.1687500000000001
2 0.7390625 0.4281250000000001 0.671875 0.428125 0.671875 0.5265625 0.7390625 0.5265625000000002
2 1 0.26250000000000007 0.9125 0.26250000000000007 0.9125 0.3281250000000001 1 0.3281250000000001
2 0.45 0.3625000000000001 0.3828125 0.3625000000000001 0.38281250000000006 0.43125 0.45 0.43125
2 0.4453125 0.07500000000000004 0.396875 0.07500000000000004 0.396875 0.13281250000000006 0.4453125 0.13281250000000006
2 0.8 0.4796875000000001 0.69375 0.4796875 0.69375 0.5531250000000001 0.8 0.5531250000000002
2 0.17812500000000003 0.3109375 0.026562500000000034 0.3109375 0.026562500000000044 0.4984375 0.17812500000000003 0.4984375
2 0.8390625 0.1843750000000001 0.8 0.1843750000000001 0.8 0.21250000000000008 0.8390625 0.21250000000000008
2 0.09843750000000005 0.4 0.02187500000000005 0.4 0.021875000000000054 0.4890625 0.09843750000000007 0.4890625
2 1 0.4968750000000002 0.9359375 0.4968750000000002 0.9359375 0.5953125000000001 1 0.5953125000000001
2 0.9703125 0.1515625000000001 0.84375 0.1515625000000001 0.84375 0.2906250000000001 0.9703125 0.2906250000000001
2 0.971875 1.1203604701574616e-16 0.8578125 1.0505173323935891e-16 0.8578125 0.04531250000000011 0.971875 0.045312500000000124