2 0.6406250000000002 0.7875 0.5953125000000001 0.7875 0.5953125000000001 0.825 0.6406250000000002 0.825
2 0.59375 0.3312500000000001 0.453125 0.3312500000000001 0.453125 0.43125 0.59375 0.43125
2 0.5515625 0.29375000000000007 0.4890625 0.29375000000000007 0.4890625 0.34062500000000007 0.5515625 0.34062500000000007
2 0.434375 0.48125 0.2828125000000001 0.48125 0.2828125000000001 0.7015625 0.434375 0.7015625
2 0.934375 0.971875 0.8796875 0.971875 0.8796875 1 0.934375 1
2 0.4546875000000002 0.8859375 0.2906250000000001 0.8859375 0.2906250000000001 1 0.4546875000000002 1
2 0.8078125 0.7718750000000002 0.7625000000000002 0.7718750000000002 0.7625000000000002 0.8328125 0.8078125 0.8328125
2 0.4421875000000002 0.7609375 0.3906250000000001 0.7609375 0.3906250000000001 0.79375 0.4421875000000002 0.79375
2 0.6203125 0.2171875000000001 0.5296875 0.2171875000000001 0.5296875 0.3000000000000001 0.6203125 0.3000000000000001
2 0.9265625 0.30937500000000007 0.80625 0.30937500000000007 0.80625 0.4078125000000002 0.9265625 0.4078125000000002
2 0.6843750000000002 0.9703125 0.6218750000000002 0.9703125 0.6218750000000002 1 0.6843750000000002 1
2 0.4437500000000002 0.734375 0.4031250000000002 0.734375 0.4031250000000002 0.7703125 0.4437500000000002 0.7703125
2 0.3453125 0.359375 0.05312500000000005 0.359375 0.05312500000000007 0.709375 0.3453125000000001 0.709375
2 0.6843750000000002 0.8890625 0.6234375000000002 0.8890625 0.6234375000000002 0.9640625 0.6843750000000002 0.9640625
2 0.871875 0.34062500000000007 0.75625 0.34062500000000007 0.75625 0.43281250000000016 0.871875 0.43281250000000016
2 0.6171875 6.180639314446799e-17 0.3921875 4.802911665406026e-17 0.3921875 0.14687500000000006 0.6171875 0.1468750000000001
2 0.865625 0.88125 0.8265625 0.88125 0.8265625 0.9125 0.865625 0.9125
2 0.6296875 0.29375000000000007 0.534375 0.29375000000000007 0.534375 0.37187500000000007 0.6296875 0.37187500000000007
2 0.73125 0.3265625000000001 0.646875 0.3265625000000001 0.646875 0.4000000000000001 0.73125 0.4000000000000002
2 0.03437500000000008 0.5640625 6.907773351440539e-17 0.5640625 7.950636641339456e-17 0.734375 0.034375000000000086 0.734375
2 0.5765625000000002 0.815625 0.5296875000000002 0.815625 0.5296875000000002 0.8578125 0.5765625000000002 0.8578125
2 0.390625 2.688482426253174e-17 0.0484375 5.931882933369992e-18 0.04843750000000001 0.13125000000000003 0.390625 0.13125000000000003
2 0.56875 0.615625 0.5046875 0.615625 0.5046875 0.690625 0.56875 0.690625
2 0.7265625000000002 0.834375 0.6546875000000002 0.834375 0.6546875000000002 0.9203125 0.7265625000000002 0.9203125
2 0.4203125 0.665625 0.35625000000000007 0.665625 0.35625000000000007 0.7078125 0.4203125 0.7078125
2 0.559375 0.525 0.40625 0.525 0.40625 0.671875 0.559375 0.671875
2 0.696875 0.5859375 0.628125 0.5859375 0.628125 0.6640625 0.696875 0.6640625
2 0.6234375000000002 0.8515625 0.5218750000000002 0.8515625 0.5218750000000002 0.975 0.6234375000000002 0.975
2 0.4765625000000001 0.6421875 7.864528663274409e-17 0.6421875 9.720633968232116e-17 0.9453125 0.47656250000000017 0.9453125
2 0.534375 0.19218750000000004 0.4140625 0.19218750000000004 0.4140625 0.3578125000000001 0.534375 0.3578125000000001
2 0.7421875 0.15781250000000008 0.65 0.15781250000000008 0.65 0.2312500000000001 0.7421875 0.2312500000000001
2 0.81875 0.8796875 0.7812500000000002 0.8796875 0.7812500000000002 0.95 0.81875 0.95
2 1 0.1734375000000001 0.903125 0.17343750000000008 0.903125 0.2906250000000001 1 0.2906250000000001
2 0.5921875 0.6765625 0.54375 0.6765625 0.54375 0.7203125 0.5921875 0.7203125
2 0.5609375000000002 0.7734375 0.4937500000000002 0.7734375 0.4937500000000002 0.821875 0.5609375000000002 0.821875
2 0.053125000000000054 0.4171875 5.109073365192864e-17 0.4171875 5.759666977239896e-17 0.5234375 0.05312500000000007 0.5234375
2 0.7625 0.6187500000000001 0.6875 0.61875 0.6875 0.690625 0.7625 0.6906250000000002
2 0.915625 1.0658254173829309e-16 0.825 1.0103336092965664e-16 0.825 0.0640625000000001 0.915625 0.0640625000000001
2 0.12343750000000013 0.95625 0.05468750000000011 0.95625 0.054687500000000125 1 0.12343750000000013 1
2 0.721875 0.07343750000000007 0.55625 0.07343750000000007 0.55625 0.23593750000000008 0.721875 0.23593750000000008
2 0.8171875 0.10781250000000009 0.74375 0.10781250000000009 0.74375 0.2093750000000001 0.8171875 0.2093750000000001
2 0.6328125000000002 0.95 0.5812500000000002 0.95 0.5812500000000002 1 0.6328125000000002 1
2 0.7515625000000001 0.6703125000000001 0.6328125 0.6703125 0.6328125000000001 0.7406250000000001 0.7515625000000001 0.7406250000000002
2 0.909375 0.0484375000000001 0.7609375 0.04843750000000009 0.7609375 0.18593750000000012 0.909375 0.18593750000000014
2 0.634375 0.553125 0.553125 0.553125 0.553125 0.6203125 0.634375 0.6203125
2 0.4046875 0.3375 0.2140625 0.3375 0.21406250000000004 0.478125 0.4046875 0.478125
2 0.6328125000000001 0.671875 0.5671875 0.671875 0.5671875000000001 0.75625 0.6328125000000002 0.75625
2 0.7484375 0.38750000000000007 0.5953125 0.38750000000000007 0.5953125 0.5843750000000001 0.7484375 0.5843750000000002
2 1 0.30937500000000007 0.95625 0.30937500000000007 0.95625 0.4031250000000002 1 0.4031250000000002
2 0.32812500000000006 0.19531250000000003 0.004687500000000023 0.1953125 0.004687500000000035 0.390625 0.3281250000000001 0.390625
2 0.36875 0.11406250000000002 0.1 0.1140625 0.10000000000000002 0.23593750000000005 0.36875 0.23593750000000008
2 0.5875000000000001 0.7203125 0.5484375 0.7203125 0.5484375000000001 0.7765625 0.5875000000000001 0.7765625
2 0.915625 0.8890625 0.8515625 0.8890625 0.8515625 0.925 0.915625 0.925
2 0.85625 0.4578125000000002 0.746875 0.4578125000000002 0.746875 0.5218750000000002 0.85625 0.5218750000000002
2 0.4640625000000001 0.7015625 0.41875 0.7015625 0.41875000000000007 0.7375 0.46406250000000016 0.7375
2 0.5718750000000001 0.8578125 0.4890625000000002 0.8578125 0.4890625000000002 0.9390625 0.5718750000000001 0.9390625
2 0.9609375 0.13906250000000012 0.8609375 0.1390625000000001 0.8609375 0.2828125000000001 0.9609375 0.2828125000000001
2 0.27812500000000007 0.8984375 0.1375000000000001 0.8984375 0.13750000000000012 1 0.27812500000000007 1
2 0.878125 0.2062500000000001 0.7078125 0.2062500000000001 0.7078125 0.3531250000000001 0.878125 0.3531250000000001
2 0.871875 0.14843750000000008 0.80625 0.14843750000000008 0.80625 0.2156250000000001 0.871875 0.2156250000000001
2 0.42656250000000007 0.7140625 0.3781250000000001 0.7140625 0.3781250000000001 0.7453125 0.4265625000000002 0.7453125
2 0.709375 0.2734375000000001 0.64375 0.2734375000000001 0.64375 0.3343750000000001 0.709375 0.3343750000000001
2 0.771875 0.4312500000000001 0.7171875 0.43125 0.7171875 0.5171875000000001 0.771875 0.5171875000000001
2 0.7890625000000002 0.834375 0.7062500000000002 0.834375 0.7062500000000002 0.9203125 0.7890625000000002 0.9203125
2 0.8140625 0.6203125000000002 0.746875 0.6203125000000002 0.746875 0.7015625000000002 0.8140625 0.7015625000000002
2 0.88125 0.81875 0.825 0.81875 0.825 0.8609375 0.88125 0.8609375
2 0.5593750000000001 0.7109375 0.4578125 0.7109375 0.45781250000000007 0.7796875 0.5593750000000002 0.7796875
2 0.7296875000000002 0.9578125 0.6906250000000002 0.9578125 0.6906250000000002 1 0.7296875000000002 1
2 0.6265625 0.4171875 0.5546875 0.4171875 0.5546875 0.4859375 0.6265625 0.4859375
2 0.9203125 0.4312500000000002 0.8609375 0.4312500000000002 0.8609375 0.47968750000000016 0.9203125 0.47968750000000016
2 0.5062500000000002 0.734375 0.4312500000000002 0.734375 0.4312500000000002 0.84375 0.5062500000000002 0.84375
2 0.6796875 0.05000000000000008 0.4875 0.050000000000000065 0.4875 0.2062500000000001 0.6796875 0.2062500000000001
2 0.8078125 0.84375 0.7796875000000002 0.84375 0.7796875000000002 0.8828125 0.8078125 0.8828125
2 0.5875 0.04531250000000006 0.4953125 0.045312500000000054 0.4953125 0.12343750000000006 0.5875 0.12343750000000009
2 0.8421875 0.8875 0.7000000000000002 0.8875 0.7000000000000002 1 0.8421875 1
2 1 0.9015625 0.9515625 0.9015625 0.9515625 1 1 1