2 0.503125 5.463072830571396e-17 0.3890625 4.7646414529326714e-17 0.3890625 0.053125000000000054 0.503125 0.05312500000000007
2 0.7703125 0.1828125000000001 0.56875 0.1828125000000001 0.56875 0.4015625000000001 0.7703125 0.40156250000000016
2 0.9625 1.0600848855119278e-16 0.76875 9.414472268445279e-17 0.76875 0.0765625000000001 0.9625 0.07656250000000012
2 0.043750000000000115 0.878125 1.0753929705012696e-16 0.878125 1.1251442467166307e-16 0.959375 0.04375000000000012 0.959375
2 0.159375 0.010937500000000017 0.109375 0.010937500000000013 0.109375 0.07187500000000002 0.159375 0.07187500000000002
2 0.6890625 0.4953125 0.56875 0.4953125 0.56875 0.6421875 0.6890625 0.6421875
2 0.38750000000000007 0.9828125 0.3312500000000001 0.9828125 0.3312500000000001 1 0.38750000000000007 1
2 0.8875 0.4312500000000001 0.6546875 0.43125 0.6546875 0.51875 0.8875 0.5187500000000002
2 0.621875 0.503125 0.490625 0.503125 0.490625 0.6203125 0.621875 0.6203125
2 0.5515625000000001 0.7 0.4625 0.7 0.4625000000000001 0.8015625 0.5515625000000002 0.8015625
2 0.3609375 0.3390625 0.3078125 0.3390625 0.30781250000000004 0.375 0.3609375000000001 0.375
2 0.3515625000000001 0.44375 0.2812500000000001 0.44375 0.2812500000000001 0.4890625 0.3515625000000001 0.4890625
2 0.15781250000000008 0.70625 0.10000000000000009 0.70625 0.10000000000000009 0.7703125 0.15781250000000008 0.7703125
2 0.5703125 0.3515625000000001 0.5171875 0.3515625000000001 0.5171875 0.428125 0.5703125 0.428125
2 0.07812500000000003 0.19375 0.02343750000000002 0.19375 0.023437500000000028 0.26875 0.07812500000000003 0.26875
2 0.5968750000000002 0.953125 0.46406250000000016 0.953125 0.46406250000000016 1 0.5968750000000002 1
2 0.9953125 0.2984375000000001 0.84375 0.2984375000000001 0.84375 0.4421875000000002 0.9953125 0.4421875000000002
2 0.3281250000000001 0.6125 0.2453125000000001 0.6125 0.2453125000000001 0.684375 0.3281250000000001 0.684375
2 0.94375 0.2453125000000001 0.8484375 0.2453125000000001 0.8484375 0.35625000000000007 0.94375 0.35625000000000007
2 0.128125 0.1203125 0.07968750000000002 0.1203125 0.07968750000000002 0.1765625 0.128125 0.1765625
2 0.4656250000000002 0.9578125 0.3781250000000001 0.9578125 0.3781250000000001 1 0.4656250000000002 1
2 0.2703125 0.04218750000000003 0.2390625 0.04218750000000003 0.2390625 0.07500000000000002 0.2703125 0.07500000000000002
2 0.7046875000000001 0.9515625 0.5656250000000002 0.9515625 0.5656250000000002 1 0.7046875000000001 1
2 0.40625 0.33281250000000007 0.346875 0.3328125 0.34687500000000004 0.39687500000000003 0.40625 0.3968750000000001
2 0.85 0.2921875000000001 0.75 0.2921875000000001 0.75 0.3515625000000001 0.85 0.3515625000000001
2 0.74375 0.3296875000000001 0.5875 0.3296875000000001 0.5875 0.4359375000000001 0.74375 0.4359375000000002
2 0.18906250000000005 0.221875 0.14375000000000004 0.221875 0.14375000000000004 0.259375 0.18906250000000005 0.259375
2 0.41875 0.18281250000000004 0.33125 0.18281250000000004 0.33125 0.25468750000000007 0.41875 0.25468750000000007
2 1 0.8640625 0.85 0.8640625 0.85 0.9984375 1 0.9984375
2 0.80625 0.9515625 0.7562500000000002 0.9515625 0.7562500000000002 1 0.80625 1
2 0.41875 0.029687500000000044 0.3171875 0.029687500000000033 0.3171875 0.10156250000000004 0.41875 0.10156250000000004
2 0.19531250000000014 0.9296875 0.14531250000000012 0.9296875 0.14531250000000012 0.996875 0.19531250000000014 0.996875
2 0.2687500000000001 0.421875 0.13750000000000004 0.421875 0.13750000000000007 0.5703125 0.2687500000000001 0.5703125
2 0.5203125 0.3531250000000001 0.4515625 0.3531250000000001 0.4515625 0.459375 0.5203125 0.459375
2 0.7656250000000002 0.9515625 0.7031250000000002 0.9515625 0.7031250000000002 1 0.7656250000000002 1
2 0.5265625000000002 0.8203125 0.42187500000000017 0.8203125 0.42187500000000017 0.984375 0.5265625000000002 0.984375
2 0.43281250000000016 0.8859375 0.3593750000000001 0.8859375 0.3593750000000001 0.98125 0.43281250000000016 0.98125
2 0.18125000000000005 0.4265625 0.11250000000000004 0.4265625 0.11250000000000004 0.4984375 0.18125000000000005 0.4984375
2 0.171875 0.08437500000000002 0.115625 0.08437500000000002 0.115625 0.1578125 0.171875 0.1578125
2 0.8609375 0.19687500000000008 0.7546875 0.19687500000000008 0.7546875 0.2593750000000001 0.8609375 0.2593750000000001
2 0.8765625 0.0718750000000001 0.7875 0.07187500000000009 0.7875 0.1593750000000001 0.8765625 0.1593750000000001
2 0.1593750000000001 0.8203125 0.08125000000000011 0.8203125 0.08125000000000011 0.9078125 0.15937500000000013 0.9078125
2 0.04687500000000002 0.140625 1.7221595613009655e-17 0.140625 2.0665914735611586e-17 0.196875 0.04687500000000002 0.196875
2 0.2750000000000001 0.7140625 0.19687500000000008 0.7140625 0.19687500000000008 0.8203125 0.2750000000000001 0.8203125
2 1 0.5531250000000002 0.909375 0.5531250000000002 0.909375 0.6562500000000002 1 0.6562500000000002
2 0.13750000000000004 0.3390625 0.06875000000000005 0.3390625 0.06875000000000005 0.446875 0.13750000000000004 0.446875
2 0.3921875000000001 0.81875 0.27031250000000007 0.81875 0.27031250000000007 0.93125 0.3921875000000001 0.93125
2 0.4734375 0.2250000000000001 0.4140625 0.2250000000000001 0.4140625 0.2671875000000001 0.4734375 0.2671875000000001
2 1 0.6906250000000002 0.909375 0.6906250000000002 0.909375 0.9140625 1 0.9140625
2 0.4671875 0.03437500000000006 0.4265625 0.03437500000000006 0.4265625 0.15000000000000005 0.4671875 0.15000000000000005
2 0.3468750000000001 0.5234375 0.2953125000000001 0.5234375 0.2953125000000001 0.596875 0.3468750000000001 0.596875
2 0.5046875 0.16250000000000003 0.415625 0.16250000000000003 0.415625 0.2312500000000001 0.5046875 0.2312500000000001
2 0.2406250000000001 0.828125 0.15781250000000008 0.828125 0.1578125000000001 0.934375 0.2406250000000001 0.934375
2 0.8390625 9.538850458983681e-17 0.71875 8.802148868871601e-17 0.71875 0.0968750000000001 0.8390625 0.09687500000000011
2 0.609375 0.2562500000000001 0.5546875 0.2562500000000001 0.5546875 0.3218750000000001 0.609375 0.3218750000000001
2 0.4703125 0.31718750000000007 0.390625 0.31718750000000007 0.390625 0.3609375000000001 0.4703125 0.3609375000000001
2 0.68125 0.11875000000000009 0.61875 0.11875000000000009 0.61875 0.21093750000000008 0.68125 0.21093750000000008
2 0.778125 8.601230253386488e-17 0.6265625 7.673177600907635e-17 0.6265625 0.14062500000000008 0.778125 0.14062500000000008
2 0.10781250000000013 0.928125 0.012500000000000112 0.928125 0.012500000000000117 1 0.10781250000000013 1
2 0.8484375 0.5703125000000002 0.740625 0.5703125000000002 0.740625 0.6562500000000002 0.8484375 0.6562500000000002
2 0.8125 0.47343750000000007 0.653125 0.4734375 0.653125 0.6187500000000001 0.8125 0.6187500000000001
2 0.540625 0.22656250000000008 0.475 0.22656250000000008 0.475 0.2656250000000001 0.540625 0.2656250000000001
2 0.3000000000000001 0.921875 0.23437500000000008 0.921875 0.23437500000000008 0.984375 0.3000000000000001 0.984375
2 0.5421875 0.17343750000000005 0.4953125 0.17343750000000005 0.4953125 0.23437500000000008 0.5421875 0.23437500000000008
2 1 0.053125000000000124 0.8484375 0.05312500000000011 0.8484375 0.3265625000000001 1 0.3265625000000001
2 0.5640625 0.4890625 0.4171875 0.4890625 0.4171875 0.575 0.5640625 0.575
2 0.0984375000000001 0.80625 9.873714818125535e-17 0.80625 1.0304254708450775e-16 0.8765625 0.09843750000000011 0.8765625
2 0.15000000000000005 0.1953125 0.10781250000000005 0.1953125 0.10781250000000005 0.271875 0.15000000000000005 0.271875
2 0.65625 0.02031250000000007 0.49375 0.02031250000000006 0.49375 0.21250000000000008 0.65625 0.21250000000000008
2 0.259375 2.803293063673238e-17 0.1984375 2.430158492058029e-17 0.1984375 0.026562500000000027 0.259375 0.026562500000000034
2 0.5000000000000002 0.825 0.3890625000000001 0.825 0.3890625000000001 0.9046875 0.5000000000000002 0.9046875
2 0.9078125 0.13906250000000012 0.81875 0.1390625000000001 0.81875 0.2562500000000001 0.9078125 0.2562500000000001
2 0.1703125000000001 0.759375 0.12031250000000009 0.759375 0.12031250000000009 0.8234375 0.1703125000000001 0.8234375
2 0.15156250000000013 0.9828125 0.10156250000000014 0.9828125 0.10156250000000014 1 0.15156250000000013 1
2 0.7828125000000001 0.6828125 0.5796875 0.6828125 0.5796875000000001 0.9484375 0.7828125000000001 0.9484375
2 0.4921875000000001 0.69375 0.27812500000000007 0.69375 0.27812500000000007 0.884375 0.49218750000000017 0.884375
2 0.8484375 0.86875 0.7531250000000002 0.86875 0.7531250000000002 0.95625 0.8484375 0.95625
2 0.4234375 0.25625000000000003 0.3234375 0.25625 0.3234375 0.34843750000000007 0.4234375 0.34843750000000007
2 0.3890625 0.11093750000000005 0.3265625 0.11093750000000005 0.3265625 0.18750000000000006 0.3890625 0.18750000000000006
2 0.51875 0.04218750000000006 0.4625 0.04218750000000006 0.4625 0.09687500000000007 0.51875 0.09687500000000007
2 0.7843750000000002 0.925 0.7156250000000002 0.925 0.7156250000000002 0.9640625 0.7843750000000002 0.9640625
2 0.2953125 0.007812500000000035 0.2703125 0.007812500000000033 0.2703125 0.08593750000000003 0.2953125 0.08593750000000004
2 0.3062500000000001 0.484375 0.2515625000000001 0.484375 0.2515625000000001 0.540625 0.3062500000000001 0.540625
2 0.9359375 0.4859375000000002 0.803125 0.4859375000000002 0.803125 0.6015625000000002 0.9359375 0.6015625000000002
2 0.17031250000000003 0.25625 0.11406250000000004 0.25625 0.11406250000000004 0.3125 0.17031250000000003 0.3125
2 0.5296875 0.09531250000000005 0.4453125 0.09531250000000005 0.4453125 0.18125000000000005 0.5296875 0.18125000000000005
2 0.1625000000000001 0.625 0.09843750000000007 0.625 0.09843750000000008 0.7 0.1625000000000001 0.7
2 0.540625 6.218909526920152e-17 0.475 5.817072295949927e-17 0.475 0.02968750000000006 0.540625 0.029687500000000068
2 0.5937500000000002 0.853125 0.4859375000000002 0.853125 0.4859375000000002 0.965625 0.5937500000000002 0.965625
2 1 0.4046875000000002 0.8625 0.4046875000000002 0.8625 0.5078125000000002 1 0.5078125000000002
2 0.4703125 0.6 0.3109375000000001 0.6 0.3109375000000001 0.7171875 0.4703125 0.7171875
2 0.95625 0.6328125000000002 0.76875 0.6328125000000002 0.76875 0.9265625 0.95625 0.9265625
2 0.334375 0.08281250000000004 0.1625 0.08281250000000002 0.16250000000000003 0.2875 0.334375 0.2875
2 0.4453125 0.4296875 0.3421875000000001 0.4296875 0.3421875000000001 0.528125 0.4453125 0.528125
2 0.6828125 7.48182653854086e-17 0.5390625 6.6016116516537e-17 0.5390625 0.04843750000000008 0.6828125 0.04843750000000009
2 0.821875 0.34843750000000007 0.74375 0.34843750000000007 0.74375 0.4421875000000002 0.821875 0.4421875000000002
2 0.6031250000000001 0.703125 0.50625 0.703125 0.5062500000000001 0.8703125 0.6031250000000001 0.8703125
2 0.07187500000000005 0.3171875 3.884426566045511e-17 0.3171875 4.468047306264171e-17 0.4125 0.07187500000000005 0.4125
2 0.3921875 0.24375000000000005 0.3578125 0.24375 0.3578125 0.27187500000000003 0.3921875 0.2718750000000001
2 0.640625 0.6328125 0.51875 0.6328125 0.51875 0.703125 0.640625 0.703125
2 0.4734375 0.27031250000000007 0.3984375 0.27031250000000007 0.3984375 0.3265625000000001 0.4734375 0.3265625000000001
2 0.13750000000000007 0.4515625 5.5300457023997667e-17 0.4515625 6.38155792993191e-17 0.590625 0.1375000000000001 0.590625
2 0.4390625 0.10625000000000004 0.3765625 0.10625000000000004 0.3765625 0.19531250000000006 0.4390625 0.19531250000000006
2 0.65 0.4328125 0.54375 0.4328125 0.54375 0.503125 0.65 0.503125
2 0.7640625 0.3531250000000001 0.646875 0.3531250000000001 0.646875 0.4718750000000001 0.7640625 0.47187500000000016
2 0.12031250000000009 0.6140625 0.03437500000000008 0.6140625 0.034375000000000086 0.7171875 0.12031250000000009 0.7171875
2 0.234375 0.010937500000000024 0.15 0.01093750000000002 0.15 0.09375000000000003 0.234375 0.09375000000000003
2 0.865625 0.23593750000000008 0.809375 0.23593750000000008 0.809375 0.2953125000000001 0.865625 0.2953125000000001