2 0.5171875 5.635288786701493e-17 0.403125 4.9368574090627673e-17 0.403125 0.08125000000000006 0.5171875 0.08125000000000007
2 0.7859375 0.21250000000000008 0.5828125 0.21250000000000008 0.5828125 0.4312500000000001 0.7859375 0.4312500000000002
2 0.9796875 1.0715659492539341e-16 0.7703125 9.433607374681956e-17 0.7703125 0.10625000000000011 0.9796875 0.10625000000000014
2 0.054687500000000125 0.9125 1.1174902042219599e-16 0.9125 1.1710685016846565e-16 1 0.05468750000000013 1
2 0.171875 0.039062500000000014 0.1203125 0.039062500000000014 0.1203125 0.1 0.171875 0.1
2 0.703125 0.525 0.5828125 0.525 0.5828125 0.6734375 0.703125 0.6734375
2 0.903125 0.4625000000000001 0.66875 0.4625 0.66875 0.55 0.903125 0.5500000000000002
2 0.6359375 0.534375 0.5046875 0.534375 0.5046875 0.6515625 0.6359375 0.6515625
2 0.5671875000000002 0.7328125 0.47656250000000017 0.7328125 0.47656250000000017 0.834375 0.5671875000000002 0.834375
2 0.3734375000000001 0.36875 0.3203125000000001 0.36875 0.3203125000000001 0.4046875 0.3734375000000001 0.4046875
2 0.36406250000000007 0.4734375 0.2921875000000001 0.4734375 0.2921875000000001 0.51875 0.36406250000000007 0.51875
2 0.1687500000000001 0.7375 0.11093750000000009 0.7375 0.11093750000000009 0.8015625 0.1687500000000001 0.8015625
2 0.584375 0.3812500000000001 0.53125 0.3812500000000001 0.53125 0.4578125 0.584375 0.4578125
2 0.09062500000000004 0.221875 0.034375000000000024 0.221875 0.03437500000000003 0.296875 0.09062500000000004 0.296875
2 1 0.3281250000000001 0.859375 0.3281250000000001 0.859375 0.47187500000000016 1 0.47187500000000016
2 0.34062500000000007 0.64375 0.2578125000000001 0.64375 0.2578125000000001 0.715625 0.34062500000000007 0.715625
2 0.959375 0.2734375000000001 0.8625 0.2734375000000001 0.8625 0.3859375000000001 0.959375 0.3859375000000001
2 0.14062500000000003 0.15 0.09218750000000002 0.15 0.09218750000000002 0.20625 0.14062500000000006 0.20625
2 0.2828125 0.07031250000000003 0.2515625 0.07031250000000003 0.2515625 0.10312500000000005 0.2828125 0.10312500000000005
2 0.4203125 0.36250000000000004 0.3609375 0.3625 0.3609375 0.428125 0.4203125 0.428125
2 0.865625 0.3218750000000001 0.765625 0.3218750000000001 0.765625 0.3828125000000001 0.865625 0.3828125000000001
2 0.7578125 0.3609375000000001 0.6015625 0.3609375000000001 0.6015625 0.4671875000000001 0.7578125 0.4671875000000002
2 0.2015625 0.2515625 0.15625000000000006 0.2515625 0.15625000000000006 0.2890625 0.2015625 0.2890625
2 0.4328125 0.21093750000000006 0.34375 0.2109375 0.34375 0.2828125 0.4328125 0.2828125000000001
2 1 0.896875 0.865625 0.896875 0.865625 1 1 1
2 0.4328125 0.057812500000000044 0.3296875 0.057812500000000044 0.3296875 0.12968750000000004 0.4328125 0.12968750000000004
2 0.2078125000000001 0.9625 0.15781250000000013 0.9625 0.15781250000000013 1 0.2078125000000001 1
2 0.2812500000000001 0.4515625 0.15000000000000005 0.4515625 0.15000000000000008 0.6015625 0.2812500000000001 0.6015625
2 0.534375 0.3828125000000001 0.465625 0.3828125000000001 0.465625 0.4890625 0.534375 0.4890625
2 0.5421875000000002 0.8515625 0.4359375000000002 0.8515625 0.4359375000000002 1 0.5421875000000002 1
2 0.4468750000000002 0.91875 0.37187500000000007 0.91875 0.37187500000000007 1 0.4468750000000002 1
2 0.19375000000000003 0.4578125 0.12500000000000006 0.4578125 0.12500000000000006 0.5296875 0.19375000000000003 0.5296875
2 0.184375 0.11250000000000002 0.1265625 0.1125 0.12656250000000002 0.18750000000000003 0.18437500000000004 0.18750000000000006
2 0.8765625 0.22656250000000008 0.7703125 0.22656250000000008 0.7703125 0.2890625000000001 0.8765625 0.2890625000000001
2 0.89375 0.10000000000000009 0.8046875 0.10000000000000009 0.8046875 0.18906250000000008 0.89375 0.18906250000000008
2 0.1718750000000001 0.8515625 0.09218750000000012 0.8515625 0.09218750000000012 0.940625 0.17187500000000014 0.940625
2 0.059375000000000025 0.1703125 0.004687500000000021 0.1703125 0.004687500000000024 0.2265625 0.059375000000000025 0.2265625
2 0.2890625000000001 0.746875 0.2093750000000001 0.746875 0.2093750000000001 0.853125 0.2890625000000001 0.853125
2 1 0.5828125000000002 0.925 0.5828125000000002 0.925 0.6875000000000002 1 0.6875000000000002
2 0.15000000000000005 0.36875 0.08125000000000004 0.36875 0.08125000000000006 0.4765625 0.15000000000000005 0.4765625
2 0.4046875000000002 0.8515625 0.2828125000000001 0.8515625 0.2828125000000001 0.9640625 0.4046875000000002 0.9640625
2 0.4859375 0.2531250000000001 0.4265625 0.2531250000000001 0.4265625 0.2953125000000001 0.4859375 0.2953125000000001
2 1 0.7328125000000002 0.925 0.7328125000000002 0.925 0.94375 1 0.94375
2 0.48125 0.06250000000000006 0.440625 0.06250000000000004 0.440625 0.17812500000000003 0.48125 0.17812500000000003
2 0.3593750000000001 0.5546875 0.3078125000000001 0.5546875 0.3078125000000001 0.628125 0.3593750000000001 0.628125
2 0.5203125 0.19218750000000004 0.4296875 0.19218750000000004 0.4296875 0.2609375000000001 0.5203125 0.2609375000000001
2 0.03593750000000011 0.8625 1.0562578642645922e-16 0.8625 1.0907010554906115e-16 0.91875 0.03593750000000011 0.91875
2 0.25468750000000007 0.8609375 0.1703125000000001 0.8609375 0.17031250000000012 0.9671875 0.25468750000000007 0.9671875
2 0.8546875 9.730201521350454e-17 0.734375 8.993499931238375e-17 0.734375 0.12500000000000008 0.8546875 0.12500000000000008
2 0.6234375 0.28593750000000007 0.56875 0.28593750000000007 0.56875 0.3515625000000001 0.6234375 0.3515625000000001
2 0.4828125 0.3453125000000001 0.403125 0.3453125000000001 0.403125 0.3906250000000001 0.4828125 0.3906250000000001
2 0.6953125 0.14843750000000008 0.6328125 0.14843750000000008 0.6328125 0.2406250000000001 0.6953125 0.2406250000000001
2 0.79375 0.025000000000000088 0.6421875 0.025000000000000078 0.6421875 0.1703125000000001 0.79375 0.1703125000000001
2 0.07968750000000012 0.9609375 0.029687500000000124 0.9609375 0.029687500000000124 1 0.07968750000000013 1
2 0.8640625 0.6015625000000002 0.7546875 0.6015625000000002 0.7546875 0.6890625000000001 0.8640625 0.6890625000000001
2 0.828125 0.5046875000000001 0.6671875 0.5046875 0.6671875 0.6500000000000001 0.828125 0.6500000000000001
2 0.5546875 0.2562500000000001 0.4875 0.2562500000000001 0.4875 0.2953125000000001 0.5546875 0.2953125000000001
2 0.3125000000000001 0.9546875 0.2468750000000001 0.9546875 0.2468750000000001 1 0.3125000000000001 1
2 0.55625 0.20312500000000008 0.509375 0.20312500000000008 0.509375 0.2640625000000001 0.55625 0.2640625000000001
2 1 0.08125000000000013 0.8640625 0.08125000000000011 0.8640625 0.3421875000000001 1 0.3421875000000001
2 0.578125 0.51875 0.4296875 0.51875 0.4296875 0.6046875 0.578125 0.6046875
2 0.1109375000000001 0.8375 0.0015625000000001027 0.8375 0.0015625000000001068 0.9078125 0.11093750000000013 0.9078125
2 0.16250000000000003 0.2234375 0.12031250000000004 0.2234375 0.12031250000000004 0.3 0.16250000000000003 0.3
2 0.671875 0.04687500000000007 0.5078125 0.04687500000000007 0.5078125 0.2406250000000001 0.671875 0.2406250000000001
2 0.296875 3.08075210410506e-17 0.20625 2.525834023241416e-17 0.20625 0.054687500000000035 0.296875 0.05468750000000004
2 0.5125000000000002 0.8578125 0.40156250000000016 0.8578125 0.40156250000000016 0.9375 0.5125000000000002 0.9375
2 0.925 0.1671875000000001 0.834375 0.1671875000000001 0.834375 0.28593750000000007 0.925 0.28593750000000007
2 0.1828125000000001 0.7921875 0.13281250000000008 0.7921875 0.13281250000000008 0.85625 0.1828125000000001 0.85625
2 0.7984375000000001 0.7140625 0.59375 0.7140625 0.5937500000000001 0.98125 0.7984375000000001 0.98125
2 0.02500000000000007 0.525 6.429395695523604e-17 0.525 6.965178670150572e-17 0.6125 0.025000000000000078 0.6125
2 0.5062500000000002 0.7265625 0.2906250000000001 0.7265625 0.2906250000000001 0.9171875 0.5062500000000002 0.9171875
2 0.8640625 0.9015625 0.7687500000000002 0.9015625 0.7687500000000002 0.9890625 0.8640625 0.9890625
2 0.4359375 0.28437500000000004 0.3359375 0.284375 0.33593750000000006 0.3765625 0.4359375 0.3765625000000001
2 0.4015625 0.14062500000000006 0.3390625 0.14062500000000006 0.3390625 0.21718750000000003 0.4015625 0.2171875000000001
2 0.5328125 0.07031250000000007 0.4765625 0.07031250000000007 0.4765625 0.12500000000000006 0.5328125 0.12500000000000006
2 0.8 0.9578125 0.7312500000000002 0.9578125 0.7312500000000002 0.9984375 0.8 0.9984375
2 0.309375 0.03593750000000003 0.284375 0.03593750000000003 0.284375 0.11406250000000004 0.309375 0.11406250000000004
2 0.3203125000000001 0.5140625 0.2640625000000001 0.5140625 0.2640625000000001 0.5703125 0.3203125000000001 0.5703125
2 0.9515625 0.5171875000000001 0.8171875 0.5171875000000001 0.8171875 0.6328125000000002 0.9515625 0.6328125000000002
2 0.18281250000000004 0.2859375 0.12500000000000006 0.2859375 0.12500000000000006 0.3421875 0.18281250000000004 0.3421875
2 0.54375 0.12343750000000005 0.459375 0.12343750000000005 0.459375 0.21093750000000008 0.54375 0.21093750000000008
2 0.1750000000000001 0.65625 0.11093750000000009 0.65625 0.11093750000000009 0.7328125 0.1750000000000001 0.7328125
2 0.5703125 6.38155792993191e-17 0.471875 5.778802083476573e-17 0.471875 0.057812500000000065 0.5703125 0.057812500000000065
2 0.6078125000000002 0.8859375 0.4984375000000002 0.8859375 0.4984375000000002 0.9984375 0.6078125000000002 0.9984375
2 1 0.43750000000000017 0.878125 0.43750000000000017 0.878125 0.5359375000000002 1 0.5359375000000002
2 0.4843750000000001 0.63125 0.3234375000000001 0.63125 0.3234375000000001 0.7484375 0.48437500000000017 0.7484375
2 0.971875 0.6640625000000002 0.784375 0.6640625000000002 0.784375 0.959375 0.971875 0.959375
2 0.346875 0.11093750000000002 0.175 0.1109375 0.17500000000000002 0.3171875 0.346875 0.3171875
2 0.4609375 0.4609375 0.35625000000000007 0.4609375 0.35625000000000007 0.559375 0.4609375 0.559375
2 0.696875 7.654042494670958e-17 0.553125 6.773827607783798e-17 0.553125 0.07656250000000007 0.696875 0.07656250000000009
2 0.8375 0.3781250000000001 0.759375 0.3781250000000001 0.759375 0.47187500000000016 0.8375 0.47187500000000016
2 0.6187500000000001 0.7359375 0.5218750000000002 0.7359375 0.5218750000000002 0.903125 0.6187500000000001 0.903125
2 0.08281250000000004 0.346875 4.247993584542381e-17 0.346875 4.8411818778793805e-17 0.44375 0.08281250000000004 0.44375
2 0.4046875 0.2734375000000001 0.3703125 0.2734375000000001 0.3703125 0.30156250000000007 0.4046875 0.30156250000000007
2 0.6546875000000001 0.665625 0.5328125 0.665625 0.5328125000000001 0.7359375 0.6546875000000002 0.7359375
2 0.4875 0.2984375000000001 0.4109375 0.2984375000000001 0.4109375 0.35625000000000007 0.4875 0.35625000000000007
2 0.15000000000000008 0.4828125 0.009375000000000059 0.4828125 0.009375000000000067 0.621875 0.15000000000000008 0.621875
2 0.4515625 0.13437500000000005 0.3890625 0.13437500000000005 0.3890625 0.2234375000000001 0.4515625 0.2234375000000001
2 0.6640625 0.4625 0.5578125 0.4625 0.5578125 0.5328125 0.6640625 0.5328125
2 0.778125 0.3828125000000001 0.6609375 0.3828125000000001 0.6609375 0.503125 0.778125 0.5031250000000002
2 0.13281250000000008 0.646875 0.046875000000000076 0.646875 0.04687500000000008 0.75 0.13281250000000008 0.75
2 0.246875 0.03906250000000003 0.1625 0.03906250000000002 0.1625 0.12343750000000002 0.246875 0.12343750000000005
2 0.88125 0.2656250000000001 0.825 0.2656250000000001 0.825 0.32500000000000007 0.88125 0.32500000000000007