2 1 0.4187500000000002 0.91875 0.4187500000000002 0.91875 0.5312500000000002 1 0.5312500000000002
2 0.7906250000000001 0.5953125000000001 0.575 0.5953125 0.5750000000000001 0.7953125000000001 0.7906250000000001 0.7953125000000002
2 1 0.7796875000000002 0.8953125 0.7796875000000002 0.8953125 0.9859375 1 0.9859375
2 0.103125 7.367015901120796e-18 0.0171875 2.1048616860345133e-18 0.017187500000000005 0.07500000000000001 0.103125 0.07500000000000002
2 0.9625 0.1406250000000001 0.9015625 0.14062500000000008 0.9015625 0.1906250000000001 0.9625 0.19062500000000013
2 0.4828125 0.5953125 0.3375000000000001 0.5953125 0.3375000000000001 0.7140625 0.4828125 0.7140625
2 0.5453125000000001 0.6796875 0.459375 0.6796875 0.4593750000000001 0.9109375 0.5453125000000002 0.9109375
2 0.475 0.51875 0.3593750000000001 0.51875 0.3593750000000001 0.6484375 0.475 0.6484375
2 0.2796875000000001 0.490625 0.17968750000000006 0.490625 0.17968750000000006 0.5796875 0.2796875000000001 0.5796875
2 0.6375 0.3375000000000001 0.6015625 0.3375000000000001 0.6015625 0.3890625000000001 0.6375 0.3890625000000001
2 0.534375 0.3109375000000001 0.490625 0.3109375000000001 0.490625 0.3812500000000001 0.534375 0.3812500000000001
2 0.275 0.13125000000000003 0.2109375 0.13125000000000003 0.2109375 0.18750000000000006 0.275 0.18750000000000006
2 0.625 0.54375 0.5484375 0.54375 0.5484375 0.596875 0.625 0.596875
2 0.78125 0.05625000000000009 0.7078125 0.05625000000000009 0.7078125 0.11093750000000009 0.78125 0.11093750000000009
2 0.02968750000000007 0.50625 6.199774420683476e-17 0.50625 6.917340904558878e-17 0.6234375 0.02968750000000008 0.6234375
2 0.6765625000000002 0.8671875 0.5359375000000002 0.8671875 0.5359375000000002 1 0.6765625000000002 1
2 0.3671875 0.275 0.296875 0.275 0.296875 0.35781250000000003 0.3671875 0.3578125000000001
2 0.7312500000000002 0.8703125 0.6203125000000002 0.8703125 0.6203125000000002 0.965625 0.7312500000000002 0.965625
2 0.853125 0.11250000000000009 0.796875 0.11250000000000009 0.796875 0.1593750000000001 0.853125 0.1593750000000001
2 0.02500000000000005 0.40625 4.975127621536122e-17 0.40625 5.3865324056246864e-17 0.4734375 0.025000000000000057 0.4734375
2 0.93125 0.27031250000000007 0.8984375 0.27031250000000007 0.8984375 0.30156250000000007 0.93125 0.30156250000000007
2 0.029687500000000082 0.6015625 7.367015901120797e-17 0.6015625 8.15155525682457e-17 0.7296875 0.02968750000000009 0.7296875
2 0.64375 0.3750000000000001 0.5796875 0.3750000000000001 0.5796875 0.434375 0.64375 0.434375
2 0.6828125000000002 0.775 0.6234375000000002 0.775 0.6234375000000002 0.8734375 0.6828125000000002 0.8734375
2 0.6453125000000001 0.6140625 0.540625 0.6140625 0.5406250000000001 0.76875 0.6453125000000002 0.76875
2 0.753125 0.1750000000000001 0.715625 0.1750000000000001 0.715625 0.21875000000000008 0.753125 0.21875000000000008
2 0.7921875 0.3593750000000001 0.721875 0.3593750000000001 0.721875 0.4468750000000001 0.7921875 0.4468750000000002
2 0.11718750000000011 0.8734375 1.0696524386302664e-16 0.8734375 1.1471496188888098e-16 1 0.11718750000000014 1
2 0.0312500000000001 0.78125 9.567553118338697e-17 0.78125 9.854579711888858e-17 0.828125 0.0312500000000001 0.828125
2 0.9421875 0.3468750000000001 0.871875 0.3468750000000001 0.871875 0.44843750000000016 0.9421875 0.44843750000000016
2 0.05312500000000002 0.1765625 2.1622670047445454e-17 0.1765625 2.458861151413045e-17 0.225 0.05312500000000002 0.225
2 0.55625 0.16875000000000007 0.409375 0.16875000000000004 0.409375 0.2984375000000001 0.55625 0.2984375000000001
2 0.6234375 0.4796875 0.51875 0.4796875 0.51875 0.546875 0.6234375 0.546875
2 0.0312500000000001 0.728125 8.916959506291665e-17 0.728125 9.261391418551857e-17 0.784375 0.0312500000000001 0.784375
2 0.16093750000000007 0.45 5.5109105961630896e-17 0.45 6.151936655091782e-17 0.5546875 0.1609375000000001 0.5546875
2 0.09687500000000006 0.3875 0.003125000000000047 0.3875 0.003125000000000052 0.4609375 0.09687500000000007 0.4609375
2 0.55 0.14531250000000007 0.478125 0.14531250000000004 0.478125 0.21250000000000008 0.55 0.21250000000000008
2 0.8890625 0.1468750000000001 0.815625 0.1468750000000001 0.815625 0.20312500000000008 0.8890625 0.20312500000000008
2 0.7781250000000002 0.7796875000000001 0.7156250000000002 0.7796875 0.7156250000000002 0.884375 0.7781250000000002 0.884375
2 0.9015625 0.8125 0.8140625 0.8125 0.8140625 0.9 0.9015625 0.9
2 0.16250000000000003 0.1125 0.07500000000000002 0.1125 0.07500000000000002 0.190625 0.16250000000000003 0.190625
2 0.8328125 0.0250000000000001 0.7765625 0.0250000000000001 0.7765625 0.0796875000000001 0.8328125 0.0796875000000001
2 0.265625 0.228125 0.16093750000000004 0.228125 0.16093750000000004 0.30625 0.265625 0.30625
2 0.4265625000000002 0.93125 0.3234375000000001 0.93125 0.3234375000000001 1 0.4265625000000002 1
2 0.6375 0.10000000000000006 0.53125 0.10000000000000005 0.53125 0.16875000000000007 0.6375 0.1687500000000001
2 0.16250000000000003 0.3 0.051562500000000046 0.3 0.051562500000000046 0.4203125 0.16250000000000003 0.4203125
2 0.7515625 0.44218750000000007 0.709375 0.4421875 0.709375 0.5000000000000001 0.7515625 0.5000000000000002
2 0.2765625000000001 0.93125 0.07500000000000011 0.93125 0.07500000000000012 1 0.2765625000000001 1
2 0.9390625 0.4546875000000002 0.825 0.4546875000000002 0.825 0.49531250000000016 0.9390625 0.49531250000000016
2 0.4546875 0.32500000000000007 0.3828125 0.32500000000000007 0.38281250000000006 0.3765625000000001 0.4546875 0.3765625000000001
2 0.8109375 0.4437500000000002 0.74375 0.4437500000000002 0.74375 0.5328125000000001 0.8109375 0.5328125000000001
2 0.159375 1.549943605170869e-17 0.09375 1.1481063742006437e-17 0.09375 0.05625000000000002 0.159375 0.05625000000000002
2 0.15312500000000004 0.1890625 0.04843750000000002 0.1890625 0.04843750000000003 0.271875 0.15312500000000004 0.271875
2 1 0.7437500000000001 0.8765625 0.7437500000000001 0.8765625 0.8625 1 0.8625
2 0.71875 0.58125 0.6546875 0.58125 0.6546875 0.6359375 0.71875 0.6359375
2 0.659375 0.41875 0.615625 0.41875 0.615625 0.496875 0.659375 0.496875
2 0.8546875 0.6437500000000002 0.7640625 0.6437500000000002 0.7640625 0.7062500000000002 0.8546875 0.7062500000000002
2 0.9765625 0.6531250000000002 0.8328125 0.6531250000000002 0.8328125 0.803125 0.9765625 0.803125
2 0.054687500000000014 0.05 6.123233995736766e-18 0.05 1.1672414804373211e-17 0.140625 0.05468750000000002 0.140625
2 0.4078125000000002 0.765625 0.3218750000000001 0.765625 0.3218750000000001 0.871875 0.4078125000000002 0.871875
2 0.5046875000000001 0.678125 0.3609375000000001 0.678125 0.3609375000000001 0.8359375 0.5046875000000002 0.8359375
2 0.746875 0.5015625000000001 0.709375 0.5015625 0.709375 0.5671875000000001 0.746875 0.5671875000000002
2 0.06093750000000003 0.2640625 3.2338329539984796e-17 0.2640625 3.6356701849687046e-17 0.3296875 0.06093750000000005 0.3296875
2 0.8 0.5234375000000002 0.7390625 0.5234375000000002 0.7390625 0.5687500000000002 0.8 0.5687500000000002
2 0.9203125 0.871875 0.6671875000000002 0.871875 0.6671875000000002 1 0.9203125 1
2 0.4890625 0.4453125 0.4046875 0.4453125 0.4046875 0.590625 0.4890625 0.590625
2 0.175 0.023437500000000017 0.10625 0.02343750000000001 0.10625 0.13125 0.175 0.13125
2 0.7796875 0.1390625000000001 0.7046875 0.1390625000000001 0.7046875 0.18125000000000008 0.7796875 0.18125000000000008
2 0.953125 0.5218750000000002 0.7640625 0.5218750000000002 0.7640625 0.6828125000000002 0.953125 0.6828125000000002
2 1 0.2250000000000001 0.9453125 0.2250000000000001 0.9453125 0.3140625000000001 1 0.3140625000000001
2 0.15781250000000005 0.4171875 0.07968750000000005 0.4171875 0.07968750000000005 0.5265625 0.15781250000000005 0.5265625
2 0.834375 0.8421875 0.7187500000000002 0.8421875 0.7187500000000002 0.93125 0.834375 0.93125
2 0.221875 0.153125 0.1578125 0.153125 0.15781250000000002 0.2015625 0.221875 0.2015625
2 0.2968750000000001 0.60625 0.03437500000000008 0.60625 0.034375000000000086 0.8078125 0.2968750000000001 0.8078125
2 0.4984375 5.472640383689735e-17 0.3953125 4.8411818778793805e-17 0.3953125 0.04531250000000005 0.4984375 0.045312500000000054
2 0.28593750000000007 0.3078125 0.09843750000000004 0.3078125 0.09843750000000005 0.51875 0.28593750000000007 0.51875
2 0.1140625000000001 0.778125 0.0281250000000001 0.778125 0.028125000000000105 0.871875 0.1140625000000001 0.871875
2 0.7203125 0.3531250000000001 0.6296875 0.3531250000000001 0.6296875 0.4515625 0.7203125 0.4515625
2 0.8625 0.3546875000000001 0.7875 0.3546875000000001 0.7875 0.41718750000000016 0.8625 0.41718750000000016
2 0.93125 0.4906250000000002 0.878125 0.4906250000000002 0.878125 0.5468750000000002 0.93125 0.5468750000000002
2 0.057812500000000086 0.740625 0.01875000000000009 0.740625 0.018750000000000093 0.8078125 0.057812500000000086 0.8078125
2 0.965625 0.30156250000000007 0.8890625 0.30156250000000007 0.8890625 0.3265625000000001 0.965625 0.3265625000000001
2 0.4953125 0.2828125000000001 0.4390625 0.2828125000000001 0.4390625 0.3375000000000001 0.4953125 0.3375000000000001
2 0.49218750000000017 0.8265625 0.3781250000000001 0.8265625 0.3781250000000001 0.959375 0.49218750000000017 0.959375
2 0.71875 0.1453125000000001 0.6640625 0.1453125000000001 0.6640625 0.2015625000000001 0.71875 0.2015625000000001
2 0.8796875 0.4734375000000002 0.79375 0.4734375000000002 0.79375 0.5562500000000001 0.8796875 0.5562500000000001
2 0.3546875 0.13125000000000003 0.2796875 0.13125000000000003 0.2796875 0.19375000000000003 0.3546875 0.19375000000000003
2 1 0.4859375000000002 0.94375 0.4859375000000002 0.94375 0.5828125000000002 1 0.5828125000000002
2 0.12968750000000007 0.5140625 0.018750000000000062 0.5140625 0.01875000000000007 0.6203125 0.1296875000000001 0.6203125
2 0.5687500000000002 0.8859375 0.4750000000000002 0.8859375 0.4750000000000002 1 0.5687500000000002 1
2 0.37968750000000007 0.34062500000000007 0.2640625 0.340625 0.26406250000000003 0.4984375 0.37968750000000007 0.4984375
2 0.3468750000000001 0.79375 0.05625000000000009 0.79375 0.0562500000000001 0.978125 0.3468750000000001 0.978125
2 0.890625 0.1937500000000001 0.6875 0.1937500000000001 0.6875 0.3625000000000001 0.890625 0.3625000000000001
2 0.546875 0.37187500000000007 0.45 0.37187500000000007 0.45 0.4734375 0.546875 0.4734375
2 1 0.5656250000000002 0.9234375 0.5656250000000002 0.9234375 0.7078125000000002 1 0.7078125000000002
2 0.6281250000000002 0.76875 0.5359375000000002 0.76875 0.5359375000000002 0.846875 0.6281250000000002 0.846875
2 0.2765625000000001 0.534375 0.11250000000000004 0.534375 0.11250000000000007 0.6296875 0.2765625000000001 0.6296875
2 0.659375 7.4913940916592e-17 0.5640625 6.907773351440539e-17 0.5640625 0.10312500000000009 0.659375 0.10312500000000009
2 0.73125 0.38750000000000007 0.703125 0.38750000000000007 0.703125 0.4203125000000001 0.73125 0.4203125000000002
2 0.3453125000000001 0.546875 0.2765625000000001 0.546875 0.2765625000000001 0.6671875 0.3453125000000001 0.6671875
2 0.70625 0.4265625 0.65 0.4265625 0.65 0.5015625 0.70625 0.5015625
2 0.525 0.031250000000000056 0.3875 0.03125000000000004 0.3875 0.16875000000000004 0.525 0.16875000000000004
2 0.8671875 0.4046875000000002 0.7796875 0.4046875000000002 0.7796875 0.4671875000000002 0.8671875 0.4671875000000002
2 0.5453125 0.571875 0.4765625 0.571875 0.4765625 0.6765625 0.5453125 0.6765625
2 0.6234375000000001 0.671875 0.50625 0.671875 0.5062500000000001 0.7875 0.6234375000000002 0.7875
2 0.365625 0.06718750000000004 0.2640625 0.06718750000000002 0.2640625 0.15156250000000004 0.365625 0.15156250000000004
2 0.9625 0.1812500000000001 0.8796875 0.18125000000000008 0.8796875 0.2640625000000001 0.9625 0.2640625000000001
2 0.7390625000000002 0.8328125 0.6812500000000001 0.8328125 0.6812500000000001 0.8875 0.7390625000000002 0.8875