2 0.5 0.4484375 0.440625 0.4484375 0.440625 0.4953125 0.5 0.4953125
2 0.80625 0.2312500000000001 0.753125 0.2312500000000001 0.753125 0.2671875000000001 0.80625 0.2671875000000001
2 0.834375 0.6875000000000001 0.7125 0.6875 0.7125000000000001 0.80625 0.834375 0.80625
2 0.815625 0.4906250000000002 0.7828125 0.4906250000000002 0.7828125 0.5312500000000002 0.815625 0.5312500000000002
2 0.7484375 0.5687500000000001 0.7234375 0.56875 0.7234375 0.596875 0.7484375 0.5968750000000002
2 0.37187500000000007 0.384375 0.2875000000000001 0.384375 0.2875000000000001 0.4515625 0.37187500000000007 0.4515625
2 0.496875 0.6625 0.4640625 0.6625 0.4640625 0.7078125 0.496875 0.7078125
2 0.628125 0.28593750000000007 0.5953125 0.28593750000000007 0.5953125 0.34062500000000007 0.628125 0.34062500000000007
2 0.659375 0.6984375 0.5734375 0.6984375 0.5734375 0.7546875 0.6593750000000002 0.7546875
2 0.8140625 0.5390625000000002 0.7484375 0.5390625000000002 0.7484375 0.6218750000000002 0.8140625 0.6218750000000002
2 0.45 0.5625 0.409375 0.5625 0.409375 0.6203125 0.45 0.6203125
2 0.5796875 0.665625 0.54375 0.665625 0.54375 0.703125 0.5796875 0.703125
2 0.4390625 0.5015625 0.4125 0.5015625 0.4125 0.540625 0.4390625 0.540625
2 0.4312500000000001 0.684375 0.3937500000000001 0.684375 0.3937500000000001 0.7296875 0.4312500000000002 0.7296875
2 0.34062500000000007 0.43125 0.2750000000000001 0.43125 0.2750000000000001 0.5390625 0.34062500000000007 0.5390625
2 0.8015625 0.5046875000000002 0.7390625 0.5046875000000002 0.7390625 0.5546875000000002 0.8015625 0.5546875000000002
2 0.6921875 0.5890625 0.646875 0.5890625 0.646875 0.6609375 0.6921875 0.6609375
2 0.5125000000000002 0.7984375 0.46406250000000016 0.7984375 0.46406250000000016 0.8703125 0.5125000000000002 0.8703125
2 0.965625 0.5718750000000001 0.903125 0.5718750000000001 0.903125 0.6578125000000001 0.965625 0.6578125000000001
2 0.3156250000000001 0.5015625 0.2296875000000001 0.5015625 0.2296875000000001 0.5859375 0.3156250000000001 0.5859375
2 0.7234375 0.5453125 0.6734375 0.5453125 0.6734375 0.6015625 0.7234375 0.6015625
2 0.534375 0.4546875 0.5 0.4546875 0.5 0.4828125 0.534375 0.4828125
2 0.17500000000000007 0.5078125 0.10468750000000004 0.5078125 0.10468750000000007 0.596875 0.1750000000000001 0.596875
2 0.75 0.3187500000000001 0.7015625 0.3187500000000001 0.7015625 0.3687500000000001 0.75 0.3687500000000001
2 0.24375000000000008 0.4859375 0.18437500000000004 0.4859375 0.18437500000000004 0.5109375 0.24375000000000008 0.5109375
2 0.65 0.596875 0.5703125 0.596875 0.5703125 0.6640625 0.65 0.6640625
2 0.18750000000000006 0.503125 0.14843750000000006 0.503125 0.14843750000000006 0.5375 0.18750000000000006 0.5375
2 1 0.6531250000000002 0.9453125 0.6531250000000002 0.9453125 0.6937500000000002 1 0.6937500000000002
2 0.54375 0.3343750000000001 0.51875 0.3343750000000001 0.51875 0.3687500000000001 0.54375 0.3687500000000001
2 0.8265625 0.34062500000000007 0.7453125 0.34062500000000007 0.7453125 0.4187500000000002 0.8265625 0.4187500000000002
2 0.96875 0.6765625000000002 0.8859375 0.6765625000000002 0.8859375 0.7281250000000001 0.96875 0.7281250000000001
2 0.29375000000000007 0.571875 0.2000000000000001 0.571875 0.2000000000000001 0.6640625 0.29375000000000007 0.6640625
2 0.428125 0.4078125 0.3375000000000001 0.4078125 0.3375000000000001 0.4671875 0.428125 0.4671875
2 0.7140625 0.2671875000000001 0.6421875 0.2671875000000001 0.6421875 0.3203125000000001 0.7140625 0.3203125000000001
2 0.9078125 0.5265625000000002 0.8640625 0.5265625000000002 0.8640625 0.5609375000000002 0.9078125 0.5609375000000002
2 0.6312500000000002 0.78125 0.5328125000000001 0.78125 0.5328125000000001 0.8875 0.6312500000000002 0.8875
2 0.65 0.3843750000000001 0.6171875 0.3843750000000001 0.6171875 0.4125 0.65 0.4125
2 0.98125 0.4937500000000002 0.9453125 0.4937500000000002 0.9453125 0.5468750000000002 0.98125 0.5468750000000002
2 1 0.7093750000000002 0.9171875 0.7093750000000002 0.9171875 0.8 1 0.8
2 0.665625 0.578125 0.6265625 0.578125 0.6265625 0.60625 0.665625 0.60625
2 0.865625 0.43750000000000017 0.803125 0.43750000000000017 0.803125 0.4968750000000002 0.865625 0.4968750000000002
2 0.18281250000000004 0.4390625 0.10625000000000004 0.4390625 0.10625000000000004 0.5109375 0.18281250000000004 0.5109375
2 0.4671875000000002 0.809375 0.4281250000000002 0.809375 0.4281250000000002 0.85625 0.4671875000000002 0.85625
2 0.6125000000000002 0.746875 0.48437500000000017 0.746875 0.48437500000000017 0.88125 0.6125000000000002 0.88125
2 0.8953125 0.6046875000000002 0.85625 0.6046875000000002 0.85625 0.6671875000000002 0.8953125 0.6671875000000002
2 0.4125 0.5046875 0.37187500000000007 0.5046875 0.37187500000000007 0.565625 0.4125 0.565625
2 0.70625 0.425 0.6453125 0.425 0.6453125 0.5265625 0.70625 0.5265625
2 0.415625 0.3109375000000001 0.3640625 0.3109375000000001 0.3640625 0.3593750000000001 0.415625 0.3593750000000001
2 0.8625 0.5140625000000002 0.8 0.5140625000000002 0.8 0.5656250000000002 0.8625 0.5656250000000002
2 1 0.8953125 0.959375 0.8953125 0.959375 0.9953125 1 0.9953125
2 0.678125 0.54375 0.6609375 0.54375 0.6609375 0.584375 0.678125 0.584375
2 0.659375 0.640625 0.6125 0.640625 0.6125 0.678125 0.659375 0.678125
2 1 0.5796875000000001 0.9625 0.5796875000000001 0.9625 0.6515625000000002 1 0.6515625000000002
2 0.4453125 0.459375 0.4015625 0.459375 0.4015625 0.5 0.4453125 0.5
2 0.725 0.46875 0.659375 0.46875 0.659375 0.55 0.725 0.55
2 0.2515625000000001 0.54375 0.14375000000000004 0.54375 0.14375000000000007 0.6328125 0.2515625000000001 0.6328125
2 0.3531250000000001 0.5640625 0.3109375000000001 0.5640625 0.3109375000000001 0.6015625 0.3531250000000001 0.6015625
2 0.86875 0.6453125000000002 0.81875 0.6453125000000002 0.81875 0.6968750000000001 0.86875 0.6968750000000001
2 0.6062500000000002 0.7359375 0.5718750000000001 0.7359375 0.5718750000000001 0.7671875 0.6062500000000002 0.7671875
2 0.890625 0.6875000000000002 0.83125 0.6875000000000002 0.83125 0.7718750000000002 0.890625 0.7718750000000002
2 0.871875 0.4734375000000002 0.8109375 0.4734375000000002 0.8109375 0.5234375000000002 0.871875 0.5234375000000002
2 0.653125 0.5 0.6296875 0.5 0.6296875 0.5453125 0.653125 0.5453125
2 0.6484375 0.409375 0.5921875 0.409375 0.5921875 0.4625 0.6484375 0.4625
2 0.2484375000000001 0.509375 0.20312500000000008 0.509375 0.20312500000000008 0.546875 0.2484375000000001 0.546875
2 0.4734375 0.29375000000000007 0.45 0.29375000000000007 0.45 0.3296875000000001 0.4734375 0.3296875000000001
2 0.609375 0.3203125000000001 0.56875 0.3203125000000001 0.56875 0.3750000000000001 0.609375 0.3750000000000001
2 0.496875 0.55625 0.4625 0.55625 0.4625 0.584375 0.496875 0.584375
2 0.878125 0.2484375000000001 0.85 0.2484375000000001 0.85 0.2875000000000001 0.878125 0.2875000000000001
2 0.5171875 0.603125 0.4828125 0.603125 0.4828125 0.653125 0.5171875 0.653125
2 0.5781250000000001 0.68125 0.4875 0.68125 0.4875000000000001 0.7546875 0.5781250000000002 0.7546875
2 0.81875 0.6031250000000001 0.7171875 0.603125 0.7171875000000001 0.7359375000000001 0.81875 0.7359375000000001
2 0.9171875 0.98125 0.846875 0.98125 0.846875 1 0.9171875 1
2 0.7453125 0.5421875 0.709375 0.5421875 0.709375 0.5796875000000001 0.7453125 0.5796875000000001
2 0.42500000000000016 0.8078125 0.3921875000000001 0.8078125 0.3921875000000001 0.8578125 0.42500000000000016 0.8578125
2 1 0.6687500000000002 0.975 0.6687500000000002 0.975 0.7218750000000002 1 0.7218750000000002
2 0.37187500000000007 0.490625 0.3312500000000001 0.490625 0.3312500000000001 0.553125 0.37187500000000007 0.553125
2 0.37343750000000003 0.35000000000000003 0.34375 0.35 0.34375000000000006 0.38125000000000003 0.3734375000000001 0.3812500000000001
2 0.4906250000000001 0.7078125 0.45 0.7078125 0.45000000000000007 0.7671875 0.4906250000000002 0.7671875
2 0.540625 0.49375 0.4828125 0.49375 0.4828125 0.5359375 0.540625 0.5359375
2 0.9265625 0.6281250000000002 0.8609375 0.6281250000000002 0.8609375 0.6906250000000002 0.9265625 0.6906250000000002
2 0.8671875 0.5640625000000001 0.828125 0.5640625000000001 0.828125 0.6140625000000002 0.8671875 0.6140625000000002
2 0.953125 0.2953125000000001 0.928125 0.2953125000000001 0.928125 0.3234375000000001 0.953125 0.3234375000000001
2 0.94375 0.48437500000000017 0.890625 0.48437500000000017 0.890625 0.5218750000000002 0.94375 0.5218750000000002
2 0.9 0.4468750000000002 0.8609375 0.4468750000000002 0.8609375 0.5062500000000002 0.9 0.5062500000000002
2 0.9203125 0.5937500000000002 0.8859375 0.5937500000000002 0.8859375 0.6296875000000002 0.9203125 0.6296875000000002
2 0.7171875000000001 0.6578125 0.609375 0.6578125 0.6093750000000001 0.7671875 0.7171875000000002 0.7671875
2 0.5546875 0.2750000000000001 0.5203125 0.2750000000000001 0.5203125 0.3000000000000001 0.5546875 0.3000000000000001
2 0.2171875000000001 0.50625 0.18593750000000003 0.50625 0.18593750000000003 0.5375 0.2171875000000001 0.5375
2 0.20312500000000008 0.6421875 0.13281250000000008 0.6421875 0.13281250000000008 0.715625 0.20312500000000008 0.715625
2 1 0.7765625000000002 0.896875 0.7765625000000002 0.896875 0.89375 1 0.89375
2 0.2671875000000001 0.4125 0.21250000000000008 0.4125 0.21250000000000008 0.484375 0.2671875000000001 0.484375
2 0.2000000000000001 0.6203125 0.14843750000000008 0.6203125 0.14843750000000008 0.65 0.2000000000000001 0.65
2 0.846875 0.6937500000000002 0.8078125 0.6937500000000002 0.8078125 0.7531250000000002 0.846875 0.7531250000000002
2 0.08281250000000007 0.540625 0.03750000000000007 0.540625 0.037500000000000075 0.5953125 0.08281250000000007 0.5953125
2 0.1515625000000001 0.6109375 0.07968750000000006 0.6109375 0.07968750000000008 0.6734375 0.1515625000000001 0.6734375
2 0.06562500000000007 0.5953125 0.018750000000000072 0.5953125 0.018750000000000076 0.64375 0.06562500000000009 0.64375
2 0.325 0.2171875 0.2453125 0.2171875 0.2453125 0.340625 0.325 0.340625
2 0.6140625 0.65625 0.58125 0.65625 0.58125 0.7078125 0.6140625 0.7078125
2 0.6546875 0.3390625000000001 0.6015625 0.3390625000000001 0.6015625 0.3968750000000001 0.6546875 0.3968750000000001
2 0.809375 0.4281250000000001 0.7125 0.428125 0.7125 0.5062500000000001 0.809375 0.5062500000000002
2 0.3421875000000001 0.7625 0.2968750000000001 0.7625 0.2968750000000001 0.828125 0.3421875000000001 0.828125
2 0.496875 0.3734375000000001 0.4609375 0.3734375000000001 0.4609375 0.403125 0.496875 0.403125
2 0.5484375 0.5265625 0.496875 0.5265625 0.496875 0.5921875 0.5484375 0.5921875
2 0.415625 0.5625 0.3765625000000001 0.5625 0.3765625000000001 0.609375 0.415625 0.609375
2 0.99375 0.4500000000000002 0.9421875 0.4500000000000002 0.9421875 0.4984375000000002 0.99375 0.4984375000000002