2 0.5015625 0.4328125 0.4390625 0.4328125 0.4390625 0.48125 0.5015625 0.48125
2 0.825 0.20312500000000008 0.7703125 0.20312500000000008 0.7703125 0.24218750000000008 0.825 0.24218750000000008
2 0.85625 0.6843750000000002 0.7265625 0.6843750000000002 0.7265625000000001 0.809375 0.85625 0.809375
2 0.834375 0.4781250000000002 0.7984375 0.4781250000000002 0.7984375 0.5203125000000002 0.834375 0.5203125000000002
2 0.7640625 0.5593750000000002 0.7375 0.5593750000000002 0.7375 0.5890625000000002 0.7640625 0.5890625000000002
2 0.3671875000000001 0.36562500000000003 0.27812500000000007 0.365625 0.27812500000000007 0.4359375 0.3671875000000001 0.4359375
2 0.4984375 0.6578125 0.4640625 0.6578125 0.4640625 0.70625 0.4984375 0.70625
2 0.6375 0.26250000000000007 0.603125 0.26250000000000007 0.603125 0.3203125000000001 0.6375 0.3203125000000001
2 0.6703125000000001 0.696875 0.5796875 0.696875 0.5796875000000001 0.75625 0.6703125000000002 0.75625
2 0.8328125 0.5281250000000002 0.7640625 0.5281250000000002 0.7640625 0.6156250000000002 0.8328125 0.6156250000000002
2 0.4515625 0.5515625 0.4078125 0.5515625 0.4078125 0.6125 0.4515625 0.6125
2 0.5875 0.6625 0.55 0.6625 0.55 0.7015625 0.5875 0.7015625
2 0.4390625 0.4875 0.4109375 0.4875 0.4109375 0.5296875 0.4390625 0.5296875
2 0.4296875000000001 0.6796875 0.3906250000000001 0.6796875 0.3906250000000001 0.728125 0.42968750000000017 0.728125
2 0.3343750000000001 0.4140625 0.2656250000000001 0.4140625 0.2656250000000001 0.528125 0.3343750000000001 0.528125
2 0.8203125 0.49218750000000017 0.7546875 0.49218750000000017 0.7546875 0.5437500000000002 0.8203125 0.5437500000000002
2 0.7046875 0.58125 0.65625 0.58125 0.65625 0.6578125 0.7046875 0.6578125
2 0.5156250000000002 0.8 0.4656250000000002 0.8 0.4656250000000002 0.8765625 0.5156250000000002 0.8765625
2 0.99375 0.5625000000000002 0.928125 0.5625000000000002 0.928125 0.6531250000000002 0.99375 0.6531250000000002
2 0.3078125000000001 0.4875 0.2171875000000001 0.4875 0.2171875000000001 0.5765625 0.3078125000000001 0.5765625
2 0.7390625 0.534375 0.6859375 0.534375 0.6859375 0.5937500000000001 0.7390625 0.5937500000000002
2 0.5390625 0.440625 0.503125 0.440625 0.503125 0.46875 0.5390625 0.46875
2 0.15937500000000007 0.4953125 0.08593750000000007 0.4953125 0.08593750000000007 0.5890625 0.1593750000000001 0.5890625
2 0.765625 0.2968750000000001 0.715625 0.2968750000000001 0.715625 0.34843750000000007 0.765625 0.34843750000000007
2 0.2328125000000001 0.471875 0.17031250000000003 0.471875 0.17031250000000003 0.4984375 0.2328125000000001 0.4984375
2 0.659375 0.5875 0.5765625 0.5875 0.5765625 0.659375 0.659375 0.659375
2 0.17343750000000005 0.4890625 0.13125000000000003 0.4890625 0.13125000000000003 0.5265625 0.17343750000000005 0.5265625
2 1 0.6515625000000002 0.971875 0.6515625000000002 0.971875 0.6906250000000002 1 0.6906250000000002
2 0.5484375 0.3140625000000001 0.521875 0.3140625000000001 0.521875 0.3500000000000001 0.5484375 0.3500000000000001
2 0.846875 0.3187500000000001 0.7609375 0.3187500000000001 0.7609375 0.40156250000000016 0.846875 0.40156250000000016
2 0.9953125 0.6750000000000002 0.9078125 0.6750000000000002 0.9078125 0.7281250000000001 0.9953125 0.7281250000000001
2 0.2843750000000001 0.5640625 0.1859375000000001 0.5640625 0.1859375000000001 0.6609375 0.2843750000000001 0.6609375
2 0.4265625 0.39062500000000006 0.3312500000000001 0.390625 0.3312500000000001 0.453125 0.4265625 0.453125
2 0.728125 0.2406250000000001 0.6515625 0.2406250000000001 0.6515625 0.2968750000000001 0.728125 0.2968750000000001
2 0.93125 0.5156250000000002 0.8859375 0.5156250000000002 0.8859375 0.5515625000000002 0.93125 0.5515625000000002
2 0.6406250000000002 0.784375 0.5359375000000002 0.784375 0.5359375000000002 0.8953125 0.6406250000000002 0.8953125
2 0.659375 0.36406250000000007 0.625 0.36406250000000007 0.625 0.3937500000000001 0.659375 0.3937500000000001
2 1 0.47968750000000016 0.9703125 0.47968750000000016 0.9703125 0.5359375000000002 1 0.5359375000000002
2 1 0.7078125000000002 0.9421875 0.7078125000000002 0.9421875 0.7984375000000001 1 0.7984375000000001
2 0.678125 0.5703125 0.6359375 0.5703125 0.6359375 0.6 0.678125 0.6
2 0.8890625 0.4203125000000002 0.821875 0.4203125000000002 0.821875 0.4828125000000002 0.8890625 0.4828125000000002
2 0.16875000000000004 0.4234375 0.08906250000000004 0.4234375 0.08906250000000006 0.5 0.16875000000000004 0.5
2 0.46875000000000017 0.8140625 0.4281250000000002 0.8140625 0.4281250000000002 0.8625 0.46875000000000017 0.8625
2 0.6203125000000002 0.7453125 0.4859375000000002 0.7453125 0.4859375000000002 0.8875 0.6203125000000002 0.8875
2 0.91875 0.5968750000000002 0.878125 0.5968750000000002 0.878125 0.6625000000000002 0.91875 0.6625000000000002
2 0.4109375 0.4921875 0.3671875000000001 0.4921875 0.3671875000000001 0.55625 0.4109375 0.55625
2 0.7203125 0.4078125 0.65625 0.4078125 0.65625 0.5140625 0.7203125 0.5140625
2 0.4140625 0.28750000000000003 0.359375 0.2875 0.359375 0.33906250000000004 0.4140625 0.3390625000000001
2 0.8859375 0.5015625000000001 0.81875 0.5015625000000001 0.81875 0.5562500000000001 0.8859375 0.5562500000000001
2 0.6890625 0.5328125 0.671875 0.5328125 0.671875 0.5765625 0.6890625 0.5765625
2 0.671875 0.634375 0.621875 0.634375 0.621875 0.6734375 0.671875 0.6734375
2 0.4453125 0.4453125 0.3984375000000001 0.4453125 0.3984375000000001 0.4890625 0.4453125 0.4890625
2 0.740625 0.4546875000000001 0.671875 0.4546875 0.671875 0.5390625000000001 0.740625 0.5390625000000002
2 0.2406250000000001 0.534375 0.12656250000000005 0.534375 0.12656250000000008 0.628125 0.2406250000000001 0.628125
2 0.3468750000000001 0.5546875 0.30156250000000007 0.5546875 0.30156250000000007 0.59375 0.3468750000000001 0.59375
2 0.8921875 0.6390625000000002 0.8390625 0.6390625000000002 0.8390625 0.6937500000000002 0.8921875 0.6937500000000002
2 0.6140625000000002 0.7359375 0.5781250000000002 0.7359375 0.5781250000000002 0.76875 0.6140625000000002 0.76875
2 0.9140625 0.6843750000000002 0.8515625 0.6843750000000002 0.8515625 0.7734375000000002 0.9140625 0.7734375000000002
2 0.89375 0.46093750000000017 0.8296875 0.46093750000000017 0.8296875 0.5125000000000002 0.89375 0.5125000000000002
2 0.6625 0.4875 0.6390625 0.4875 0.6390625 0.534375 0.6625 0.534375
2 0.659375 0.3906250000000001 0.6 0.3906250000000001 0.6 0.446875 0.659375 0.446875
2 0.2375000000000001 0.496875 0.19062500000000004 0.496875 0.19062500000000004 0.5359375 0.2375000000000001 0.5359375
2 0.475 0.27031250000000007 0.45 0.27031250000000007 0.45 0.3078125000000001 0.475 0.3078125000000001
2 0.61875 0.2984375000000001 0.575 0.2984375000000001 0.575 0.3546875000000001 0.61875 0.3546875000000001
2 0.5 0.5453125 0.4640625 0.5453125 0.4640625 0.575 0.5 0.575
2 0.9015625 0.2218750000000001 0.871875 0.2218750000000001 0.871875 0.26250000000000007 0.9015625 0.26250000000000007
2 0.5203125 0.5953125 0.484375 0.5953125 0.484375 0.6484375 0.5203125 0.6484375
2 0.5843750000000001 0.678125 0.4890625 0.678125 0.48906250000000007 0.7546875 0.5843750000000002 0.7546875
2 0.8375 0.5953125000000001 0.7296875 0.5953125000000001 0.7296875 0.7359375000000001 0.8375 0.7359375000000001
2 0.7609375 0.5312500000000001 0.721875 0.53125 0.721875 0.5703125000000001 0.7609375 0.5703125000000002
2 0.4234375000000002 0.8109375 0.3890625000000001 0.8109375 0.3890625000000001 0.8640625 0.4234375000000002 0.8640625
2 0.3671875000000001 0.478125 0.3234375000000001 0.478125 0.3234375000000001 0.54375 0.3671875000000001 0.54375
2 0.36875 0.3296875 0.3375 0.3296875 0.3375 0.36250000000000004 0.36875 0.3625000000000001
2 0.4921875000000001 0.7046875 0.45 0.7046875 0.45000000000000007 0.7671875 0.49218750000000017 0.7671875
2 0.5453125 0.4796875 0.484375 0.4796875 0.484375 0.5234375 0.5453125 0.5234375
2 0.953125 0.6218750000000002 0.884375 0.6218750000000002 0.884375 0.6875000000000002 0.953125 0.6875000000000002
2 0.8890625 0.5531250000000002 0.846875 0.5531250000000002 0.846875 0.6062500000000002 0.8890625 0.6062500000000002
2 0.98125 0.2718750000000001 0.9546875 0.2718750000000001 0.9546875 0.30156250000000007 0.98125 0.30156250000000007
2 0.9703125 0.4703125000000002 0.9140625 0.4703125000000002 0.9140625 0.5093750000000001 0.9703125 0.5093750000000001
2 0.9234375 0.4312500000000002 0.8828125 0.4312500000000002 0.8828125 0.4937500000000002 0.9234375 0.4937500000000002
2 0.9453125 0.5859375000000002 0.909375 0.5859375000000002 0.909375 0.6250000000000002 0.9453125 0.6250000000000002
2 0.7328125000000001 0.6531250000000001 0.61875 0.653125 0.6187500000000001 0.7671875000000001 0.7328125000000002 0.7671875000000001
2 0.559375 0.2515625000000001 0.5234375 0.2515625000000001 0.5234375 0.2765625000000001 0.559375 0.2765625000000001
2 0.20468750000000008 0.49375 0.17187500000000006 0.49375 0.17187500000000006 0.5265625 0.20468750000000008 0.5265625
2 0.1906250000000001 0.6359375 0.11562500000000009 0.6359375 0.11562500000000009 0.7140625 0.1906250000000001 0.7140625
2 1 0.7781250000000002 0.9203125 0.7781250000000002 0.9203125 0.9015625 1 0.9015625
2 0.2578125000000001 0.3953125 0.2000000000000001 0.3953125 0.2000000000000001 0.4703125 0.2578125000000001 0.4703125
2 0.18750000000000008 0.6140625 0.13281250000000008 0.6140625 0.13281250000000008 0.6453125 0.18750000000000008 0.6453125
2 0.86875 0.6906250000000002 0.8265625 0.6906250000000002 0.8265625 0.7531250000000002 0.86875 0.7531250000000002
2 0.06250000000000007 0.53125 0.015625000000000066 0.53125 0.01562500000000007 0.5890625 0.06250000000000007 0.5890625
2 0.1359375000000001 0.603125 0.05937500000000007 0.603125 0.05937500000000008 0.6703125 0.1359375000000001 0.6703125
2 0.045312500000000075 0.5875 7.1947999449907e-17 0.5875 7.500961644777537e-17 0.6375 0.045312500000000075 0.6375
2 0.3171875 0.18906250000000005 0.2328125 0.18906250000000005 0.2328125 0.31875 0.3171875 0.31875
2 0.6234375 0.65 0.5875 0.65 0.5875 0.7046875 0.6234375 0.7046875
2 0.665625 0.31718750000000007 0.609375 0.31718750000000007 0.609375 0.3781250000000001 0.665625 0.3781250000000001
2 0.828125 0.4109375000000002 0.7265625 0.4109375000000002 0.7265625 0.49218750000000017 0.828125 0.49218750000000017
2 0.3375000000000001 0.7625 0.2890625000000001 0.7625 0.2890625000000001 0.83125 0.3375000000000001 0.83125
2 0.4984375 0.3531250000000001 0.4609375 0.3531250000000001 0.4609375 0.3843750000000001 0.4984375 0.3843750000000001
2 0.5546875 0.515625 0.5 0.515625 0.5 0.584375 0.5546875 0.584375
2 0.4140625 0.553125 0.3734375000000001 0.553125 0.3734375000000001 0.6015625 0.4140625 0.6015625
2 1 0.4343750000000002 0.9671875 0.4343750000000002 0.9671875 0.4812500000000002 1 0.4812500000000002