2 0.2156250000000001 0.6125 0.1625000000000001 0.6125 0.1625000000000001 0.6578125 0.2156250000000001 0.6578125
2 0.3203125 0.17500000000000004 0.2875 0.17500000000000004 0.2875 0.203125 0.3203125 0.203125
2 0.09531250000000006 0.4796875 0.050000000000000065 0.4796875 0.050000000000000065 0.5421875 0.09531250000000006 0.5421875
2 0.19375000000000006 0.46875 0.08281250000000007 0.46875 0.08281250000000007 0.5703125 0.1937500000000001 0.5703125
2 0.24375 0.17031250000000003 0.1984375 0.17031250000000003 0.19843750000000002 0.2078125 0.24375 0.2078125
2 0.6000000000000002 0.7375 0.34843750000000007 0.7375 0.34843750000000007 0.8640625 0.6000000000000002 0.8640625
2 0.3906250000000001 0.59375 0.2734375000000001 0.59375 0.2734375000000001 0.803125 0.3906250000000001 0.803125
2 0.2921875 0.13593750000000004 0.2390625 0.13593750000000004 0.2390625 0.19062500000000004 0.2921875 0.19062500000000004
2 0.5 0.3859375000000001 0.4640625 0.3859375000000001 0.4640625 0.4265625 0.5 0.4265625
2 0.359375 0.2484375 0.3375 0.2484375 0.3375 0.2796875 0.359375 0.2796875
2 0.22656250000000008 0.5890625 0.18750000000000008 0.5890625 0.18750000000000008 0.628125 0.22656250000000008 0.628125
2 0.715625 0.5359375 0.653125 0.5359375 0.653125 0.5984375 0.715625 0.5984375
2 0.6984375 0.65 0.6234375 0.65 0.6234375 0.7109375 0.6984375 0.7109375
2 0.846875 0.7484375000000001 0.7218750000000002 0.7484375 0.7218750000000002 0.8359375 0.846875 0.8359375
2 0.10468750000000011 0.8875 1.086874034243276e-16 0.8875 1.1452361082651422e-16 0.9828125 0.10468750000000013 0.9828125
2 0.834375 0.4500000000000002 0.775 0.4500000000000002 0.775 0.5125000000000002 0.834375 0.5125000000000002
2 0.5796875 0.38750000000000007 0.5484375 0.38750000000000007 0.5484375 0.428125 0.5796875 0.428125
2 0.371875 0.28906250000000006 0.3171875 0.2890625 0.3171875 0.321875 0.371875 0.3218750000000001
2 0.4671875 0.534375 0.4296875 0.534375 0.4296875 0.5734375 0.4671875 0.5734375
2 0.7718750000000001 0.7125000000000001 0.7140625 0.7125 0.7140625 0.7609375 0.7718750000000002 0.7609375000000002
2 0.71875 0.37187500000000007 0.6671875 0.37187500000000007 0.6671875 0.4265625 0.71875 0.4265625
2 0.8296875 0.6093750000000002 0.746875 0.6093750000000002 0.746875 0.6968750000000001 0.8296875 0.6968750000000001
2 0.2671875 0.2015625 0.2234375 0.2015625 0.2234375 0.25 0.2671875 0.25
2 0.30937500000000007 0.3140625 0.271875 0.3140625 0.27187500000000003 0.3640625 0.30937500000000007 0.3640625
2 0.671875 0.35625000000000007 0.6046875 0.35625000000000007 0.6046875 0.4375 0.671875 0.4375
2 0.6109375 0.3765625000000001 0.575 0.3765625000000001 0.575 0.4140625 0.6109375 0.4140625
2 0.93125 0.8015625 0.8171875 0.8015625 0.8171875 0.8828125 0.93125 0.8828125
2 0.928125 0.6828125000000002 0.8703125 0.6828125000000002 0.8703125 0.7359375000000001 0.928125 0.7359375000000001
2 0.6968750000000001 0.7546875 0.6109375000000001 0.7546875 0.6109375000000001 0.8296875 0.6968750000000001 0.8296875
2 0.7609375 0.4250000000000001 0.696875 0.425 0.696875 0.4671875000000001 0.7609375 0.4671875000000002
2 0.846875 0.5796875000000001 0.7984375 0.5796875000000001 0.7984375 0.6250000000000002 0.846875 0.6250000000000002
2 0.4296875 0.4609375 0.3781250000000001 0.4609375 0.3781250000000001 0.5109375 0.4296875 0.5109375
2 0.6203125 0.5875 0.55625 0.5875 0.55625 0.6609375 0.6203125 0.6609375
2 0.76875 0.3421875000000001 0.753125 0.3421875000000001 0.753125 0.3593750000000001 0.76875 0.3593750000000001
2 0.290625 0.271875 0.2640625 0.271875 0.2640625 0.303125 0.290625 0.303125
2 0.584375 0.4765625 0.5640625 0.4765625 0.5640625 0.4984375 0.584375 0.4984375
2 0.353125 0.21875 0.3046875 0.21875 0.3046875 0.2625 0.353125 0.2625
2 0.1296875000000001 0.665625 8.15155525682457e-17 0.665625 9.567553118338697e-17 0.896875 0.1296875000000001 0.896875
2 0.4718750000000001 0.64375 0.3687500000000001 0.64375 0.3687500000000001 0.7765625 0.47187500000000016 0.7765625
2 0.6796875 0.603125 0.6609375 0.603125 0.6609375 0.6375 0.6796875 0.6375
2 0.7234375 0.35625000000000007 0.6796875 0.35625000000000007 0.6796875 0.3843750000000001 0.7234375 0.3843750000000001
2 0.21093750000000006 0.3265625 0.03750000000000005 0.3265625 0.03750000000000005 0.45 0.21093750000000008 0.45
2 0.22812500000000008 0.6921875 0.05625000000000009 0.6921875 0.0562500000000001 0.940625 0.22812500000000008 0.940625
2 1 0.8421875 0.9234375 0.8421875 0.9234375 0.9328125 1 0.9328125
2 0.5078125 0.2156250000000001 0.446875 0.2156250000000001 0.446875 0.2671875000000001 0.5078125 0.2671875000000001
2 0.5078125 0.653125 0.4515625 0.653125 0.4515625 0.7046875 0.5078125 0.7046875
2 0.8640625 0.43281250000000016 0.8140625 0.43281250000000016 0.8140625 0.4890625000000002 0.8640625 0.4890625000000002
2 0.6890625 0.4171875 0.596875 0.4171875 0.596875 0.5171875 0.6890625 0.5171875
2 0.628125 0.4109375 0.5828125 0.4109375 0.5828125 0.4578125 0.628125 0.4578125
2 0.825 0.6968750000000001 0.76875 0.6968750000000001 0.76875 0.7390625000000002 0.825 0.7390625000000002
2 0.8375 0.828125 0.7531250000000002 0.828125 0.7531250000000002 0.91875 0.8375 0.91875
2 0.4015625 0.23281250000000003 0.359375 0.2328125 0.359375 0.26875000000000004 0.4015625 0.2687500000000001
2 0.4421875 0.5046875 0.3828125000000001 0.5046875 0.3828125000000001 0.5515625 0.4421875 0.5515625
2 0.18906250000000005 0.246875 0.06093750000000002 0.246875 0.06093750000000003 0.315625 0.18906250000000005 0.315625
2 0.803125 0.3750000000000001 0.740625 0.3750000000000001 0.740625 0.4203125000000002 0.803125 0.4203125000000002
2 0.540625 0.646875 0.50625 0.646875 0.50625 0.6796875 0.540625 0.6796875
2 0.7421875 0.6078125000000001 0.678125 0.6078125 0.678125 0.659375 0.7421875 0.6593750000000002
2 0.15625000000000008 0.5640625 0.018750000000000065 0.5640625 0.01875000000000008 0.7265625 0.15625000000000008 0.7265625
2 0.19375000000000003 0.428125 0.13906250000000003 0.428125 0.13906250000000003 0.5109375 0.19375000000000003 0.5109375
2 0.6265625000000001 0.8671875 0.39531250000000007 0.8671875 0.39531250000000007 1 0.6265625000000001 1
2 0.6515625 0.571875 0.6015625 0.571875 0.6015625 0.6296875 0.6515625 0.6296875
2 0.7140625 0.68125 0.6546875 0.68125 0.6546875000000001 0.7609375 0.7140625000000002 0.7609375
2 0.7484375 0.5406250000000001 0.715625 0.540625 0.715625 0.5984375000000001 0.7484375 0.5984375000000002
2 0.9046875 0.909375 0.5968750000000002 0.909375 0.5968750000000002 1 0.9046875 1
2 0.1843750000000001 0.5515625 0.07968750000000006 0.5515625 0.07968750000000008 0.65 0.1843750000000001 0.65
2 0.8140625 0.4625000000000001 0.6515625 0.4625 0.6515625 0.5578125 0.8140625 0.5578125000000002
2 0.6078125 0.571875 0.578125 0.571875 0.578125 0.59375 0.6078125 0.59375
2 0.4375 0.37968750000000007 0.4109375 0.37968750000000007 0.4109375 0.4125 0.4375 0.4125
2 0.40156250000000016 0.9234375 0.24218750000000008 0.9234375 0.24218750000000008 1 0.40156250000000016 1
2 0.590625 0.534375 0.5671875 0.534375 0.5671875 0.5734375 0.590625 0.5734375
2 1 0.9125 0.8984375 0.9125 0.8984375 1 1 1
2 0.8984375 0.9046875 0.8296875 0.9046875 0.8296875 0.9640625 0.8984375 0.9640625
2 0.27968750000000003 0.2875 0.13437500000000005 0.2875 0.13437500000000005 0.396875 0.2796875000000001 0.396875
2 0.7546875 0.6812500000000001 0.715625 0.68125 0.715625 0.7234375000000001 0.7546875 0.7234375000000002
2 0.19375000000000003 0.19843750000000002 0.15468750000000003 0.1984375 0.15468750000000003 0.2515625 0.19375000000000003 0.2515625
2 0.3296875 0.259375 0.2828125 0.259375 0.2828125 0.321875 0.3296875 0.321875
2 0.5125 0.6078125 0.4609375 0.6078125 0.4609375 0.65625 0.5125 0.65625
2 0.5859375 0.2234375000000001 0.525 0.2234375000000001 0.525 0.2812500000000001 0.5859375 0.2812500000000001
2 0.5125 0.453125 0.48125 0.453125 0.48125 0.5078125 0.5125 0.5078125
2 0.1062500000000001 0.55 0.040625000000000064 0.55 0.04062500000000007 0.6 0.1062500000000001 0.6
2 0.4046875 0.27031250000000007 0.375 0.27031250000000007 0.375 0.30156250000000007 0.4046875 0.30156250000000007
2 0.490625 0.3921875000000001 0.4203125 0.3921875000000001 0.4203125 0.4859375 0.490625 0.4859375
2 0.25468750000000007 0.5296875 0.18906250000000005 0.5296875 0.18906250000000008 0.5796875 0.25468750000000007 0.5796875
2 0.871875 0.6890625000000001 0.8328125 0.6890625000000001 0.8328125 0.7406250000000002 0.871875 0.7406250000000002
2 0.7593750000000001 0.7859375000000001 0.6531250000000002 0.7859375 0.6531250000000002 0.88125 0.7593750000000001 0.88125
2 0.6765625000000002 0.8671875 0.6140625000000002 0.8671875 0.6140625000000002 0.928125 0.6765625000000002 0.928125
2 0.3062500000000001 0.40625 0.24375000000000008 0.40625 0.24375000000000008 0.446875 0.3062500000000001 0.446875
2 0.64375 0.671875 0.5046875 0.671875 0.5046875000000001 0.778125 0.6437500000000002 0.778125
2 0.425 0.4078125 0.38750000000000007 0.4078125 0.38750000000000007 0.4359375 0.425 0.4359375
2 0.553125 0.4609375 0.5109375 0.4609375 0.5109375 0.50625 0.553125 0.50625
2 0.9546875 0.47187500000000016 0.8390625 0.47187500000000016 0.8390625 0.5531250000000002 0.9546875 0.5531250000000002
2 0.2406250000000001 0.9203125 0.05937500000000011 0.9203125 0.05937500000000012 1 0.2406250000000001 1
2 0.83125 0.40937500000000016 0.75 0.40937500000000016 0.75 0.46093750000000017 0.83125 0.46093750000000017
2 0.56875 0.596875 0.5203125 0.596875 0.5203125 0.665625 0.56875 0.665625
2 1 0.24218750000000008 0.828125 0.24218750000000008 0.828125 0.3921875000000001 1 0.3921875000000001
2 0.2671875 0.2515625 0.2109375 0.2515625 0.2109375 0.3109375 0.2671875 0.3109375
2 0.048437500000000064 0.4984375 6.104098889500089e-17 0.4984375 6.515503673588654e-17 0.565625 0.048437500000000064 0.565625
2 0.378125 0.20312500000000006 0.3390625 0.203125 0.3390625 0.24218750000000006 0.378125 0.24218750000000008
2 0.3609375 0.15000000000000005 0.3296875 0.15000000000000005 0.3296875 0.2015625 0.3609375 0.2015625