2 0.4171875 0.12968750000000004 0.36875 0.12968750000000004 0.36875 0.18593750000000003 0.4171875 0.18593750000000003
2 0.8796875 0.26250000000000007 0.85 0.26250000000000007 0.85 0.2968750000000001 0.8796875 0.2968750000000001
2 0.5578125 0.010937500000000065 0.4921875 0.010937500000000062 0.4921875 0.05937500000000007 0.5578125 0.05937500000000007
2 0.56875 0.04531250000000006 0.4609375 0.045312500000000054 0.4609375 0.16250000000000006 0.56875 0.1625000000000001
2 0.8859375 0.1671875000000001 0.8453125 0.1671875000000001 0.8453125 0.2156250000000001 0.8859375 0.2156250000000001
2 0.2828125 0.3265625 0.14843750000000006 0.3265625 0.14843750000000006 0.59375 0.2828125000000001 0.59375
2 0.4359375 0.24843750000000003 0.2125 0.2484375 0.21250000000000005 0.37343750000000003 0.4359375 0.3734375000000001
2 0.921875 0.21093750000000008 0.8640625 0.21093750000000008 0.8640625 0.2671875000000001 0.921875 0.2671875000000001
2 0.65625 0.45 0.6125 0.45 0.6125 0.4890625 0.65625 0.4890625
2 0.8015625 0.3156250000000001 0.76875 0.3156250000000001 0.76875 0.3390625000000001 0.8015625 0.3390625000000001
2 0.4421875 0.15625000000000006 0.4 0.15625000000000006 0.4 0.19843750000000004 0.4421875 0.19843750000000004
2 0.496875 0.6515625 0.4296875 0.6515625 0.4296875 0.7171875 0.496875 0.7171875
2 0.3750000000000001 0.6203125 0.3109375000000001 0.6203125 0.3109375000000001 0.7 0.3750000000000001 0.7
2 0.2718750000000001 0.7234375 0.1781250000000001 0.7234375 0.1781250000000001 0.85625 0.2718750000000001 0.85625
2 0.115625 8.51512227532144e-18 0.0234375 2.8702659355016093e-18 0.023437500000000007 0.07031250000000001 0.115625 0.07031250000000003
2 0.5875000000000001 0.7796875 0.5218750000000002 0.7796875 0.5218750000000002 0.8421875 0.5875000000000001 0.8421875
2 0.6546875 0.540625 0.6109375 0.540625 0.6109375 0.5734375 0.6546875 0.5734375
2 0.7578125 0.2953125000000001 0.7234375 0.2953125000000001 0.7234375 0.3531250000000001 0.7578125 0.3531250000000001
2 0.4984375 0.4140625 0.4578125 0.4140625 0.4578125 0.4546875 0.4984375 0.4546875
2 0.30937500000000007 0.7140625 0.2578125000000001 0.7140625 0.2578125000000001 0.7765625 0.30937500000000007 0.7765625
2 0.671875 0.6671875 0.6140625 0.6671875 0.6140625 0.721875 0.671875 0.721875
2 0.4203125000000002 0.75 0.3265625000000001 0.75 0.3265625000000001 0.8375 0.4203125000000002 0.8375
2 0.8515625 0.1937500000000001 0.8 0.1937500000000001 0.8 0.2406250000000001 0.8515625 0.2406250000000001
2 0.73125 0.2453125000000001 0.678125 0.2453125000000001 0.678125 0.28593750000000007 0.73125 0.28593750000000007
2 0.6875 0.6 0.6015625 0.6 0.6015625 0.6703125 0.6875 0.6703125
2 0.665625 0.5671875 0.6265625 0.5671875 0.6265625 0.6046875 0.665625 0.6046875
2 0.2140625000000001 0.825 0.1281250000000001 0.825 0.1281250000000001 0.946875 0.2140625000000001 0.946875
2 0.3421875000000001 0.88125 0.28593750000000007 0.88125 0.28593750000000007 0.94375 0.3421875000000001 0.94375
2 0.2656250000000001 0.60625 0.1859375000000001 0.60625 0.1859375000000001 0.696875 0.2656250000000001 0.696875
2 0.6140625000000001 0.696875 0.5703125 0.696875 0.5703125000000001 0.7640625 0.6140625000000002 0.7640625
2 0.4515625000000002 0.8046875 0.4031250000000002 0.8046875 0.4031250000000002 0.85625 0.4515625000000002 0.85625
2 0.5765625 0.3578125000000001 0.5234375 0.3578125000000001 0.5234375 0.4125 0.5765625 0.4125
2 0.4421875 0.5484375 0.36406250000000007 0.5484375 0.36406250000000007 0.615625 0.4421875 0.615625
2 0.7015625000000002 0.75625 0.6828125000000002 0.75625 0.6828125000000002 0.7734375 0.7015625000000002 0.7734375
2 0.7765625 0.2375000000000001 0.7421875 0.2375000000000001 0.7421875 0.2656250000000001 0.7765625 0.2656250000000001
2 0.559375 0.55625 0.5359375 0.55625 0.5359375 0.578125 0.559375 0.578125
2 0.8328125 0.2812500000000001 0.7875 0.2812500000000001 0.7875 0.33281250000000007 0.8328125 0.33281250000000007
2 0.359375 2.898968594856625e-17 0.1140625 1.3968627552774498e-17 0.1140625 0.09531250000000004 0.359375 0.09531250000000005
2 0.384375 0.35000000000000003 0.2421875 0.35 0.24218750000000006 0.459375 0.3843750000000001 0.459375
2 0.4265625 0.659375 0.3890625000000001 0.659375 0.3890625000000001 0.6796875 0.4265625 0.6796875
2 0.6875000000000001 0.6796875 0.6578125 0.6796875 0.6578125000000001 0.7265625 0.6875000000000002 0.7265625
2 0.71875 7.998474406931151e-17 0.5875 7.1947999449907e-17 0.5875 0.18125000000000008 0.71875 0.18125000000000008
2 0.3328125 0.017187500000000026 0.06875 0.017187500000000012 0.06875 0.2 0.3328125 0.2
2 0.17187500000000014 0.9375 0.08125000000000011 0.9375 0.08125000000000013 1 0.17187500000000014 1
2 0.8359375 0.4312500000000002 0.78125 0.4312500000000002 0.78125 0.4968750000000002 0.8359375 0.4968750000000002
2 0.37187500000000007 0.4375 0.31718750000000007 0.4375 0.31718750000000007 0.496875 0.37187500000000007 0.496875
2 0.6062500000000002 0.821875 0.5453125000000002 0.821875 0.5453125000000002 0.875 0.6062500000000002 0.875
2 0.6234375 0.590625 0.5171875 0.590625 0.5171875 0.6890625 0.6234375 0.6890625
2 0.63125 0.5765625 0.58125 0.5765625 0.58125 0.625 0.63125 0.625
2 0.32500000000000007 0.775 0.2812500000000001 0.775 0.2812500000000001 0.834375 0.32500000000000007 0.834375
2 0.18750000000000008 0.7578125 0.0906250000000001 0.7578125 0.0906250000000001 0.846875 0.18750000000000008 0.846875
2 0.81875 0.3390625000000001 0.78125 0.3390625000000001 0.78125 0.3843750000000001 0.81875 0.3843750000000001
2 0.5296875 0.36406250000000007 0.4796875 0.36406250000000007 0.4796875 0.428125 0.5296875 0.428125
2 0.803125 0.021875000000000096 0.73125 0.02187500000000009 0.73125 0.15781250000000008 0.803125 0.15781250000000008
2 0.6687500000000002 0.7453125 0.6203125000000002 0.7453125 0.6203125000000002 0.8109375 0.6687500000000002 0.8109375
2 0.37968750000000007 0.4953125 0.3437500000000001 0.4953125 0.3437500000000001 0.5328125 0.37968750000000007 0.5328125
2 0.4218750000000001 0.6765625 0.3671875000000001 0.6765625 0.3671875000000001 0.7453125 0.42187500000000017 0.7453125
2 0.459375 4.6115606030392513e-17 0.29375 3.59739997249535e-17 0.29375 0.12343750000000005 0.459375 0.12343750000000005
2 0.6125 0.10625000000000007 0.5234375 0.10625000000000004 0.5234375 0.16406250000000006 0.6125 0.16406250000000008
2 0.14531250000000007 0.3765625 4.6115606030392526e-17 0.3765625 6.123233995736766e-17 0.6234375 0.1453125000000001 0.6234375
2 0.459375 0.596875 0.3984375000000001 0.596875 0.3984375000000001 0.65 0.459375 0.65
2 0.3437500000000001 0.6515625 0.2593750000000001 0.6515625 0.2593750000000001 0.7140625 0.3437500000000001 0.7140625
2 0.4921875000000001 0.7171875 0.43125 0.7171875 0.4312500000000001 0.753125 0.49218750000000017 0.753125
2 0.10000000000000012 0.5890625 7.213935051227377e-17 0.5890625 9.24225631231518e-17 0.9203125 0.10000000000000013 0.9203125
2 0.4796875 0.04218750000000005 0.375 0.042187500000000044 0.375 0.15312500000000004 0.4796875 0.15312500000000004
2 0.5734375 0.65 0.4734375 0.65 0.47343750000000007 0.821875 0.5734375000000002 0.821875
2 0.459375 0.5703125 0.4359375 0.5703125 0.4359375 0.6015625 0.459375 0.6015625
2 0.6640625 0.3937500000000001 0.6296875 0.3937500000000001 0.6296875 0.4234375 0.6640625 0.4234375
2 0.08593750000000003 0.2140625 2.6215095544248028e-17 0.2140625 3.654805291205382e-17 0.3828125 0.08593750000000004 0.3828125
2 0.4984375 0.559375 0.4578125 0.559375 0.4578125 0.584375 0.4984375 0.584375
2 0.09687500000000013 0.9109375 1.115576693598292e-16 0.9109375 1.1701117463728229e-16 1 0.09687500000000013 1
2 0.10781250000000012 0.8375 0.0437500000000001 0.8375 0.04375000000000011 0.9109375 0.10781250000000013 0.9109375
2 0.7609375 0.10000000000000009 0.64375 0.10000000000000009 0.64375 0.25468750000000007 0.7609375 0.25468750000000007
2 0.3421875000000001 0.7171875 0.2968750000000001 0.7171875 0.2968750000000001 0.7578125 0.3421875000000001 0.7578125
2 0.8546875 0.12343750000000009 0.7984375 0.12343750000000009 0.7984375 0.16406250000000008 0.8546875 0.16406250000000008
2 0.790625 0.2578125000000001 0.725 0.2578125000000001 0.725 0.3078125000000001 0.790625 0.3078125000000001
2 0.421875 0.4453125 0.3703125000000001 0.4453125 0.3703125000000001 0.5015625 0.421875 0.5015625
2 0.8296875 0.5156250000000002 0.76875 0.5156250000000002 0.76875 0.5796875000000001 0.8296875 0.5796875000000001
2 0.584375 0.46875 0.5265625 0.46875 0.5265625 0.503125 0.584375 0.503125
2 0.4828125 0.0015625000000000558 0.4296875 0.0015625000000000528 0.4296875 0.07187500000000005 0.4828125 0.07187500000000006
2 0.778125 0.35625000000000007 0.7453125 0.35625000000000007 0.7453125 0.38750000000000007 0.778125 0.38750000000000007
2 0.65 0.403125 0.55 0.403125 0.55 0.4765625 0.65 0.4765625
2 0.5046875 0.15781250000000005 0.4515625 0.15781250000000005 0.4515625 0.22812500000000008 0.5046875 0.22812500000000008
2 0.3343750000000001 0.840625 0.2796875000000001 0.840625 0.2796875000000001 0.88125 0.3343750000000001 0.88125
2 0.2312500000000001 0.6515625 0.1312500000000001 0.6515625 0.1312500000000001 0.7640625 0.2312500000000001 0.7640625
2 0.1468750000000001 0.6078125 0.08125000000000007 0.6078125 0.08125000000000007 0.675 0.1468750000000001 0.675
2 0.6328125 0.2171875000000001 0.590625 0.2171875000000001 0.590625 0.2828125000000001 0.6328125 0.2828125000000001
2 0.3531250000000001 0.49375 0.2406250000000001 0.49375 0.2406250000000001 0.640625 0.3531250000000001 0.640625
2 0.6328125 0.3687500000000001 0.603125 0.3687500000000001 0.603125 0.409375 0.6328125 0.409375
2 0.5765625 0.5 0.5296875 0.5 0.5296875 0.54375 0.5765625 0.54375
2 0.5656250000000002 0.8484375 0.4781250000000002 0.8484375 0.4781250000000002 0.971875 0.5656250000000002 0.971875
2 0.08906250000000002 0.020312500000000004 2.487563810768061e-18 0.0203125 1.4255654146324658e-17 0.2125 0.08906250000000002 0.2125
2 0.6312500000000002 0.7546875 0.5765625000000002 0.7546875 0.5765625000000002 0.840625 0.6312500000000002 0.840625
2 0.4328125 0.5109375 0.3609375000000001 0.5109375 0.3609375000000001 0.5625 0.4328125 0.5625
2 0.8078125 0.8359375 0.6500000000000001 0.8359375 0.6500000000000001 1 0.8078125 1
2 0.7984375 0.18125000000000008 0.7359375 0.18125000000000008 0.7359375 0.2406250000000001 0.7984375 0.2406250000000001
2 0.8515625 0.3187500000000001 0.809375 0.3187500000000001 0.809375 0.3609375000000001 0.8515625 0.3609375000000001
2 0.90625 0.3062500000000001 0.8515625 0.3062500000000001 0.8515625 0.34062500000000007 0.90625 0.34062500000000007