2 0.19687500000000008 0.6234375 0.14218750000000008 0.6234375 0.14218750000000008 0.6703125 0.19687500000000008 0.6703125
2 0.303125 0.18125000000000005 0.2703125 0.18125000000000005 0.2703125 0.209375 0.303125 0.209375
2 0.07656250000000006 0.4890625 0.029687500000000054 0.4890625 0.02968750000000006 0.5515625 0.07656250000000006 0.5515625
2 0.17500000000000007 0.478125 0.06250000000000007 0.478125 0.06250000000000007 0.58125 0.1750000000000001 0.58125
2 0.225 0.17500000000000002 0.1796875 0.175 0.17968750000000003 0.2125 0.225 0.2125
2 0.5875000000000001 0.7515625 0.3312500000000001 0.7515625 0.3312500000000001 0.8796875 0.5875000000000001 0.8796875
2 0.3765625000000001 0.60625 0.2562500000000001 0.60625 0.2562500000000001 0.81875 0.3765625000000001 0.81875
2 0.275 0.14062500000000006 0.2203125 0.14062500000000006 0.2203125 0.19687500000000005 0.275 0.19687500000000005
2 0.4859375 0.39531250000000007 0.4484375 0.39531250000000007 0.4484375 0.4359375 0.4859375 0.4359375
2 0.3453125 0.2546875 0.321875 0.2546875 0.321875 0.2859375 0.3453125 0.2859375
2 0.2078125000000001 0.6 0.1687500000000001 0.6 0.1687500000000001 0.6390625 0.2078125000000001 0.6390625
2 0.7046875 0.546875 0.6421875 0.546875 0.6421875 0.6109375 0.7046875 0.6109375
2 0.6890625 0.6625 0.6125 0.6625 0.6125 0.725 0.6890625 0.725
2 0.8390625 0.7625000000000001 0.7125000000000001 0.7625 0.7125000000000001 0.8515625 0.8390625 0.8515625
2 0.08593750000000012 0.9046875 1.1079226511036212e-16 0.9046875 1.1662847251254872e-16 1 0.08593750000000014 1
2 0.8265625 0.46093750000000017 0.765625 0.46093750000000017 0.765625 0.5234375000000002 0.8265625 0.5234375000000002
2 0.5671875 0.39531250000000007 0.5359375 0.39531250000000007 0.5359375 0.4375 0.5671875 0.4375
2 0.35625 0.296875 0.3015625 0.296875 0.3015625 0.3296875 0.35625 0.3296875
2 0.453125 0.5453125 0.415625 0.5453125 0.415625 0.584375 0.453125 0.584375
2 0.7625000000000002 0.7265625000000001 0.7031250000000002 0.7265625 0.7031250000000002 0.7750000000000001 0.7625000000000002 0.7750000000000001
2 0.709375 0.37968750000000007 0.65625 0.37968750000000007 0.65625 0.434375 0.709375 0.434375
2 0.8203125 0.6203125000000002 0.7359375 0.6203125000000002 0.7359375 0.7093750000000002 0.8203125 0.7093750000000002
2 0.25 0.2078125 0.2046875 0.2078125 0.2046875 0.25625 0.25 0.25625
2 0.29375000000000007 0.321875 0.2546875 0.321875 0.25468750000000007 0.3734375 0.29375000000000007 0.3734375
2 0.659375 0.3656250000000001 0.5921875 0.3656250000000001 0.5921875 0.446875 0.659375 0.446875
2 0.5984375 0.3843750000000001 0.5625 0.3843750000000001 0.5625 0.421875 0.5984375 0.421875
2 0.925 0.8171875 0.809375 0.8171875 0.809375 0.9 0.925 0.9
2 0.921875 0.6953125000000002 0.8625 0.6953125000000002 0.8625 0.7484375000000002 0.921875 0.7484375000000002
2 0.6859375000000002 0.76875 0.6000000000000002 0.76875 0.6000000000000002 0.8453125 0.6859375000000002 0.8453125
2 0.7515625 0.43437500000000007 0.6859375 0.434375 0.6859375 0.4765625000000001 0.7515625 0.47656250000000017
2 0.8375 0.5906250000000002 0.7890625 0.5906250000000002 0.7890625 0.6359375000000002 0.8375 0.6359375000000002
2 0.4140625 0.4703125 0.3609375000000001 0.4703125 0.3609375000000001 0.521875 0.4140625 0.521875
2 0.6078125 0.5984375 0.54375 0.5984375 0.54375 0.6734375 0.6078125 0.6734375
2 0.759375 0.3500000000000001 0.74375 0.3500000000000001 0.74375 0.3687500000000001 0.759375 0.3687500000000001
2 0.2734375 0.278125 0.246875 0.278125 0.246875 0.3109375 0.2734375 0.3109375
2 0.5734375 0.4859375 0.553125 0.4859375 0.553125 0.509375 0.5734375 0.509375
2 0.3375 0.225 0.2890625 0.225 0.2890625 0.26875 0.3375 0.26875
2 0.1109375000000001 0.6765625 8.285501000481311e-17 0.6765625 9.730201521350454e-17 0.9125 0.11093750000000013 0.9125
2 0.4593750000000001 0.6546875 0.3546875000000001 0.6546875 0.3546875000000001 0.790625 0.4593750000000002 0.790625
2 0.66875 0.6140625 0.65 0.6140625 0.65 0.65 0.66875 0.65
2 0.7140625 0.36406250000000007 0.66875 0.36406250000000007 0.66875 0.3921875000000001 0.7140625 0.3921875000000001
2 0.19375000000000003 0.334375 0.01718750000000004 0.334375 0.017187500000000046 0.459375 0.19375000000000003 0.459375
2 0.21093750000000008 0.7046875 0.03593750000000009 0.7046875 0.03593750000000011 0.9578125 0.21093750000000008 0.9578125
2 1 0.8578125 0.915625 0.8578125 0.915625 0.9609375 1 0.9609375
2 0.4953125 0.2218750000000001 0.4328125 0.2218750000000001 0.4328125 0.2750000000000001 0.4953125 0.2750000000000001
2 0.49375 0.665625 0.4375 0.665625 0.4375 0.7171875 0.49375 0.7171875
2 0.85625 0.4421875000000002 0.8046875 0.4421875000000002 0.8046875 0.5000000000000002 0.85625 0.5000000000000002
2 0.678125 0.425 0.584375 0.425 0.584375 0.5265625 0.678125 0.5265625
2 0.6171875 0.41875 0.5703125 0.41875 0.5703125 0.4671875 0.6171875 0.4671875
2 0.8171875 0.7109375000000002 0.7609375 0.7109375000000002 0.7609375 0.7531250000000002 0.8171875 0.7531250000000002
2 0.8296875 0.84375 0.7437500000000001 0.84375 0.7437500000000001 0.9359375 0.8296875 0.9359375
2 0.3875 0.23906250000000004 0.34375 0.2390625 0.34375 0.275 0.3875 0.2750000000000001
2 0.4296875 0.5140625 0.3687500000000001 0.5140625 0.3687500000000001 0.5625 0.4296875 0.5625
2 0.17187500000000006 0.253125 0.040625000000000036 0.253125 0.040625000000000036 0.321875 0.17187500000000006 0.321875
2 0.79375 0.3828125000000001 0.73125 0.3828125000000001 0.73125 0.4281250000000002 0.79375 0.4281250000000002
2 0.5296875 0.6578125 0.49375 0.6578125 0.49375 0.6921875 0.5296875 0.6921875
2 0.7328125 0.6187500000000001 0.6671875 0.61875 0.6671875 0.6703125000000001 0.7328125 0.6703125000000002
2 0.1375000000000001 0.575 7.041719095097281e-17 0.575 8.055879725641182e-17 0.740625 0.1375000000000001 0.740625
2 0.17500000000000004 0.4375 0.12031250000000004 0.4375 0.12031250000000004 0.521875 0.17500000000000004 0.521875
2 0.6156250000000002 0.8828125 0.3828125000000001 0.8828125 0.3828125000000001 1 0.6156250000000002 1
2 0.640625 0.5828125 0.590625 0.5828125 0.590625 0.6421875 0.640625 0.6421875
2 0.7031250000000001 0.69375 0.6421875 0.69375 0.6421875000000001 0.775 0.7031250000000002 0.775
2 0.7390625 0.5515625000000001 0.7046875 0.5515625 0.7046875 0.6109375000000001 0.7390625 0.6109375000000001
2 0.89375 0.925 0.5953125000000001 0.925 0.5953125000000001 1 0.89375 1
2 0.16562500000000008 0.5625 0.05937500000000007 0.5625 0.05937500000000008 0.6625 0.16562500000000008 0.6625
2 0.80625 0.4718750000000001 0.640625 0.471875 0.640625 0.5687500000000001 0.80625 0.5687500000000002
2 0.5953125 0.5828125 0.565625 0.5828125 0.565625 0.6046875 0.5953125 0.6046875
2 0.425 0.38750000000000007 0.3968750000000001 0.38750000000000007 0.3968750000000001 0.4203125 0.425 0.4203125
2 0.3859375000000001 0.940625 0.2375000000000001 0.940625 0.2375000000000001 1 0.3859375000000001 1
2 0.578125 0.5453125 0.5546875 0.5453125 0.5546875 0.584375 0.578125 0.584375
2 1 0.9296875 0.890625 0.9296875 0.890625 1 1 1
2 0.890625 0.9203125 0.8203125 0.9203125 0.8203125 0.98125 0.890625 0.98125
2 0.26250000000000007 0.2953125 0.11406250000000004 0.2953125 0.11406250000000004 0.40625 0.26250000000000007 0.40625
2 0.7453125 0.6937500000000001 0.70625 0.69375 0.70625 0.7375 0.7453125000000002 0.7375000000000002
2 0.17500000000000004 0.203125 0.13593750000000004 0.203125 0.13593750000000004 0.2578125 0.17500000000000004 0.2578125
2 0.3140625 0.265625 0.2671875 0.265625 0.2671875 0.328125 0.3140625 0.328125
2 0.4984375 0.61875 0.4453125 0.61875 0.4453125 0.6671875 0.4984375 0.6671875
2 0.5734375 0.22812500000000008 0.5125 0.22812500000000008 0.5125 0.2875000000000001 0.5734375 0.2875000000000001
2 0.5 0.4625 0.4671875 0.4625 0.4671875 0.5171875 0.5 0.5171875
2 0.08750000000000006 0.559375 0.020312500000000067 0.559375 0.02031250000000007 0.6109375 0.08750000000000006 0.6109375
2 0.390625 0.27812500000000007 0.3609375 0.278125 0.3609375 0.30937500000000007 0.390625 0.30937500000000007
2 0.4765625 0.4 0.40625 0.4 0.40625 0.4953125 0.4765625 0.4953125
2 0.2375000000000001 0.5390625 0.17031250000000003 0.5390625 0.17031250000000006 0.590625 0.2375000000000001 0.590625
2 0.8625 0.7031250000000002 0.8234375 0.7031250000000002 0.8234375 0.7546875000000002 0.8625 0.7546875000000002
2 0.7500000000000002 0.8015625 0.6421875000000001 0.8015625 0.6421875000000001 0.896875 0.7500000000000002 0.896875
2 0.6656250000000001 0.8828125 0.6015625000000002 0.8828125 0.6015625000000002 0.9453125 0.6656250000000001 0.9453125
2 0.2906250000000001 0.415625 0.22812500000000008 0.415625 0.22812500000000008 0.45625 0.2906250000000001 0.45625
2 0.6328125000000001 0.684375 0.4921875 0.684375 0.4921875000000001 0.7921875 0.6328125000000002 0.7921875
2 0.4109375 0.4171875 0.37187500000000007 0.4171875 0.37187500000000007 0.4453125 0.4109375 0.4453125
2 0.5390625 0.4703125 0.496875 0.4703125 0.496875 0.515625 0.5390625 0.515625
2 0.9484375 0.4812500000000002 0.83125 0.4812500000000002 0.83125 0.5640625000000001 0.9484375 0.5640625000000001
2 0.22031250000000008 0.9375 0.04062500000000011 0.9375 0.04062500000000012 1 0.22031250000000008 1
2 0.8234375 0.41718750000000016 0.740625 0.41718750000000016 0.740625 0.4703125000000002 0.8234375 0.4703125000000002
2 0.5578125 0.609375 0.5078125 0.609375 0.5078125 0.678125 0.5578125 0.678125
2 1 0.2484375000000001 0.81875 0.2484375000000001 0.81875 0.4000000000000002 1 0.4000000000000002
2 0.2484375 0.2578125 0.19218750000000004 0.2578125 0.19218750000000004 0.3171875 0.2484375 0.3171875
2 0.028125000000000067 0.509375 6.23804463315683e-17 0.509375 6.611179204772041e-17 0.5703125 0.028125000000000067 0.5703125
2 0.3640625 0.20781250000000004 0.3234375 0.2078125 0.3234375 0.24843750000000003 0.3640625 0.2484375000000001
2 0.3453125 0.15468750000000003 0.3125 0.15468750000000003 0.3125 0.2078125 0.3453125 0.2078125