2 0.71875 0.3687500000000001 0.6640625 0.3687500000000001 0.6640625 0.44375 0.71875 0.44375
2 0.2765625000000001 0.3890625 0.18750000000000006 0.3890625 0.18750000000000006 0.509375 0.2765625000000001 0.509375
2 0.14218750000000008 0.703125 0.05156250000000009 0.703125 0.05156250000000009 0.7859375 0.14218750000000008 0.7859375
2 0.3234375 0.2453125 0.271875 0.2453125 0.271875 0.3203125 0.3234375 0.3203125
2 0.19531250000000008 0.69375 0.13437500000000008 0.69375 0.13437500000000008 0.765625 0.19531250000000008 0.765625
2 0.840625 0.2531250000000001 0.79375 0.2531250000000001 0.79375 0.3234375000000001 0.840625 0.3234375000000001
2 0.5218750000000001 0.696875 0.4828125 0.696875 0.4828125000000001 0.7421875 0.5218750000000002 0.7421875
2 0.4140625 4.4776148593825096e-17 0.3171875 3.884426566045511e-17 0.3171875 0.051562500000000046 0.4140625 0.051562500000000046
2 0.5546875 0.06093750000000007 0.4578125 0.06093750000000007 0.4578125 0.21093750000000008 0.5546875 0.21093750000000008
2 0.5359375000000001 0.709375 0.490625 0.709375 0.4906250000000001 0.7734375 0.5359375000000002 0.7734375
2 0.6703125 0.3921875000000001 0.603125 0.3921875000000001 0.603125 0.4984375 0.6703125 0.4984375
2 0.08593750000000003 0.109375 1.3394574365674177e-17 0.109375 2.3536180671113197e-17 0.275 0.08593750000000004 0.275
2 0.5890625 0.61875 0.5375 0.61875 0.5375 0.6640625 0.5890625 0.6640625
2 0.1734375 1.5212409458158526e-17 0.075 9.184850993605149e-18 0.075 0.05781250000000001 0.1734375 0.057812500000000024
2 0.603125 0.6859375 0.5609375 0.6859375 0.5609375 0.7125 0.603125 0.7125
2 0.5515625 6.266747292511846e-17 0.471875 5.778802083476573e-17 0.471875 0.04218750000000006 0.5515625 0.042187500000000065
2 0.5484375000000001 0.8703125 0.49531250000000016 0.8703125 0.49531250000000016 0.9140625 0.5484375000000001 0.9140625
2 0.13437500000000008 0.559375 0.06562500000000007 0.559375 0.06562500000000007 0.6171875 0.13437500000000008 0.6171875
2 0.6265625 0.6359375 0.59375 0.6359375 0.59375 0.7046875 0.6265625 0.7046875
2 0.4078125000000001 0.7125 0.2890625000000001 0.7125 0.2890625000000001 0.7796875 0.4078125000000002 0.7796875
2 0.5125 0.3921875000000001 0.4703125 0.3921875000000001 0.4703125 0.4265625 0.5125 0.4265625
2 0.10156250000000008 0.7734375 0.0375000000000001 0.7734375 0.0375000000000001 0.8359375 0.10156250000000008 0.8359375
2 0.5218750000000002 0.7765625 0.4859375000000002 0.7765625 0.4859375000000002 0.825 0.5218750000000002 0.825
2 0.1062500000000001 0.625 0.031250000000000076 0.625 0.03125000000000008 0.7640625 0.1062500000000001 0.7640625
2 0.018750000000000096 0.7875 9.644093543285407e-17 0.7875 9.931120136835567e-17 0.834375 0.0187500000000001 0.834375
2 0.53125 0.2296875000000001 0.4296875 0.2296875000000001 0.4296875 0.34843750000000007 0.53125 0.34843750000000007
2 0.4359375 0.02656250000000005 0.3921875 0.026562500000000044 0.3921875 0.07187500000000005 0.4359375 0.07187500000000005
2 0.11250000000000011 0.8265625 0.0359375000000001 0.8265625 0.03593750000000011 0.9140625 0.11250000000000013 0.9140625
2 0.13750000000000004 0.271875 3.329508485181867e-17 0.271875 4.525452624974203e-17 0.4671875 0.13750000000000004 0.4671875
2 0.5015625000000001 0.7328125 0.4437500000000002 0.7328125 0.4437500000000002 0.8015625 0.5015625000000001 0.8015625
2 0.12343750000000005 0.240625 0.07812500000000003 0.240625 0.07812500000000003 0.275 0.12343750000000005 0.275
2 0.31718750000000007 0.565625 0.14218750000000008 0.565625 0.14218750000000008 0.7234375 0.31718750000000007 0.7234375
2 0.16718750000000002 0.1265625 0.08437500000000002 0.1265625 0.08437500000000002 0.2390625 0.16718750000000004 0.2390625
2 0.03750000000000006 0.471875 0.010937500000000058 0.471875 0.01093750000000006 0.5046875 0.03750000000000007 0.5046875
2 0.503125 0.2734375000000001 0.4125 0.2734375000000001 0.4125 0.3375000000000001 0.503125 0.3375000000000001
2 0.5921875000000002 0.7984375 0.13281250000000008 0.7984375 0.1328125000000001 1 0.5921875000000002 1
2 0.05625000000000011 0.8234375 1.0084200986728987e-16 0.8234375 1.0505173323935891e-16 0.8921875 0.05625000000000011 0.8921875
2 0.2625 0.18593750000000003 0.12500000000000006 0.1859375 0.12500000000000006 0.3453125 0.2625 0.3453125
2 0.37812500000000004 0.32031250000000006 0.203125 0.3203125 0.20312500000000006 0.4890625 0.3781250000000001 0.4890625
2 0.1046875 6.410260589286926e-18 0 0 7.175664838754022e-18 0.1171875 0.1046875 0.1171875
2 0.6703125 0.4921875 0.625 0.4921875 0.625 0.53125 0.6703125 0.53125
2 0.2078125 0.04375000000000002 0.1234375 0.04375000000000001 0.1234375 0.15000000000000002 0.2078125 0.15000000000000005
2 0.07656250000000007 0.5 6.123233995736766e-17 0.5 7.893231322629426e-17 0.7890625 0.07656250000000009 0.7890625
2 0.53125 0.5765625 0.496875 0.5765625 0.496875 0.61875 0.53125 0.61875
2 0.5812500000000002 0.8875 0.5500000000000002 0.8875 0.5500000000000002 0.925 0.5812500000000002 0.925
2 0.44375 0.2578125000000001 0.39375 0.2578125000000001 0.39375 0.3046875000000001 0.44375 0.3046875000000001
2 0.6796875 0.11562500000000006 0.53125 0.11562500000000005 0.53125 0.2593750000000001 0.6796875 0.2593750000000001
2 0.05468750000000011 0.890625 1.0907010554906115e-16 0.890625 1.144279352953308e-16 0.978125 0.05468750000000011 0.978125
2 0.025000000000000105 0.8359375 1.0237281836622405e-16 0.8359375 1.0686956833184323e-16 0.909375 0.025000000000000112 0.909375
2 0.1906250000000001 0.59375 0.09218750000000006 0.59375 0.09218750000000007 0.6984375 0.1906250000000001 0.6984375
2 0.6890625 0.2578125000000001 0.575 0.2578125000000001 0.575 0.3625000000000001 0.6890625 0.3625000000000001
2 0.017187500000000057 0.471875 5.778802083476573e-17 0.471875 5.95101803960667e-17 0.5 0.01718750000000006 0.5
2 0.4375 0.590625 0.3609375000000001 0.590625 0.3609375000000001 0.6796875 0.4375 0.6796875
2 0.703125 0.4390625 0.65 0.4390625 0.65 0.4828125 0.703125 0.4828125
2 0.18125000000000008 0.7984375 0.07812500000000008 0.7984375 0.0781250000000001 0.8984375 0.18125000000000008 0.8984375
2 0.49375 0.20468750000000008 0.4640625 0.20468750000000008 0.4640625 0.23593750000000008 0.49375 0.23593750000000008
2 0.478125 0.31250000000000006 0.3578125 0.3125 0.35781250000000003 0.37968750000000007 0.478125 0.37968750000000007
2 0.590625 0.037500000000000075 0.534375 0.03750000000000007 0.534375 0.09062500000000007 0.590625 0.09062500000000007
2 0.4828125 0.3687500000000001 0.3671875000000001 0.3687500000000001 0.3671875000000001 0.4578125 0.4828125 0.4578125
2 0.06562500000000009 0.7609375 0.017187500000000095 0.7609375 0.0171875000000001 0.8078125 0.06562500000000009 0.8078125
2 0.09062500000000002 0.0765625 9.376202055971923e-18 0.0765625 2.1814021109812232e-17 0.2796875 0.09062500000000004 0.2796875
2 0.13125000000000006 0.4953125 0.050000000000000065 0.4953125 0.050000000000000065 0.5609375 0.1312500000000001 0.5609375
2 0.5734375 0.703125 0.5328125 0.703125 0.5328125000000001 0.746875 0.5734375000000002 0.746875
2 0.4078125000000001 0.703125 0.36406250000000007 0.703125 0.36406250000000007 0.734375 0.4078125000000002 0.734375
2 0.5734375 6.668584523482072e-17 0.515625 6.31458505810354e-17 0.515625 0.056250000000000064 0.5734375 0.056250000000000064
2 0.7875 0.08750000000000009 0.6625 0.08750000000000009 0.6625 0.2406250000000001 0.7875 0.2406250000000001
2 0.55 0.659375 0.4953125 0.659375 0.4953125 0.70625 0.55 0.70625
2 0.22812500000000008 0.509375 0.10937500000000004 0.509375 0.10937500000000007 0.5828125 0.22812500000000008 0.5828125
2 0.1328125000000001 0.9046875 0.05937500000000011 0.9046875 0.05937500000000011 0.971875 0.13281250000000014 0.971875
2 0.5375000000000002 0.8234375 0.4734375000000002 0.8234375 0.4734375000000002 0.8890625 0.5375000000000002 0.8890625
2 0.19375000000000003 0.3421875 0.06718750000000004 0.3421875 0.06718750000000005 0.484375 0.19375000000000003 0.484375
2 0.2500000000000001 0.753125 0.1375000000000001 0.753125 0.1375000000000001 0.8078125 0.2500000000000001 0.8078125
2 0.39531250000000007 0.759375 0.3578125000000001 0.759375 0.3578125000000001 0.815625 0.39531250000000007 0.815625
2 0.3843750000000001 0.53125 0.30156250000000007 0.53125 0.30156250000000007 0.646875 0.3843750000000001 0.646875
2 0.2859375 0.06875000000000003 0.1890625 0.06875000000000002 0.18906250000000002 0.2515625 0.2859375 0.2515625
2 0.259375 2.602374448188126e-17 0.165625 2.0283212610878037e-17 0.165625 0.059375000000000025 0.259375 0.059375000000000025
2 0.65 7.730582919617668e-17 0.6125 7.500961644777538e-17 0.6125 0.02656250000000008 0.65 0.02656250000000008
2 0.2640625000000001 0.71875 0.18750000000000008 0.71875 0.18750000000000008 0.75625 0.2640625000000001 0.75625