2 0.103125 0.121875 0.031250000000000014 0.121875 0.031250000000000014 0.175 0.103125 0.175
2 0.2750000000000001 0.81875 0.1843750000000001 0.81875 0.1843750000000001 0.90625 0.2750000000000001 0.90625
2 0.7296875 0.5281250000000001 0.6171875 0.528125 0.6171875 0.596875 0.7296875 0.5968750000000002
2 0.4046875000000001 0.6390625 0.20312500000000008 0.6390625 0.20312500000000008 0.7890625 0.4046875000000002 0.7890625
2 0.5750000000000002 0.9265625 0.4671875000000002 0.9265625 0.4671875000000002 1 0.5750000000000002 1
2 0.8875 0.8640625 0.8109375 0.8640625 0.8109375 0.9671875 0.8875 0.9671875
2 0.31562500000000004 0.3484375 0.2234375 0.3484375 0.22343750000000004 0.4609375 0.3156250000000001 0.4609375
2 0.8875 0.6578125000000001 0.746875 0.6578125000000001 0.7468750000000001 0.8703125 0.8875 0.8703125
2 0.7640625000000002 0.8203125 0.6296875000000002 0.8203125 0.6296875000000002 0.9234375 0.7640625000000002 0.9234375
2 0.5890625000000002 0.83125 0.4671875000000002 0.83125 0.4671875000000002 0.91875 0.5890625000000002 0.91875
2 0.6828125 0.1625000000000001 0.6078125 0.1625000000000001 0.6078125 0.2375000000000001 0.6828125 0.2375000000000001
2 0.14531250000000007 0.5171875 0.07656250000000006 0.5171875 0.07656250000000006 0.5984375 0.1453125000000001 0.5984375
2 0.525 0.06406250000000005 0.334375 0.06406250000000005 0.334375 0.19218750000000004 0.525 0.19218750000000004
2 0.08593750000000008 0.5953125 0.03593750000000008 0.5953125 0.03593750000000008 0.6578125 0.08593750000000008 0.6578125
2 0.4015625 0.33593750000000006 0.30625 0.3359375 0.30625 0.425 0.4015625 0.425
2 0.5609375 0.17812500000000006 0.309375 0.17812500000000003 0.30937500000000007 0.39531250000000007 0.5609375 0.39531250000000007
2 0.3546875000000001 0.5734375 0.3125000000000001 0.5734375 0.3125000000000001 0.628125 0.3546875000000001 0.628125
2 0.17187500000000006 0.24375 0.08437500000000002 0.24375 0.08437500000000003 0.3046875 0.17187500000000006 0.3046875
2 0.3734375 0.10156250000000004 0.271875 0.10156250000000004 0.271875 0.19062500000000004 0.3734375 0.19062500000000004
2 0.2531250000000001 0.628125 0.19531250000000008 0.628125 0.19531250000000008 0.665625 0.2531250000000001 0.665625
2 0.3156250000000001 0.5375 0.24375000000000008 0.5375 0.24375000000000008 0.625 0.3156250000000001 0.625
2 0.79375 0.3343750000000001 0.66875 0.3343750000000001 0.66875 0.4437500000000001 0.79375 0.4437500000000002
2 0.4296875 0.44375 0.3046875000000001 0.44375 0.3046875000000001 0.56875 0.4296875 0.56875
2 0.2515625 2.6789148731348354e-17 0.1859375 2.27707764216461e-17 0.1859375 0.04062500000000003 0.2515625 0.040625000000000036
2 0.6890625 0.3593750000000001 0.4703125 0.3593750000000001 0.4703125 0.559375 0.6890625 0.559375
2 0.81875 9.299661631025212e-17 0.7 8.572527594031472e-17 0.7 0.0625000000000001 0.81875 0.06250000000000011
2 0.09062500000000005 0.3953125 4.8411818778793805e-17 0.3953125 5.472640383689735e-17 0.4984375 0.09062500000000007 0.4984375
2 0.6140625000000001 0.6875 0.5359375 0.6875 0.5359375000000001 0.7828125 0.6140625000000002 0.7828125
2 0.3000000000000001 0.4890625 0.23437500000000008 0.4890625 0.23437500000000008 0.5484375 0.3000000000000001 0.5484375
2 0.5312500000000001 0.68125 0.3750000000000001 0.68125 0.3750000000000001 0.809375 0.5312500000000002 0.809375
2 0.3906250000000001 0.8421875 0.24218750000000008 0.8421875 0.24218750000000008 0.9609375 0.3906250000000001 0.9609375
2 0.2062500000000001 0.4703125 0.13593750000000004 0.4703125 0.13593750000000007 0.5671875 0.2062500000000001 0.5671875
2 0.765625 0.4406250000000001 0.6296875 0.440625 0.6296875 0.5468750000000001 0.765625 0.5468750000000002
2 0.9765625 0.6781250000000002 0.85625 0.6781250000000002 0.85625 0.7921875000000002 0.9765625 0.7921875000000002
2 0.265625 0.2828125 0.19687500000000005 0.2828125 0.19687500000000005 0.334375 0.265625 0.334375
2 1 1.1538469060716468e-16 0.884375 1.0830470129959405e-16 0.884375 0.08750000000000012 1 0.08750000000000013
2 0.953125 0.5593750000000002 0.8578125 0.5593750000000002 0.8578125 0.6609375000000002 0.953125 0.6609375000000002
2 0.3625000000000001 0.390625 0.2796875000000001 0.390625 0.2796875000000001 0.45 0.3625000000000001 0.45
2 0.17187500000000006 0.3109375 0.051562500000000046 0.3109375 0.051562500000000046 0.415625 0.17187500000000006 0.415625
2 0.17812500000000003 0.403125 0.05468750000000004 0.403125 0.054687500000000056 0.475 0.17812500000000003 0.475
2 0.8296875 0.8703125 0.7531250000000002 0.8703125 0.7531250000000002 0.940625 0.8296875 0.940625
2 0.5453125000000001 0.715625 0.4125 0.715625 0.4125000000000001 0.83125 0.5453125000000002 0.83125
2 0.21718750000000003 0.334375 0.17187500000000006 0.334375 0.17187500000000006 0.3859375 0.2171875000000001 0.3859375
2 0.1453125000000001 0.6765625 0.09375000000000008 0.6765625 0.09375000000000008 0.753125 0.1453125000000001 0.753125
2 0.2640625 0.1609375 0.115625 0.1609375 0.11562500000000002 0.303125 0.2640625 0.303125
2 0.4921875 0.3937500000000001 0.3859375000000001 0.3937500000000001 0.3859375000000001 0.5015625 0.4921875 0.5015625
2 0.490625 0.534375 0.41875 0.534375 0.41875 0.6546875 0.490625 0.6546875
2 0.8015625 0.83125 0.7406250000000002 0.83125 0.7406250000000002 0.8859375 0.8015625 0.8859375
2 0.23437500000000008 0.6734375 0.16406250000000008 0.6734375 0.16406250000000008 0.728125 0.23437500000000008 0.728125
2 0.546875 0.55 0.4765625 0.55 0.4765625 0.6203125 0.546875 0.6203125
2 0.3281250000000001 0.9125 0.2015625000000001 0.9125 0.2015625000000001 1 0.3281250000000001 1
2 0.6484375 0.553125 0.521875 0.553125 0.521875 0.6796875 0.6484375 0.6796875
2 0.5375 5.223884002612928e-17 0.315625 3.865291459808834e-17 0.315625 0.07812500000000006 0.5375 0.07812500000000007
2 0.6890625 0.026562500000000083 0.6203125 0.02656250000000008 0.6203125 0.10781250000000009 0.6890625 0.10781250000000009
2 0.7453125 0.6984375 0.640625 0.6984375 0.6406250000000001 0.7750000000000001 0.7453125000000002 0.7750000000000001
2 0.45625000000000016 0.771875 0.3546875000000001 0.771875 0.3546875000000001 0.9171875 0.45625000000000016 0.9171875
2 0.35 0.15000000000000005 0.2609375 0.15000000000000005 0.2609375 0.25 0.35 0.25
2 0.8046875 0.921875 0.6125000000000002 0.921875 0.6125000000000002 1 0.8046875 1
2 0.3203125 0.2375 0.20625 0.2375 0.20625 0.2890625 0.3203125 0.2890625