2 0.875 0.032812500000000105 0.821875 0.0328125000000001 0.821875 0.10468750000000009 0.875 0.10468750000000009
2 0.16718750000000004 0.1890625 0.07812500000000003 0.1890625 0.07812500000000003 0.2796875 0.16718750000000004 0.2796875
2 0.4625000000000001 0.628125 0.3921875000000001 0.628125 0.3921875000000001 0.7421875 0.4625000000000002 0.7421875
2 0.34843750000000007 0.2078125 0.19687500000000005 0.2078125 0.19687500000000005 0.4109375 0.34843750000000007 0.4109375
2 0.057812500000000065 0.475 5.817072295949927e-17 0.475 6.486801014233636e-17 0.584375 0.057812500000000065 0.584375
2 0.12031250000000009 0.825 0.0156250000000001 0.825 0.015625000000000104 0.903125 0.12031250000000009 0.903125
2 0.6453125 0.22656250000000008 0.53125 0.22656250000000008 0.53125 0.3203125000000001 0.6453125 0.3203125000000001
2 0.3296875000000001 0.759375 0.1140625000000001 0.759375 0.1140625000000001 0.9015625 0.3296875000000001 0.9015625
2 0.16562500000000008 0.6390625 0.06093750000000009 0.6390625 0.06093750000000009 0.7765625 0.16562500000000008 0.7765625
2 0.15468750000000006 0.475 0.06562500000000007 0.475 0.06562500000000007 0.5984375 0.1546875000000001 0.5984375
2 0.8328125 0.6187500000000001 0.75625 0.6187500000000001 0.75625 0.6953125000000002 0.8328125 0.6953125000000002
2 0.4734375 0.07812500000000006 0.390625 0.07812500000000004 0.390625 0.14843750000000006 0.4734375 0.14843750000000006
2 0.9328125 0.34062500000000007 0.803125 0.34062500000000007 0.803125 0.5343750000000002 0.9328125 0.5343750000000002
2 0.3953125 0.03906250000000004 0.33125 0.03906250000000004 0.33125 0.08906250000000004 0.3953125 0.08906250000000004
2 0.6578125 0.3109375000000001 0.5671875 0.3109375000000001 0.5671875 0.4078125 0.6578125 0.4078125
2 0.8171875 0.3156250000000001 0.596875 0.3156250000000001 0.596875 0.5703125000000001 0.8171875 0.5703125000000002
2 0.415625 0.31718750000000007 0.3609375 0.3171875 0.3609375 0.35937500000000006 0.415625 0.3593750000000001
2 0.7515625 0.08750000000000009 0.6890625 0.08750000000000009 0.6890625 0.1765625000000001 0.7515625 0.1765625000000001
2 0.8953125 0.2765625000000001 0.8046875 0.2765625000000001 0.8046875 0.37968750000000007 0.8953125 0.37968750000000007
2 0.3609375 0.2 0.321875 0.2 0.321875 0.2578125 0.3609375 0.2578125
2 0.453125 0.2484375000000001 0.3640625 0.2484375000000001 0.3640625 0.3218750000000001 0.453125 0.3218750000000001
2 0.659375 0.6796875 0.5484375 0.6796875 0.5484375000000001 0.8078125 0.6593750000000002 0.8078125
2 0.5484375 0.3109375000000001 0.4203125 0.3109375000000001 0.4203125 0.4375 0.5484375 0.4375
2 1 0.19062500000000013 0.95625 0.19062500000000013 0.95625 0.2562500000000001 1 0.2562500000000001
2 0.6328125 0.478125 0.4296875 0.478125 0.4296875 0.7 0.6328125 0.7
2 1 0.7125000000000001 0.934375 0.7125000000000001 0.934375 0.8328125 1 0.8328125
2 0.596875 6.668584523482072e-17 0.4921875 6.027558464553379e-17 0.4921875 0.09218750000000006 0.596875 0.09218750000000006
2 0.30156250000000007 0.5453125 0.20468750000000008 0.5453125 0.20468750000000008 0.625 0.30156250000000007 0.625
2 0.5015625 0.2390625000000001 0.4421875 0.2390625000000001 0.4421875 0.3046875000000001 0.5015625 0.3046875000000001
2 0.3078125000000001 0.38125 0.17812500000000003 0.38125 0.17812500000000003 0.540625 0.3078125000000001 0.540625
2 0.14375000000000004 0.246875 0.021875000000000026 0.246875 0.02187500000000004 0.396875 0.14375000000000004 0.396875
2 0.521875 0.14062500000000006 0.4234375 0.14062500000000006 0.4234375 0.21093750000000008 0.521875 0.21093750000000008
2 0.5515625000000001 0.640625 0.44375 0.640625 0.4437500000000001 0.778125 0.5515625000000002 0.778125
2 0.30937500000000007 0.8703125 0.1937500000000001 0.8703125 0.19375000000000012 0.9921875 0.30937500000000007 0.9921875
2 0.7125 0.2000000000000001 0.659375 0.2000000000000001 0.659375 0.2687500000000001 0.7125 0.2687500000000001
2 1 0.8984375 0.909375 0.8984375 0.909375 1 1 1
2 0.4312500000000002 0.8734375 0.3265625000000001 0.8734375 0.3265625000000001 0.96875 0.4312500000000002 0.96875
2 0.6015625 0.28593750000000007 0.5421875 0.28593750000000007 0.5421875 0.3703125000000001 0.6015625 0.3703125000000001
2 0.684375 0.053125000000000075 0.5765625 0.05312500000000007 0.5765625 0.1750000000000001 0.684375 0.1750000000000001
2 0.5890625 0.05468750000000007 0.5171875 0.05468750000000007 0.5171875 0.18125000000000008 0.5890625 0.18125000000000008
2 0.11562500000000009 0.7640625 0.04375000000000009 0.7640625 0.043750000000000094 0.8421875 0.11562500000000009 0.8421875
2 0.2734375000000001 0.4203125 0.15468750000000003 0.4203125 0.15468750000000006 0.5546875 0.2734375000000001 0.5546875
2 0.659375 0.1750000000000001 0.60625 0.1750000000000001 0.60625 0.22031250000000008 0.659375 0.22031250000000008
2 0.3109375 0.09687500000000003 0.234375 0.09687500000000002 0.234375 0.14843750000000006 0.3109375 0.14843750000000006
2 0.834375 0.11875000000000009 0.690625 0.11875000000000009 0.690625 0.27031250000000007 0.834375 0.27031250000000007
2 0.5984375 0.3921875000000001 0.4890625 0.3921875000000001 0.4890625 0.5 0.5984375 0.5
2 0.45625 0.425 0.3343750000000001 0.425 0.3343750000000001 0.4984375 0.45625 0.4984375
2 0.1546875000000001 0.7515625 0.0984375000000001 0.7515625 0.0984375000000001 0.8140625 0.1546875000000001 0.8140625
2 0.3140625 0.16875000000000004 0.2578125 0.16875000000000004 0.2578125 0.240625 0.3140625 0.240625
2 0.440625 0.4859375 0.3687500000000001 0.4859375 0.3687500000000001 0.55625 0.440625 0.55625
2 0.07031250000000003 0.2046875 2.5066989170047385e-17 0.2046875 3.291238272708512e-17 0.3328125 0.07031250000000004 0.3328125
2 0.4375 0.5296875 0.30937500000000007 0.5296875 0.30937500000000007 0.6578125 0.4375 0.6578125
2 1 0.3203125000000001 0.91875 0.3203125000000001 0.91875 0.5468750000000002 1 0.5468750000000002
2 0.971875 0.6312500000000002 0.8890625 0.6312500000000002 0.8890625 0.7015625000000002 0.971875 0.7015625000000002
2 0.2906250000000001 0.6515625 0.21250000000000008 0.6515625 0.21250000000000008 0.7578125 0.2906250000000001 0.7578125
2 0.21406250000000004 0.3609375 0.06718750000000004 0.3609375 0.06718750000000005 0.4640625 0.2140625000000001 0.4640625
2 0.846875 0.2656250000000001 0.7453125 0.2656250000000001 0.7453125 0.3546875000000001 0.846875 0.3546875000000001
2 0.060937500000000075 0.6234375 7.634907388434281e-17 0.6234375 8.744743550161569e-17 0.8046875 0.06093750000000009 0.8046875
2 0.7578125 0.21093750000000008 0.70625 0.21093750000000008 0.70625 0.3265625000000001 0.7578125 0.3265625000000001