2 0.17656250000000012 0.896875 0.12343750000000009 0.896875 0.12343750000000012 0.96875 0.17656250000000012 0.96875
2 0.9078125 0.7234375000000002 0.8203125 0.7234375000000002 0.8203125 0.8140625 0.9078125 0.8140625
2 0.6 0.2687500000000001 0.53125 0.2687500000000001 0.53125 0.3812500000000001 0.6 0.3812500000000001
2 0.7921875 0.5953125000000001 0.6421875 0.5953125 0.6421875000000001 0.7968750000000001 0.7921875000000002 0.7968750000000002
2 1 0.42500000000000016 0.928125 0.42500000000000016 0.928125 0.5328125000000001 1 0.5328125000000001
2 0.9703125 0.1109375000000001 0.8671875 0.11093750000000009 0.8671875 0.1875000000000001 0.9703125 0.18750000000000014
2 0.4640625000000001 0.684375 0.3515625000000001 0.684375 0.3515625000000001 0.7765625 0.46406250000000016 0.7765625
2 0.8734375 0.11250000000000009 0.6609375 0.11250000000000009 0.6609375 0.2531250000000001 0.8734375 0.2531250000000001
2 0.925 0.23593750000000008 0.821875 0.23593750000000008 0.821875 0.3703125000000001 0.925 0.3703125000000001
2 0.921875 0.4109375000000002 0.834375 0.4109375000000002 0.834375 0.5328125000000001 0.921875 0.5328125000000001
2 0.24062500000000003 0.315625 0.16562500000000005 0.315625 0.16562500000000005 0.390625 0.2406250000000001 0.390625
2 0.6015625000000002 0.8546875 0.5203125000000002 0.8546875 0.5203125000000002 0.9234375 0.6015625000000002 0.9234375
2 0.19375000000000006 0.4734375 0.06562500000000007 0.4734375 0.06562500000000007 0.6640625 0.1937500000000001 0.6640625
2 0.6593750000000002 0.9125 0.5968750000000002 0.9125 0.5968750000000002 0.9625 0.6593750000000002 0.9625
2 0.4265625 0.5984375 0.3375000000000001 0.5984375 0.3375000000000001 0.69375 0.4265625 0.69375
2 0.3984375000000001 0.4390625 0.18125000000000005 0.4390625 0.18125000000000008 0.690625 0.3984375000000001 0.690625
2 0.63125 0.6453125 0.5765625 0.6453125 0.5765625 0.6875 0.63125 0.6875
2 0.3062500000000001 0.8265625 0.2453125000000001 0.8265625 0.2453125000000001 0.9140625 0.3062500000000001 0.9140625
2 0.1921875000000001 0.6265625 0.10312500000000009 0.6265625 0.10312500000000009 0.728125 0.1921875000000001 0.728125
2 0.6671875000000002 0.7453125 0.6296875000000002 0.7453125 0.6296875000000002 0.803125 0.6671875000000002 0.803125
2 0.6265625000000001 0.684375 0.5390625 0.684375 0.5390625000000001 0.75625 0.6265625000000001 0.75625
2 0.4453125 0.20468750000000005 0.3359375 0.2046875 0.3359375 0.3296875 0.4453125 0.3296875000000001
2 0.571875 0.56875 0.446875 0.56875 0.446875 0.69375 0.571875 0.69375
2 0.043750000000000094 0.746875 9.146580781131795e-17 0.746875 9.54841801210202e-17 0.8125 0.0437500000000001 0.8125
2 0.5625 0.31093750000000003 0.3625 0.3109375 0.36250000000000004 0.5296875 0.5625 0.5296875
2 0.06406250000000004 0.1796875 2.2005372172179003e-17 0.1796875 2.9276712542116413e-17 0.2984375 0.06406250000000005 0.2984375
2 0.5015625000000001 0.9078125 0.3984375000000001 0.9078125 0.3984375000000001 1 0.5015625000000001 1
2 0.784375 0.3843750000000001 0.6890625 0.3843750000000001 0.6890625 0.4625000000000001 0.784375 0.4625000000000002
2 0.5515625000000001 0.7 0.4921875 0.7 0.4921875000000001 0.765625 0.5515625000000002 0.765625
2 0.8109375 0.4687500000000001 0.6828125 0.46875 0.6828125 0.6250000000000001 0.8109375 0.6250000000000002
2 0.9640625 0.6093750000000002 0.8453125 0.6093750000000002 0.8453125 0.7578125000000002 0.9640625 0.7578125000000002
2 0.5687500000000002 0.7921875 0.47187500000000016 0.7921875 0.47187500000000016 0.8625 0.5687500000000002 0.8625
2 0.55 0.23437500000000008 0.44375 0.23437500000000008 0.44375 0.3703125000000001 0.55 0.3703125000000001
2 0.7953125 0.02343750000000009 0.68125 0.023437500000000083 0.68125 0.1437500000000001 0.7953125 0.1437500000000001
2 0.3359375000000001 0.734375 0.2843750000000001 0.734375 0.2843750000000001 0.803125 0.3359375000000001 0.803125
2 0.08906250000000002 5.453505277453058e-18 0 0 6.984313776387249e-18 0.1140625 0.08906250000000002 0.1140625
2 0.6640625 0.045312500000000075 0.5625 0.04531250000000007 0.5625 0.14062500000000008 0.6640625 0.14062500000000008
2 0.453125 0.6359375 0.3937500000000001 0.6359375 0.3937500000000001 0.71875 0.453125 0.71875
2 0.41718750000000016 0.828125 0.3125000000000001 0.828125 0.3125000000000001 0.9484375 0.41718750000000016 0.9484375
2 0.4781250000000002 0.821875 0.40625000000000017 0.821875 0.40625000000000017 0.9453125 0.4781250000000002 0.9453125
2 0.9421875 0.17031250000000012 0.871875 0.1703125000000001 0.871875 0.2468750000000001 0.9421875 0.2468750000000001
2 0.8328125 0.4531250000000001 0.7171875 0.453125 0.7171875 0.5859375000000001 0.8328125 0.5859375000000002
2 0.3890625000000001 0.7828125 0.3375000000000001 0.7828125 0.3375000000000001 0.828125 0.3890625000000001 0.828125
2 0.7546875000000002 0.853125 0.6781250000000002 0.853125 0.6781250000000002 0.9046875 0.7546875000000002 0.9046875
2 0.3062500000000001 0.734375 0.16406250000000008 0.734375 0.16406250000000008 0.8828125 0.3062500000000001 0.8828125
2 0.5046875 0.5078125 0.3968750000000001 0.5078125 0.3968750000000001 0.6140625 0.5046875 0.6140625
2 0.6578125 0.509375 0.5375 0.509375 0.5375 0.58125 0.6578125 0.58125
2 0.8875 0.1984375000000001 0.8328125 0.1984375000000001 0.8328125 0.2593750000000001 0.8875 0.2593750000000001
2 0.7312500000000002 0.7640625000000001 0.6765625000000002 0.7640625 0.6765625000000002 0.834375 0.7312500000000002 0.834375
2 0.621875 0.4515625 0.5515625 0.4515625 0.5515625 0.521875 0.621875 0.521875
2 1 0.6718750000000002 0.915625 0.6718750000000002 0.915625 0.7984375000000001 1 0.7984375000000001
2 0.68125 0.3515625000000001 0.5546875 0.3515625000000001 0.5546875 0.478125 0.68125 0.478125
2 0.08125000000000007 0.4609375 5.644856339819831e-17 0.4609375 7.003448882623926e-17 0.6828125 0.08125000000000009 0.6828125
2 0.10937500000000004 0.309375 0.028125000000000032 0.309375 0.02812500000000004 0.378125 0.10937500000000004 0.378125
2 0.7765625 0.25468750000000007 0.7 0.25468750000000007 0.7 0.3593750000000001 0.7765625 0.3593750000000001
2 0.9203125 0.5437500000000002 0.775 0.5437500000000002 0.775 0.6453125000000002 0.9203125 0.6453125000000002
2 0.2515625000000001 0.65 0.1515625000000001 0.65 0.1515625000000001 0.7390625 0.2515625000000001 0.7390625
2 1 0.19375000000000014 0.925 0.19375000000000014 0.925 0.3859375000000001 1 0.3859375000000001
2 0.2906250000000001 0.6796875 0.2390625000000001 0.6796875 0.2390625000000001 0.79375 0.2906250000000001 0.79375