1 0.9580952174264791 0.8156979688250218 0.830433538539148 0.7691330890713038 0.8087473523005897 0.828587659952197 0.9364090311879207 0.8751525397059148
1 0.7900391018286503 0.7026425138872917 0.6804191018287219 0.6933452503251276 0.6720644238166098 0.7918516331509526 0.7816844238165384 0.8011488967131166
1 0.6348844519838837 0.8504526274308782 0.6191343530018856 0.7769465203181197 0.5296162584458766 0.796127495958337 0.5453663574278746 0.8696336030710953
1 0.5331771676678729 0.7597405848644962 0.41944999174575204 0.7595941777520488 0.41931283417760873 0.8661364257380055 0.5330400100997297 0.8662828328504529
1 0.6140842008092765 0.7542731137087602 0.5185597062261472 0.7074780695103604 0.4904095840270747 0.7649419792380424 0.585934078610204 0.8117370234364423
1 0.5184346165507726 0.6946883802299738 0.3974322947461297 0.6846355911076867 0.3915838689483199 0.7550312884438852 0.5125861907529629 0.7650840775661722
1 0.4613090053769124 0.6793018153885096 0.4052658203172455 0.5838413219568337 0.3312372731455452 0.6273021864432644 0.3872804582052122 0.7227626798749405
1 0.41723199363058117 0.830603486928363 0.416729582108274 0.7432107969499471 0.34273995159302073 0.7436361556717268 0.34324236311532796 0.8310288456501429
1 0.28742925765099525 0.9306477767759602 0.2542160811600607 0.8439980481056951 0.1643966227542661 0.8784261942768617 0.19760979924520067 0.965075922947127
1 0.14040528573566433 0.8165252989478994 0.00013178403735131515 0.8145768098474069 -0.0008795203232539711 0.8873815301350488 0.13939398137505904 0.8893300192355413
1 0.16627321854322613 0.8659770291662892 0.16561329868180885 0.7845259743790767 0.07257520238789214 0.785279772936667 0.0732351222493094 0.8667308277238794
1 0.20780539734927467 0.7775820827068765 0.14953687451927644 0.7010521126335075 0.0950522951751247 0.742535677207673 0.15332081800512293 0.8190656472810419
1 0.26404659556370547 0.7719631880136836 0.2638840654432194 0.7108853247945474 0.17705869802766044 0.7111163698358035 0.1772212281481465 0.7721942330549397
1 0.2699104325187725 0.8353968645736645 0.19815936180253643 0.7715102591754674 0.15168681662201683 0.8237035922666172 0.2234378873382529 0.8875901976648141
1 0.1230739808468044 0.7941700693805355 0.10557114011063717 0.7316836418385368 -0.01606253739940875 0.7657539987041417 0.001440303336758486 0.8282404262461404
1 0.07365000000000009 0.7137921875 8.756645586240782e-17 0.7137921875 9.058186157871464e-17 0.7630375 0.07365000000000009 0.7630375
1 0.2611698911032502 0.6626045076274378 0.07171495591242878 0.6457734737768247 0.06553498484900677 0.7153369971880214 0.2549899200398281 0.7321680310386345
1 0.27996482257143224 0.6279652400296332 0.1973339080026712 0.6017665346787341 0.18204493101414024 0.6499880835859095 0.26467584558290125 0.6761867889368086
1 0.2846073912747852 0.6084753141709237 0.2748463533356649 0.5692094646027168 0.19698046866115698 0.5885660266745697 0.20674150660027726 0.6278318762427767
1 0.2299647744490648 0.6089115373062937 0.21796339892537558 0.551614790092975 0.09070216343433557 0.5782709259299775 0.1027035389580248 0.6355676731432962
1 0.1284507832727499 0.5583882828242979 0.015486521151582288 0.522733848137433 0.001149551844888097 0.5681577953408696 0.11411381396605572 0.6038122300277345
1 0.29512895929584626 0.5383709412730723 0.2729768037378321 0.47479454139538235 0.1338882050291767 0.5232576862237757 0.1560403605871908 0.5868340861014656
1 0.16206656355332172 0.5088430199017859 0.05117325127590298 0.4723342149312174 0.031827991805381026 0.5310942839414653 0.14272130408279976 0.5676030889120337
1 0.20327361767711433 0.47254400744905045 0.14183353322270964 0.4625934961378981 0.1344558685569128 0.5081473703026161 0.19589595301131751 0.5180978816137685
1 0.13287125326151403 0.46121377557003934 0.05526891006698278 0.4571851947754525 0.05371951873385582 0.4870310397781174 0.13132186192838707 0.49105962057270425
1 0.27999997200296045 0.470037451378432 0.1929567022648005 0.444466668989177 0.18177335543073989 0.48253492440014883 0.2688166251688998 0.5081057067894037
1 0.2965949565036266 0.4528827525069331 0.23974637636417945 0.41749848877714735 0.21855151916929963 0.4515502793411265 0.27540009930874676 0.4869345430709123
1 0.2984343892520207 0.42561993800713144 0.28132945461346337 0.3647706261629948 0.15096250280871232 0.4014171899788696 0.16806743744726965 0.4622665018230062
1 0.17774531409827227 0.42081167954474424 0.08681782939568475 0.4120839288289589 0.08140578480675237 0.46846771172961327 0.1723332695093399 0.4771954624453986
1 0.08370477381115386 0.38980975650512567 0.08006776099279664 0.3420062269516306 -0.002952539323813086 0.3483226203070099 0.0006844734945441411 0.396126149860505
1 0.09399063624447229 0.4050880089335017 0.0864992531597834 0.37981086371186235 0.024702878287752916 0.3981254444666189 0.0321942613724418 0.4234025896882582
1 0.04629531250000004 0.2615953125 3.219711245595812e-17 0.2615953125 3.504432058844453e-17 0.30809375 0.04629531250000004 0.30809375
1 0.2195786955293127 0.315365913121869 0.0819300493207735 0.27543452028764204 0.0657803015965431 0.33110477752305517 0.2034289478050823 0.37103617035728215
1 0.09259509470409381 0.16046781116077424 0.01877253865378257 0.15547749414933645 0.016190940280427408 0.19366749093302688 0.09001349633073866 0.19865780794446466
1 0.30602336710151945 0.2519496612715841 0.24821618663718445 0.2230657735549121 0.22093183328078086 0.27767170312359396 0.27873901374511584 0.30655559084026596
1 0.23780047683373043 0.27988265731364875 0.15878258381552085 0.24146111300204218 0.13877669045694355 0.28260530877722945 0.21779458347515313 0.321026853088836
1 0.27381555720284073 0.3073428640633802 0.2110945709625358 0.3012211542639034 0.20604864356725366 0.35292003465776306 0.2687696298075586 0.35904174445723985
1 0.3082871690422021 0.20750716767816382 0.29331146402343167 0.14481936931289272 0.239266775291581 0.1577302919706558 0.25424248031035146 0.22041809033592688
1 0.423120648959258 0.2589882760011347 0.38440857820755603 0.19646998078142971 0.31882306095315766 0.23708131183767062 0.3575351317048596 0.2995996070573756
1 0.47453664904420884 0.32551650299125606 0.3486921781898043 0.2905972250459826 0.3359490952022286 0.33652161495285615 0.46179356605663313 0.3714408928981296
1 0.5080103793687567 0.36520040514767577 0.3783139490311113 0.3573663149140402 0.3750365249494859 0.4116253534766062 0.5047329552871314 0.4194594437102418
1 0.651484950032436 0.4195294305946332 0.5278051728071183 0.3520001462186294 0.4954469033725335 0.41126426536407623 0.6191266805978513 0.47879354974008004
1 0.5404106211627627 0.45328619294271527 0.48874970921089195 0.411007917135506 0.4381489066356245 0.4728383384718732 0.48980981858749517 0.5151166142790824
1 0.5426011802154171 0.5296880678018185 0.506693853632929 0.4806359874050239 0.4209006631724742 0.5434387081764441 0.4568079897549624 0.5924907885732388
1 0.5795297969966499 0.6079744800154472 0.5594227054864446 0.5425659240988747 0.41046730925812935 0.5883559547902993 0.43057440076833464 0.6537645107068719
1 0.5734282710112617 0.6893887164175327 0.549732622377198 0.6275608908730801 0.46846281037186116 0.6587077231104569 0.49215845900592486 0.7205355486549097
1 0.669097416658424 0.686892271793955 0.5498435816044684 0.6736261646991952 0.5431640591885059 0.7336708076937508 0.6624178942424614 0.7469369147885107
1 0.6432408663304365 0.5850097602584569 0.5377722738364086 0.5845999898751864 0.537495619837389 0.6558064730074377 0.6429642123314169 0.6562162433907082
1 0.6387658678721394 0.52787153368995 0.5302314329678236 0.5127002771123286 0.5228355000772098 0.5656104228715844 0.6313699349815256 0.5807816794492058
1 0.6522112990968063 0.4759893200833023 0.5275145856477033 0.4474240104848578 0.5140992865828251 0.5059860819919779 0.6387960000319282 0.5345513915904223
1 0.6559108039249184 0.34412298787645296 0.6537166973217021 0.27793209609096625 0.59249539176449 0.2799614700298448 0.5946894983677062 0.3461523618153315
1 0.5740198220258554 0.2925615544262434 0.566851253141814 0.2620744779691114 0.5248906434642255 0.2719408723842375 0.532059212348267 0.30242794884136953
1 0.6650387452495814 0.2202198610492591 0.6636923830879075 0.18558929408104113 0.5930401813477951 0.18833610013677632 0.5943865435094692 0.2229666671049943
1 0.9026891345884426 0.23703796987183953 0.8828611949051239 0.19294313020812698 0.8004369623663304 0.23000648555054273 0.8202649020496491 0.2741013252142553
1 0.8735387566362454 0.3109783062224404 0.8094329252672224 0.2939871180769089 0.7976368441496262 0.33849239813519655 0.8617426755186491 0.35548358628072796
1 0.9838941999511203 0.3966689170883009 0.9767826715559673 0.3325388698457902 0.841264619159275 0.34756677827739435 0.8483761475544279 0.41169682551990505
1 0.9556239322540041 0.33340973863445883 0.9489687040763937 0.3020285654746194 0.8605173207598421 0.3207870782809629 0.8671725489374523 0.3521682514408023
1 0.8428607395641612 0.45150726938146707 0.7451225380055821 0.42325155015556676 0.7304510267621843 0.47400117403212827 0.8281892283207635 0.5022568932580286
1 0.9706355031038972 0.497451447127077 0.968018129992109 0.45057815334447715 0.838036368492179 0.45783624724226674 0.8406537416039672 0.5047095410248665
1 0.9499148811835336 0.514787627626762 0.8132989298356736 0.4830776186809129 0.7993205338148053 0.5433006187427928 0.9359364851626651 0.575010627688642
1 0.839092135912409 0.5448331343629993 0.7555165402608964 0.48440912807664055 0.7153743386411453 0.5399319015126551 0.7989499342926579 0.6003559077990139
1 0.8967311059534048 0.5674677184286192 0.8280147029125141 0.5565657478393563 0.8206846790398469 0.602767750551565 0.8894010820807375 0.6136697211408279
1 0.8565951783228913 0.5837505751373764 0.682167322792558 0.5757510689726437 0.6794903504617381 0.6341219900474397 0.8539182059920714 0.6421214962121724
1 0.9353133292448911 0.6204092143056786 0.8128272425988545 0.6167782038319823 0.8115984012332644 0.6582311192312236 0.9340844878793011 0.6618621297049199
1 0.9437283298316563 0.6640387008583405 0.7474983598630848 0.6612294331040331 0.7465189996194751 0.7296386585676007 0.9427489695880465 0.732447926321908
1 0.9344613064910632 0.7329954268653281 0.7838626869648571 0.7285348878550078 0.7816144386666051 0.8044412052945594 0.9322130581928114 0.8089017443048798
1 0.6342034390957906 0.9424714152325897 0.628934265516023 0.8567327973096365 0.5432234307275804 0.8620002634422598 0.5484926043073479 0.947738881365213
1 0.5650346308007224 0.8850243863006749 0.554790694745711 0.8388108922139667 0.4646157203351528 0.8587995706266153 0.4748596563901641 0.9050130647133235
1 0.9357518211677963 0.8738623299982231 0.7923463698977771 0.8237144281211238 0.7750752474331059 0.8731037947402083 0.9184806987031251 0.9232516966173077
1 0.7508759844228702 0.3550792696682531 0.6771753481588938 0.35493800338844833 0.6770668521606757 0.41154191560175946 0.7507674884246521 0.41168318188156416
1 0.5321173308761047 0.35260055756795095 0.47255885042201207 0.34788347797470587 0.47035113263751727 0.3757584192210395 0.5299096130916099 0.38047549881428455