1 0.80625 0.7890625000000002 0.7531250000000002 0.7890625000000002 0.7531250000000002 0.85625 0.80625 0.85625
1 0.7359375000000001 0.7703125000000001 0.6765625000000002 0.7703125 0.6765625000000002 0.875 0.7359375000000001 0.875
1 0.7250000000000001 0.6578125 0.671875 0.6578125 0.6718750000000001 0.74375 0.7250000000000002 0.74375
1 0.20781250000000004 0.359375 0.15312500000000004 0.359375 0.15312500000000004 0.4625 0.2078125000000001 0.4625
1 0.6421875000000001 0.75625 0.5812500000000002 0.75625 0.5812500000000002 0.8875 0.6421875000000001 0.8875
1 0.66875 0.28593750000000007 0.61875 0.28593750000000007 0.61875 0.3578125000000001 0.66875 0.3578125000000001
1 0.571875 0.36406250000000007 0.509375 0.36406250000000007 0.509375 0.4484375 0.571875 0.4484375
1 0.7156250000000002 0.9421875 0.6687500000000002 0.9421875 0.6687500000000002 1 0.7156250000000002 1
1 0.6734375 0.6484375 0.6265625 0.6484375 0.6265625 0.7078125 0.6734375 0.7078125
1 0.6750000000000002 0.9453125 0.6203125000000002 0.9453125 0.6203125000000002 1 0.6750000000000002 1
1 0.615625 0.3937500000000001 0.5671875 0.3937500000000001 0.5671875 0.4921875 0.615625 0.4921875
1 0.6796875 0.3500000000000001 0.63125 0.3500000000000001 0.63125 0.425 0.6796875 0.425
1 0.8421875 0.9375 0.7953125000000002 0.9375 0.7953125000000002 1 0.8421875 1
1 0.665625 0.07812500000000008 0.61875 0.07812500000000007 0.61875 0.15000000000000008 0.665625 0.15000000000000008
1 0.2859375 0.25625 0.20625 0.25625 0.20625 0.346875 0.2859375 0.346875
1 0.28750000000000003 0.34375 0.19687500000000005 0.34375 0.19687500000000005 0.4390625 0.2875000000000001 0.4390625
1 0.8109375 0.2531250000000001 0.7484375 0.2531250000000001 0.7484375 0.3296875000000001 0.8109375 0.3296875000000001
1 0.2812500000000001 0.721875 0.2328125000000001 0.721875 0.2328125000000001 0.8359375 0.2812500000000001 0.8359375
1 0.6140625000000002 0.95 0.5703125000000002 0.95 0.5703125000000002 1 0.6140625000000002 1
1 0.2375000000000001 0.753125 0.14062500000000008 0.753125 0.14062500000000008 0.85625 0.2375000000000001 0.85625
1 0.2109375 0.006250000000000022 0.1671875 0.006250000000000019 0.1671875 0.09375000000000003 0.2109375 0.09375000000000003
1 0.4281250000000002 0.7859375 0.3593750000000001 0.7859375 0.3593750000000001 0.9328125 0.4281250000000002 0.9328125
1 0.4765625000000001 0.69375 0.4234375 0.69375 0.4234375000000001 0.853125 0.47656250000000017 0.853125
1 0.4140625 0.5953125 0.3312500000000001 0.5953125 0.3312500000000001 0.6921875 0.4140625 0.6921875
1 0.6968750000000001 0.703125 0.6375 0.703125 0.6375000000000001 0.8328125 0.6968750000000001 0.8328125
1 0.5375 0.17968750000000006 0.4703125 0.17968750000000006 0.4703125 0.2593750000000001 0.5375 0.2593750000000001
1 0.38125000000000003 0.26875000000000004 0.334375 0.26875 0.33437500000000003 0.38281250000000006 0.3812500000000001 0.3828125000000001
1 0.42656250000000007 0.6796875 0.3265625000000001 0.6796875 0.3265625000000001 0.8046875 0.4265625000000002 0.8046875
1 0.5484375 0.11093750000000006 0.4859375 0.11093750000000005 0.4859375 0.19218750000000007 0.5484375 0.1921875000000001
1 0.484375 0.2562500000000001 0.4203125 0.2562500000000001 0.4203125 0.3609375000000001 0.484375 0.3609375000000001
1 0.5437500000000002 0.784375 0.4734375000000002 0.784375 0.4734375000000002 0.9328125 0.5437500000000002 0.9328125
1 0.4203125 0.2468750000000001 0.375 0.2468750000000001 0.37500000000000006 0.36406250000000007 0.4203125 0.36406250000000007
1 0.5640625000000001 0.953125 0.4968750000000002 0.953125 0.4968750000000002 1 0.5640625000000001 1
1 0.2062500000000001 0.6046875 0.1390625000000001 0.6046875 0.1390625000000001 0.7578125 0.2062500000000001 0.7578125
1 0.2796875 0.13750000000000004 0.2125 0.13750000000000004 0.2125 0.2390625 0.2796875 0.2390625
1 0.36875 0.10312500000000005 0.2640625 0.10312500000000005 0.2640625 0.22968750000000004 0.36875 0.2296875000000001
1 0.725 0.4890625 0.6890625 0.4890625 0.6890625 0.5390625 0.725 0.5390625
1 0.49375 0.3421875000000001 0.4078125 0.3421875000000001 0.4078125 0.4578125 0.49375 0.4578125
1 0.33125 0.03593750000000004 0.253125 0.03593750000000003 0.253125 0.11406250000000004 0.33125 0.11406250000000004
1 0.2640625 2.898968594856625e-17 0.209375 2.5641042357147705e-17 0.209375 0.09687500000000002 0.2640625 0.09687500000000002
1 0.5859375 0.584375 0.5484375 0.584375 0.5484375 0.6578125 0.5859375 0.6578125
1 0.4812500000000002 0.95625 0.4078125000000002 0.95625 0.4078125000000002 1 0.4812500000000002 1
1 0.45 0.36718750000000006 0.34843750000000007 0.3671875 0.34843750000000007 0.5109375 0.45 0.5109375
1 0.5765625 0.2640625000000001 0.5140625 0.2640625000000001 0.5140625 0.37968750000000007 0.5765625 0.37968750000000007
1 0.17187500000000006 0.203125 0.11093750000000005 0.203125 0.11093750000000005 0.328125 0.17187500000000006 0.328125
1 0.7171875 0.0062500000000000845 0.659375 0.00625000000000008 0.659375 0.10312500000000009 0.7171875 0.10312500000000009
1 0.728125 0.1468750000000001 0.7 0.1468750000000001 0.7 0.2015625000000001 0.728125 0.2015625000000001
1 0.3343750000000001 0.590625 0.2468750000000001 0.590625 0.2468750000000001 0.7359375 0.3343750000000001 0.7359375
1 0.76875 0.5781250000000001 0.678125 0.578125 0.678125 0.675 0.76875 0.6750000000000002
1 0.26250000000000007 0.5734375 0.18125000000000008 0.5734375 0.18125000000000008 0.7265625 0.26250000000000007 0.7265625
1 0.6390625 0.1218750000000001 0.5828125 0.1218750000000001 0.5828125 0.22812500000000008 0.6390625 0.22812500000000008
1 0.696875 0.3609375000000001 0.6640625 0.3609375000000001 0.6640625 0.43125 0.696875 0.43125
1 0.665625 7.845393557037733e-17 0.615625 7.539231857250894e-17 0.615625 0.09062500000000008 0.665625 0.0906250000000001
1 0.4171875 0.12500000000000006 0.36875 0.12500000000000006 0.36875 0.2593750000000001 0.4171875 0.2593750000000001
1 0.3500000000000001 0.9640625 0.2953125000000001 0.9640625 0.2953125000000001 1 0.3500000000000001 1
1 0.4796875 0.12343750000000005 0.403125 0.12343750000000005 0.403125 0.21250000000000008 0.4796875 0.21250000000000008
1 0.7484375 0.2406250000000001 0.69375 0.2406250000000001 0.69375 0.3500000000000001 0.7484375 0.3500000000000001
1 0.51875 0.2593750000000001 0.4703125 0.2593750000000001 0.4703125 0.4 0.51875 0.4
1 0.4046875000000002 0.95625 0.3593750000000001 0.95625 0.3593750000000001 1 0.4046875000000002 1
1 0.21093750000000008 0.9671875 0.15468750000000014 0.9671875 0.15468750000000014 1 0.21093750000000008 1
1 0.5796875 0.03593750000000007 0.5328125 0.03593750000000007 0.5328125 0.15468750000000006 0.5796875 0.1546875000000001
1 0.475 0.05000000000000006 0.4078125 0.050000000000000044 0.4078125 0.13906250000000003 0.475 0.13906250000000003
1 0.6046875 0.6796875 0.5203125 0.6796875 0.5203125000000001 0.8609375 0.6046875000000002 0.8609375
1 0.503125 0.5875 0.409375 0.5875 0.409375 0.7015625 0.503125 0.7015625
1 0.5593750000000001 0.6265625 0.484375 0.6265625 0.4843750000000001 0.7875 0.5593750000000002 0.7875
1 0.2796875000000001 0.9671875 0.2250000000000001 0.9671875 0.2250000000000001 1 0.2796875000000001 1
1 0.409375 0.03593750000000005 0.3265625 0.035937500000000046 0.3265625 0.12187500000000004 0.409375 0.12187500000000004
1 0.3281250000000001 0.7234375 0.2531250000000001 0.7234375 0.2531250000000001 0.921875 0.3281250000000001 0.921875
1 0.34062500000000007 0.265625 0.28125 0.265625 0.28125000000000006 0.4421875 0.34062500000000007 0.4421875
1 0.621875 0.007812500000000073 0.575 0.00781250000000007 0.575 0.1281250000000001 0.621875 0.1281250000000001
1 0.803125 0.94375 0.7156250000000002 0.94375 0.7156250000000002 1 0.803125 1
1 0.43125 4.9177223028260914e-17 0.371875 4.55415528432922e-17 0.371875 0.059375000000000046 0.43125 0.059375000000000046
1 0.53125 0.018750000000000062 0.453125 0.018750000000000055 0.453125 0.12500000000000006 0.53125 0.12500000000000006
1 0.6515625 0.2171875000000001 0.565625 0.2171875000000001 0.565625 0.3593750000000001 0.6515625 0.3593750000000001