1 0.5041676984634581 0.3720284077360271 0.4972416285780422 0.301733734457866 0.4614246716856026 0.30526274647188206 0.4683507415710184 0.37555741975004314
1 0.5396242030299506 0.34210114190817437 0.49706400681196944 0.337966876405432 0.4844711816818402 0.4676037147075469 0.5270313778998215 0.4717379802102893
1 0.46503263411661894 0.4905643685436868 0.4009889372986957 0.39206168521117096 0.2884704027810301 0.46521809747580684 0.35251409959895336 0.5637207808083227
1 0.3460703964293863 0.6301206460833265 0.3278914546385961 0.47552030014457464 0.2580535363754878 0.4837323092651622 0.27623247816627805 0.6383326552039141
1 0.33082139662620047 0.6634659818800701 0.264288165191405 0.5623525391300415 0.16527657195145257 0.6275027414038111 0.231809803386248 0.7286161841538397
1 0.2275333123760801 0.6498056260660976 0.10679729818994158 0.6237388447308406 0.08189812954173845 0.7390667151137632 0.202634143727877 0.7651334964490202
1 0.19410039963505005 0.6286826334543434 0.15935168823440057 0.5651890472687763 0.05691847609935059 0.621248601314433 0.09166718750000005 0.6847421875000002
1 0.3834601181581754 0.7415382355856232 0.31473398053186485 0.6744025887427575 0.2651977734407778 0.7251123434874419 0.3339239110670883 0.7922479903303076
1 0.29648787388845044 0.7178980965127204 0.22659058883136338 0.7069703716022773 0.2105028948605327 0.8098724981296115 0.2804001799176198 0.8208002230400547
1 0.2796500232116942 0.8328728290706969 0.18335732665368115 0.7688777841536212 0.11171004188164155 0.8766847285928252 0.20800273843965456 0.9406797735099008
1 0.3649860006473217 0.7853638506669858 0.29415989494652245 0.7623771159478163 0.26830783786210377 0.8420317754726941 0.339133943562903 0.8650185101918636
1 0.5459272629310347 0.6037021551724138 0.49265490301724146 0.5823932112068965 0.443056411637931 0.7063894396551724 0.4963287715517243 0.7276983836206897
1 0.5791671875 0.584559375 0.5333328125000001 0.584559375 0.5333328125000001 0.665440625 0.5791671875 0.665440625
1 0.5894766285900679 0.6770451596504025 0.5251401757541585 0.6518069303587742 0.4938570533874695 0.7315528231251924 0.5581935062233789 0.7567910524168208
1 0.6302418044401433 0.6491894718833585 0.6075857098222934 0.577217455737608 0.5684126340482397 0.5895487611356931 0.5910687286660894 0.6615207772814437
1 0.6783492536227804 0.710148804783575 0.676461429019798 0.5804823849720975 0.6194088205140521 0.5813130188259362 0.6212966451170345 0.7109794386374138
1 0.6853887147365978 0.3790470138778628 0.6046265964152419 0.35123988346692075 0.5817172833533106 0.41777694158208056 0.6624794016746666 0.4455840719930227
1 0.6510421875 7.631721393245873e-17 0.5692703125 7.131013068350736e-17 0.5692703125 0.1038609375000001 0.6510421875 0.1038609375000001
1 0.4498749864009521 0.016843266612892295 0.37413431088988197 0.007209803183561969 0.3540413438232991 0.16518568691517932 0.4297820193343692 0.17481915034450962
1 0.34092026174034873 0.16843895041276966 0.3385033788100053 0.0151984419819832 0.261916434110889 0.01640635809519589 0.2643333170412324 0.16964686652598235
1 0.37141222202293944 0.14684520032203674 0.36260204506449045 0.0802043118583637 0.3379455751247119 0.08346399023823015 0.3467557520831609 0.1501048787019032
1 0.28120967715190137 0.030496505500862692 0.21188856380381743 0.013417291608065813 0.18930253474697284 0.10508946634398661 0.2586236480950568 0.12216868023678348
1 0.27984434021911797 0.1620401478977822 0.22005188260317105 0.14751860385019339 0.19156244625802277 0.2648238580013413 0.25135490387396964 0.27934540204893016
1 0.2794337154371257 0.4002838298319073 0.27419945769018417 0.2779536545872372 0.21408901179893283 0.2805256575002478 0.2193232695458743 0.40285583274491793
1 0.25749872030020143 0.31359730795657137 0.18392196382664758 0.30447619013942584 0.15895666745519216 0.5058622009592633 0.23253342392874604 0.5149833187764087
1 0.3382927345645642 0.4103965872346601 0.29064925810865366 0.3629470029402998 0.22048678248631842 0.433396181897563 0.2681302589422289 0.4808457661919232
1 0.2762128820182062 0.4819105652783313 0.23260083032034373 0.48097751511290304 0.2302398341361079 0.5913337333105477 0.27385188583397035 0.5922667834759759
1 0.3803950045083739 0.41332662150571614 0.35377679475943197 0.36143514113353536 0.3030692902510581 0.38744601962781927 0.3296875 0.43933750000000005
1 0.35978361014820476 0.22475030501729115 0.30202274701740084 0.21110993685762952 0.28638516469373115 0.2773281093967912 0.3441460278245351 0.29096847755645283
1 0.6003652840622589 0.4299514319546766 0.5896890632016751 0.332605650147875 0.5420923023665285 0.3378257379780074 0.5527685232271121 0.43517151978480895
1 0.69231668706375 0.30948931788979533 0.6387895666972644 0.2945725471553125 0.6205255718770444 0.36011079712350746 0.67405269224353 0.37502756785799024
1 0.7447472474026617 0.12486067047674254 0.6758623668364466 0.11947796657881378 0.6689186106578535 0.20834033465879703 0.7378034912240686 0.21372303855672584
1 0.8513536826458357 0.2878611042240074 0.847724758617962 0.2430330057076854 0.8328661919486635 0.24423583632933993 0.836495115976537 0.28906393484566195
1 0.8684305450314268 0.2273925346335644 0.8318647866448469 0.17146886375712905 0.794846900207005 0.1956730526140938 0.8314126585935849 0.2515967234905291
1 0.8406126090720842 0.24616253101038707 0.7989232974548593 0.2424322776444936 0.7932317683682076 0.30604080671691203 0.8349210799854327 0.3097710600828055
1 0.5212710289556772 0.11248385955427068 0.5073633007862594 -0.0036873938448772183 0.4653534433207371 0.0013419198706168922 0.479261171490155 0.11751317326976478
1 0.5261715016271403 0.17867707410811318 0.46624126773900637 0.1763338262035828 0.4630844040730063 0.25707286260283124 0.5230146379611402 0.25941611050736163
1 0.7776046875000001 0.6911765625000001 0.7338546875 0.6911765625000001 0.7338546875000002 0.7573531250000002 0.7776046875000002 0.7573531250000002
1 0.6147388079397625 0.43960894441070364 0.5703049159935663 0.4315153393203218 0.5564707760903546 0.5074647673889535 0.600904668036551 0.5155583724793354
1 0.7725660869393487 0.49004964065329587 0.7690006060879472 0.4354759541522541 0.7203689646310814 0.43865322139410273 0.7239344454824829 0.4932269078951445
1 0.20901830102176833 0.268858050047093 0.20749014011338848 0.178563672895432 0.1453727007819393 0.17961496141980532 0.14690086169031916 0.26990933857146626
1 0.25583019483812297 0.1398812583581074 0.21108043783820435 0.09885915611628195 0.16682608319223577 0.14713487843107254 0.21157584019215442 0.188156980672898
1 0.30844612749828954 0.1958208668930818 0.26744039922306073 0.19045923924203206 0.258924122369659 0.25559172461684876 0.2999298506448878 0.2609533522678985
1 0.38255137797912236 0.017848194100837066 0.3427941552702748 0.006354406395007684 0.32377898445222625 0.07212823138713932 0.3635362071610738 0.08362201909296871
1 0.5626717409795313 0.132050476945155 0.55141276685681 -0.0031112772291722545 0.5109465751224734 0.0002595565422979673 0.5222055492451948 0.13542131071662525
1 0.632496714622223 0.30773419927443246 0.5908815395053437 0.29741662478067565 0.5766896807468598 0.3546584394945599 0.6183048558637391 0.36497601398831664
1 0.4709971148205822 0.324505313569787 0.39154080104628297 0.30949589818952905 0.37329850120636826 0.40606634169605044 0.4527548149806675 0.4210757570763084
1 0.4326891660785245 0.6334070385345344 0.3537447371287939 0.5820399733811206 0.2953564753544403 0.6717750588756319 0.37430090430417096 0.7231421240290457
1 0.48649330746979247 0.6073434747417117 0.42765496663639635 0.5781618581872825 0.3934417385068826 0.6471453421536476 0.4522800793402787 0.6763269587080767
1 0.7714848188425781 0.11647515969590425 0.7205485261888758 0.07028437679640658 0.687980028722977 0.10619886912756873 0.7389163213766793 0.1523896520270664
1 0.7261999248732447 0.9755605439941901 0.7083364785605958 0.9327831975210452 0.6827299872117516 0.9434762446868519 0.7005934335244006 0.9862535911599967
1 0.1554753568068425 0.7767788831260073 0.08946316998199526 0.696777342894304 0.03090522199850847 0.7450956401567083 0.09691740882335571 0.8250971803884115
1 0.23802834891760122 0.7708309566493059 0.21221858112930123 0.7181758710560378 0.13638871601004027 0.7553451432753285 0.1621984837983403 0.8080002288685968