1 0.3109375000000001 0.590625 0.2562500000000001 0.590625 0.2562500000000001 0.6765625 0.3109375000000001 0.6765625
1 0.5671875 0.10625000000000007 0.4984375 0.10625000000000004 0.4984375 0.23593750000000008 0.5671875 0.23593750000000008
1 0.4671875 0.09687500000000006 0.415625 0.09687500000000004 0.415625 0.2171875000000001 0.4671875 0.2171875000000001
1 0.28125 0.09375000000000003 0.146875 0.09375000000000003 0.14687500000000003 0.221875 0.28125 0.221875
1 0.5421875 0.2640625000000001 0.46875 0.2640625000000001 0.46875 0.36406250000000007 0.5421875 0.36406250000000007
1 0.55 6.324152611221879e-17 0.4828125 5.912747827133314e-17 0.4828125 0.07031250000000007 0.55 0.07031250000000007
1 0.375 0.11406250000000004 0.3109375 0.11406250000000004 0.3109375 0.25000000000000006 0.375 0.2500000000000001
1 0.4234375 0.10312500000000005 0.3640625 0.10312500000000005 0.3640625 0.2484375000000001 0.4234375 0.2484375000000001
1 0.6515625 7.644474941552617e-17 0.596875 7.309610582410764e-17 0.596875 0.046875000000000076 0.6515625 0.046875000000000076
1 0.8046875 0.2250000000000001 0.7703125 0.2250000000000001 0.7703125 0.2828125000000001 0.8046875 0.2828125000000001
1 0.23593750000000008 0.828125 0.10937500000000008 0.828125 0.10937500000000011 0.9890625 0.23593750000000008 0.9890625
1 0.5468750000000001 0.7046875 0.50625 0.7046875 0.5062500000000001 0.7859375 0.5468750000000002 0.7859375
1 0.4484375 0.2062500000000001 0.4046875 0.2062500000000001 0.4046875 0.2796875000000001 0.4484375 0.2796875000000001
1 0.4609375 5.281289321322961e-17 0.4015625 4.91772230282609e-17 0.4015625 0.060937500000000054 0.4609375 0.06093750000000007
1 0.553125 0.6203125 0.50625 0.6203125 0.50625 0.7015625 0.553125 0.7015625
1 0.7375 0.6953125000000001 0.68125 0.6953125 0.6812500000000001 0.7859375000000001 0.7375000000000002 0.7859375000000002
1 0.3546875000000001 0.4796875 0.2890625000000001 0.4796875 0.2890625000000001 0.603125 0.3546875000000001 0.603125
1 0.68125 0.09687500000000009 0.6375 0.09687500000000009 0.6375 0.1937500000000001 0.68125 0.1937500000000001
1 0.4031250000000002 0.81875 0.3359375000000001 0.81875 0.3359375000000001 0.934375 0.4031250000000002 0.934375
1 0.6484375 0.13281250000000008 0.5953125 0.13281250000000008 0.5953125 0.2578125000000001 0.6484375 0.2578125000000001
1 0.2156250000000001 0.4796875 0.14218750000000005 0.4796875 0.14218750000000008 0.5765625 0.2156250000000001 0.5765625
1 0.6171875 0.2968750000000001 0.5484375 0.2968750000000001 0.5484375 0.4125 0.6171875 0.4125
1 0.5078125 0.08750000000000006 0.459375 0.08750000000000006 0.459375 0.19843750000000004 0.5078125 0.19843750000000004
1 0.2984375000000001 0.8203125 0.23437500000000008 0.8203125 0.23437500000000008 0.9296875 0.2984375000000001 0.9296875
1 0.7859375 9.242256312315182e-17 0.7234375 8.859554187581634e-17 0.7234375 0.07187500000000009 0.7859375 0.07187500000000009
1 0.3375 0.2140625 0.2375 0.2140625 0.2375 0.3359375 0.3375 0.3359375
1 0.6375 0.03125000000000007 0.5859375 0.03125000000000007 0.5859375 0.11250000000000009 0.6375 0.11250000000000009
1 0.7328125 0.09218750000000009 0.6640625 0.09218750000000009 0.6640625 0.24375000000000008 0.7328125 0.24375000000000008
1 0.4296875 0.4625 0.3687500000000001 0.4625 0.3687500000000001 0.5515625 0.4296875 0.5515625
1 0.4265625 0.5359375 0.3437500000000001 0.5359375 0.3437500000000001 0.6546875 0.4265625 0.6546875
1 0.515625 0.5484375 0.453125 0.5484375 0.453125 0.7015625 0.515625 0.7015625
1 0.253125 0.2203125 0.18281250000000004 0.2203125 0.18281250000000004 0.325 0.253125 0.325
1 0.4156250000000001 0.64375 0.35625000000000007 0.64375 0.35625000000000007 0.7921875 0.4156250000000002 0.7921875
1 0.415625 4.582857943684235e-17 0.3328125 4.075777628412285e-17 0.3328125 0.10000000000000005 0.415625 0.10000000000000005
1 0.49375 0.4140625 0.4171875 0.4140625 0.4171875 0.5734375 0.49375 0.5734375
1 0.5078125000000002 0.8078125 0.4437500000000002 0.8078125 0.4437500000000002 0.9203125 0.5078125000000002 0.9203125
1 0.19687500000000005 0.184375 0.10781250000000005 0.184375 0.10781250000000005 0.296875 0.19687500000000005 0.296875
1 0.5671875000000002 0.8078125 0.5046875000000002 0.8078125 0.5046875000000002 0.9 0.5671875000000002 0.9
1 0.7765625000000002 0.8109375 0.7125000000000001 0.8109375 0.7125000000000001 0.903125 0.7765625000000002 0.903125
1 0.1984375000000001 0.55 0.1281250000000001 0.55 0.1281250000000001 0.6671875 0.1984375000000001 0.6671875
1 0.5171875 0.18593750000000003 0.4703125 0.18593750000000003 0.4703125 0.2718750000000001 0.5171875 0.2718750000000001
1 0.16250000000000003 0.125 0.121875 0.125 0.12187500000000002 0.19375 0.16250000000000003 0.19375
1 0.559375 0.515625 0.5046875 0.515625 0.5046875 0.6265625 0.559375 0.6265625
1 0.44843750000000016 0.8171875 0.39531250000000007 0.8171875 0.39531250000000007 0.9671875 0.44843750000000016 0.9671875
1 0.5343750000000002 0.8765625 0.47187500000000016 0.8765625 0.47187500000000016 0.9625 0.5343750000000002 0.9625
1 0.684375 8.027177066286167e-17 0.6265625 7.673177600907635e-17 0.6265625 0.021875000000000082 0.684375 0.021875000000000082
1 0.709375 0.015625000000000087 0.6640625 0.015625000000000083 0.6640625 0.08437500000000009 0.709375 0.08437500000000009
1 0.8125 0.43750000000000017 0.759375 0.43750000000000017 0.759375 0.5281250000000002 0.8125 0.5281250000000002
1 0.38750000000000007 0.29531250000000003 0.328125 0.2953125 0.32812500000000006 0.421875 0.38750000000000007 0.421875
1 0.4031250000000002 0.9109375 0.3468750000000001 0.9109375 0.3468750000000001 0.971875 0.4031250000000002 0.971875
1 0.640625 0.50625 0.5703125 0.50625 0.5703125 0.603125 0.640625 0.603125
1 0.34843750000000007 0.8734375 0.2593750000000001 0.8734375 0.2593750000000001 0.978125 0.34843750000000007 0.978125
1 0.665625 0.3703125000000001 0.6015625 0.3703125000000001 0.6015625 0.48125 0.665625 0.48125
1 0.6671875000000002 0.85 0.6000000000000002 0.85 0.6000000000000002 0.9515625 0.6671875000000002 0.9515625
1 0.6578125000000001 0.5953125 0.6015625 0.5953125 0.6015625000000001 0.7390625 0.6578125000000001 0.7390625
1 0.603125 0.4515625 0.540625 0.4515625 0.540625 0.55 0.603125 0.55
1 0.6234375000000002 0.8046875 0.5656250000000002 0.8046875 0.5656250000000002 0.903125 0.6234375000000002 0.903125
1 0.7796875 0.5515625000000001 0.703125 0.5515625 0.703125 0.6562500000000001 0.7796875 0.6562500000000002
1 0.27812500000000007 0.4765625 0.19218750000000004 0.4765625 0.19218750000000007 0.6921875 0.27812500000000007 0.6921875
1 0.12187500000000002 0.153125 0.05625000000000002 0.153125 0.05625000000000002 0.2390625 0.12187500000000004 0.2390625
1 0.4546875 0.546875 0.41875 0.546875 0.41875 0.6140625 0.4546875 0.6140625
1 0.6859375 0.571875 0.6421875 0.571875 0.6421875 0.640625 0.6859375 0.640625
1 0.6984375000000002 0.7984375 0.6234375000000002 0.7984375 0.6234375000000002 0.8890625 0.6984375000000002 0.8890625
1 0.4781250000000001 0.6203125 0.4015625 0.6203125 0.4015625000000001 0.796875 0.4781250000000002 0.796875
1 0.7234375000000001 0.615625 0.646875 0.615625 0.6468750000000001 0.7296875 0.7234375000000002 0.7296875
1 0.61875 0.5765625 0.540625 0.5765625 0.540625 0.690625 0.61875 0.690625
1 0.6859375 0.4421875 0.625 0.4421875 0.625 0.546875 0.6859375 0.546875
1 0.521875 0.4953125 0.484375 0.4953125 0.484375 0.5578125 0.521875 0.5578125
1 0.14843750000000006 0.525 0.06718750000000007 0.525 0.06718750000000008 0.678125 0.14843750000000008 0.678125
1 0.50625 5.884045167778298e-17 0.4546875 5.568315914873122e-17 0.4546875 0.02343750000000006 0.50625 0.023437500000000062
1 0.71875 0.4453125 0.671875 0.4453125 0.671875 0.5203125 0.71875 0.5203125
1 0.3328125 3.300805825826851e-17 0.20625 2.525834023241416e-17 0.20625 0.05781250000000003 0.3328125 0.057812500000000044
1 0.4796875 0.19218750000000004 0.4453125 0.19218750000000004 0.4453125 0.2609375000000001 0.4796875 0.2609375000000001
1 0.7703125 0.4453125000000001 0.70625 0.4453125 0.70625 0.5531250000000001 0.7703125 0.5531250000000002
1 0.12656250000000013 0.928125 0.0796875000000001 0.928125 0.0796875000000001 0.990625 0.12656250000000013 0.990625
1 0.7734375000000002 0.8921875 0.7171875000000002 0.8921875 0.7171875000000002 0.94375 0.7734375000000002 0.94375
1 0.684375 0.3531250000000001 0.646875 0.3531250000000001 0.646875 0.4265625 0.684375 0.4265625
1 0.6109375000000001 0.68125 0.5765625 0.68125 0.5765625000000001 0.753125 0.6109375000000001 0.753125
1 0.5734375000000002 0.878125 0.5250000000000001 0.878125 0.5250000000000001 0.9578125 0.5734375000000002 0.9578125
1 0.6796875 0.22812500000000008 0.625 0.22812500000000008 0.625 0.3078125000000001 0.6796875 0.3078125000000001
1 0.6578125 0.3218750000000001 0.6109375 0.3218750000000001 0.6109375 0.3843750000000001 0.6578125 0.3843750000000001
1 0.634375 0.45625 0.5953125 0.45625 0.5953125 0.5125 0.634375 0.5125
1 0.1640625000000001 0.8359375 0.10000000000000009 0.8359375 0.10000000000000012 0.9375 0.16406250000000014 0.9375
1 0.35625 0.007812500000000043 0.334375 0.007812500000000042 0.334375 0.07187500000000005 0.35625 0.07187500000000005
1 0.715625 0.2593750000000001 0.65625 0.2593750000000001 0.65625 0.3531250000000001 0.715625 0.3531250000000001
1 0.7343750000000002 0.8421875 0.6609375000000002 0.8421875 0.6609375000000002 0.9484375 0.7343750000000002 0.9484375
1 0.9203125 1.0753929705012696e-16 0.8359375 1.0237281836622405e-16 0.8359375 0.11562500000000012 0.9203125 0.11562500000000013
1 0.603125 0.15781250000000008 0.5296875 0.15781250000000005 0.5296875 0.3187500000000001 0.603125 0.3187500000000001
1 0.6078125 0.10937500000000008 0.5609375 0.10937500000000008 0.5609375 0.18125000000000008 0.6078125 0.18125000000000008
1 0.6703125 0.1937500000000001 0.6390625 0.1937500000000001 0.6390625 0.2453125000000001 0.6703125 0.2453125000000001
1 0.40625 4.62112815615759e-17 0.3484375 4.267128690779059e-17 0.3484375 0.010937500000000046 0.40625 0.01093750000000005
1 0.734375 8.620365359623165e-17 0.6734375 8.247230788007957e-17 0.6734375 0.021875000000000085 0.734375 0.02187500000000009
1 0.34062500000000007 0.8703125 0.2984375000000001 0.8703125 0.2984375000000001 0.9171875 0.34062500000000007 0.9171875
1 0.6375 0.22031250000000008 0.578125 0.22031250000000008 0.578125 0.3156250000000001 0.6375 0.3156250000000001