1 0.4265625 0.4328125 0.3156250000000001 0.4328125 0.3156250000000001 0.5125 0.4265625 0.5125
1 0.20000000000000004 0.3390625 0.11562500000000005 0.3390625 0.11562500000000005 0.390625 0.2000000000000001 0.390625
1 0.4515625000000001 0.71875 0.32500000000000007 0.71875 0.32500000000000007 0.8140625 0.4515625000000002 0.8140625
1 0.6796875000000001 0.70625 0.60625 0.70625 0.6062500000000001 0.7671875 0.6796875000000002 0.7671875
1 0.78125 0.5843750000000001 0.6171875 0.584375 0.6171875 0.6671875 0.78125 0.6671875000000002
1 0.8234375 0.5093750000000001 0.7 0.509375 0.7 0.5921875000000001 0.8234375 0.5921875000000002
1 0.946875 0.43281250000000016 0.8203125 0.43281250000000016 0.8203125 0.5171875000000001 0.946875 0.5171875000000001
1 0.6390625 0.4453125 0.559375 0.4453125 0.559375 0.5 0.6390625 0.5
1 0.640625 0.6296875 0.5421875 0.6296875 0.5421875 0.7109375 0.640625 0.7109375
1 0.6125 0.496875 0.5109375 0.496875 0.5109375 0.5984375 0.6125 0.5984375
1 0.7796875 0.4937500000000001 0.6125 0.49375 0.6125 0.5671875000000001 0.7796875 0.5671875000000002
1 0.928125 0.7765625000000002 0.83125 0.7765625000000002 0.83125 0.8734375 0.928125 0.8734375
1 0.425 0.35468750000000004 0.2859375 0.3546875 0.28593750000000007 0.4359375 0.425 0.4359375
1 0.315625 0.21875 0.18906250000000005 0.21875 0.18906250000000005 0.303125 0.315625 0.303125
1 0.3593750000000001 0.4859375 0.2390625000000001 0.4859375 0.2390625000000001 0.5515625 0.3593750000000001 0.5515625
1 0.425 0.5171875 0.35625000000000007 0.5171875 0.35625000000000007 0.56875 0.425 0.56875
1 0.921875 0.2062500000000001 0.815625 0.2062500000000001 0.815625 0.3000000000000001 0.921875 0.3000000000000001
1 0.3078125000000001 0.4421875 0.19062500000000004 0.4421875 0.19062500000000004 0.5078125 0.3078125000000001 0.5078125
1 0.2687500000000001 0.5640625 0.09843750000000007 0.5640625 0.09843750000000008 0.65625 0.2687500000000001 0.65625
1 0.4328125000000001 0.6578125 0.27812500000000007 0.6578125 0.27812500000000007 0.7265625 0.43281250000000016 0.7265625
1 0.7734375 0.4296875000000001 0.634375 0.4296875 0.634375 0.4953125000000001 0.7734375 0.49531250000000016
1 0.4640625 0.5625 0.3218750000000001 0.5625 0.3218750000000001 0.615625 0.4640625 0.615625
1 0.75625 0.659375 0.6359375 0.659375 0.6359375 0.7109375000000001 0.75625 0.7109375000000002
1 0.5515625 0.39531250000000007 0.4515625 0.39531250000000007 0.4515625 0.44375 0.5515625 0.44375
1 0.4046875 0.25468750000000007 0.3125 0.2546875 0.3125 0.29375000000000007 0.4046875 0.29375000000000007
1 0.03750000000000006 0.4375 0.010937500000000053 0.4375 0.010937500000000057 0.509375 0.03750000000000007 0.509375
1 1 0.5640625000000001 0.9484375 0.5640625000000001 0.9484375 0.6625000000000002 1 0.6625000000000002
1 0.5390625 0.17812500000000003 0.425 0.17812500000000003 0.425 0.2875000000000001 0.5390625 0.2875000000000001
1 0.7406250000000002 0.80625 0.6281250000000002 0.80625 0.6281250000000002 0.8796875 0.7406250000000002 0.8796875
1 0.4203125 0.6 0.22031250000000008 0.6 0.22031250000000008 0.6859375 0.4203125 0.6859375
1 0.803125 0.2312500000000001 0.6125 0.2312500000000001 0.6125 0.3609375000000001 0.803125 0.3609375000000001
1 0.5484375 0.3062500000000001 0.4203125 0.3062500000000001 0.4203125 0.3984375000000001 0.5484375 0.3984375000000001
1 0.03750000000000005 0.378125 0.007812500000000047 0.378125 0.007812500000000052 0.4421875 0.037500000000000054 0.4421875
1 0.41875 0.28437500000000004 0.2546875 0.284375 0.25468750000000007 0.36718750000000006 0.41875 0.3671875000000001
1 1 0.7468750000000002 0.9171875 0.7468750000000002 0.9171875 0.834375 1 0.834375
1 0.3203125000000001 0.784375 0.20468750000000008 0.784375 0.20468750000000008 0.875 0.3203125000000001 0.875
1 0.20468750000000008 0.4109375 0.10156250000000004 0.4109375 0.10156250000000004 0.509375 0.20468750000000008 0.509375
1 0.9796875 0.3421875000000001 0.8609375 0.3421875000000001 0.8609375 0.4109375000000002 0.9796875 0.4109375000000002
1 0.32500000000000007 0.7046875 0.11718750000000008 0.7046875 0.11718750000000008 0.7875 0.32500000000000007 0.7875
1 0.265625 0.2890625 0.17343750000000005 0.2890625 0.17343750000000005 0.3546875 0.265625 0.3546875
1 1 0.5078125000000002 0.8953125 0.5078125000000002 0.8953125 0.5953125000000001 1 0.5953125000000001
1 0.928125 0.30937500000000007 0.828125 0.30937500000000007 0.828125 0.3687500000000001 0.928125 0.3687500000000001
1 0.6796875 0.3265625000000001 0.5375 0.3265625000000001 0.5375 0.4078125 0.6796875 0.4078125
1 0.653125 0.12343750000000006 0.54375 0.12343750000000005 0.54375 0.22031250000000008 0.653125 0.22031250000000008
1 0.5015625 0.11093750000000005 0.38125 0.11093750000000005 0.38125 0.19218750000000004 0.5015625 0.19218750000000004
1 0.3671875000000001 0.5453125 0.2531250000000001 0.5453125 0.2531250000000001 0.6078125 0.3671875000000001 0.6078125
1 0.8015625 0.3609375000000001 0.6875 0.3609375000000001 0.6875 0.4140625000000001 0.8015625 0.41406250000000017
1 0.27812500000000007 0.64375 0.1515625000000001 0.64375 0.1515625000000001 0.7125 0.27812500000000007 0.7125
1 0.73125 0.1593750000000001 0.6296875 0.1593750000000001 0.6296875 0.21093750000000008 0.73125 0.21093750000000008
1 0.596875 0.2828125000000001 0.4703125 0.2828125000000001 0.4703125 0.34843750000000007 0.596875 0.34843750000000007
1 0.828125 0.7968750000000002 0.7343750000000002 0.7968750000000002 0.7343750000000002 0.8671875 0.828125 0.8671875
1 0.27031250000000007 0.5 0.16093750000000004 0.5 0.16093750000000007 0.5703125 0.27031250000000007 0.5703125
1 1 0.6796875000000002 0.9515625 0.6796875000000002 0.9515625 0.7468750000000002 1 0.7468750000000002
1 0.7390625 0.39531250000000007 0.5890625 0.39531250000000007 0.5890625 0.4546875000000001 0.7390625 0.4546875000000002
1 0.66875 0.2984375000000001 0.59375 0.2984375000000001 0.59375 0.33281250000000007 0.66875 0.33281250000000007
1 1 0.4312500000000002 0.9359375 0.4312500000000002 0.9359375 0.4968750000000002 1 0.4968750000000002
1 0.31875 0.09531250000000004 0.2234375 0.09531250000000002 0.2234375 0.18281250000000004 0.31875 0.18281250000000004
1 1 0.2796875000000001 0.8890625 0.2796875000000001 0.8890625 0.3375000000000001 1 0.3375000000000001
1 0.046875000000000104 0.828125 0.0187500000000001 0.828125 0.018750000000000107 0.9234375 0.04687500000000011 0.9234375
1 1 0.8203125 0.93125 0.8203125 0.93125 0.8640625 1 0.8640625
1 1 0.33281250000000007 0.9171875 0.33281250000000007 0.9171875 0.38750000000000007 1 0.38750000000000007
1 0.15937500000000004 0.19375 0.05625000000000002 0.19375 0.056250000000000036 0.278125 0.15937500000000004 0.278125
1 1 0.3812500000000001 0.9359375 0.3812500000000001 0.9359375 0.43281250000000016 1 0.43281250000000016
1 0.8140625 0.4515625000000001 0.7 0.4515625 0.7 0.5062500000000001 0.8140625 0.5062500000000002
1 0.04375000000000002 0.075 0.001562500000000009 0.075 0.0015625000000000142 0.1578125 0.043750000000000025 0.1578125
1 1 0.17343750000000013 0.9703125 0.17343750000000013 0.9703125 0.2375000000000001 1 0.2375000000000001
1 0.84375 0.6890625000000001 0.659375 0.6890625 0.659375 0.8328125 0.84375 0.8328125
1 0.31093750000000003 0.3421875 0.15781250000000005 0.3421875 0.15781250000000005 0.4484375 0.3109375000000001 0.4484375
1 0.47656250000000017 0.7671875 0.3109375000000001 0.7671875 0.3109375000000001 0.9140625 0.47656250000000017 0.9140625