1 0.4578125 0.3625000000000001 0.4 0.3625000000000001 0.4 0.4375 0.4578125 0.4375
1 0.5984375 0.3906250000000001 0.53125 0.3906250000000001 0.53125 0.475 0.5984375 0.475
1 0.515625 0.3656250000000001 0.4703125 0.3656250000000001 0.4703125 0.4453125 0.515625 0.4453125
1 0.659375 0.003125000000000077 0.60625 0.0031250000000000735 0.60625 0.12500000000000008 0.659375 0.12500000000000008
1 0.9 0.4343750000000002 0.8328125 0.4343750000000002 0.8328125 0.5234375000000002 0.9 0.5234375000000002
1 0.25000000000000006 0.3609375 0.18437500000000004 0.3609375 0.18437500000000004 0.44375 0.2500000000000001 0.44375
1 0.8265625 0.49218750000000017 0.7640625 0.49218750000000017 0.7640625 0.6046875000000002 0.8265625 0.6046875000000002
1 0.24375 0.11250000000000002 0.178125 0.1125 0.17812500000000003 0.1921875 0.24375 0.19218750000000004
1 0.6140625 0.035937500000000074 0.5625 0.03593750000000007 0.5625 0.18125000000000008 0.6140625 0.18125000000000008
1 0.2843750000000001 0.5140625 0.2093750000000001 0.5140625 0.2093750000000001 0.64375 0.2843750000000001 0.64375
1 0.6578125 0.3656250000000001 0.621875 0.3656250000000001 0.621875 0.4296875 0.6578125 0.4296875
1 0.2015625 0.21875 0.14218750000000005 0.21875 0.14218750000000005 0.3375 0.2015625 0.3375
1 0.5625 0.02812500000000006 0.4984375 0.028125000000000056 0.4984375 0.14687500000000006 0.5625 0.1468750000000001
1 0.43281250000000016 0.8546875 0.3609375000000001 0.8546875 0.3609375000000001 0.990625 0.43281250000000016 0.990625
1 0.6015625 0.21093750000000008 0.553125 0.21093750000000008 0.553125 0.3125000000000001 0.6015625 0.3125000000000001
1 0.5046875000000002 0.8578125 0.4312500000000002 0.8578125 0.4312500000000002 1 0.5046875000000002 1
1 0.2593750000000001 0.859375 0.17187500000000008 0.859375 0.1718750000000001 0.9765625 0.2593750000000001 0.9765625
1 0.8921875 0.5062500000000002 0.8515625 0.5062500000000002 0.8515625 0.5656250000000002 0.8921875 0.5656250000000002
1 0.465625 0.001562500000000054 0.41875 0.0015625000000000513 0.41875 0.10625000000000004 0.465625 0.10625000000000004
1 0.6984375 0.050000000000000086 0.6546875 0.050000000000000086 0.6546875 0.12656250000000008 0.6984375 0.12656250000000008
1 0.3078125000000001 0.696875 0.2468750000000001 0.696875 0.2468750000000001 0.81875 0.3078125000000001 0.81875
1 0.2890625 0.2125 0.21875 0.2125 0.21875 0.3390625 0.2890625 0.3390625
1 0.7765625 0.19531250000000008 0.7171875 0.19531250000000008 0.7171875 0.2796875000000001 0.7765625 0.2796875000000001
1 0.1906250000000001 0.8765625 0.12343750000000009 0.8765625 0.12343750000000012 1 0.19062500000000013 1
1 0.4859375 0.5859375 0.44375 0.5859375 0.44375 0.6765625 0.4859375 0.6765625
1 0.85 0.2718750000000001 0.79375 0.2718750000000001 0.79375 0.3734375000000001 0.85 0.3734375000000001
1 0.815625 0.37187500000000007 0.771875 0.37187500000000007 0.771875 0.4359375000000002 0.815625 0.4359375000000002
1 0.3593750000000001 0.5046875 0.2796875000000001 0.5046875 0.2796875000000001 0.596875 0.3593750000000001 0.596875
1 0.384375 0.24843750000000003 0.321875 0.2484375 0.321875 0.36250000000000004 0.384375 0.3625000000000001
1 0.48125 0.2796875000000001 0.40625 0.2796875000000001 0.40625 0.3750000000000001 0.48125 0.3750000000000001
1 0.5234375000000001 0.6453125 0.4671875 0.6453125 0.4671875000000001 0.7890625 0.5234375000000002 0.7890625
1 0.6828125 0.553125 0.596875 0.553125 0.596875 0.6640625 0.6828125 0.6640625
1 0.4453125 0.5984375 0.3578125000000001 0.5984375 0.3578125000000001 0.7 0.4453125 0.7
1 0.609375 0.50625 0.528125 0.50625 0.528125 0.6109375 0.609375 0.6109375
1 0.421875 0.21250000000000008 0.3640625 0.21250000000000008 0.3640625 0.2968750000000001 0.421875 0.2968750000000001
1 0.24375 0.2046875 0.19062500000000004 0.2046875 0.19062500000000004 0.2953125 0.24375 0.2953125
1 0.7109375000000001 0.63125 0.64375 0.63125 0.64375 0.7453125 0.7109375000000002 0.7453125
1 0.5515625 0.3140625000000001 0.5 0.3140625000000001 0.5 0.421875 0.5515625 0.421875
1 0.7265625 0.41093750000000007 0.671875 0.4109375 0.671875 0.48125000000000007 0.7265625 0.4812500000000002
1 0.3953125 0.026562500000000044 0.3359375 0.026562500000000044 0.3359375 0.11406250000000004 0.3953125 0.11406250000000004
1 0.4890625 0.5046875 0.421875 0.5046875 0.421875 0.6015625 0.4890625 0.6015625
1 0.8171875 0.6750000000000002 0.76875 0.6750000000000002 0.76875 0.7531250000000002 0.8171875 0.7531250000000002
1 0.5203125 0.23593750000000008 0.471875 0.23593750000000008 0.471875 0.3203125000000001 0.5203125 0.3203125000000001
1 0.5125 0.04687500000000006 0.4546875 0.046875000000000056 0.4546875 0.17656250000000004 0.5125 0.17656250000000004
1 0.5640625000000001 0.8609375 0.5000000000000002 0.8609375 0.5000000000000002 0.9984375 0.5640625000000001 0.9984375
1 0.7031250000000002 0.775 0.6546875000000002 0.775 0.6546875000000002 0.8390625 0.7031250000000002 0.8390625
1 0.428125 0.5 0.3656250000000001 0.5 0.3656250000000001 0.603125 0.428125 0.603125
1 0.7375000000000002 0.7312500000000001 0.6812500000000001 0.73125 0.6812500000000001 0.828125 0.7375000000000002 0.828125
1 0.796875 0.2609375000000001 0.7421875 0.2609375000000001 0.7421875 0.3781250000000001 0.796875 0.3781250000000001
1 0.571875 0.5984375 0.5171875 0.5984375 0.5171875 0.6953125 0.571875 0.6953125
1 0.7578125 0.30156250000000007 0.703125 0.30156250000000007 0.703125 0.4093750000000001 0.7578125 0.40937500000000016
1 0.2296875 0.026562500000000027 0.1625 0.026562500000000024 0.1625 0.11406250000000002 0.2296875 0.11406250000000004
1 0.46875 0.17656250000000004 0.4125 0.17656250000000004 0.4125 0.2796875000000001 0.46875 0.2796875000000001
1 0.6265625 0.3062500000000001 0.5515625 0.3062500000000001 0.5515625 0.3921875000000001 0.6265625 0.3921875000000001
1 0.8171875 0.0859375000000001 0.7796875 0.08593750000000008 0.7796875 0.15000000000000008 0.8171875 0.15000000000000008
1 0.3484375 0.20625 0.2859375 0.20625 0.2859375 0.2953125 0.3484375 0.2953125
1 0.565625 0.2609375000000001 0.5296875 0.2609375000000001 0.5296875 0.3375000000000001 0.565625 0.3375000000000001
1 0.7125 8.409879191019715e-17 0.6609375 8.094149938114538e-17 0.6609375 0.05312500000000009 0.7125 0.05312500000000009
1 0.6843750000000002 0.8265625 0.6093750000000002 0.8265625 0.6093750000000002 0.9390625 0.6843750000000002 0.9390625
1 0.7640625000000002 0.9 0.7078125000000002 0.9 0.7078125000000002 0.9984375 0.7640625000000002 0.9984375
1 0.675 0.7203125 0.6203125 0.7203125 0.6203125 0.803125 0.6750000000000002 0.803125
1 0.7156250000000002 0.8546875 0.6562500000000002 0.8546875 0.6562500000000002 0.984375 0.7156250000000002 0.984375
1 0.5328125 0.5171875 0.4828125 0.5171875 0.4828125 0.65 0.5328125 0.65
1 0.6109375000000001 0.8546875 0.5546875000000002 0.8546875 0.5546875000000002 0.9765625 0.6109375000000001 0.9765625
1 0.3078125000000001 0.8515625 0.25468750000000007 0.8515625 0.25468750000000007 0.9984375 0.3078125000000001 0.9984375
1 0.3109375 0.0015625000000000333 0.2296875 0.0015625000000000285 0.2296875 0.08750000000000004 0.3109375 0.08750000000000005
1 0.8 0.2171875000000001 0.765625 0.2171875000000001 0.765625 0.2640625000000001 0.8 0.2640625000000001
1 0.725 0.5640625 0.68125 0.5640625 0.68125 0.6359375 0.725 0.6359375
1 0.5 0.12656250000000005 0.459375 0.12656250000000005 0.459375 0.24375000000000008 0.5 0.24375000000000008
1 0.515625 0.00156250000000006 0.4671875 0.001562500000000057 0.4671875 0.06093750000000007 0.515625 0.06093750000000007
1 0.7171875 0.4953125 0.6578125 0.4953125 0.6578125 0.571875 0.7171875 0.571875
1 0.709375 0.13281250000000008 0.665625 0.13281250000000008 0.665625 0.18906250000000008 0.709375 0.18906250000000008
1 0.728125 0.20468750000000008 0.709375 0.20468750000000008 0.709375 0.2609375000000001 0.728125 0.2609375000000001
1 0.5484375 0.20312500000000008 0.5046875 0.20312500000000008 0.5046875 0.2765625000000001 0.5484375 0.2765625000000001
1 0.7609375 0.4062500000000001 0.71875 0.40625 0.71875 0.4750000000000001 0.7609375 0.4750000000000002
1 0.6406250000000001 0.6375 0.5625 0.6375 0.5625000000000001 0.7421875 0.6406250000000002 0.7421875
1 0.7890625 0.49218750000000017 0.7328125 0.49218750000000017 0.7328125 0.5703125000000002 0.7890625 0.5703125000000002
1 0.746875 0.4562500000000001 0.709375 0.45625 0.709375 0.5328125000000001 0.746875 0.5328125000000001
1 0.7828125000000001 0.6031250000000001 0.7015625 0.603125 0.7015625000000001 0.7390625000000001 0.7828125000000001 0.7390625000000002
1 0.8375 0.9328125 0.7796875000000002 0.9328125 0.7796875000000002 1 0.8375 1
1 0.5796875 6.706854735955427e-17 0.515625 6.31458505810354e-17 0.515625 0.05156250000000007 0.5796875 0.05156250000000007
1 0.3828125 0.21875000000000006 0.3625 0.21875 0.3625 0.275 0.3828125 0.2750000000000001
1 0.6640625 0.49375 0.6046875 0.49375 0.6046875 0.5640625 0.6640625 0.5640625
1 0.7484375 8.916959506291665e-17 0.7078125 8.668203125214859e-17 0.7078125 0.04687500000000009 0.7484375 0.04687500000000009