1 0.6734375 0.3531250000000001 0.590625 0.3531250000000001 0.590625 0.446875 0.6734375 0.446875
1 0.7640625 0.0828125000000001 0.715625 0.0828125000000001 0.715625 0.15000000000000008 0.7640625 0.15000000000000008
1 0.6625000000000002 0.7671875 0.5859375000000002 0.7671875 0.5859375000000002 0.8765625 0.6625000000000002 0.8765625
1 0.5375 0.4140625 0.4921875 0.4140625 0.4921875 0.4828125 0.5375 0.4828125
1 0.8828125 0.5406250000000001 0.8078125 0.5406250000000001 0.8078125 0.6375000000000002 0.8828125 0.6375000000000002
1 0.8 0.5515625000000002 0.7296875 0.5515625000000002 0.7296875 0.6421875000000001 0.8 0.6421875000000001
1 0.7671875000000001 0.6656250000000001 0.696875 0.665625 0.6968750000000001 0.7765625 0.7671875000000001 0.7765625000000002
1 0.721875 0.709375 0.6421875 0.709375 0.6421875000000001 0.8296875 0.7218750000000002 0.8296875
1 0.915625 0.9640625 0.8640625 0.9640625 0.8640625 1 0.915625 1
1 0.753125 0.3140625000000001 0.69375 0.3140625000000001 0.69375 0.40312500000000007 0.753125 0.4031250000000002
1 0.3687500000000001 0.634375 0.3078125000000001 0.634375 0.3078125000000001 0.7375 0.3687500000000001 0.7375
1 0.6859375 0.640625 0.6421875 0.640625 0.6421875 0.7125 0.6859375 0.7125
1 0.4703125000000002 0.7734375 0.42187500000000017 0.7734375 0.42187500000000017 0.875 0.4703125000000002 0.875
1 0.7796875 0.24375000000000008 0.740625 0.24375000000000008 0.740625 0.3109375000000001 0.7796875 0.3109375000000001
1 0.3343750000000001 0.696875 0.24218750000000008 0.696875 0.24218750000000008 0.8109375 0.3343750000000001 0.8109375
1 0.5390625 0.6125 0.475 0.6125 0.475 0.70625 0.5390625 0.70625
1 0.1953125 0.006250000000000019 0.11875 0.006250000000000014 0.11875 0.08750000000000002 0.1953125 0.08750000000000002
1 0.8734375 0.94375 0.81875 0.94375 0.81875 1 0.8734375 1
1 0.7171875 0.06093750000000009 0.65625 0.06093750000000009 0.65625 0.1546875000000001 0.7171875 0.1546875000000001
1 0.6781250000000002 0.9421875 0.6171875000000002 0.9421875 0.6171875000000002 1 0.6781250000000002 1
1 0.5 0.54375 0.4296875 0.54375 0.4296875 0.6421875 0.5 0.6421875
1 0.6515625 0.5515625 0.6203125 0.5515625 0.6203125 0.615625 0.6515625 0.615625
1 0.25 0.03281250000000003 0.1984375 0.03281250000000002 0.1984375 0.14531250000000004 0.25 0.14531250000000004
1 0.6234375 0.5515625 0.565625 0.5515625 0.565625 0.6375 0.6234375 0.6375
1 0.2156250000000001 0.4390625 0.16406250000000006 0.4390625 0.16406250000000006 0.5234375 0.2156250000000001 0.5234375
1 0.4078125000000002 0.9375 0.3312500000000001 0.9375 0.3312500000000001 1 0.4078125000000002 1
1 0.2875000000000001 0.615625 0.1906250000000001 0.615625 0.1906250000000001 0.721875 0.2875000000000001 0.721875
1 0.4671875000000002 0.95625 0.40937500000000016 0.95625 0.40937500000000016 1 0.4671875000000002 1
1 0.7234375000000002 0.9453125 0.6750000000000002 0.9453125 0.6750000000000002 1 0.7234375000000002 1
1 0.5328125 0.3062500000000001 0.465625 0.3062500000000001 0.465625 0.4015625 0.5328125 0.4015625
1 0.6203125 0.61875 0.54375 0.61875 0.5437500000000001 0.74375 0.6203125000000002 0.74375
1 0.5671875 0.5390625 0.4953125 0.5390625 0.4953125 0.628125 0.5671875 0.628125
1 0.18750000000000014 0.959375 0.11250000000000013 0.959375 0.11250000000000013 1 0.18750000000000014 1
1 0.7781250000000002 0.98125 0.7078125000000002 0.98125 0.7078125000000002 1 0.7781250000000002 1
1 0.5062500000000001 0.66875 0.415625 0.66875 0.4156250000000001 0.815625 0.5062500000000002 0.815625
1 0.5437500000000002 0.925 0.45625000000000016 0.925 0.45625000000000016 1 0.5437500000000002 1
1 0.2765625 0.18906250000000005 0.2171875 0.18906250000000005 0.2171875 0.2765625 0.2765625 0.2765625
1 0.26562500000000006 0.2484375 0.18906250000000005 0.2484375 0.18906250000000005 0.371875 0.2656250000000001 0.371875
1 0.31093750000000003 0.3171875 0.2421875 0.3171875 0.24218750000000006 0.409375 0.3109375000000001 0.409375
1 0.3921875 0.34843750000000007 0.328125 0.3484375 0.32812500000000006 0.471875 0.3921875000000001 0.471875
1 0.4875 0.2015625000000001 0.4359375 0.2015625000000001 0.4359375 0.3078125000000001 0.4875 0.3078125000000001
1 0.19531250000000008 0.778125 0.1546875000000001 0.778125 0.1546875000000001 0.85 0.19531250000000008 0.85
1 0.7203125 0.5421875 0.64375 0.5421875 0.64375 0.6625 0.7203125 0.6625
1 0.5906250000000002 0.9453125 0.5234375000000002 0.9453125 0.5234375000000002 1 0.5906250000000002 1
1 0.2609375000000001 0.528125 0.13750000000000004 0.528125 0.13750000000000007 0.640625 0.2609375000000001 0.640625
1 0.5890625 0.6859375 0.496875 0.6859375 0.49687500000000007 0.871875 0.5890625000000002 0.871875
1 0.6078125 0.2484375000000001 0.525 0.2484375000000001 0.525 0.37187500000000007 0.6078125 0.37187500000000007
1 0.3921875 0.017187500000000043 0.315625 0.01718750000000004 0.315625 0.10625000000000004 0.3921875 0.10625000000000004
1 0.4546875 0.4625 0.3812500000000001 0.4625 0.3812500000000001 0.6078125 0.4546875 0.6078125
1 0.659375 0.2593750000000001 0.60625 0.2593750000000001 0.60625 0.3656250000000001 0.659375 0.3656250000000001
1 0.521875 0.023437500000000062 0.4515625 0.023437500000000056 0.4515625 0.06562500000000006 0.521875 0.06562500000000007
1 0.3343750000000001 0.9390625 0.21250000000000008 0.9390625 0.21250000000000008 1 0.3343750000000001 1
1 0.2765625000000001 0.3765625 0.2062500000000001 0.3765625 0.2062500000000001 0.5171875 0.2765625000000001 0.5171875
1 0.41093750000000007 0.725 0.3140625000000001 0.725 0.3140625000000001 0.8890625 0.4109375000000002 0.8890625
1 0.4359375000000001 0.575 0.3609375000000001 0.575 0.3609375000000001 0.73125 0.4359375000000002 0.73125
1 0.6437500000000002 0.96875 0.5828125000000002 0.96875 0.5828125000000002 1 0.6437500000000002 1
1 0.825 0.9453125 0.7515625000000001 0.9453125 0.7515625000000001 1 0.825 1
1 0.38750000000000007 0.24375000000000005 0.2765625 0.24375 0.27656250000000004 0.36562500000000003 0.38750000000000007 0.3656250000000001
1 0.453125 0.2406250000000001 0.3828125 0.2406250000000001 0.38281250000000006 0.3765625000000001 0.453125 0.3765625000000001
1 0.6984375 0.3421875000000001 0.6671875 0.3421875000000001 0.6671875 0.3859375000000001 0.6984375 0.3859375000000001
1 0.3390625000000001 0.3671875 0.2671875000000001 0.3671875 0.2671875000000001 0.525 0.3390625000000001 0.525
1 0.20468750000000008 0.6859375 0.1593750000000001 0.6859375 0.1593750000000001 0.7671875 0.20468750000000008 0.7671875
1 0.4625 0.02031250000000005 0.38125 0.020312500000000046 0.38125 0.09843750000000005 0.4625 0.09843750000000007
1 0.2640625000000001 0.7078125 0.1781250000000001 0.7078125 0.1781250000000001 0.8890625 0.2640625000000001 0.8890625
1 0.58125 0.19531250000000006 0.4953125 0.19531250000000006 0.4953125 0.2968750000000001 0.58125 0.2968750000000001
1 0.31875 0.014062500000000033 0.240625 0.014062500000000028 0.240625 0.14062500000000006 0.31875 0.14062500000000006
1 0.2875 0.01093750000000003 0.196875 0.010937500000000025 0.196875 0.04843750000000003 0.2875 0.048437500000000036
1 0.4578125 0.07343750000000006 0.33125 0.07343750000000004 0.33125 0.19843750000000004 0.4578125 0.19843750000000004
1 0.40625 0.22031250000000005 0.3578125 0.2203125 0.3578125 0.29531250000000003 0.40625 0.2953125000000001
1 0.734375 0.5562500000000001 0.7078125 0.55625 0.7078125 0.6015625000000001 0.734375 0.6015625000000002
1 0.721875 0.2921875000000001 0.6890625 0.2921875000000001 0.6890625 0.3500000000000001 0.721875 0.3500000000000001
1 0.6328125 0.1843750000000001 0.578125 0.1843750000000001 0.578125 0.3031250000000001 0.6328125 0.3031250000000001
1 0.3625 0.015625000000000038 0.290625 0.015625000000000035 0.290625 0.02968750000000004 0.3625 0.029687500000000044
1 0.36875 0.20000000000000004 0.3109375 0.2 0.3109375 0.26250000000000007 0.36875 0.26250000000000007
1 0.3140625 0.2078125 0.2671875 0.2078125 0.2671875 0.325 0.3140625 0.325
1 0.8265625 0.9453125 0.7875000000000002 0.9453125 0.7875000000000002 1 0.8265625 1
1 0.7750000000000001 0.94375 0.7250000000000002 0.94375 0.7250000000000002 1 0.7750000000000001 1
1 0.3781250000000001 0.5109375 0.26250000000000007 0.5109375 0.26250000000000007 0.6484375 0.3781250000000001 0.6484375