1 0.5171875 0.3312500000000001 0.4609375 0.3312500000000001 0.4609375 0.4078125 0.5171875 0.4078125
1 0.7046875 0.490625 0.659375 0.490625 0.659375 0.5453125 0.7046875 0.5453125
1 0.596875 0.2609375000000001 0.5328125 0.2609375000000001 0.5328125 0.3468750000000001 0.596875 0.3468750000000001
1 0.575 0.465625 0.534375 0.465625 0.534375 0.525 0.575 0.525
1 0.4390625 0.2468750000000001 0.390625 0.2468750000000001 0.39062500000000006 0.3812500000000001 0.4390625 0.3812500000000001
1 0.48125 0.2609375000000001 0.4375 0.2609375000000001 0.4375 0.3500000000000001 0.48125 0.3500000000000001
1 0.6703125 0.2484375000000001 0.6234375 0.2484375000000001 0.6234375 0.3218750000000001 0.6703125 0.3218750000000001
1 0.45781250000000007 0.6640625 0.39531250000000007 0.6640625 0.39531250000000007 0.7703125 0.4578125000000002 0.7703125
1 0.6421875000000001 0.8578125 0.5718750000000001 0.8578125 0.5718750000000001 0.9828125 0.6421875000000001 0.9828125
1 0.42968750000000017 0.865625 0.3578125000000001 0.865625 0.3578125000000001 0.9796875 0.42968750000000017 0.9796875
1 0.5750000000000002 0.8109375 0.4890625000000002 0.8109375 0.4890625000000002 0.94375 0.5750000000000002 0.94375
1 0.4484375 0.06250000000000004 0.4046875 0.06250000000000004 0.4046875 0.15625000000000006 0.4484375 0.15625000000000006
1 0.23125000000000004 0.2921875 0.14687500000000003 0.2921875 0.14687500000000003 0.3890625 0.2312500000000001 0.3890625
1 0.33437500000000003 0.2890625 0.2953125 0.2890625 0.29531250000000003 0.375 0.3343750000000001 0.375
1 0.465625 0.34062500000000007 0.4265625 0.34062500000000007 0.4265625 0.4171875 0.465625 0.4171875
1 0.4609375 0.4609375 0.4078125 0.4609375 0.4078125 0.54375 0.4609375 0.54375
1 0.2859375 0.2828125 0.240625 0.2828125 0.240625 0.3484375 0.2859375 0.3484375
1 0.4046875 0.042187500000000044 0.36875 0.042187500000000044 0.36875 0.14375000000000004 0.4046875 0.14375000000000004
1 0.3703125 0.06718750000000004 0.31875 0.06718750000000004 0.31875 0.15312500000000004 0.3703125 0.15312500000000004
1 0.33125 0.225 0.26875 0.225 0.26875 0.309375 0.33125 0.309375
1 0.4390625 0.15156250000000004 0.38125 0.15156250000000004 0.38125 0.2453125000000001 0.4390625 0.2453125000000001
1 0.4046875 0.5359375 0.3421875000000001 0.5359375 0.3421875000000001 0.65 0.4046875 0.65
1 0.49375 0.05781250000000006 0.44375 0.057812500000000044 0.44375 0.15000000000000005 0.49375 0.15000000000000005
1 0.6 0.2296875000000001 0.565625 0.2296875000000001 0.565625 0.2765625000000001 0.6 0.2765625000000001
1 0.675 0.56875 0.621875 0.56875 0.621875 0.659375 0.675 0.659375
1 0.20625 0.2109375 0.14843750000000006 0.2109375 0.14843750000000006 0.303125 0.20625 0.303125
1 0.603125 0.484375 0.5671875 0.484375 0.5671875 0.5484375 0.603125 0.5484375
1 0.1984375000000001 0.5984375 0.1062500000000001 0.5984375 0.1062500000000001 0.7265625 0.1984375000000001 0.7265625
1 0.6843750000000002 0.803125 0.6328125000000002 0.803125 0.6328125000000002 0.89375 0.6843750000000002 0.89375
1 0.5125 0.15468750000000003 0.4375 0.15468750000000003 0.4375 0.2671875000000001 0.5125 0.2671875000000001
1 0.5265625 0.22812500000000008 0.478125 0.22812500000000008 0.478125 0.3125000000000001 0.5265625 0.3125000000000001
1 0.3765625000000001 0.4546875 0.3140625000000001 0.4546875 0.3140625000000001 0.559375 0.3765625000000001 0.559375
1 0.721875 0.6140625 0.66875 0.6140625 0.66875 0.6953125 0.721875 0.6953125
1 0.665625 0.3109375000000001 0.6046875 0.3109375000000001 0.6046875 0.4140625 0.665625 0.4140625
1 0.671875 0.4578125 0.6328125 0.4578125 0.6328125 0.509375 0.671875 0.509375
1 0.4125 0.4625 0.3734375000000001 0.4625 0.3734375000000001 0.55 0.4125 0.55
1 0.5421875 0.615625 0.4546875 0.615625 0.4546875 0.70625 0.5421875 0.70625
1 0.58125 0.53125 0.5 0.53125 0.5 0.6328125 0.58125 0.6328125
1 0.4421875 0.590625 0.3828125000000001 0.590625 0.3828125000000001 0.678125 0.4421875 0.678125
1 0.16562500000000002 0.1015625 0.10625 0.1015625 0.10625000000000002 0.2046875 0.16562500000000005 0.2046875
1 0.5640625 0.04375000000000007 0.528125 0.04375000000000007 0.528125 0.12187500000000007 0.5640625 0.1218750000000001
1 0.8359375 0.7984375000000001 0.7828125000000001 0.7984375000000001 0.7828125000000001 0.8671875 0.8359375 0.8671875
1 0.3203125000000001 0.45625 0.2453125000000001 0.45625 0.2453125000000001 0.546875 0.3203125000000001 0.546875
1 0.6171875 0.5765625 0.5625 0.5765625 0.5625 0.6609375 0.6171875 0.6609375
1 0.625 0.2656250000000001 0.59375 0.2656250000000001 0.59375 0.3234375000000001 0.625 0.3234375000000001
1 0.4796875 0.528125 0.43125 0.528125 0.43125 0.640625 0.4796875 0.640625
1 0.7265625 0.5281250000000001 0.6765625 0.528125 0.6765625 0.5890625 0.7265625 0.5890625000000002
1 0.209375 0.15937500000000002 0.1640625 0.159375 0.16406250000000003 0.2234375 0.209375 0.2234375
1 0.2453125000000001 0.5359375 0.14218750000000005 0.5359375 0.14218750000000008 0.6453125 0.2453125000000001 0.6453125
1 0.65 0.49375 0.6 0.49375 0.6 0.590625 0.65 0.590625
1 0.24218750000000008 0.6578125 0.18906250000000008 0.6578125 0.18906250000000008 0.76875 0.24218750000000008 0.76875
1 0.321875 0.34375 0.21875 0.34375 0.21875000000000006 0.4359375 0.3218750000000001 0.4359375
1 0.6031250000000001 0.803125 0.5671875000000002 0.803125 0.5671875000000002 0.865625 0.6031250000000001 0.865625
1 0.3640625 0.14218750000000005 0.2765625 0.14218750000000005 0.2765625 0.24218750000000006 0.3640625 0.24218750000000008
1 0.3640625 3.980102097228898e-17 0.2859375 3.501724441311963e-17 0.2859375 0.09687500000000004 0.3640625 0.09687500000000004
1 0.440625 0.00156250000000005 0.3765625 0.0015625000000000458 0.3765625 0.07812500000000004 0.440625 0.07812500000000004
1 0.3531250000000001 0.553125 0.2671875000000001 0.553125 0.2671875000000001 0.659375 0.3531250000000001 0.659375
1 0.6625 0.1546875000000001 0.628125 0.1546875000000001 0.628125 0.2234375000000001 0.6625 0.2234375000000001
1 0.2906250000000001 0.5203125 0.23437500000000008 0.5203125 0.23437500000000008 0.6109375 0.2906250000000001 0.6109375
1 0.3203125000000001 0.7015625 0.25468750000000007 0.7015625 0.25468750000000007 0.834375 0.3203125000000001 0.834375
1 0.88125 0.5187500000000002 0.840625 0.5187500000000002 0.840625 0.5781250000000002 0.88125 0.5781250000000002
1 0.309375 0.020312500000000032 0.234375 0.02031250000000003 0.234375 0.14531250000000004 0.309375 0.14531250000000004
1 0.3968750000000001 0.665625 0.3062500000000001 0.665625 0.3062500000000001 0.7796875 0.3968750000000001 0.7796875
1 0.39531250000000007 0.28593750000000007 0.3296875 0.2859375 0.3296875 0.4296875 0.39531250000000007 0.4296875
1 0.8515625 0.3187500000000001 0.790625 0.3187500000000001 0.790625 0.4234375000000002 0.8515625 0.4234375000000002
1 0.5546875000000002 0.9265625 0.4906250000000002 0.9265625 0.4906250000000002 1 0.5546875000000002 1
1 0.440625 0.534375 0.4015625 0.534375 0.4015625 0.6 0.440625 0.6
1 0.634375 0.453125 0.60625 0.453125 0.60625 0.5 0.634375 0.5
1 0.1453125000000001 0.66875 0.0671875000000001 0.66875 0.0671875000000001 0.7984375 0.1453125000000001 0.7984375
1 0.7781250000000002 0.8015625 0.7406250000000002 0.8015625 0.7406250000000002 0.8828125 0.7781250000000002 0.8828125
1 0.46875000000000017 0.8125 0.40937500000000016 0.8125 0.40937500000000016 0.9203125 0.46875000000000017 0.9203125
1 0.534375 0.7046875 0.43125 0.7046875 0.4312500000000001 0.8453125 0.5343750000000002 0.8453125
1 0.5015625 5.711829211648202e-17 0.43125 5.281289321322961e-17 0.43125 0.06875000000000006 0.5015625 0.06875000000000006
1 0.2765625000000001 0.8265625 0.2062500000000001 0.8265625 0.2062500000000001 0.9984375 0.2765625000000001 0.9984375
1 0.5843750000000002 0.9140625 0.5484375000000001 0.9140625 0.5484375000000001 0.9984375 0.5843750000000002 0.9984375
1 0.2453125 0.03906250000000002 0.1234375 0.039062500000000014 0.1234375 0.15625000000000003 0.2453125 0.15625000000000006
1 0.5359375 0.4515625 0.4609375 0.4515625 0.4609375 0.5609375 0.5359375 0.5609375
1 0.7500000000000002 0.8359375 0.7171875000000002 0.8359375 0.7171875000000002 0.89375 0.7500000000000002 0.89375
1 0.30156250000000007 0.609375 0.2375000000000001 0.609375 0.2375000000000001 0.7515625 0.30156250000000007 0.7515625
1 0.2921875 0.15312500000000004 0.24375 0.15312500000000004 0.24375 0.2359375 0.2921875 0.2359375
1 0.2390625 0.24375 0.2015625 0.24375 0.2015625 0.3046875 0.2390625 0.3046875
1 0.7484375 0.07968750000000009 0.709375 0.07968750000000009 0.709375 0.1375000000000001 0.7484375 0.1375000000000001
1 0.40625000000000017 0.815625 0.3625000000000001 0.815625 0.3625000000000001 0.8890625 0.40625000000000017 0.8890625
1 0.75 0.2984375000000001 0.715625 0.2984375000000001 0.715625 0.3468750000000001 0.75 0.3468750000000001
1 0.26875 0.0015625000000000291 0.209375 0.0015625000000000257 0.209375 0.06093750000000002 0.26875 0.06093750000000002
1 0.26250000000000007 0.4015625 0.19062500000000004 0.4015625 0.19062500000000004 0.4953125 0.26250000000000007 0.4953125
1 0.2234375000000001 0.8265625 0.1218750000000001 0.8265625 0.12187500000000011 0.9359375 0.2234375000000001 0.9359375
1 0.4015625 0.19531250000000006 0.3296875 0.19531250000000006 0.3296875 0.3140625 0.4015625 0.3140625000000001
1 0.36406250000000007 0.81875 0.27812500000000007 0.81875 0.27812500000000007 0.996875 0.36406250000000007 0.996875
1 0.3109375000000001 0.834375 0.2640625000000001 0.834375 0.2640625000000001 0.9703125 0.3109375000000001 0.9703125
1 0.4937500000000002 0.928125 0.42968750000000017 0.928125 0.42968750000000017 1 0.4937500000000002 1
1 0.2140625000000001 0.9171875 0.13281250000000014 0.9171875 0.13281250000000014 1 0.2140625000000001 1
1 0.8078125 0.15625000000000008 0.76875 0.15625000000000008 0.76875 0.19687500000000008 0.8078125 0.19687500000000008