1 0.3073621013741862 0.2599201562768122 0.21164635165922618 0.22376403690934654 0.18061367650257382 0.3059165416649474 0.27632942621753387 0.3420726610324131
1 0.5813367139869742 0.22369268912028595 0.5319926865478962 0.21939517084195076 0.5255457994339402 0.2934182125242583 0.5748898268730183 0.2977157308025935
1 0.6426480010392581 0.294460971758172 0.6105464170643606 0.24535095037892982 0.5574986966760632 0.280026476939413 0.5896002806509607 0.32913649831865516
1 0.780018008654748 0.32108872757927054 0.7772125567513883 0.2321542223314168 0.7216846471644749 0.23390585831574082 0.7244900990678346 0.3228403635635946
1 0.8005203125 0.24632343750000008 0.7723953125 0.24632343750000008 0.7723953125 0.3125000000000001 0.8005203125 0.3125000000000001
1 0.6450041017746292 0.5440382488731574 0.5726911550794829 0.5397838371759264 0.5677334668177221 0.6240504931831926 0.6400464135128685 0.6283049048804237
1 0.2235653400379931 0.565413149002102 0.14918189272867094 0.5021877245925734 0.0594997930835091 0.6076969211831134 0.1338832403928313 0.670922345592642
1 0.253611564334256 0.6343045730505984 0.17327179853601987 0.5994043268552518 0.13002469450677423 0.6989584156635085 0.2103644603050104 0.733858661858855
1 0.3010421875000001 0.921875 0.17552031250000014 0.921875 0.17552031250000014 0.99908125 0.3010421875000001 0.99908125
1 0.28255642249301244 0.7348461293252463 0.23165830497422518 0.7072582887039688 0.18256362082730276 0.7978354033669609 0.23346173834609002 0.8254232439882383
1 0.4027443075507146 0.5846468019037065 0.361983541847665 0.5423396157619491 0.3195191698573379 0.5832518218260738 0.3602799355603875 0.6255590079678313
1 0.3050335645630194 0.8199293457901252 0.21588283166210648 0.7875996260457645 0.17236657220800664 0.9075977718421253 0.2615173051089196 0.9399274915864861
1 0.19218750000000012 0.9255515624999999 0.11197968750000013 0.9255515624999999 0.11197968750000013 0.99908125 0.19218750000000012 0.99908125
1 0.6119796875000001 0.9319859375 0.5500000000000002 0.9319859375 0.5500000000000002 0.99908125 0.6119796875000001 0.99908125
1 0.6680907214708569 0.9027175424763098 0.6214249106867403 0.8921419685600858 0.6015259159130848 0.9799483355958248 0.6481917266972014 0.9905239095120487
1 0.7161203429707735 0.3143151141156638 0.6648591450355049 0.3097288031256603 0.6588488932055295 0.376905387829295 0.7101100911407981 0.3814916988192985
1 0.8265620875290669 0.4055858913548846 0.8035244524090637 0.3300966739608061 0.7495730891789084 0.34656143360766606 0.7726107242989115 0.42205065100174455
1 0.6643524192773868 0.08178477542134809 0.6307324944098694 0.07321190890179431 0.6170100355038273 0.12702681857832407 0.6506299603713446 0.13559968509787784
1 0.6971321325013144 0.024299944831399044 0.6662048380855559 0.020648166973978165 0.6563713220460877 0.103929258422817 0.6872986164618464 0.10758103628023788
1 0.4662572413399128 0.6231285195170856 0.46404518690426066 0.5491041709324037 0.397957327136346 0.5510790608995222 0.40016938157199816 0.6251034094842042