1 0.27308649930847356 0.08297070198174657 0.169219836248854 0.03322452688733198 0.13900388821012977 0.0963133912675308 0.24287055126974932 0.14605956636194536
1 0.22721583646718307 0.1293657873081453 0.0847464543774405 0.08137625542709623 0.06240502020974235 0.1477026019470039 0.2048744022994849 0.195692133828053
1 0.13666252210962004 0.1780213686277964 0.05409383054858848 0.13706358378327232 0.022872828832406277 0.20000344419602462 0.10544152039343783 0.24096122904054867
1 0.1482867707429241 0.2830931142146193 0.14547551515124368 0.22150504795578993 0.04745085030251542 0.22597949250192112 0.05026210589419583 0.2875675587607505
1 0.2482815244687861 0.22040401788360198 0.22154187316367752 0.14958904370217804 0.1025725766876372 0.19451171070242798 0.12931222799274578 0.2653266848838519
1 0.19532049192200826 0.3337134631728725 0.18713253918554248 0.2724144656593318 0.038998634368037584 0.2922013049309843 0.047186587104503366 0.3535003024445249
1 0.16805391278917295 0.39572884205452763 0.16171183221562888 0.33915109406443994 0.04635493753485011 0.35208202091765284 0.05269701810839415 0.40865976890774053
1 0.27925713383406936 0.3433621652514215 0.22123500738774204 0.2856825272019249 0.1323947690806821 0.3750502783683015 0.1904168955270094 0.4327299164177981
1 0.17573062510880005 0.4375464477495489 0.05909732779262644 0.43141664251706374 0.0560805297637562 0.48881799347343396 0.17271382707992983 0.4949477987059191
1 0.16813103542158364 0.494169359373885 0.06277297035031154 0.48487459533158195 0.05713045062218571 0.5488337187666854 0.16248851569345782 0.5581284828089885
1 0.12320826783139431 0.6117089422360752 0.12225521400233885 0.5470710037750613 0.008129307019603776 0.5487537327610721 0.009082360848659241 0.6133916712220858
1 0.16815767079451333 0.6243534407280782 0.15937563655509876 0.5873499528922059 0.06004180995428786 0.6109248404868479 0.06882384419370241 0.6479283283227202
1 0.17540077745593616 0.664633289672629 0.1739138070076575 0.6292419134310119 0.11112534451877372 0.6318799738324052 0.11261231496705237 0.6672713500740224
1 0.1318500000000001 0.6681203125 0.06852043124405971 0.6495079946095117 0.05360203198181612 0.7002687755807872 0.11693160073775652 0.7188810934712755
1 0.1528795245591154 0.7380516050809078 0.1511650292942694 0.6989418764971518 0.07412244021371844 0.7023192753938791 0.07583693547856445 0.741429003977635
1 0.14624851508221323 0.7601454833303957 0.1442698738421325 0.7337366079890313 0.06639462213194688 0.7395712822272824 0.06837326337202762 0.7659801575686467
1 0.17394935947364387 0.7954472520263306 0.16821826588489602 0.7512910652965407 0.07820990753971882 0.7629733767380255 0.08394100112846664 0.8071295634678153
1 0.19751747550242693 0.7137619546167773 0.18921494643312245 0.6723354269692289 0.13413119410232582 0.6833750791183 0.14243372317163033 0.7248016067658483
1 0.23770707738565555 0.6590577719692893 0.23322434665533637 0.6245198095154958 0.1706943479523862 0.6326356660060906 0.17517707868270543 0.6671736284598839
1 0.278494917336353 0.6572569467159388 0.19104480139350716 0.6558497432856558 0.18983941201597881 0.7307582025408573 0.27728952795882467 0.7321654059711402
1 0.254533576466564 0.6104061301698526 0.23851945196893604 0.5686386026586531 0.15695651188542556 0.5999107213288253 0.17297063638305357 0.6416782488400247
1 0.2135151021582807 0.5775716722998672 0.18962706421087858 0.5294127752841111 0.1147261697078765 0.5665655242267768 0.1386142076552786 0.6147244212425328
1 0.26671877233808033 0.5053035024299404 0.2381246954094573 0.4444125600249677 0.14753529282127575 0.4869528828417309 0.1761293697498988 0.5478438252467035
1 0.28722864320584895 0.5710735063289908 0.279966223992583 0.5151239484201928 0.19647507476132575 0.5259613481955965 0.20373749397459173 0.5819109061043944
1 0.3066389055598564 0.6460293745427486 0.30528367095749515 0.6117299306951375 0.2524592365903734 0.6138171220100331 0.2538144711927347 0.6481165658576442
1 0.2556979115088488 0.4315563047014178 0.20179725575219867 0.3871326447253666 0.16555184168427206 0.4311103716277824 0.2194524974409222 0.4755340316038336
1 0.3484589223509586 0.40347930217031286 0.32655170259073085 0.3320526377437374 0.21743963904405925 0.3655183185759435 0.239346858804287 0.43694498300251905
1 0.3544147865177048 0.32279851223229744 0.3269304608358977 0.20317054831078424 0.2083821298698499 0.2304068301172956 0.23586645555165697 0.35003479403880877
1 0.35256241228914453 0.22316079352774865 0.3497491370761901 0.17054042635864272 0.23175343794736225 0.17684890335059442 0.23456671316031663 0.22946927051970034
1 0.2488022077631289 0.27462568014882327 0.15676571112083168 0.23653827748201292 0.13726810704825293 0.28365336137095626 0.2293046036905501 0.32174076403776664
1 0.32889845634138404 0.1715008812777922 0.32523026850009706 0.12421828991023269 0.23949886864954334 0.13086933989401345 0.24316705649083037 0.17815193126157294
1 0.3683435868427587 0.07429753758452123 0.25660507567845803 0.061079927818732435 0.24879647352419196 0.12709198252853265 0.36053498468849265 0.14030959229432144
1 0.46063395535048696 0.07784199057679522 0.44324811658872526 0.03666545761174249 0.3517603237610249 0.0752940623104873 0.3691461625227866 0.11647059527554002
1 0.4920626078782514 0.14224330007767821 0.48695665953366013 0.08177190235384256 0.38139388343383746 0.09068517544104449 0.3864998317784287 0.15115657316488013
1 0.44420775261583917 0.17420900135605946 0.4378195939699868 0.1346267771298661 0.37850169643563636 0.14420006785305617 0.38488985508148865 0.1837822920792495
1 0.49402953742847056 0.15214720334874082 0.443390148668087 0.13764996206885444 0.4299248304582572 0.18468480617784255 0.4805642192186407 0.1991820474577289
1 0.479905067889169 0.25172730992066994 0.4760717248277169 0.17508212640922466 0.3592674856729742 0.18092399016632765 0.3631008287344263 0.2575691736777729
1 0.5953917077367776 0.13029387497820705 0.5405777426960832 0.08842114663270277 0.4688553501974785 0.18231014958026398 0.523669315238173 0.22418287792576824
1 0.6857121226601438 0.1007274052406268 0.5888533293263586 0.09137428127896129 0.5840381519286332 0.1412391472150213 0.6808969452624185 0.1505922711766868
1 0.6792001050719277 0.21568861980089463 0.6680646849739498 0.13630628601768185 0.5398690057292483 0.154289037029183 0.5510044258272263 0.23367137081239578
1 0.5715470337882681 0.25664713224361957 0.5412636996079877 0.19015635628629673 0.4678966476703498 0.22357150176565677 0.49817998185063017 0.29006227772297966
1 0.6399242319180146 0.23328927594100582 0.5687235586336563 0.2085146063422433 0.5365118725013694 0.30108874667942925 0.6077125457857278 0.32586341627819176
1 0.5289192317895173 0.26803626279965675 0.40172222788036677 0.24416261640755427 0.39215266542723737 0.29514853002828273 0.5193496693363879 0.3190221764203852
1 0.4773382433143299 0.30449856440633855 0.3955726606442715 0.3001943877729024 0.39298733887312876 0.34930722839494704 0.47475292154318716 0.35361140502838306
1 0.483769424887866 0.3746512414683617 0.3787053379624676 0.32580020096279994 0.3516345567996283 0.3840214154097505 0.4566986437250267 0.4328724559153123
1 0.6317604002618833 0.3340525787988601 0.48261164353470926 0.28390623279113536 0.4605017808977453 0.34966692696422197 0.6096505376249193 0.39981327297194663
1 0.7618375261571779 0.24670952655251482 0.643472817196362 0.2151078400617797 0.6065427114795761 0.35343024308736126 0.724907420440392 0.3850319295780964
1 0.5832545456981038 0.44445075897528835 0.5724053304482589 0.3643257367380257 0.4672192048863956 0.3785683152191727 0.4780684201362405 0.45869333745643537
1 0.49780306002787567 0.42488059932013866 0.4053284016823341 0.4230864131756631 0.40430289906409367 0.4759421352791005 0.4967775574096353 0.4777363214235761
1 0.4806883300826941 0.5031724365733697 0.44545072466480534 0.454328039338591 0.37074645869916223 0.508221619690853 0.405984064117051 0.5570660169256317
1 0.5409783476983299 0.5322227979689365 0.5106146514221483 0.48469560582220145 0.4193270712011249 0.5430165003337265 0.44969076747730635 0.5905436924804615
1 0.4683749563116265 0.6768462655947242 0.4635441508211927 0.6276483254684618 0.37659564440970694 0.6361859049093826 0.38142644990014085 0.6853838450356451
1 0.5436098307741101 0.6732905520854408 0.43370450463808286 0.6598954221262614 0.42613232507418647 0.7220241858685119 0.5360376512102136 0.7354193158276912
1 0.5219931089763137 0.7301465165470892 0.44381462615061035 0.7220830126816411 0.43870837246333155 0.7715899234310943 0.5168868552890349 0.7796534272965424
1 0.4243930047543601 0.741939526708365 0.42426682558891216 0.7081745828877358 0.37655263711860687 0.7083528902029558 0.37667881628405475 0.742117834023585
1 0.5149998767826046 0.7975851949234518 0.5148910220199119 0.7716881285228346 0.4749846680108988 0.7718558694023763 0.47509352277359157 0.7977529358029934
1 0.6500823655550841 0.6510050925225351 0.5878249141733567 0.6489949349594717 0.5861667306363764 0.70035124793337 0.6484241820181038 0.7023614054964333
1 0.6607735715364929 0.6491799821100765 0.6588428922576823 0.5849965067038468 0.5729870681565018 0.5875791038522283 0.5749177474353122 0.6517625792584582
1 0.8577093404287149 0.4883980038454192 0.8504838130702581 0.39941609173788084 0.7388467508043665 0.40848126721584893 0.7460722781628234 0.4974631793233873
1 0.853902834972598 0.38929571687242664 0.8494199763566066 0.3361722450548945 0.7444278643068075 0.3450320725098886 0.7489107229227989 0.39815554432742073
1 0.8424107439617339 0.28658794904978635 0.8203631732120652 0.2469736001136929 0.7542283894268875 0.2837812560181228 0.7762759601765563 0.32339560495421626
1 0.8494690705694949 0.22565832654152382 0.8185686050906362 0.18430040667765937 0.7433099970489204 0.24052968579601974 0.7742104625277794 0.2818876056598842
1 0.8876638301550839 0.20456767640731485 0.8831263528149377 0.1552923473614892 0.7564165482232718 0.16696031342569057 0.7609540255634181 0.21623564247151622
1 0.8591289419744262 0.15421099396307633 0.8478902900472061 0.09537786180387134 0.7551106734791688 0.11310117141328462 0.766349325406389 0.17193430357248962
1 0.9702751819589102 0.11757839521486106 0.9259536654787542 0.04047122579049169 0.832497037224039 0.09419047810248307 0.8768185537041949 0.17129764752685245
1 0.9673028332160355 0.32947916063627314 0.95547262740394 0.26598940560660667 0.7881315575770136 0.2971704882229081 0.7999617633891092 0.36066024325257456
1 1.0085835034000463 0.1656877133963759 0.9986302295997218 0.11802684462174487 0.8860176117330576 0.1415443391159879 0.8959708855333822 0.18920520789061895
1 0.9462535497544591 0.4240240367750765 0.9401585815694198 0.358523282488319 0.8240706143460403 0.3693254858308145 0.8301655825310797 0.43482624011757204
1 0.8455830656177639 0.5469839783384085 0.8418736439119682 0.4913744932811369 0.7346325024177729 0.4985279962780301 0.7383419241235687 0.5541374813353017
1 0.9603379024656457 0.45986582260638276 0.8924205912863405 0.3990848350048824 0.8136415055038849 0.48711340931149893 0.8815588166831902 0.5478943969129993
1 0.9331328253551894 0.5325002406787526 0.8410493669972944 0.5142388671813589 0.8313068753135611 0.5633656389101799 0.923390333671456 0.5816270124075735
1 0.9251799631384785 0.5784201866299691 0.7464913743851554 0.5357195766157218 0.7308547375746721 0.6011539711965317 0.9095433263279951 0.643854581210779
1 0.8641409632711767 0.6862914198295569 0.8626908214573217 0.6200179830610966 0.7397246843331435 0.6227086287530502 0.7411748261469987 0.6889820655215104
1 0.9685486094229377 0.6209697966788859 0.8744134654832445 0.6070520917585025 0.8656535875485913 0.6663012549639264 0.9597887314882845 0.6802189598843097
1 0.839786766712152 0.7052940973785868 0.836966797819073 0.6790293011934505 0.7653046875 0.6867234375 0.768124656393079 0.7129882336851363
1 1 0.7914734375000002 0.9427562500000001 0.7914734375000002 0.9427562500000001 0.8670015624999999 1 0.8670015624999999
1 0.979903432410232 0.1919724098320356 0.9111614834244627 0.1321665340570875 0.8072098026694873 0.2516504650730565 0.8759517516552566 0.31145634084800455