1 0.365625 0.12031250000000004 0.2828125 0.12031250000000004 0.2828125 0.24062500000000003 0.365625 0.2406250000000001
1 0.4125 0.45 0.3375000000000001 0.45 0.3375000000000001 0.578125 0.4125 0.578125
1 0.4515625000000001 0.6671875 0.3968750000000001 0.6671875 0.3968750000000001 0.7859375 0.4515625000000002 0.7859375
1 0.4000000000000001 0.66875 0.3468750000000001 0.66875 0.3468750000000001 0.7734375 0.4000000000000002 0.7734375
1 0.3000000000000001 0.79375 0.2171875000000001 0.79375 0.2171875000000001 0.91875 0.3000000000000001 0.91875
1 0.5390625000000002 0.7703125 0.4859375000000002 0.7703125 0.4859375000000002 0.875 0.5390625000000002 0.875
1 0.34062500000000007 0.3359375 0.2578125 0.3359375 0.25781250000000006 0.46875 0.34062500000000007 0.46875
1 0.7171875 0.37968750000000007 0.665625 0.37968750000000007 0.665625 0.4734375 0.7171875 0.4734375
1 0.596875 0.3375000000000001 0.565625 0.3375000000000001 0.565625 0.403125 0.596875 0.403125
1 0.3375000000000001 0.703125 0.27031250000000007 0.703125 0.27031250000000007 0.8140625 0.3375000000000001 0.8140625
1 0.3812500000000001 0.4015625 0.3078125000000001 0.4015625 0.3078125000000001 0.503125 0.3812500000000001 0.503125
1 0.4156250000000002 0.76875 0.3390625000000001 0.76875 0.3390625000000001 0.9 0.4156250000000002 0.9
1 0.5875000000000001 0.771875 0.5375000000000002 0.771875 0.5375000000000002 0.8640625 0.5875000000000001 0.8640625
1 0.4078125 0.3312500000000001 0.3640625 0.3312500000000001 0.36406250000000007 0.4171875 0.4078125 0.4171875
1 0.4359375 0.04218750000000005 0.390625 0.042187500000000044 0.390625 0.16093750000000004 0.4359375 0.16093750000000004
1 0.5453125000000001 0.6640625 0.49375 0.6640625 0.4937500000000001 0.803125 0.5453125000000002 0.803125
1 0.403125 0.10156250000000004 0.340625 0.10156250000000004 0.340625 0.19843750000000004 0.403125 0.19843750000000004
1 0.4984375000000001 0.6625 0.446875 0.6625 0.4468750000000001 0.7890625 0.4984375000000002 0.7890625
1 0.2609375 0.06875000000000002 0.1890625 0.06875000000000002 0.1890625 0.17500000000000004 0.2609375 0.17500000000000004
1 0.15312500000000004 0.365625 0.08750000000000005 0.365625 0.08750000000000005 0.50625 0.15312500000000004 0.50625
1 0.5546875 0.3312500000000001 0.5046875 0.3312500000000001 0.5046875 0.4640625 0.5546875 0.4640625
1 0.48125 0.029687500000000054 0.4296875 0.029687500000000054 0.4296875 0.17187500000000006 0.48125 0.17187500000000006
1 0.8078125 0.6468750000000002 0.74375 0.6468750000000002 0.74375 0.7218750000000002 0.8078125 0.7218750000000002
1 0.2921875000000001 0.675 0.2218750000000001 0.675 0.2218750000000001 0.784375 0.2921875000000001 0.784375
1 0.675 0.425 0.628125 0.425 0.628125 0.5015625 0.675 0.5015625
1 0.6328125 0.3968750000000001 0.565625 0.3968750000000001 0.565625 0.4765625 0.6328125 0.4765625
1 0.46875 0.45625 0.4 0.45625 0.4 0.6 0.46875 0.6
1 0.7390625 0.5078125000000001 0.696875 0.5078125 0.696875 0.5671875000000001 0.7390625 0.5671875000000002
1 0.6984375 0.2375000000000001 0.6546875 0.2375000000000001 0.6546875 0.2984375000000001 0.6984375 0.2984375000000001
1 0.753125 0.4125000000000001 0.7015625 0.4125 0.7015625 0.5062500000000001 0.753125 0.5062500000000002
1 0.1984375000000001 0.5703125 0.14218750000000008 0.5703125 0.14218750000000008 0.66875 0.1984375000000001 0.66875
1 0.659375 0.3281250000000001 0.5953125 0.3281250000000001 0.5953125 0.421875 0.659375 0.421875
1 0.6296875000000001 0.659375 0.5671875 0.659375 0.5671875000000001 0.803125 0.6296875000000002 0.803125
1 0.3390625000000001 0.5265625 0.25468750000000007 0.5265625 0.25468750000000007 0.6671875 0.3390625000000001 0.6671875
1 0.14062500000000008 0.70625 0.0750000000000001 0.70625 0.0750000000000001 0.84375 0.14062500000000008 0.84375
1 0.2312500000000001 0.490625 0.18437500000000004 0.490625 0.18437500000000007 0.59375 0.2312500000000001 0.59375
1 0.23593750000000008 0.784375 0.13281250000000008 0.784375 0.13281250000000008 0.8984375 0.23593750000000008 0.8984375
1 0.2062500000000001 0.3921875 0.14531250000000004 0.3921875 0.14531250000000004 0.534375 0.2062500000000001 0.534375
1 0.5046875 0.3281250000000001 0.4578125 0.3281250000000001 0.4578125 0.403125 0.5046875 0.403125
1 0.49531250000000016 0.7765625 0.41718750000000016 0.7765625 0.41718750000000016 0.9015625 0.49531250000000016 0.9015625
1 0.7 0.4984375 0.634375 0.4984375 0.634375 0.5890625 0.7 0.5890625
1 0.7015625 0.3187500000000001 0.6546875 0.3187500000000001 0.6546875 0.3968750000000001 0.7015625 0.3968750000000001
1 0.18906250000000005 0.34375 0.13906250000000003 0.34375 0.13906250000000003 0.3984375 0.18906250000000005 0.3984375
1 0.7640625000000001 0.6984375 0.6890625 0.6984375 0.6890625000000001 0.7921875 0.7640625000000002 0.7921875000000002
1 0.821875 0.3531250000000001 0.7859375 0.3531250000000001 0.7859375 0.4203125000000002 0.821875 0.4203125000000002
1 0.2703125 0.15781250000000005 0.2 0.15781250000000005 0.2 0.2578125 0.2703125 0.2578125
1 0.19843750000000002 0.12031250000000002 0.146875 0.1203125 0.14687500000000003 0.23125 0.19843750000000004 0.23125
1 0.3031250000000001 0.46875 0.2062500000000001 0.46875 0.2062500000000001 0.5921875 0.3031250000000001 0.5921875
1 0.303125 0.03437500000000003 0.2484375 0.03437500000000003 0.2484375 0.11250000000000004 0.303125 0.11250000000000004
1 0.4515625 0.31718750000000007 0.40625 0.31718750000000007 0.40625 0.4359375 0.4515625 0.4359375
1 0.825 0.42500000000000016 0.7828125 0.42500000000000016 0.7828125 0.49218750000000017 0.825 0.49218750000000017
1 0.3656250000000001 0.7859375 0.2953125000000001 0.7859375 0.2953125000000001 0.9515625 0.3656250000000001 0.9515625
1 0.3421875 0.07968750000000005 0.296875 0.07968750000000005 0.296875 0.13906250000000003 0.3421875 0.13906250000000003
1 0.5140625 0.3843750000000001 0.428125 0.3843750000000001 0.428125 0.4859375 0.5140625 0.4859375
1 0.5265625 0.07031250000000007 0.4796875 0.07031250000000007 0.4796875 0.18437500000000004 0.5265625 0.18437500000000004
1 0.22656250000000008 0.6765625 0.11250000000000009 0.6765625 0.11250000000000009 0.784375 0.22656250000000008 0.784375
1 0.7046875 0.023437500000000087 0.66875 0.023437500000000083 0.66875 0.1062500000000001 0.7046875 0.1062500000000001
1 0.6953125000000001 0.6578125 0.628125 0.6578125 0.628125 0.8015625 0.6953125000000002 0.8015625
1 0.559375 0.50625 0.4984375 0.50625 0.4984375 0.5953125 0.559375 0.5953125
1 0.6734375 0.2093750000000001 0.625 0.2093750000000001 0.625 0.2750000000000001 0.6734375 0.2750000000000001
1 0.525 0.45625 0.4796875 0.45625 0.4796875 0.521875 0.525 0.521875
1 0.5734375 0.4359375 0.5359375 0.4359375 0.5359375 0.50625 0.5734375 0.50625
1 0.6 0.03437500000000007 0.5640625 0.034375000000000065 0.5640625 0.1296875000000001 0.6 0.1296875000000001
1 0.7640625 0.10937500000000008 0.73125 0.10937500000000008 0.73125 0.15625000000000008 0.7640625 0.15625000000000008
1 0.659375 0.031250000000000076 0.615625 0.031250000000000076 0.615625 0.11718750000000008 0.659375 0.11718750000000008
1 0.1875 1.903943070549401e-17 0.1234375 1.511673392697514e-17 0.1234375 0.07812500000000003 0.1875 0.07812500000000003
1 0.6796875 0.10156250000000008 0.6359375 0.10156250000000008 0.6359375 0.1703125000000001 0.6796875 0.1703125000000001
1 0.603125 0.2062500000000001 0.5453125 0.2062500000000001 0.5453125 0.2750000000000001 0.603125 0.2750000000000001
1 0.2109375 0.25 0.15781250000000005 0.25 0.15781250000000005 0.3328125 0.2109375 0.3328125
1 0.571875 0.048437500000000064 0.521875 0.048437500000000064 0.521875 0.17187500000000006 0.571875 0.17187500000000008
1 0.4 0.0015625000000000454 0.3421875 0.0015625000000000417 0.3421875 0.11093750000000005 0.4 0.11093750000000005
1 0.27812500000000007 0.2984375 0.18437500000000004 0.2984375 0.18437500000000004 0.434375 0.27812500000000007 0.434375
1 0.6296875 0.14062500000000008 0.584375 0.14062500000000008 0.584375 0.2093750000000001 0.6296875 0.2093750000000001
1 0.4203125 0.3625000000000001 0.38125 0.3625000000000001 0.38125000000000003 0.459375 0.4203125 0.459375
1 0.7921875 0.04218750000000009 0.7703125 0.042187500000000086 0.7703125 0.08593750000000008 0.7921875 0.08593750000000008