1 0.690625 0.03750000000000008 0.6453125 0.037500000000000075 0.6453125 0.1281250000000001 0.690625 0.1281250000000001
1 0.3625000000000001 0.6546875 0.2843750000000001 0.6546875 0.2843750000000001 0.753125 0.3625000000000001 0.753125
1 0.7140625 0.1296875000000001 0.6671875 0.1296875000000001 0.6671875 0.2218750000000001 0.7140625 0.2218750000000001
1 0.4453125 0.3500000000000001 0.3703125 0.3500000000000001 0.37031250000000004 0.46875 0.4453125 0.46875
1 0.2875000000000001 0.653125 0.20312500000000008 0.653125 0.20312500000000008 0.7453125 0.2875000000000001 0.7453125
1 0.53125 0.08750000000000006 0.4828125 0.08750000000000006 0.4828125 0.17500000000000004 0.53125 0.17500000000000004
1 0.51875 0.64375 0.4375 0.64375 0.4375000000000001 0.771875 0.5187500000000002 0.771875
1 0.2375 0.06875000000000002 0.190625 0.06875000000000002 0.190625 0.17968750000000006 0.2375 0.17968750000000006
1 0.6328125000000001 0.65 0.5625 0.65 0.5625000000000001 0.7375 0.6328125000000002 0.7375
1 0.665625 0.2906250000000001 0.603125 0.2906250000000001 0.603125 0.3843750000000001 0.665625 0.3843750000000001
1 0.4078125 0.07187500000000005 0.3578125 0.07187500000000005 0.3578125 0.17187500000000006 0.4078125 0.17187500000000006
1 0.41093750000000007 0.6515625 0.3578125000000001 0.6515625 0.3578125000000001 0.7546875 0.4109375000000002 0.7546875
1 0.5 0.43125 0.45625 0.43125 0.45625 0.49375 0.5 0.49375
1 0.6984375 0.21875000000000008 0.6453125 0.21875000000000008 0.6453125 0.2875000000000001 0.6984375 0.2875000000000001
1 0.4031250000000002 0.7453125 0.3546875000000001 0.7453125 0.3546875000000001 0.8078125 0.4031250000000002 0.8078125
1 0.5640625 0.515625 0.496875 0.515625 0.496875 0.6046875 0.5640625 0.6046875
1 0.303125 0.12968750000000004 0.2171875 0.12968750000000004 0.2171875 0.2328125 0.303125 0.2328125
1 0.75625 0.503125 0.6703125 0.503125 0.6703125 0.6125 0.75625 0.6125000000000002
1 0.48125 0.45625 0.4140625 0.45625 0.4140625 0.546875 0.48125 0.546875
1 0.7359375 0.018750000000000086 0.6890625 0.018750000000000083 0.6890625 0.11718750000000008 0.7359375 0.11718750000000008
1 0.70625 0.3390625000000001 0.6625 0.3390625000000001 0.6625 0.4125 0.70625 0.4125
1 0.7015625 0.48125 0.6421875 0.48125 0.6421875 0.559375 0.7015625 0.559375
1 0.5984375 0.4140625 0.5375 0.4140625 0.5375 0.5390625 0.5984375 0.5390625
1 0.6812500000000001 0.675 0.628125 0.675 0.628125 0.753125 0.6812500000000001 0.753125
1 0.6125 0.32500000000000007 0.5609375 0.32500000000000007 0.5609375 0.425 0.6125 0.425
1 0.5656250000000002 0.7875 0.4968750000000002 0.7875 0.4968750000000002 0.91875 0.5656250000000002 0.91875
1 0.7515625 0.4234375000000001 0.709375 0.4234375 0.709375 0.4906250000000001 0.7515625 0.4906250000000002
1 0.475 0.12031250000000004 0.4078125 0.12031250000000004 0.4078125 0.2250000000000001 0.475 0.2250000000000001
1 0.671875 0.1218750000000001 0.609375 0.1218750000000001 0.609375 0.21250000000000008 0.671875 0.21250000000000008
1 0.7281250000000001 0.721875 0.68125 0.721875 0.6812500000000001 0.8046875 0.7281250000000001 0.8046875
1 0.5328125 0.2984375000000001 0.49375 0.2984375000000001 0.49375 0.3687500000000001 0.5328125 0.3687500000000001
1 0.5765625 0.06406250000000006 0.5265625 0.06406250000000006 0.5265625 0.14375000000000007 0.5765625 0.1437500000000001
1 0.5640625 0.3265625000000001 0.528125 0.3265625000000001 0.528125 0.4140625 0.5640625 0.4140625
1 0.596875 0.7234375 0.546875 0.7234375 0.5468750000000001 0.803125 0.5968750000000002 0.803125
1 0.3203125000000001 0.3703125 0.2656250000000001 0.3703125 0.2656250000000001 0.45 0.3203125000000001 0.45
1 0.6500000000000001 0.7984375 0.6000000000000002 0.7984375 0.6000000000000002 0.921875 0.6500000000000001 0.921875
1 0.54375 0.36406250000000007 0.484375 0.36406250000000007 0.484375 0.4578125 0.54375 0.4578125
1 0.2062500000000001 0.64375 0.1218750000000001 0.64375 0.1218750000000001 0.753125 0.2062500000000001 0.753125
1 0.6625 0.55625 0.6109375 0.55625 0.6109375 0.61875 0.6625 0.61875
1 0.6140625 0.10000000000000009 0.5640625 0.10000000000000009 0.5640625 0.19687500000000008 0.6140625 0.19687500000000008
1 0.646875 0.1859375000000001 0.5890625 0.1859375000000001 0.5890625 0.28593750000000007 0.646875 0.28593750000000007
1 0.4203125 0.15625000000000006 0.35 0.15625000000000006 0.35 0.27812500000000007 0.4203125 0.27812500000000007
1 0.7859375 0.045312500000000096 0.73125 0.04531250000000009 0.73125 0.1375000000000001 0.7859375 0.1375000000000001
1 0.28593750000000007 0.40625 0.2296875000000001 0.40625 0.2296875000000001 0.51875 0.28593750000000007 0.51875
1 0.6843750000000002 0.828125 0.6468750000000002 0.828125 0.6468750000000002 0.9140625 0.6843750000000002 0.9140625
1 0.6671875 0.43125 0.634375 0.43125 0.634375 0.5046875 0.6671875 0.5046875
1 0.44375 0.001562500000000051 0.39375 0.0015625000000000478 0.39375 0.10312500000000005 0.44375 0.10312500000000005
1 0.7921875 0.4593750000000002 0.7578125 0.4593750000000002 0.7578125 0.5015625000000001 0.7921875 0.5015625000000001
1 0.6359375 0.4203125 0.5890625 0.4203125 0.5890625 0.503125 0.6359375 0.503125
1 0.2734375 0.0015625000000000296 0.2109375 0.0015625000000000257 0.2109375 0.13750000000000004 0.2734375 0.13750000000000004
1 0.6109375 0.5484375 0.5671875 0.5484375 0.5671875 0.6234375 0.6109375 0.6234375
1 0.3671875 0.051562500000000046 0.296875 0.051562500000000046 0.296875 0.13437500000000005 0.3671875 0.13437500000000005
1 0.6062500000000002 0.7984375 0.5562500000000001 0.7984375 0.5562500000000001 0.9203125 0.6062500000000002 0.9203125
1 0.7484375000000002 0.8359375 0.6734375000000001 0.8359375 0.6734375000000001 0.9421875 0.7484375000000002 0.9421875
1 0.703125 0.5890625 0.65625 0.5890625 0.65625 0.6484375 0.703125 0.6484375
1 0.5625000000000001 0.65 0.5171875 0.65 0.5171875000000001 0.728125 0.5625000000000002 0.728125
1 0.55 0.721875 0.509375 0.721875 0.5093750000000001 0.7921875 0.5500000000000002 0.7921875
1 0.83125 0.7343750000000002 0.7734375000000002 0.7343750000000002 0.7734375000000002 0.81875 0.83125 0.81875
1 0.4671875000000002 0.7578125 0.4187500000000002 0.7578125 0.4187500000000002 0.8421875 0.4671875000000002 0.8421875
1 0.590625 0.16406250000000006 0.534375 0.16406250000000006 0.534375 0.2968750000000001 0.590625 0.2968750000000001
1 0.6796875000000002 0.7625 0.6359375000000002 0.7625 0.6359375000000002 0.834375 0.6796875000000002 0.834375
1 0.4875 0.2734375000000001 0.4328125 0.2734375000000001 0.4328125 0.43125 0.4875 0.43125
1 0.3140625000000001 0.73125 0.21250000000000008 0.73125 0.21250000000000008 0.8328125 0.3140625000000001 0.8328125
1 0.2234375 0.15468750000000003 0.1671875 0.1546875 0.16718750000000002 0.26875 0.2234375 0.26875
1 0.4453125 0.6484375 0.40625 0.6484375 0.40625 0.715625 0.4453125 0.715625
1 0.8015625 0.6687500000000002 0.7578125 0.6687500000000002 0.7578125000000001 0.7562500000000002 0.8015625 0.7562500000000002
1 0.7406250000000001 0.6531250000000001 0.690625 0.653125 0.690625 0.7625000000000001 0.7406250000000002 0.7625000000000002
1 0.7625000000000001 0.6828125000000002 0.734375 0.6828125000000002 0.7343750000000001 0.7421875000000002 0.7625000000000002 0.7421875000000002
1 0.5578125 0.001562500000000066 0.51875 0.0015625000000000638 0.51875 0.07500000000000007 0.5578125 0.07500000000000007
1 0.321875 0.3046875 0.2671875 0.3046875 0.2671875 0.378125 0.3218750000000001 0.378125
1 0.315625 3.530427100666979e-17 0.2609375 3.195562741525125e-17 0.2609375 0.08437500000000003 0.315625 0.08437500000000005
1 0.6437500000000002 0.7296875 0.5968750000000002 0.7296875 0.5968750000000002 0.8015625 0.6437500000000002 0.8015625
1 0.3937500000000001 0.4375 0.2828125000000001 0.4375 0.2828125000000001 0.546875 0.3937500000000001 0.546875
1 0.40156250000000016 0.803125 0.3421875000000001 0.803125 0.3421875000000001 0.896875 0.40156250000000016 0.896875
1 0.5062500000000002 0.8109375 0.4515625000000002 0.8109375 0.4515625000000002 0.94375 0.5062500000000002 0.94375
1 0.4953125 0.0031250000000000574 0.4390625 0.003125000000000054 0.4390625 0.14062500000000006 0.4953125 0.14062500000000006
1 0.23437500000000008 0.4125 0.16406250000000006 0.4125 0.16406250000000006 0.5265625 0.23437500000000008 0.5265625
1 0.384375 0.290625 0.315625 0.290625 0.31562500000000004 0.446875 0.3843750000000001 0.446875
1 0.21875000000000008 0.7359375 0.1390625000000001 0.7359375 0.1390625000000001 0.840625 0.21875000000000008 0.840625
1 0.7078125 0.403125 0.65625 0.403125 0.65625 0.5015625 0.7078125 0.5015625
1 0.634375 0.0015625000000000742 0.5796875 0.0015625000000000708 0.5796875 0.1390625000000001 0.634375 0.1390625000000001
1 0.5234375 0.001562500000000062 0.4921875 0.0015625000000000604 0.4921875 0.07812500000000007 0.5234375 0.07812500000000007
1 0.209375 0.001562500000000021 0.1328125 0.001562500000000016 0.1328125 0.08437500000000002 0.209375 0.08437500000000002
1 0.26250000000000007 0.290625 0.13906250000000003 0.290625 0.13906250000000003 0.3921875 0.26250000000000007 0.3921875
1 0.8125 0.8890625 0.7718750000000002 0.8890625 0.7718750000000002 0.9578125 0.8125 0.9578125
1 0.27031250000000007 0.815625 0.1859375000000001 0.815625 0.18593750000000012 0.9125 0.27031250000000007 0.9125
1 0.5875 0.0015625000000000701 0.55625 0.001562500000000068 0.55625 0.06562500000000007 0.5875 0.06562500000000007
1 0.4 0.0015625000000000443 0.3234375 0.0015625000000000396 0.3234375 0.07031250000000004 0.4 0.07031250000000004