1 0.6375 0.03281250000000007 0.5125 0.032812500000000064 0.5125 0.12656250000000008 0.6375 0.12656250000000008
1 0.23281250000000003 0.35 0.10781250000000005 0.35 0.10781250000000005 0.459375 0.2328125000000001 0.459375
1 0.2953125 0.04062500000000003 0.1796875 0.04062500000000002 0.1796875 0.13906250000000003 0.2953125 0.13906250000000003
1 0.390625 0.03437500000000004 0.29375 0.03437500000000003 0.29375 0.12500000000000006 0.390625 0.12500000000000006
1 0.6625 0.2484375000000001 0.5328125 0.2484375000000001 0.5328125 0.32500000000000007 0.6625 0.32500000000000007
1 1 0.018750000000000114 0.8734375 0.018750000000000107 0.8734375 0.13125000000000012 1 0.13125000000000014
1 0.2828125 0.12656250000000005 0.1828125 0.12656250000000005 0.18281250000000002 0.2171875 0.2828125 0.2171875
1 0.2328125 0.240625 0.11093750000000005 0.240625 0.11093750000000005 0.328125 0.2328125 0.328125
1 0.3984375 0.24375000000000005 0.2890625 0.24375 0.2890625 0.33281250000000007 0.3984375 0.33281250000000007
1 0.415625 0.12812500000000004 0.2625 0.12812500000000004 0.2625 0.25468750000000007 0.415625 0.25468750000000007
1 0.8 0.02343750000000009 0.7 0.023437500000000083 0.7 0.10781250000000009 0.8 0.10781250000000009
1 0.6046875 0.3656250000000001 0.4734375 0.3656250000000001 0.4734375 0.4453125 0.6046875 0.4453125
1 0.19843750000000007 0.4546875 0.07343750000000007 0.4546875 0.07343750000000007 0.553125 0.1984375000000001 0.553125
1 0.296875 0.19687500000000002 0.16250000000000003 0.196875 0.16250000000000003 0.290625 0.296875 0.290625
1 0.5593750000000002 0.7375 0.4750000000000002 0.7375 0.4750000000000002 0.8140625 0.5593750000000002 0.8140625
1 0.7875 9.050905249948406e-17 0.690625 8.457716956611408e-17 0.690625 0.0468750000000001 0.7875 0.0468750000000001
1 0.7312500000000002 0.7437500000000001 0.6343750000000001 0.74375 0.6343750000000001 0.8265625 0.7312500000000002 0.8265625
1 0.8125 0.10000000000000009 0.66875 0.10000000000000009 0.66875 0.1828125000000001 0.8125 0.1828125000000001
1 0.22656250000000008 0.6953125 0.04843750000000009 0.6953125 0.04843750000000009 0.775 0.22656250000000008 0.775
1 0.6671875 0.3218750000000001 0.5609375 0.3218750000000001 0.5609375 0.403125 0.6671875 0.403125
1 0.11562500000000006 0.5328125 6.52507122670699e-17 0.5328125 7.013016435742265e-17 0.6125 0.11562500000000009 0.6125
1 0.9484375 0.3578125000000001 0.8140625 0.3578125000000001 0.8140625 0.4421875000000002 0.9484375 0.4421875000000002
1 0.7890625 0.3046875000000001 0.6609375 0.3046875000000001 0.6609375 0.38750000000000007 0.7890625 0.38750000000000007
1 0.56875 0.434375 0.465625 0.434375 0.465625 0.503125 0.56875 0.503125
1 1 0.3421875000000001 0.925 0.3421875000000001 0.925 0.4312500000000002 1 0.4312500000000002
1 0.7 0.03750000000000008 0.625 0.037500000000000075 0.625 0.11093750000000009 0.7 0.11093750000000009
1 0.5890625 0.578125 0.4828125 0.578125 0.4828125 0.65625 0.5890625 0.65625
1 0.575 0.496875 0.48125 0.496875 0.48125 0.584375 0.575 0.584375
1 0.2000000000000001 0.5578125 0.08750000000000006 0.5578125 0.08750000000000008 0.6359375 0.2000000000000001 0.6359375
1 0.70625 0.1906250000000001 0.6140625 0.1906250000000001 0.6140625 0.2609375000000001 0.70625 0.2609375000000001
1 0.96875 0.21875000000000008 0.84375 0.21875000000000008 0.84375 0.2828125000000001 0.96875 0.2828125000000001
1 0.3921875 0.33281250000000007 0.17343750000000005 0.3328125 0.17343750000000005 0.415625 0.3921875000000001 0.415625
1 0.68125 0.1359375000000001 0.6 0.1359375000000001 0.6 0.2015625000000001 0.68125 0.2015625000000001
1 0.39531250000000007 0.4875 0.2734375000000001 0.4875 0.2734375000000001 0.5734375 0.39531250000000007 0.5734375
1 0.7953125 0.1750000000000001 0.6953125 0.1750000000000001 0.6953125 0.26250000000000007 0.7953125 0.26250000000000007
1 0.38750000000000007 0.39843750000000006 0.2312500000000001 0.3984375 0.2312500000000001 0.4703125 0.38750000000000007 0.4703125
1 0.5234375 0.640625 0.421875 0.640625 0.421875 0.70625 0.5234375 0.70625
1 1 0.2812500000000001 0.8859375 0.2812500000000001 0.8859375 0.34843750000000007 1 0.34843750000000007
1 0.026562500000000093 0.7265625 8.897824400054988e-17 0.7265625 9.337931843498567e-17 0.7984375 0.0265625000000001 0.7984375
1 0.9359375 0.1281250000000001 0.8265625 0.1281250000000001 0.8265625 0.1906250000000001 0.9359375 0.19062500000000013
1 0.3937500000000001 0.675 0.2953125000000001 0.675 0.2953125000000001 0.7453125 0.3937500000000001 0.7453125
1 0.8765625 0.5187500000000002 0.790625 0.5187500000000002 0.790625 0.6000000000000002 0.8765625 0.6000000000000002
1 0.384375 0.10937500000000004 0.26875 0.10937500000000004 0.26875 0.16562500000000005 0.384375 0.16562500000000005
1 0.3109375000000001 0.5140625 0.19531250000000006 0.5140625 0.19531250000000006 0.6125 0.3109375000000001 0.6125
1 0.3031250000000001 0.60625 0.1609375000000001 0.60625 0.1609375000000001 0.6765625 0.3031250000000001 0.6765625
1 1 0.5562500000000001 0.928125 0.5562500000000001 0.928125 0.6187500000000001 1 0.6187500000000001
1 1 0.4265625000000002 0.828125 0.4265625000000002 0.828125 0.5000000000000002 1 0.5000000000000002
1 0.3500000000000001 0.4578125 0.15000000000000005 0.4578125 0.15000000000000005 0.5234375 0.3500000000000001 0.5234375
1 0.5078125 0.13750000000000004 0.4453125 0.13750000000000004 0.4453125 0.18906250000000005 0.5078125 0.18906250000000005
1 0.790625 0.24375000000000008 0.671875 0.24375000000000008 0.671875 0.3140625000000001 0.790625 0.3140625000000001
1 0.94375 0.17656250000000012 0.83125 0.1765625000000001 0.83125 0.2296875000000001 0.94375 0.2296875000000001
1 0.675 0.5 0.5640625 0.5 0.5640625 0.5796875 0.675 0.5796875
1 0.4875 0.51875 0.415625 0.51875 0.415625 0.584375 0.4875 0.584375
1 0.959375 0.5093750000000001 0.88125 0.5093750000000001 0.88125 0.5687500000000002 0.959375 0.5687500000000002
1 0.07968750000000006 0.4828125 5.912747827133314e-17 0.4828125 6.23804463315683e-17 0.5359375 0.07968750000000006 0.5359375
1 0.484375 0.5765625 0.41875 0.5765625 0.41875 0.6515625 0.484375 0.6515625
1 0.7359375000000001 0.6187500000000001 0.6109375 0.61875 0.6109375000000001 0.7281250000000001 0.7359375000000001 0.7281250000000001
1 0.6421875000000001 0.7328125 0.5625000000000002 0.7328125 0.5625000000000002 0.7953125 0.6421875000000001 0.7953125
1 0.7796875 0.3812500000000001 0.6484375 0.3812500000000001 0.6484375 0.4453125000000001 0.7796875 0.44531250000000017
1 0.7859375 0.4796875000000001 0.6671875 0.4796875 0.6671875 0.5578125 0.7859375 0.5578125000000002
1 0.7609375 0.43437500000000007 0.65625 0.434375 0.65625 0.4953125000000001 0.7609375 0.49531250000000016
1 1 0.2218750000000001 0.959375 0.2218750000000001 0.959375 0.2843750000000001 1 0.2843750000000001
1 1 0.6296875000000002 0.959375 0.6296875000000002 0.959375 0.6984375000000002 1 0.6984375000000002
1 0.24375000000000008 0.6640625 0.1437500000000001 0.6640625 0.1437500000000001 0.7171875 0.24375000000000008 0.7171875
1 0.6578125 0.09843750000000008 0.5796875 0.09843750000000007 0.5796875 0.1468750000000001 0.6578125 0.1468750000000001
1 0.925 0.5859375000000002 0.7828125 0.5859375000000002 0.7828125 0.6593750000000002 0.925 0.6593750000000002
1 0.65625 0.4078125 0.55625 0.4078125 0.55625 0.4765625 0.65625 0.4765625
1 0.7421875000000001 0.6718750000000001 0.6453125 0.671875 0.6453125000000001 0.7500000000000001 0.7421875000000002 0.7500000000000002
1 0.93125 0.47656250000000017 0.8140625 0.47656250000000017 0.8140625 0.5281250000000002 0.93125 0.5281250000000002
1 0.026562500000000107 0.8453125 0.0015625000000001033 0.8453125 0.0015625000000001061 0.8875 0.02656250000000011 0.8875
1 1 0.6937500000000002 0.9640625 0.6937500000000002 0.9640625 0.7531250000000002 1 0.7531250000000002
1 0.775 0.5703125000000001 0.66875 0.5703125 0.66875 0.6265625000000001 0.775 0.6265625000000001
1 1 0.5171875000000001 0.9625 0.5171875000000001 0.9625 0.5812500000000002 1 0.5812500000000002
1 0.9421875 0.5687500000000002 0.85625 0.5687500000000002 0.85625 0.6359375000000002 0.9421875 0.6359375000000002
1 0.6640625 0.4609375 0.5515625 0.4609375 0.5515625 0.5125 0.6640625 0.5125
1 0.0765625000000001 0.7921875 0.007812500000000097 0.7921875 0.0078125000000001 0.8453125 0.07656250000000012 0.8453125
1 0.3750000000000001 0.5953125 0.2968750000000001 0.5953125 0.2968750000000001 0.646875 0.3750000000000001 0.646875
1 0.6703125 0.56875 0.5765625 0.56875 0.5765625 0.628125 0.6703125 0.628125
1 0.7 0.29375000000000007 0.615625 0.29375000000000007 0.615625 0.34062500000000007 0.7 0.34062500000000007
1 0.3937500000000001 0.546875 0.3062500000000001 0.546875 0.3062500000000001 0.603125 0.3937500000000001 0.603125
1 1 0.46875000000000017 0.94375 0.46875000000000017 0.94375 0.5187500000000002 1 0.5187500000000002