1 0.384375 0.21093750000000006 0.30625 0.2109375 0.30625 0.31093750000000003 0.384375 0.3109375000000001
1 0.3218750000000001 0.4890625 0.2171875000000001 0.4890625 0.2171875000000001 0.609375 0.3218750000000001 0.609375
1 0.28906250000000006 0.359375 0.2171875 0.359375 0.21718750000000003 0.484375 0.2890625000000001 0.484375
1 0.528125 0.3656250000000001 0.475 0.3656250000000001 0.475 0.459375 0.528125 0.459375
1 0.503125 0.3265625000000001 0.434375 0.3265625000000001 0.434375 0.421875 0.503125 0.421875
1 0.865625 0.0015625000000001003 0.76875 0.0015625000000000944 0.76875 0.1515625000000001 0.865625 0.1515625000000001
1 0.3375 0.13281250000000006 0.271875 0.13281250000000006 0.271875 0.2546875 0.3375 0.2546875
1 0.6875 0.028125000000000084 0.6046875 0.028125000000000077 0.6046875 0.1515625000000001 0.6875 0.1515625000000001
1 0.8203125 0.5234375000000001 0.690625 0.5234375 0.690625 0.6718750000000001 0.8203125 0.6718750000000002
1 0.415625 0.434375 0.3140625000000001 0.434375 0.3140625000000001 0.55625 0.415625 0.55625
1 0.4265625 0.18281250000000004 0.3640625 0.18281250000000004 0.3640625 0.30156250000000007 0.4265625 0.30156250000000007
1 0.43750000000000017 0.815625 0.3500000000000001 0.815625 0.3500000000000001 0.9375 0.43750000000000017 0.9375
1 0.5515625 0.4484375 0.4578125 0.4484375 0.4578125 0.540625 0.5515625 0.540625
1 0.2875 0.15468750000000003 0.2390625 0.15468750000000003 0.2390625 0.2390625 0.2875 0.2390625
1 0.5359375 0.09062500000000007 0.4609375 0.09062500000000007 0.4609375 0.18593750000000003 0.5359375 0.18593750000000003
1 0.4078125000000002 0.91875 0.3218750000000001 0.91875 0.3218750000000001 0.98125 0.4078125000000002 0.98125
1 0.3906250000000001 0.38750000000000007 0.28593750000000007 0.3875 0.28593750000000007 0.49375 0.3906250000000001 0.49375
1 0.3625 0.02500000000000004 0.2625 0.025000000000000033 0.2625 0.15468750000000003 0.3625 0.15468750000000003
1 0.8375 0.4140625000000001 0.7015625 0.4140625 0.7015625 0.5406250000000001 0.8375 0.5406250000000001
1 0.4671875000000001 0.7171875 0.3671875000000001 0.7171875 0.3671875000000001 0.83125 0.4671875000000002 0.83125
1 0.7859375 0.0468750000000001 0.6984375 0.04687500000000009 0.6984375 0.2062500000000001 0.7859375 0.2062500000000001
1 0.44375 0.3609375000000001 0.3890625 0.3609375000000001 0.38906250000000003 0.478125 0.44375 0.478125
1 0.5375 0.17343750000000005 0.4390625 0.17343750000000005 0.4390625 0.2906250000000001 0.5375 0.2906250000000001
1 0.94375 0.04375000000000011 0.8546875 0.0437500000000001 0.8546875 0.2328125000000001 0.94375 0.2328125000000001
1 0.4125 0.32656250000000003 0.3484375 0.3265625 0.34843750000000007 0.4046875 0.4125 0.4046875
1 0.6640625000000001 0.6890625 0.5609375 0.6890625 0.5609375000000001 0.83125 0.6640625000000002 0.83125
1 0.2953125000000001 0.725 0.1765625000000001 0.725 0.1765625000000001 0.8375 0.2953125000000001 0.8375
1 0.35156250000000006 0.334375 0.3 0.334375 0.30000000000000004 0.396875 0.3515625000000001 0.396875
1 0.2093750000000001 0.7765625 0.12343750000000009 0.7765625 0.12343750000000009 0.8984375 0.2093750000000001 0.8984375
1 0.4140625 0.10156250000000004 0.3609375 0.10156250000000004 0.3609375 0.21718750000000003 0.4140625 0.2171875000000001
1 0.5187500000000002 0.7296875 0.4578125000000002 0.7296875 0.4578125000000002 0.8453125 0.5187500000000002 0.8453125
1 0.7609375 0.3218750000000001 0.6515625 0.3218750000000001 0.6515625 0.4921875000000001 0.7609375 0.49218750000000017
1 0.703125 0.1437500000000001 0.6015625 0.1437500000000001 0.6015625 0.3296875000000001 0.703125 0.3296875000000001
1 0.3546875 4.008804756583914e-17 0.3 3.6739403974420595e-17 0.3 0.06250000000000004 0.3546875 0.06250000000000004
1 0.5515625 0.521875 0.440625 0.521875 0.440625 0.6828125 0.5515625 0.6828125
1 0.9296875 0.2875000000000001 0.853125 0.2875000000000001 0.853125 0.40156250000000016 0.9296875 0.40156250000000016
1 0.7359375 0.1140625000000001 0.6625 0.1140625000000001 0.6625 0.2390625000000001 0.7359375 0.2390625000000001
1 0.8265625 0.1687500000000001 0.74375 0.1687500000000001 0.74375 0.27031250000000007 0.8265625 0.27031250000000007
1 0.2328125 0.1609375 0.171875 0.1609375 0.17187500000000003 0.2640625 0.2328125 0.2640625
1 0.4078125 4.6306957092759285e-17 0.3484375 4.267128690779059e-17 0.3484375 0.12187500000000004 0.4078125 0.12187500000000004
1 0.16406250000000008 0.7 0.07812500000000008 0.7 0.0781250000000001 0.8296875 0.16406250000000008 0.8296875
1 0.646875 0.453125 0.5421875 0.453125 0.5421875 0.64375 0.646875 0.64375
1 0.4859375000000002 0.85625 0.4031250000000002 0.85625 0.4031250000000002 0.9765625 0.4859375000000002 0.9765625
1 0.865625 0.30156250000000007 0.796875 0.30156250000000007 0.796875 0.44531250000000017 0.865625 0.44531250000000017
1 0.37968750000000007 0.7625 0.3078125000000001 0.7625 0.3078125000000001 0.9484375 0.37968750000000007 0.9484375
1 0.8125 0.3062500000000001 0.721875 0.3062500000000001 0.721875 0.4234375000000001 0.8125 0.4234375000000002
1 0.8859375 0.6250000000000002 0.7609375 0.6250000000000002 0.7609375 0.8453125 0.8859375 0.8453125
1 0.46875 0.440625 0.3937500000000001 0.440625 0.3937500000000001 0.584375 0.46875 0.584375
1 0.3390625000000001 0.9125 0.2687500000000001 0.9125 0.2687500000000001 0.9828125 0.3390625000000001 0.9828125
1 0.2578125000000001 0.4078125 0.19531250000000006 0.4078125 0.19531250000000006 0.5140625 0.2578125000000001 0.5140625
1 0.5296875 0.02500000000000006 0.478125 0.025000000000000057 0.478125 0.10781250000000005 0.5296875 0.10781250000000005
1 0.9703125 0.46875000000000017 0.8546875 0.46875000000000017 0.8546875 0.5937500000000002 0.9703125 0.5937500000000002
1 0.5671875 0.3390625000000001 0.515625 0.3390625000000001 0.515625 0.45625 0.5671875 0.45625
1 0.521875 5.788369636594911e-17 0.4234375 5.1856137901395736e-17 0.4234375 0.09062500000000005 0.521875 0.09062500000000007
1 0.690625 0.4359375 0.6171875 0.4359375 0.6171875 0.56875 0.690625 0.56875
1 0.7390625000000001 0.7203125000000001 0.6171875 0.7203125 0.6171875000000001 0.9453125 0.7390625000000002 0.9453125
1 0.9609375 0.3765625000000001 0.8296875 0.3765625000000001 0.8296875 0.5171875000000001 0.9609375 0.5171875000000001
1 0.7859375 8.802148868871601e-17 0.6515625 7.979339300694473e-17 0.6515625 0.07656250000000009 0.7859375 0.07656250000000009
1 0.2796875000000001 0.959375 0.2156250000000001 0.959375 0.2156250000000001 0.9859375 0.2796875000000001 0.9859375
1 0.3218750000000001 0.8 0.2609375000000001 0.8 0.2609375000000001 0.9640625 0.3218750000000001 0.9640625
1 0.2984375 0.321875 0.240625 0.321875 0.24062500000000003 0.3875 0.2984375000000001 0.3875
1 0.3765625000000001 0.5484375 0.2656250000000001 0.5484375 0.2656250000000001 0.6875 0.3765625000000001 0.6875
1 0.646875 0.27812500000000007 0.540625 0.27812500000000007 0.540625 0.4859375 0.646875 0.4859375
1 0.46875 0.07031250000000006 0.4 0.07031250000000004 0.4 0.2390625000000001 0.46875 0.2390625000000001
1 0.428125 0.03750000000000005 0.384375 0.03750000000000005 0.384375 0.12031250000000004 0.428125 0.12031250000000004
1 0.7 0.54375 0.621875 0.54375 0.621875 0.71875 0.7 0.71875
1 0.371875 0.14531250000000004 0.3328125 0.14531250000000004 0.3328125 0.23125000000000004 0.371875 0.2312500000000001
1 0.66875 7.759285578972683e-17 0.5984375 7.328745688647442e-17 0.5984375 0.05937500000000008 0.66875 0.05937500000000009
1 0.2984375 0.2453125 0.253125 0.2453125 0.253125 0.3046875 0.2984375 0.3046875
1 0.8140625 0.7468750000000001 0.6765625000000002 0.746875 0.6765625000000002 0.9609375 0.8140625 0.9609375
1 0.859375 0.5000000000000002 0.7859375 0.5000000000000002 0.7859375 0.6437500000000002 0.859375 0.6437500000000002
1 0.7578125 0.2218750000000001 0.6859375 0.2218750000000001 0.6859375 0.3078125000000001 0.7578125 0.3078125000000001
1 0.8078125 9.538850458983681e-17 0.75 9.18485099360515e-17 0.75 0.06250000000000008 0.8078125 0.06250000000000008
1 0.1984375 2.2101047703362388e-17 0.1625 1.990051048614449e-17 0.1625 0.05625000000000002 0.1984375 0.05625000000000002
1 0.11406250000000011 0.8625 0.05312500000000011 0.8625 0.05312500000000011 0.9375 0.11406250000000014 0.9375
1 0.921875 1.0849605236196083e-16 0.85 1.0409497792752501e-16 0.85 0.07031250000000011 0.921875 0.07031250000000011
1 0.8796875 0.8828125 0.8015625 0.8828125 0.8015625 0.95625 0.8796875 0.95625
1 0.596875 6.821665373375491e-17 0.5171875 6.333720164340217e-17 0.5171875 0.19687500000000008 0.596875 0.19687500000000008
1 0.625 0.05937500000000007 0.571875 0.05937500000000007 0.571875 0.22031250000000008 0.625 0.22031250000000008
1 0.1765625000000001 0.6109375 0.12031250000000009 0.6109375 0.12031250000000009 0.6859375 0.1765625000000001 0.6859375
1 0.45 0.584375 0.3703125000000001 0.584375 0.3703125000000001 0.7046875 0.45 0.7046875
1 0.6406250000000002 0.7546875 0.5093750000000001 0.7546875 0.5093750000000001 0.9703125 0.6406250000000002 0.9703125