1 0.17187500000000006 0.3015625 0.06562500000000004 0.3015625 0.06562500000000004 0.4 0.17187500000000006 0.4
1 0.3421875000000001 0.553125 0.2406250000000001 0.553125 0.2406250000000001 0.646875 0.3421875000000001 0.646875
1 0.1609375000000001 0.5890625 0.08281250000000007 0.5890625 0.08281250000000008 0.7265625 0.1609375000000001 0.7265625
1 0.22656250000000008 0.6390625 0.1296875000000001 0.6390625 0.1296875000000001 0.7609375 0.22656250000000008 0.7609375
1 0.3671875 0.22500000000000003 0.265625 0.225 0.265625 0.33906250000000004 0.3671875 0.3390625000000001
1 0.24375 0.259375 0.15781250000000005 0.259375 0.15781250000000005 0.3359375 0.24375 0.3359375
1 0.2375000000000001 0.5578125 0.1546875000000001 0.5578125 0.1546875000000001 0.646875 0.2375000000000001 0.646875
1 0.3890625000000001 0.9015625 0.29375000000000007 0.9015625 0.29375000000000007 1 0.3890625000000001 1
1 0.4171875 0.559375 0.3343750000000001 0.559375 0.3343750000000001 0.6640625 0.4171875 0.6640625
1 0.23906250000000004 0.3203125 0.16718750000000004 0.3203125 0.16718750000000004 0.403125 0.2390625000000001 0.403125
1 0.4984375 0.5296875 0.4265625 0.5296875 0.4265625 0.63125 0.4984375 0.63125
1 0.29531250000000003 0.3203125 0.2296875 0.3203125 0.22968750000000004 0.409375 0.2953125000000001 0.409375
1 0.3984375000000001 0.64375 0.3203125000000001 0.64375 0.3203125000000001 0.7734375 0.3984375000000001 0.7734375
1 0.48125 0.3312500000000001 0.38125 0.3312500000000001 0.38125000000000003 0.4296875 0.48125 0.4296875
1 0.6453125000000001 0.621875 0.55 0.621875 0.55 0.746875 0.6453125000000002 0.746875
1 0.8796875 0.5906250000000002 0.8078125 0.5906250000000002 0.8078125 0.6812500000000001 0.8796875 0.6812500000000001
1 0.38750000000000007 0.33125000000000004 0.3203125 0.33125 0.32031250000000006 0.415625 0.38750000000000007 0.415625
1 0.4765625 0.11718750000000004 0.3984375 0.11718750000000004 0.3984375 0.2656250000000001 0.4765625 0.2656250000000001
1 0.26250000000000007 0.790625 0.1984375000000001 0.790625 0.1984375000000001 0.909375 0.26250000000000007 0.909375
1 0.3187500000000001 0.6390625 0.23437500000000008 0.6390625 0.23437500000000008 0.7625 0.3187500000000001 0.7625
1 0.5984375 0.4875 0.5296875 0.4875 0.5296875 0.5875 0.5984375 0.5875
1 0.4078125 0.15312500000000004 0.3546875 0.15312500000000004 0.3546875 0.26406250000000003 0.4078125 0.2640625000000001
1 0.6046875 0.05312500000000007 0.528125 0.05312500000000007 0.528125 0.16718750000000007 0.6046875 0.1671875000000001
1 0.3031250000000001 0.5015625 0.2390625000000001 0.5015625 0.2390625000000001 0.571875 0.3031250000000001 0.571875
1 0.4671875000000001 0.6109375 0.38750000000000007 0.6109375 0.38750000000000007 0.775 0.4671875000000002 0.775
1 0.22812500000000008 0.9515625 0.15781250000000013 0.9515625 0.15781250000000013 1 0.22812500000000008 1
1 0.4265625 0.24843750000000003 0.359375 0.2484375 0.359375 0.35156250000000006 0.4265625 0.3515625000000001
1 0.790625 0.6265625000000001 0.7296875 0.6265625000000001 0.7296875 0.7203125000000001 0.790625 0.7203125000000001
1 0.63125 0.1281250000000001 0.55 0.1281250000000001 0.55 0.2312500000000001 0.63125 0.2312500000000001
1 0.17500000000000007 0.528125 0.12343750000000005 0.528125 0.12343750000000006 0.584375 0.1750000000000001 0.584375
1 0.48125 0.2453125000000001 0.409375 0.2453125000000001 0.409375 0.3421875000000001 0.48125 0.3421875000000001
1 0.8625 0.46406250000000016 0.7984375 0.46406250000000016 0.7984375 0.5343750000000002 0.8625 0.5343750000000002
1 0.5234375000000001 0.6140625 0.453125 0.6140625 0.4531250000000001 0.7671875 0.5234375000000002 0.7671875
1 0.55625 0.10156250000000007 0.49375 0.10156250000000004 0.49375 0.2140625000000001 0.55625 0.2140625000000001
1 0.51875 0.17031250000000003 0.4609375 0.17031250000000003 0.4609375 0.29375000000000007 0.51875 0.29375000000000007
1 0.815625 0.29375000000000007 0.759375 0.29375000000000007 0.759375 0.3906250000000001 0.815625 0.3906250000000001
1 0.71875 0.20312500000000008 0.6328125 0.20312500000000008 0.6328125 0.3421875000000001 0.71875 0.3421875000000001
1 0.7203125 0.4859375 0.665625 0.4859375 0.665625 0.6140625 0.7203125 0.6140625
1 0.60625 0.571875 0.528125 0.571875 0.528125 0.6765625 0.60625 0.6765625
1 0.4781250000000002 0.80625 0.4109375000000002 0.80625 0.4109375000000002 0.9765625 0.4781250000000002 0.9765625
1 0.771875 0.21250000000000008 0.7078125 0.21250000000000008 0.7078125 0.3031250000000001 0.771875 0.3031250000000001
1 0.6312500000000001 0.71875 0.5546875 0.71875 0.5546875000000001 0.8390625 0.6312500000000002 0.8390625
1 0.5359375 0.525 0.484375 0.525 0.484375 0.6109375 0.5359375 0.6109375
1 0.7203125000000001 0.6234375 0.65625 0.6234375 0.6562500000000001 0.7390625 0.7203125000000001 0.7390625
1 0.678125 0.53125 0.6203125 0.53125 0.6203125 0.6296875 0.678125 0.6296875
1 0.6421875 0.2140625000000001 0.5671875 0.2140625000000001 0.5671875 0.36406250000000007 0.6421875 0.36406250000000007
1 0.4265625000000002 0.9484375 0.3781250000000001 0.9484375 0.3781250000000001 1 0.4265625000000002 1
1 0.5859375 0.2750000000000001 0.5359375 0.2750000000000001 0.5359375 0.3593750000000001 0.5859375 0.3593750000000001
1 0.6484375000000002 0.903125 0.5781250000000002 0.903125 0.5781250000000002 1 0.6484375000000002 1
1 0.6765625000000002 0.84375 0.6187500000000001 0.84375 0.6187500000000001 0.940625 0.6765625000000002 0.940625
1 0.6203125000000002 0.8203125 0.5609375000000002 0.8203125 0.5609375000000002 0.9078125 0.6203125000000002 0.9078125
1 0.5625000000000001 0.6734375 0.50625 0.6734375 0.5062500000000001 0.7734375 0.5625000000000002 0.7734375
1 0.6921875 0.3312500000000001 0.6375 0.3312500000000001 0.6375 0.4359375 0.6921875 0.4359375
1 0.2640625000000001 0.621875 0.2140625000000001 0.621875 0.2140625000000001 0.74375 0.2640625000000001 0.74375
1 0.5703125 0.3468750000000001 0.5234375 0.3468750000000001 0.5234375 0.434375 0.5703125 0.434375
1 0.653125 0.3546875000000001 0.6 0.3546875000000001 0.6 0.4515625 0.653125 0.4515625
1 0.5156250000000002 0.90625 0.4546875000000002 0.90625 0.4546875000000002 1 0.5156250000000002 1
1 0.5265625 0.34843750000000007 0.48125 0.34843750000000007 0.48125 0.4265625 0.5265625 0.4265625
1 0.6984375 0.040625000000000085 0.6515625 0.04062500000000008 0.6515625 0.09531250000000009 0.6984375 0.09531250000000009
1 0.6828125 0.1062500000000001 0.6328125 0.1062500000000001 0.6328125 0.1781250000000001 0.6828125 0.1781250000000001
1 0.8375 0.1609375000000001 0.7875 0.1609375000000001 0.7875 0.24218750000000008 0.8375 0.24218750000000008
1 0.234375 0.010937500000000025 0.1703125 0.010937500000000022 0.1703125 0.06093750000000002 0.234375 0.06093750000000002
1 0.665625 0.1703125000000001 0.6140625 0.1703125000000001 0.6140625 0.2609375000000001 0.665625 0.2609375000000001
1 0.321875 0.014062500000000033 0.24375 0.014062500000000028 0.24375 0.05781250000000003 0.321875 0.057812500000000044
1 0.628125 0.509375 0.584375 0.509375 0.584375 0.58125 0.628125 0.58125
1 0.540625 0.29375000000000007 0.5 0.29375000000000007 0.5 0.3656250000000001 0.540625 0.3656250000000001
1 0.70625 0.10781250000000009 0.6546875 0.10781250000000009 0.6546875 0.18750000000000008 0.70625 0.18750000000000008
1 0.609375 0.3375000000000001 0.559375 0.3375000000000001 0.559375 0.4328125 0.609375 0.4328125
1 0.6687500000000001 0.671875 0.615625 0.671875 0.6156250000000001 0.76875 0.6687500000000002 0.76875
1 0.484375 0.025000000000000057 0.425 0.025000000000000057 0.425 0.06875000000000006 0.484375 0.06875000000000006
1 0.5843750000000002 0.8859375 0.5250000000000001 0.8859375 0.5250000000000001 0.975 0.5843750000000002 0.975
1 0.790625 0.04218750000000009 0.7234375 0.042187500000000086 0.7234375 0.08593750000000008 0.790625 0.08593750000000008
1 0.7265625 0.2921875000000001 0.678125 0.2921875000000001 0.678125 0.3468750000000001 0.7265625 0.3468750000000001
1 0.5046875 0.2843750000000001 0.4609375 0.2843750000000001 0.4609375 0.3765625000000001 0.5046875 0.3765625000000001
1 0.5343750000000002 0.9921875 0.46875000000000017 0.9921875 0.46875000000000017 1 0.5343750000000002 1
1 0.428125 0.021875000000000047 0.3703125 0.021875000000000044 0.3703125 0.06406250000000005 0.428125 0.06406250000000005