1 0.9484375 0.3734375000000001 0.8375 0.3734375000000001 0.8375 0.5140625000000002 0.9484375 0.5140625000000002
1 0.771875 0.3296875000000001 0.675 0.3296875000000001 0.675 0.4625000000000001 0.771875 0.4625000000000002
1 0.8984375 0.1906250000000001 0.79375 0.1906250000000001 0.79375 0.3359375000000001 0.8984375 0.3359375000000001
1 0.7984375 0.4468750000000001 0.6890625 0.446875 0.6890625 0.5671875000000001 0.7984375 0.5671875000000002
1 0.9453125 0.5859375000000002 0.8421875 0.5859375000000002 0.8421875 0.7437500000000001 0.9453125 0.7437500000000001
1 0.871875 0.6046875000000002 0.7609375 0.6046875000000002 0.7609375 0.7656250000000002 0.871875 0.7656250000000002
1 0.653125 0.2984375000000001 0.559375 0.2984375000000001 0.559375 0.4 0.653125 0.4
1 0.8953125 0.8484375 0.8171875 0.8484375 0.8171875 0.9390625 0.8953125 0.9390625
1 0.7359375 0.1843750000000001 0.646875 0.1843750000000001 0.646875 0.34062500000000007 0.7359375 0.34062500000000007
1 0.73125 8.256798341126295e-17 0.6171875 7.558366963487571e-17 0.6171875 0.08437500000000007 0.73125 0.08437500000000009
1 0.6640625 0.2078125000000001 0.56875 0.2078125000000001 0.56875 0.3031250000000001 0.6640625 0.3031250000000001
1 0.7015625000000002 0.8109375 0.6187500000000001 0.8109375 0.6187500000000001 0.9546875 0.7015625000000002 0.9546875
1 0.8375 0.2968750000000001 0.7640625 0.2968750000000001 0.7640625 0.4437500000000002 0.8375 0.4437500000000002
1 0.7921875 0.1937500000000001 0.721875 0.1937500000000001 0.721875 0.35625000000000007 0.7921875 0.35625000000000007
1 0.68125 0.3625000000000001 0.60625 0.3625000000000001 0.60625 0.5375 0.68125 0.5375
1 0.7406250000000001 0.6984375 0.6546875 0.6984375 0.6546875000000001 0.8296875 0.7406250000000002 0.8296875
1 0.571875 6.515503673588654e-17 0.4921875 6.027558464553379e-17 0.4921875 0.03593750000000006 0.571875 0.03593750000000007
1 0.8390625 9.873714818125535e-17 0.7734375 9.47187758715531e-17 0.7734375 0.0906250000000001 0.8390625 0.09062500000000011
1 0.61875 0.4671875 0.55625 0.4671875 0.55625 0.596875 0.61875 0.596875
1 0.896875 0.7531250000000002 0.81875 0.7531250000000002 0.81875 0.85625 0.896875 0.85625
1 0.7718750000000002 0.7812500000000001 0.6953125000000002 0.78125 0.6953125000000002 0.95 0.7718750000000002 0.95
1 0.7765625 0.6125 0.703125 0.6125 0.7031250000000001 0.753125 0.7765625000000002 0.7531250000000002
1 0.6109375 0.6078125 0.521875 0.6078125 0.521875 0.709375 0.6109375 0.709375
1 0.6359375000000002 0.7640625 0.5515625000000002 0.7640625 0.5515625000000002 0.8953125 0.6359375000000002 0.8953125
1 0.37187500000000007 0.85 0.3000000000000001 0.85 0.3000000000000001 0.9625 0.37187500000000007 0.9625
1 0.5609375000000002 0.79375 0.4968750000000002 0.79375 0.4968750000000002 0.9390625 0.5609375000000002 0.9390625
1 0.6046875 0.6953125 0.521875 0.6953125 0.5218750000000001 0.8125 0.6046875000000002 0.8125
1 0.8953125 0.3125000000000001 0.8296875 0.3125000000000001 0.8296875 0.40937500000000016 0.8953125 0.40937500000000016
1 0.55625 0.3359375000000001 0.49375 0.3359375000000001 0.49375 0.4671875 0.55625 0.4671875
1 0.5140625000000002 0.7328125 0.44531250000000017 0.7328125 0.44531250000000017 0.85 0.5140625000000002 0.85
1 0.55625 0.015625000000000062 0.4953125 0.015625000000000062 0.4953125 0.10781250000000006 0.55625 0.10781250000000009
1 0.440625 0.4546875 0.3546875000000001 0.4546875 0.3546875000000001 0.55625 0.440625 0.55625
1 0.1859375000000001 0.7828125 0.1281250000000001 0.7828125 0.1281250000000001 0.878125 0.1859375000000001 0.878125
1 0.921875 0.24218750000000008 0.8734375 0.24218750000000008 0.8734375 0.3515625000000001 0.921875 0.3515625000000001
1 0.890625 1.0553011089527582e-16 0.8328125 1.019901162414905e-16 0.8328125 0.05156250000000011 0.890625 0.05156250000000011
1 0.5046875 0.04531250000000006 0.4375 0.045312500000000054 0.4375 0.15625000000000006 0.5046875 0.15625000000000006
1 0.6171875 7.223502604345716e-17 0.5625 6.888638245203862e-17 0.5625 0.056250000000000064 0.6171875 0.056250000000000064
1 0.8265625 0.7343750000000002 0.7562500000000002 0.7343750000000002 0.7562500000000002 0.9 0.8265625 0.9
1 0.3843750000000001 0.628125 0.3062500000000001 0.628125 0.3062500000000001 0.75 0.3843750000000001 0.75
1 0.2328125 0.2171875 0.16875000000000004 0.2171875 0.16875000000000004 0.321875 0.2328125 0.321875
1 0.6703125000000001 0.6078125 0.603125 0.6078125 0.6031250000000001 0.7875 0.6703125000000002 0.7875
1 0.3781250000000001 0.75 0.3062500000000001 0.75 0.3062500000000001 0.8625 0.3781250000000001 0.8625
1 0.2625 0.11562500000000005 0.2015625 0.11562500000000005 0.2015625 0.2171875 0.2625 0.2171875
1 0.44218750000000007 0.6171875 0.3781250000000001 0.6171875 0.3781250000000001 0.75625 0.4421875000000002 0.75625
1 0.3125000000000001 0.784375 0.2484375000000001 0.784375 0.2484375000000001 0.915625 0.3125000000000001 0.915625
1 0.496875 0.3296875000000001 0.4328125 0.3296875000000001 0.4328125 0.490625 0.496875 0.490625
1 0.378125 0.19687500000000005 0.3078125 0.19687500000000005 0.3078125 0.3296875 0.378125 0.3296875000000001
1 0.4390625 4.91772230282609e-17 0.3640625 4.4584797531458325e-17 0.3640625 0.01406250000000005 0.4390625 0.014062500000000056
1 0.5234375 0.2140625000000001 0.465625 0.2140625000000001 0.465625 0.3281250000000001 0.5234375 0.3281250000000001
1 0.30937500000000007 0.3140625 0.234375 0.3140625 0.23437500000000006 0.475 0.30937500000000007 0.475
1 0.4906250000000001 0.6140625 0.4359375 0.6140625 0.4359375000000001 0.75625 0.4906250000000002 0.75625
1 0.265625 2.870265935501609e-17 0.203125 2.487563810768061e-17 0.203125 0.02031250000000003 0.265625 0.020312500000000032
1 0.4859375 5.539613255518106e-17 0.41875 5.128208471429541e-17 0.41875 0.07343750000000006 0.4859375 0.07343750000000007
1 0.43125 0.08125000000000004 0.3796875 0.08125000000000004 0.3796875 0.2015625000000001 0.43125 0.2015625000000001
1 0.2531250000000001 0.809375 0.1984375000000001 0.809375 0.1984375000000001 0.90625 0.2531250000000001 0.90625
1 0.18750000000000008 0.6390625 0.13437500000000008 0.6390625 0.13437500000000008 0.721875 0.18750000000000008 0.721875
1 0.18750000000000008 0.73125 0.13437500000000008 0.73125 0.13437500000000008 0.790625 0.18750000000000008 0.790625
1 0.4281250000000002 0.790625 0.3750000000000001 0.790625 0.3750000000000001 0.8984375 0.4281250000000002 0.8984375
1 0.7859375 9.357066949735244e-17 0.7421875 9.089175462421762e-17 0.7421875 0.04843750000000009 0.7859375 0.0484375000000001
1 0.2328125 2.4779962576497225e-17 0.171875 2.1048616860345134e-17 0.171875 0.059375000000000025 0.2328125 0.059375000000000025
1 0.3421875000000001 0.396875 0.2921875000000001 0.396875 0.2921875000000001 0.4921875 0.3421875000000001 0.4921875
1 0.565625 0.2531250000000001 0.5234375 0.2531250000000001 0.5234375 0.3468750000000001 0.565625 0.3468750000000001
1 0.3578125000000001 0.4640625 0.3062500000000001 0.4640625 0.3062500000000001 0.5578125 0.3578125000000001 0.5578125
1 0.5625 0.45 0.5171875 0.45 0.5171875 0.54375 0.5625 0.54375
1 0.3078125000000001 0.63125 0.2609375000000001 0.63125 0.2609375000000001 0.7265625 0.3078125000000001 0.7265625
1 0.2687500000000001 0.89375 0.22031250000000008 0.89375 0.22031250000000008 0.971875 0.2687500000000001 0.971875
1 0.3984375 4.506317518737526e-17 0.3375 4.133182947122317e-17 0.3375 0.13437500000000005 0.3984375 0.13437500000000005
1 0.41875 0.35468750000000004 0.3515625 0.3546875 0.35156250000000006 0.465625 0.41875 0.465625
1 0.2468750000000001 0.4296875 0.19843750000000004 0.4296875 0.19843750000000004 0.4921875 0.2468750000000001 0.4921875
1 0.284375 3.15729252905177e-17 0.23125 2.8319957230282545e-17 0.23125 0.08593750000000003 0.284375 0.08593750000000004
1 0.5296875000000001 0.6359375 0.4875 0.6359375 0.4875000000000001 0.740625 0.5296875000000002 0.740625
1 0.4218750000000001 0.715625 0.3578125000000001 0.715625 0.3578125000000001 0.8015625 0.42187500000000017 0.8015625
1 0.2687500000000001 0.525 0.22656250000000008 0.525 0.22656250000000008 0.584375 0.2687500000000001 0.584375
1 0.18906250000000005 0.321875 0.14531250000000004 0.321875 0.14531250000000004 0.4 0.18906250000000005 0.4
1 0.38593750000000004 0.31875000000000003 0.325 0.31875 0.32500000000000007 0.4140625 0.3859375000000001 0.4140625
1 0.4109375 0.2578125000000001 0.371875 0.2578125000000001 0.371875 0.34843750000000007 0.4109375 0.34843750000000007
1 0.4640625 0.13125000000000003 0.43125 0.13125000000000003 0.43125 0.2093750000000001 0.4640625 0.2093750000000001
1 0.7625 9.098743015540102e-17 0.7234375 8.859554187581634e-17 0.7234375 0.014062500000000092 0.7625 0.014062500000000094
1 0.4734375 0.2515625000000001 0.428125 0.2515625000000001 0.428125 0.34062500000000007 0.4734375 0.34062500000000007
1 0.3171875 0.03750000000000003 0.2703125 0.03750000000000003 0.2703125 0.13125000000000003 0.3171875 0.13125000000000003
1 0.3265625 3.74091326927043e-17 0.284375 3.482589335075286e-17 0.284375 0.06250000000000004 0.3265625 0.06250000000000004