1 0.4375 0.19531250000000006 0.3640625 0.19531250000000006 0.3640625 0.28593750000000007 0.4375 0.28593750000000007
1 0.5921875 0.503125 0.540625 0.503125 0.540625 0.5765625 0.5921875 0.5765625
1 0.8515625 0.3812500000000001 0.7953125 0.3812500000000001 0.7953125 0.4734375000000002 0.8515625 0.4734375000000002
1 0.6265625 0.3125000000000001 0.5609375 0.3125000000000001 0.5609375 0.4296875 0.6265625 0.4296875
1 0.39531250000000007 0.38750000000000007 0.3281250000000001 0.3875 0.3281250000000001 0.48125 0.39531250000000007 0.48125
1 0.578125 0.3890625000000001 0.5265625 0.3890625000000001 0.5265625 0.49375 0.578125 0.49375
1 0.3046875000000001 0.7125 0.17968750000000008 0.7125 0.17968750000000008 0.8703125 0.3046875000000001 0.8703125
1 0.5046875 0.3078125000000001 0.453125 0.3078125000000001 0.453125 0.44375 0.5046875 0.44375
1 0.65 0.5734375 0.5953125 0.5734375 0.5953125 0.6515625 0.65 0.6515625
1 0.428125 0.2828125 0.3578125 0.2828125 0.35781250000000003 0.3921875 0.428125 0.3921875000000001
1 0.8984375 0.46406250000000016 0.81875 0.46406250000000016 0.81875 0.5328125000000001 0.8984375 0.5328125000000001
1 0.34375 0.01093750000000004 0.2890625 0.010937500000000036 0.2890625 0.12031250000000004 0.34375 0.12031250000000004
1 0.3375000000000001 0.3984375 0.27031250000000007 0.3984375 0.27031250000000007 0.4765625 0.3375000000000001 0.4765625
1 0.4703125 0.3000000000000001 0.4078125 0.3000000000000001 0.4078125 0.4375 0.4703125 0.4375
1 0.421875 0.54375 0.3703125000000001 0.54375 0.3703125000000001 0.61875 0.421875 0.61875
1 0.3921875000000001 0.50625 0.2968750000000001 0.50625 0.2968750000000001 0.6375 0.3921875000000001 0.6375
1 0.29375000000000007 0.34375 0.21875 0.34375 0.21875000000000006 0.478125 0.29375000000000007 0.478125
1 0.26093750000000004 0.275 0.19062500000000004 0.275 0.19062500000000004 0.41875 0.2609375000000001 0.41875
1 0.2156250000000001 0.48125 0.12656250000000005 0.48125 0.12656250000000008 0.63125 0.2156250000000001 0.63125
1 0.546875 0.023437500000000062 0.484375 0.023437500000000062 0.484375 0.14531250000000007 0.546875 0.1453125000000001
1 0.8171875 0.5984375000000002 0.775 0.5984375000000002 0.775 0.6375000000000002 0.8171875 0.6375000000000002
1 0.2390625 0.006250000000000026 0.18125 0.006250000000000022 0.18125 0.12812500000000002 0.2390625 0.12812500000000004
1 0.5828125 0.27031250000000007 0.4859375 0.27031250000000007 0.4859375 0.3890625000000001 0.5828125 0.3890625000000001
1 0.35000000000000003 0.2640625 0.2765625 0.2640625 0.27656250000000004 0.4046875 0.3500000000000001 0.4046875
1 0.7843750000000002 0.7265625000000002 0.7515625000000001 0.7265625000000002 0.7515625000000001 0.7812500000000002 0.7843750000000002 0.7812500000000002
1 0.6796875 0.35625000000000007 0.6 0.35625000000000007 0.6 0.49375 0.6796875 0.49375
1 0.3046875000000001 0.5796875 0.20312500000000008 0.5796875 0.20312500000000008 0.7171875 0.3046875000000001 0.7171875
1 0.6921875000000001 0.71875 0.6265625 0.71875 0.6265625000000001 0.83125 0.6921875000000002 0.83125
1 0.496875 0.5125 0.4296875 0.5125 0.4296875 0.6484375 0.496875 0.6484375
1 0.2296875000000001 0.628125 0.14062500000000008 0.628125 0.14062500000000008 0.7484375 0.2296875000000001 0.7484375
1 0.7921875 0.07187500000000009 0.74375 0.07187500000000009 0.74375 0.15625000000000008 0.7921875 0.15625000000000008
1 0.2953125 0.009375000000000033 0.2265625 0.009375000000000027 0.2265625 0.13437500000000005 0.2953125 0.13437500000000005
1 0.6093750000000001 0.725 0.5453125 0.725 0.5453125000000001 0.828125 0.6093750000000002 0.828125
1 0.628125 0.5140625 0.5734375 0.5140625 0.5734375 0.5875 0.628125 0.5875
1 0.6234375 0.6109375 0.5609375 0.6109375 0.5609375 0.7171875 0.6234375 0.7171875
1 0.1609375000000001 0.71875 0.10156250000000008 0.71875 0.10156250000000008 0.834375 0.1609375000000001 0.834375
1 0.3875 0.012500000000000044 0.325 0.012500000000000039 0.325 0.13125000000000003 0.3875 0.13125000000000003
1 0.509375 0.18906250000000005 0.421875 0.18906250000000005 0.421875 0.3078125000000001 0.509375 0.3078125000000001
1 0.3890625000000001 0.7140625 0.3218750000000001 0.7140625 0.3218750000000001 0.8234375 0.3890625000000001 0.8234375
1 0.6515625000000002 0.76875 0.5953125000000001 0.76875 0.5953125000000001 0.8546875 0.6515625000000002 0.8546875
1 0.190625 0.004687500000000018 0.1015625 0.004687500000000013 0.1015625 0.13593750000000002 0.190625 0.13593750000000004
1 0.5453125000000001 0.721875 0.5078125 0.721875 0.5078125000000001 0.7859375 0.5453125000000002 0.7859375
1 0.5546875 0.528125 0.490625 0.528125 0.490625 0.6609375 0.5546875 0.6609375
1 0.45781250000000007 0.7140625 0.3828125000000001 0.7140625 0.3828125000000001 0.8328125 0.4578125000000002 0.8328125
1 0.4625 0.38750000000000007 0.3921875000000001 0.38750000000000007 0.3921875000000001 0.484375 0.4625 0.484375
1 0.5421875 0.3750000000000001 0.4859375 0.3750000000000001 0.4859375 0.4859375 0.5421875 0.4859375
1 0.4921875 0.015625000000000056 0.4046875 0.01562500000000005 0.4046875 0.10156250000000004 0.4921875 0.10156250000000004
1 0.6546875 0.53125 0.6234375 0.53125 0.6234375 0.58125 0.6546875 0.58125
1 0.634375 0.020312500000000074 0.5375 0.020312500000000067 0.5375 0.14843750000000006 0.634375 0.14843750000000008
1 0.17187500000000008 0.6203125 0.11093750000000009 0.6203125 0.11093750000000009 0.7171875 0.17187500000000008 0.7171875
1 0.7750000000000001 0.76875 0.7250000000000002 0.76875 0.7250000000000002 0.8359375 0.7750000000000001 0.8359375
1 0.7484375 0.24218750000000008 0.7171875 0.24218750000000008 0.7171875 0.28593750000000007 0.7484375 0.28593750000000007
1 0.5734375 0.6296875 0.503125 0.6296875 0.503125 0.7203125 0.5734375 0.7203125
1 0.6578125000000001 0.9265625 0.6140625000000002 0.9265625 0.6140625000000002 0.996875 0.6578125000000001 0.996875
1 0.5703125 0.15468750000000006 0.5046875 0.15468750000000003 0.5046875 0.2609375000000001 0.5703125 0.2609375000000001
1 0.19843750000000004 0.3296875 0.10000000000000005 0.3296875 0.10000000000000005 0.4734375 0.19843750000000004 0.4734375
1 0.6265625000000001 0.9265625 0.5656250000000002 0.9265625 0.5656250000000002 1 0.6265625000000001 1
1 0.5140625000000001 0.70625 0.45 0.70625 0.45000000000000007 0.828125 0.5140625000000002 0.828125
1 0.7203125 0.4765625 0.646875 0.4765625 0.646875 0.6203125 0.7203125 0.6203125
1 0.4234375000000002 0.9140625 0.3625000000000001 0.9140625 0.3625000000000001 1 0.4234375000000002 1
1 0.8703125 0.5296875000000002 0.8125 0.5296875000000002 0.8125 0.6593750000000002 0.8703125 0.6593750000000002
1 0.45 0.01406250000000005 0.365625 0.014062500000000044 0.365625 0.13906250000000003 0.45 0.13906250000000003
1 0.21250000000000008 0.7296875 0.1515625000000001 0.7296875 0.1515625000000001 0.83125 0.21250000000000008 0.83125
1 0.7125 0.2593750000000001 0.6609375 0.2593750000000001 0.6609375 0.3281250000000001 0.7125 0.3281250000000001
1 0.6125 0.16562500000000008 0.5609375 0.16562500000000008 0.5609375 0.2578125000000001 0.6125 0.2578125000000001
1 0.765625 0.3531250000000001 0.7296875 0.3531250000000001 0.7296875 0.4234375000000002 0.765625 0.4234375000000002
1 0.7546875 0.4218750000000001 0.6875 0.421875 0.6875 0.4937500000000001 0.7546875 0.4937500000000002
1 0.7375 0.3218750000000001 0.671875 0.3218750000000001 0.671875 0.4312500000000001 0.7375 0.4312500000000002
1 0.5734375 0.5671875 0.5421875 0.5671875 0.5421875 0.63125 0.5734375 0.63125
1 0.7109375 0.04375000000000008 0.6546875 0.04375000000000008 0.6546875 0.1312500000000001 0.7109375 0.1312500000000001
1 0.7515625 0.2890625000000001 0.703125 0.2890625000000001 0.703125 0.36406250000000007 0.7515625 0.36406250000000007
1 0.2312500000000001 0.91875 0.19062500000000013 0.91875 0.19062500000000013 0.9953125 0.2312500000000001 0.9953125
1 0.13906250000000012 0.8578125 0.07031250000000011 0.8578125 0.07031250000000012 1 0.13906250000000014 1
1 0.1421875 0.003125000000000013 0.0625 0.0031250000000000084 0.06250000000000001 0.134375 0.1421875 0.134375
1 0.6671875 0.10781250000000009 0.6046875 0.10781250000000009 0.6046875 0.2015625000000001 0.6671875 0.2015625000000001
1 0.5375000000000002 0.90625 0.45312500000000017 0.90625 0.45312500000000017 1 0.5375000000000002 1
1 0.37187500000000007 0.9640625 0.3187500000000001 0.9640625 0.3187500000000001 1 0.37187500000000007 1
1 0.74375 0.02656250000000009 0.69375 0.02656250000000009 0.69375 0.07343750000000009 0.74375 0.07343750000000009
1 0.3265625000000001 0.965625 0.2640625000000001 0.965625 0.2640625000000001 1 0.3265625000000001 1
1 0.7234375000000002 0.9890625 0.6531250000000002 0.9890625 0.6531250000000002 1 0.7234375000000002 1
1 0.6109375 0.425 0.5703125 0.425 0.5703125 0.4953125 0.6109375 0.4953125
1 0.5906250000000002 0.9796875 0.5281250000000002 0.9796875 0.5281250000000002 1 0.5906250000000002 1