1 0.3609375 0.35625 0.2671875 0.35625 0.2671875 0.453125 0.3609375000000001 0.453125
1 0.4234375 0.4203125 0.34062500000000007 0.4203125 0.34062500000000007 0.521875 0.4234375 0.521875
1 0.7953125 0.4828125000000002 0.728125 0.4828125000000002 0.728125 0.5750000000000002 0.7953125 0.5750000000000002
1 0.5046875 0.4203125 0.4234375 0.4203125 0.4234375 0.515625 0.5046875 0.515625
1 0.3125000000000001 0.4078125 0.22812500000000008 0.4078125 0.22812500000000008 0.5125 0.3125000000000001 0.5125
1 0.7453125 0.5875000000000001 0.6703125 0.5875 0.6703125 0.675 0.7453125 0.6750000000000002
1 0.2890625 0.0031250000000000327 0.2359375 0.0031250000000000292 0.2359375 0.12187500000000004 0.2890625 0.12187500000000004
1 0.7234375 0.05468750000000009 0.684375 0.05468750000000009 0.684375 0.1437500000000001 0.7234375 0.1437500000000001
1 0.5750000000000001 0.6984375 0.50625 0.6984375 0.5062500000000001 0.7921875 0.5750000000000002 0.7921875
1 0.375 0.12812500000000004 0.290625 0.12812500000000004 0.290625 0.22656250000000006 0.375 0.22656250000000008
1 0.6812500000000001 0.6671875 0.60625 0.6671875 0.6062500000000001 0.7578125 0.6812500000000001 0.7578125
1 0.65 0.03281250000000008 0.6109375 0.03281250000000008 0.6109375 0.11250000000000009 0.65 0.11250000000000009
1 0.784375 0.2984375000000001 0.740625 0.2984375000000001 0.740625 0.3843750000000001 0.784375 0.3843750000000001
1 0.5578125 0.4015625 0.503125 0.4015625 0.503125 0.5296875 0.5578125 0.5296875
1 0.5765625 0.026562500000000065 0.5421875 0.026562500000000065 0.5421875 0.11250000000000007 0.5765625 0.11250000000000009
1 0.653125 0.5125 0.5703125 0.5125 0.5703125 0.5984375 0.653125 0.5984375
1 0.25000000000000006 0.346875 0.15468750000000003 0.346875 0.15468750000000003 0.4296875 0.2500000000000001 0.4296875
1 0.609375 0.5921875 0.565625 0.5921875 0.565625 0.6828125 0.609375 0.6828125
1 0.7953125 0.6093750000000002 0.759375 0.6093750000000002 0.759375 0.6562500000000002 0.7953125 0.6562500000000002
1 0.3312500000000001 0.73125 0.2906250000000001 0.73125 0.2906250000000001 0.8265625 0.3312500000000001 0.8265625
1 0.28593750000000007 0.7078125 0.2140625000000001 0.7078125 0.2140625000000001 0.821875 0.28593750000000007 0.821875
1 0.46875 0.3500000000000001 0.4140625 0.3500000000000001 0.4140625 0.4421875 0.46875 0.4421875
1 0.615625 0.06875000000000006 0.5640625 0.06875000000000006 0.5640625 0.1765625000000001 0.615625 0.1765625000000001
1 0.659375 0.5953125 0.6046875 0.5953125 0.6046875 0.6765625 0.659375 0.6765625
1 0.19687500000000005 0.38125 0.14062500000000006 0.38125 0.14062500000000006 0.4765625 0.19687500000000005 0.4765625
1 0.36406250000000007 0.815625 0.2953125000000001 0.815625 0.2953125000000001 0.9796875 0.36406250000000007 0.9796875
1 0.571875 0.55 0.5390625 0.55 0.5390625 0.6234375 0.571875 0.6234375
1 0.30156250000000007 0.815625 0.24218750000000008 0.815625 0.24218750000000008 0.9765625 0.30156250000000007 0.9765625
1 0.6734375 0.1921875000000001 0.6140625 0.1921875000000001 0.6140625 0.30156250000000007 0.6734375 0.30156250000000007
1 0.4390625 0.50625 0.3687500000000001 0.50625 0.3687500000000001 0.6171875 0.4390625 0.6171875
1 0.3765625000000001 0.703125 0.3234375000000001 0.703125 0.3234375000000001 0.8046875 0.3765625000000001 0.8046875
1 0.734375 0.5062500000000001 0.6875 0.50625 0.6875 0.5890625 0.734375 0.5890625000000002
1 0.3390625 0.026562500000000037 0.2828125 0.026562500000000034 0.2828125 0.14375000000000004 0.3390625 0.14375000000000004
1 0.275 0.08593750000000003 0.203125 0.08593750000000003 0.203125 0.2359375 0.275 0.2359375
1 0.6953125 0.5578125 0.64375 0.5578125 0.64375 0.6234375 0.6953125 0.6234375
1 0.15781250000000005 0.2859375 0.09531250000000005 0.2859375 0.09531250000000005 0.3671875 0.15781250000000005 0.3671875
1 0.4140625 0.3609375 0.3609375 0.3609375 0.3609375 0.434375 0.4140625 0.434375
1 0.4390625000000001 0.7046875 0.3765625000000001 0.7046875 0.3765625000000001 0.865625 0.4390625000000002 0.865625
1 0.2140625000000001 0.7078125 0.1375000000000001 0.7078125 0.1375000000000001 0.7890625 0.2140625000000001 0.7890625
1 0.7625 0.2078125000000001 0.7109375 0.2078125000000001 0.7109375 0.3156250000000001 0.7625 0.3156250000000001
1 0.2468750000000001 0.46875 0.19062500000000004 0.46875 0.19062500000000007 0.5640625 0.2468750000000001 0.5640625
1 0.4140625 0.017187500000000046 0.346875 0.017187500000000043 0.346875 0.13906250000000003 0.4140625 0.13906250000000003
1 0.54375 0.028125000000000067 0.509375 0.028125000000000067 0.509375 0.10625000000000004 0.54375 0.10625000000000004
1 0.45625 0.03437500000000006 0.409375 0.03437500000000006 0.409375 0.14843750000000006 0.45625 0.14843750000000006
1 0.5265625000000002 0.7875 0.4781250000000002 0.7875 0.4781250000000002 0.90625 0.5265625000000002 0.90625
1 0.6375 0.16562500000000008 0.571875 0.16562500000000008 0.571875 0.2531250000000001 0.6375 0.2531250000000001
1 0.553125 0.09375000000000007 0.503125 0.09375000000000007 0.503125 0.2234375000000001 0.553125 0.2234375000000001
1 0.73125 0.4234375000000001 0.6484375 0.4234375 0.6484375 0.5375000000000001 0.73125 0.5375000000000002
1 0.5421875 0.528125 0.490625 0.528125 0.490625 0.653125 0.5421875 0.653125
1 0.16406250000000006 0.2265625 0.10000000000000005 0.2265625 0.10000000000000005 0.2984375 0.16406250000000006 0.2984375
1 0.621875 0.4140625 0.5453125 0.4140625 0.5453125 0.5171875 0.621875 0.5171875
1 0.5828125 0.15781250000000008 0.5515625 0.15781250000000008 0.5515625 0.2218750000000001 0.5828125 0.2218750000000001
1 0.49687500000000007 0.69375 0.4375 0.69375 0.4375000000000001 0.86875 0.4968750000000002 0.86875
1 0.5015625 0.5109375 0.4421875 0.5109375 0.4421875 0.5984375 0.5015625 0.5984375
1 0.3421875000000001 0.4984375 0.2296875000000001 0.4984375 0.2296875000000001 0.6171875 0.3421875000000001 0.6171875
1 0.5734375000000002 0.7828125 0.5250000000000001 0.7828125 0.5250000000000001 0.8828125 0.5734375000000002 0.8828125
1 0.6656250000000001 0.75 0.6046875000000002 0.75 0.6046875000000002 0.8765625 0.6656250000000001 0.8765625
1 0.2046875 0.059375000000000025 0.1234375 0.059375000000000025 0.12343750000000002 0.2046875 0.2046875 0.2046875
1 0.5609375 0.3609375000000001 0.521875 0.3609375000000001 0.521875 0.4328125 0.5609375 0.4328125
1 0.5015625 0.01875000000000006 0.4546875 0.018750000000000055 0.4546875 0.13125000000000003 0.5015625 0.13125000000000003
1 0.6828125 0.1140625000000001 0.634375 0.1140625000000001 0.634375 0.2062500000000001 0.6828125 0.2062500000000001
1 0.14531250000000004 0.3546875 0.07187500000000005 0.3546875 0.07187500000000005 0.4921875 0.14531250000000004 0.4921875
1 0.7171875 0.2000000000000001 0.6640625 0.2000000000000001 0.6640625 0.3046875000000001 0.7171875 0.3046875000000001
1 0.74375 0.3625000000000001 0.6921875 0.3625000000000001 0.6921875 0.4390625000000001 0.74375 0.4390625000000002
1 0.4781250000000002 0.8453125 0.40625000000000017 0.8453125 0.40625000000000017 0.9625 0.4781250000000002 0.9625
1 0.6234375000000002 0.8796875 0.5812500000000002 0.8796875 0.5812500000000002 0.9578125 0.6234375000000002 0.9578125
1 0.8015625 0.2328125000000001 0.7578125 0.2328125000000001 0.7578125 0.29375000000000007 0.8015625 0.29375000000000007
1 0.2375 2.3153478546379642e-17 0.140625 1.7221595613009655e-17 0.140625 0.11250000000000002 0.2375 0.11250000000000004
1 0.16406250000000003 0.1203125 0.09218750000000002 0.1203125 0.09218750000000002 0.2375 0.16406250000000006 0.2375
1 0.2406250000000001 0.8125 0.1593750000000001 0.8125 0.1593750000000001 0.9265625 0.2406250000000001 0.9265625
1 0.6453125 0.3843750000000001 0.5859375 0.3843750000000001 0.5859375 0.4921875 0.6453125 0.4921875
1 0.20312500000000008 0.784375 0.1296875000000001 0.784375 0.1296875000000001 0.871875 0.20312500000000008 0.871875
1 0.42500000000000016 0.8765625 0.3671875000000001 0.8765625 0.3671875000000001 0.9984375 0.42500000000000016 0.9984375
1 0.5859375000000002 0.8546875 0.5375000000000002 0.8546875 0.5375000000000002 0.9875 0.5859375000000002 0.9875
1 0.2015625000000001 0.4734375 0.13750000000000004 0.4734375 0.13750000000000007 0.6203125 0.2015625000000001 0.6203125
1 0.6109375000000001 0.7 0.56875 0.7 0.5687500000000001 0.775 0.6109375000000001 0.775
1 0.6265625 0.2578125000000001 0.5484375 0.2578125000000001 0.5484375 0.3359375000000001 0.6265625 0.3359375000000001
1 0.71875 0.14062500000000008 0.675 0.14062500000000008 0.675 0.20468750000000008 0.71875 0.20468750000000008
1 0.6953125 0.3609375000000001 0.6375 0.3609375000000001 0.6375 0.4328125 0.6953125 0.4328125
1 0.7765625 0.7062500000000002 0.7390625 0.7062500000000002 0.7390625000000001 0.7781250000000002 0.7765625000000002 0.7781250000000002
1 0.7328125000000002 0.8234375 0.6578125000000001 0.8234375 0.6578125000000001 0.9625 0.7328125000000002 0.9625
1 0.815625 0.015625000000000097 0.7765625 0.015625000000000094 0.7765625 0.09687500000000009 0.815625 0.09687500000000009
1 0.646875 0.10937500000000008 0.615625 0.10937500000000008 0.615625 0.17343750000000008 0.646875 0.17343750000000008
1 0.8203125 0.34843750000000007 0.7765625 0.34843750000000007 0.7765625 0.4187500000000002 0.8203125 0.4187500000000002
1 0.525 0.2656250000000001 0.48125 0.2656250000000001 0.48125 0.3546875000000001 0.525 0.3546875000000001
1 0.7078125 8.352473872309682e-17 0.65625 8.036744619404505e-17 0.65625 0.09687500000000009 0.7078125 0.09687500000000009
1 0.7625000000000002 0.921875 0.7000000000000002 0.921875 0.7000000000000002 1 0.7625000000000002 1