1 0.259375 0.11406250000000002 0.13125 0.1140625 0.13125000000000003 0.2640625 0.259375 0.2640625
1 0.5328125000000001 0.9109375 0.4546875000000002 0.9109375 0.4546875000000002 1 0.5328125000000001 1
1 0.2375000000000001 0.85625 0.10468750000000009 0.85625 0.10468750000000011 1 0.2375000000000001 1
1 0.35625000000000007 0.21875 0.2625 0.21875 0.26250000000000007 0.365625 0.35625000000000007 0.365625
1 0.9078125 0.7359375000000001 0.828125 0.7359375000000001 0.828125 0.8296875 0.9078125 0.8296875
1 0.7828125000000001 0.6375000000000001 0.7140625 0.6375 0.7140625 0.7343750000000001 0.7828125000000001 0.7343750000000002
1 0.28125000000000006 0.2578125 0.18125000000000005 0.2578125 0.18125000000000005 0.396875 0.2812500000000001 0.396875
1 0.9203125 0.8265625 0.8453125 0.8265625 0.8453125 0.93125 0.9203125 0.93125
1 0.240625 0.010937500000000024 0.1375 0.010937500000000017 0.1375 0.09218750000000002 0.240625 0.09218750000000002
1 0.37187500000000007 0.5578125 0.2875000000000001 0.5578125 0.2875000000000001 0.7109375 0.37187500000000007 0.7109375
1 0.340625 0.017187500000000036 0.2359375 0.01718750000000003 0.2359375 0.08281250000000004 0.340625 0.08281250000000004
1 0.3078125000000001 0.665625 0.2140625000000001 0.665625 0.2140625000000001 0.8546875 0.3078125000000001 0.8546875
1 0.5093750000000001 0.596875 0.43125 0.596875 0.4312500000000001 0.765625 0.5093750000000001 0.765625
1 0.6656250000000001 0.953125 0.5937500000000002 0.953125 0.5937500000000002 1 0.6656250000000001 1
1 0.7015625000000001 0.6078125 0.6390625 0.6078125 0.6390625000000001 0.728125 0.7015625000000002 0.728125
1 0.6031250000000001 0.659375 0.5328125 0.659375 0.5328125000000001 0.7921875 0.6031250000000001 0.7921875
1 0.3906250000000001 0.640625 0.3109375000000001 0.640625 0.3109375000000001 0.8015625 0.3906250000000001 0.8015625
1 0.2562500000000001 0.646875 0.1687500000000001 0.646875 0.1687500000000001 0.7625 0.2562500000000001 0.7625
1 0.34062500000000007 0.9546875 0.2468750000000001 0.9546875 0.2468750000000001 1 0.34062500000000007 1
1 0.903125 0.965625 0.85 0.965625 0.85 1 0.903125 1
1 0.503125 0.03125000000000006 0.421875 0.031250000000000056 0.421875 0.11562500000000005 0.503125 0.11562500000000005
1 0.8140625 0.05312500000000009 0.7109375 0.05312500000000009 0.7109375 0.13281250000000008 0.8140625 0.13281250000000008
1 0.2968750000000001 0.3875 0.2140625000000001 0.3875 0.2140625000000001 0.490625 0.2968750000000001 0.490625
1 0.6875 0.2671875000000001 0.609375 0.2671875000000001 0.609375 0.3890625000000001 0.6875 0.3890625000000001
1 0.78125 0.27031250000000007 0.721875 0.27031250000000007 0.721875 0.3968750000000001 0.78125 0.3968750000000001
1 0.725 0.17187500000000008 0.64375 0.17187500000000008 0.64375 0.2875000000000001 0.725 0.2875000000000001
1 0.603125 0.5328125 0.54375 0.5328125 0.54375 0.61875 0.603125 0.61875
1 0.22031250000000005 0.3421875 0.15781250000000005 0.3421875 0.15781250000000005 0.478125 0.22031250000000008 0.478125
1 0.43281250000000016 0.7625 0.3453125000000001 0.7625 0.3453125000000001 0.878125 0.43281250000000016 0.878125
1 0.36406250000000007 0.35625000000000007 0.2953125 0.35625 0.29531250000000003 0.496875 0.36406250000000007 0.496875
1 0.5234375 0.2390625000000001 0.4484375 0.2390625000000001 0.4484375 0.3937500000000001 0.5234375 0.3937500000000001
1 0.70625 0.715625 0.640625 0.715625 0.6406250000000001 0.8109375 0.7062500000000002 0.8109375
1 0.4406250000000001 0.6109375 0.3828125000000001 0.6109375 0.3828125000000001 0.759375 0.44062500000000016 0.759375
1 0.6500000000000001 0.6359375 0.5984375 0.6359375 0.5984375000000001 0.7328125 0.6500000000000001 0.7328125
1 0.4578125 0.08906250000000006 0.3921875 0.08906250000000004 0.3921875 0.19531250000000006 0.4578125 0.19531250000000006
1 0.4546875 0.2484375000000001 0.3828125 0.2484375000000001 0.38281250000000006 0.36406250000000007 0.4546875 0.36406250000000007
1 0.7625000000000002 0.7281250000000001 0.7140625000000002 0.728125 0.7140625000000002 0.8609375 0.7625000000000002 0.8609375
1 0.4031250000000002 0.9234375 0.3343750000000001 0.9234375 0.3343750000000001 1 0.4031250000000002 1
1 0.475 0.3437500000000001 0.409375 0.3437500000000001 0.409375 0.5109375 0.475 0.5109375
1 0.5578125 0.03750000000000006 0.4984375 0.037500000000000054 0.4984375 0.10781250000000006 0.5578125 0.10781250000000009
1 0.4390625 0.16093750000000004 0.371875 0.16093750000000004 0.371875 0.26250000000000007 0.4390625 0.26250000000000007
1 0.7000000000000002 0.7984375 0.6375000000000002 0.7984375 0.6375000000000002 0.884375 0.7000000000000002 0.884375
1 0.6453125 0.09062500000000008 0.584375 0.09062500000000007 0.584375 0.2296875000000001 0.6453125 0.2296875000000001
1 0.615625 0.4015625 0.5546875 0.4015625 0.5546875 0.5125 0.615625 0.5125
1 0.5109375 0.14062500000000006 0.4484375 0.14062500000000006 0.4484375 0.2640625000000001 0.5109375 0.2640625000000001
1 0.5859375 0.12500000000000006 0.5234375 0.12500000000000006 0.5234375 0.28593750000000007 0.5859375 0.28593750000000007
1 0.6078125 0.2734375000000001 0.5421875 0.2734375000000001 0.5421875 0.3906250000000001 0.6078125 0.3906250000000001
1 0.6546875000000002 0.7265625 0.5921875000000002 0.7265625 0.5921875000000002 0.865625 0.6546875000000002 0.865625
1 0.7625 0.4281250000000001 0.7 0.428125 0.7 0.5203125000000001 0.7625 0.5203125000000002
1 0.89375 0.3156250000000001 0.8484375 0.3156250000000001 0.8484375 0.3812500000000001 0.89375 0.3812500000000001
1 0.6046875 0.04062500000000007 0.5515625 0.040625000000000064 0.5515625 0.12500000000000008 0.6046875 0.12500000000000008
1 0.95625 0.965625 0.909375 0.965625 0.909375 1 0.95625 1
1 0.41875 0.02656250000000005 0.35625 0.026562500000000044 0.35625 0.10781250000000005 0.41875 0.10781250000000005
1 0.4937500000000002 0.753125 0.4343750000000002 0.753125 0.4343750000000002 0.8734375 0.4937500000000002 0.8734375
1 0.646875 0.2015625000000001 0.5859375 0.2015625000000001 0.5859375 0.30937500000000007 0.646875 0.30937500000000007
1 0.709375 0.3812500000000001 0.65625 0.3812500000000001 0.65625 0.5046875 0.709375 0.5046875
1 0.5578125 0.2921875000000001 0.4953125 0.2921875000000001 0.4953125 0.5 0.5578125 0.5
1 0.5421875000000002 0.7578125 0.4890625000000002 0.7578125 0.4890625000000002 0.8796875 0.5421875000000002 0.8796875
1 0.2593750000000001 0.759375 0.1781250000000001 0.759375 0.1781250000000001 0.875 0.2593750000000001 0.875
1 0.6140625000000002 0.759375 0.5453125000000002 0.759375 0.5453125000000002 0.8734375 0.6140625000000002 0.8734375
1 0.4125 0.33593750000000006 0.359375 0.3359375 0.35937500000000006 0.490625 0.4125 0.490625
1 0.3515625000000001 0.778125 0.2671875000000001 0.778125 0.2671875000000001 0.878125 0.3515625000000001 0.878125
1 0.753125 0.3593750000000001 0.696875 0.3593750000000001 0.696875 0.44218750000000007 0.753125 0.4421875000000002
1 0.790625 0.40625000000000017 0.753125 0.40625000000000017 0.753125 0.4937500000000002 0.790625 0.4937500000000002
1 0.665625 0.41875 0.6125 0.41875 0.6125 0.5171875 0.665625 0.5171875
1 0.7921875000000002 0.8328125 0.7453125000000002 0.8328125 0.7453125000000002 0.9015625 0.7921875000000002 0.9015625
1 0.840625 0.3687500000000001 0.7953125 0.3687500000000001 0.7953125 0.4281250000000002 0.840625 0.4281250000000002
1 0.7421875000000002 0.8078125 0.6984375000000002 0.8078125 0.6984375000000002 0.89375 0.7421875000000002 0.89375
1 0.4718750000000001 0.7203125 0.428125 0.7203125 0.4281250000000001 0.7953125 0.47187500000000016 0.7953125
1 0.6375 0.55625 0.6 0.55625 0.6 0.615625 0.6375 0.615625