1 0.3125 0.08125000000000003 0.253125 0.08125000000000002 0.253125 0.21875 0.3125 0.21875
1 0.553125 0.434375 0.509375 0.434375 0.509375 0.5359375 0.553125 0.5359375
1 0.259375 0.10000000000000005 0.19375 0.10000000000000005 0.19375000000000003 0.2046875 0.259375 0.2046875
1 0.6671875 0.028125000000000077 0.5953125 0.028125000000000077 0.5953125 0.12656250000000008 0.6671875 0.12656250000000008
1 0.7500000000000002 0.875 0.6968750000000001 0.875 0.6968750000000001 0.95 0.7500000000000002 0.95
1 0.8109375 0.4468750000000002 0.7453125 0.4468750000000002 0.7453125 0.5203125000000002 0.8109375 0.5203125000000002
1 0.41875 0.475 0.3453125000000001 0.475 0.3453125000000001 0.590625 0.41875 0.590625
1 0.5 0.001562500000000057 0.4328125 0.0015625000000000528 0.4328125 0.11875000000000005 0.5 0.11875000000000005
1 0.3640625 0.02500000000000004 0.2875 0.025000000000000033 0.2875 0.14843750000000006 0.3640625 0.14843750000000006
1 0.496875 0.08906250000000006 0.440625 0.08906250000000004 0.440625 0.20312500000000008 0.496875 0.20312500000000008
1 0.596875 0.045312500000000075 0.5421875 0.04531250000000007 0.5421875 0.14843750000000006 0.596875 0.14843750000000008
1 0.2375 0.0031250000000000258 0.178125 0.0031250000000000223 0.178125 0.10000000000000002 0.2375 0.10000000000000005
1 0.6484375 0.3921875000000001 0.59375 0.3921875000000001 0.59375 0.4984375 0.6484375 0.4984375
1 0.4859375 0.3281250000000001 0.4234375 0.3281250000000001 0.4234375 0.4328125 0.4859375 0.4328125
1 0.696875 0.11718750000000008 0.6390625 0.11718750000000008 0.6390625 0.2000000000000001 0.696875 0.2000000000000001
1 0.3296875 0.3265625 0.278125 0.3265625 0.27812500000000007 0.4359375 0.3296875000000001 0.4359375
1 0.678125 0.18906250000000008 0.6359375 0.18906250000000008 0.6359375 0.2453125000000001 0.678125 0.2453125000000001
1 0.2796875000000001 0.5390625 0.18437500000000004 0.5390625 0.18437500000000007 0.6609375 0.2796875000000001 0.6609375
1 0.6093750000000001 0.63125 0.528125 0.63125 0.5281250000000001 0.74375 0.6093750000000002 0.74375
1 0.515625 0.3828125000000001 0.4609375 0.3828125000000001 0.4609375 0.5078125 0.515625 0.5078125
1 0.3625 0.14218750000000005 0.3046875 0.14218750000000005 0.3046875 0.24375 0.3625 0.24375
1 0.55 0.09375000000000007 0.496875 0.09375000000000007 0.496875 0.2375000000000001 0.55 0.2375000000000001
1 0.5734375 0.3109375000000001 0.5078125 0.3109375000000001 0.5078125 0.4078125 0.5734375 0.4078125
1 0.25781250000000006 0.3 0.15937500000000004 0.3 0.15937500000000004 0.4265625 0.2578125000000001 0.4265625
1 0.7578125 0.3296875000000001 0.69375 0.3296875000000001 0.69375 0.4078125000000001 0.7578125 0.4078125000000002
1 0.4640625 0.41875 0.38750000000000007 0.41875 0.38750000000000007 0.5328125 0.4640625 0.5328125
1 0.6031250000000001 0.821875 0.5687500000000002 0.821875 0.5687500000000002 0.903125 0.6031250000000001 0.903125
1 0.5671875000000002 0.8171875 0.5015625000000001 0.8171875 0.5015625000000001 0.93125 0.5671875000000002 0.93125
1 0.39687500000000003 0.28593750000000007 0.315625 0.2859375 0.31562500000000004 0.421875 0.3968750000000001 0.421875
1 0.759375 0.4078125000000001 0.7125 0.4078125 0.7125 0.4937500000000001 0.759375 0.4937500000000002
1 0.2515625000000001 0.696875 0.2000000000000001 0.696875 0.2000000000000001 0.8015625 0.2515625000000001 0.8015625
1 0.5031250000000002 0.765625 0.4500000000000002 0.765625 0.4500000000000002 0.8765625 0.5031250000000002 0.8765625
1 0.71875 0.38750000000000007 0.6671875 0.38750000000000007 0.6671875 0.4796875 0.71875 0.4796875
1 0.4359375000000001 0.71875 0.3671875000000001 0.71875 0.3671875000000001 0.8171875 0.4359375000000002 0.8171875
1 0.725 0.07656250000000009 0.6703125 0.07656250000000009 0.6703125 0.1531250000000001 0.725 0.1531250000000001
1 0.834375 0.6343750000000001 0.7828125 0.6343750000000001 0.7828125 0.7046875000000001 0.834375 0.7046875000000001
1 0.5281250000000001 0.7 0.4671875 0.7 0.4671875000000001 0.796875 0.5281250000000002 0.796875
1 0.3843750000000001 0.63125 0.2750000000000001 0.63125 0.2750000000000001 0.759375 0.3843750000000001 0.759375
1 0.23437500000000008 0.434375 0.18437500000000004 0.434375 0.18437500000000004 0.534375 0.23437500000000008 0.534375
1 0.4828125000000001 0.6296875 0.3828125000000001 0.6296875 0.3828125000000001 0.7328125 0.4828125000000002 0.7328125
1 0.2218750000000001 0.625 0.15781250000000008 0.625 0.15781250000000008 0.7203125 0.2218750000000001 0.7203125
1 0.8203125 0.4156250000000002 0.7828125 0.4156250000000002 0.7828125 0.4671875000000002 0.8203125 0.4671875000000002
1 0.6390625 0.11875000000000009 0.5609375 0.11875000000000009 0.5609375 0.2218750000000001 0.6390625 0.2218750000000001
1 0.8296875 0.0828125000000001 0.76875 0.0828125000000001 0.76875 0.1593750000000001 0.8296875 0.1593750000000001
1 0.20312500000000008 0.703125 0.1312500000000001 0.703125 0.1312500000000001 0.8140625 0.20312500000000008 0.8140625
1 0.4375 0.02187500000000005 0.371875 0.021875000000000044 0.371875 0.18437500000000004 0.4375 0.18437500000000004
1 0.75625 0.6328125000000001 0.696875 0.6328125 0.696875 0.7187500000000001 0.75625 0.7187500000000002
1 0.7140625000000002 0.8171875 0.6671875000000002 0.8171875 0.6671875000000002 0.896875 0.7140625000000002 0.896875
1 0.5703125000000002 0.75 0.5281250000000002 0.75 0.5281250000000002 0.84375 0.5703125000000002 0.84375
1 0.284375 3.119022316578415e-17 0.225 2.7554552980815448e-17 0.225 0.08906250000000003 0.284375 0.08906250000000004
1 0.56875 6.525071226706992e-17 0.496875 6.084963783263412e-17 0.496875 0.10468750000000007 0.56875 0.10468750000000009
1 0.325 0.2125 0.2328125 0.2125 0.2328125 0.3234375 0.325 0.3234375
1 0.675 0.3234375000000001 0.6109375 0.3234375000000001 0.6109375 0.415625 0.675 0.415625
1 0.3421875000000001 0.434375 0.2171875000000001 0.434375 0.2171875000000001 0.5484375 0.3421875000000001 0.5484375
1 0.7609375 0.7109375000000001 0.7140625 0.7109375 0.7140625 0.7765625 0.7609375000000002 0.7765625000000002
1 0.17812500000000003 0.31875 0.10781250000000005 0.31875 0.10781250000000005 0.3984375 0.17812500000000003 0.3984375
1 0.53125 0.6265625 0.490625 0.6265625 0.490625 0.721875 0.53125 0.721875
1 0.2984375000000001 0.721875 0.2375000000000001 0.721875 0.2375000000000001 0.86875 0.2984375000000001 0.86875
1 0.6468750000000002 0.7765625 0.5906250000000002 0.7765625 0.5906250000000002 0.89375 0.6468750000000002 0.89375
1 0.37187500000000007 0.75 0.2843750000000001 0.75 0.2843750000000001 0.85 0.37187500000000007 0.85
1 0.5984375 0.3906250000000001 0.5453125 0.3906250000000001 0.5453125 0.5046875 0.5984375 0.5046875
1 0.2843750000000001 0.634375 0.24218750000000008 0.634375 0.24218750000000008 0.721875 0.2843750000000001 0.721875
1 0.675 0.40625 0.6421875 0.40625 0.6421875 0.475 0.675 0.475
1 0.45625 0.16250000000000003 0.3765625 0.16250000000000003 0.3765625 0.2578125000000001 0.45625 0.2578125000000001
1 0.2828125000000001 0.371875 0.2296875000000001 0.371875 0.2296875000000001 0.465625 0.2828125000000001 0.465625
1 0.6546875000000001 0.7015625 0.603125 0.7015625 0.6031250000000001 0.809375 0.6546875000000002 0.809375
1 0.646875 0.634375 0.60625 0.634375 0.60625 0.709375 0.646875 0.709375
1 0.7515625000000001 0.7640625000000001 0.7093750000000002 0.7640625 0.7093750000000002 0.83125 0.7515625000000001 0.83125
1 0.19062500000000004 0.3984375 0.10468750000000004 0.3984375 0.10468750000000004 0.471875 0.19062500000000004 0.471875
1 0.4078125000000002 0.7890625 0.3625000000000001 0.7890625 0.3625000000000001 0.8828125 0.4078125000000002 0.8828125
1 0.6875 0.01562500000000008 0.653125 0.015625000000000076 0.653125 0.09531250000000009 0.6875 0.09531250000000009
1 0.690625 0.63125 0.6421875 0.63125 0.6421875 0.70625 0.690625 0.70625
1 0.784375 0.6359375000000002 0.7421875 0.6359375000000002 0.7421875 0.7078125000000002 0.784375 0.7078125000000002
1 0.7046875000000001 0.690625 0.6421875 0.690625 0.6421875000000001 0.778125 0.7046875000000001 0.778125
1 0.178125 0.0015625000000000174 0.1078125 0.001562500000000013 0.1078125 0.1015625 0.178125 0.1015625
1 0.21093750000000008 0.8015625 0.11875000000000009 0.8015625 0.1187500000000001 0.925 0.21093750000000008 0.925
1 0.7125000000000001 0.759375 0.6765625000000002 0.759375 0.6765625000000002 0.825 0.7125000000000001 0.825
1 0.3859375000000001 0.39062500000000006 0.32500000000000007 0.390625 0.32500000000000007 0.478125 0.3859375000000001 0.478125
1 0.4296875 0.0015625000000000476 0.3484375 0.0015625000000000424 0.3484375 0.09062500000000004 0.4296875 0.09062500000000004
1 0.3578125000000001 0.8265625 0.30156250000000007 0.8265625 0.30156250000000007 0.8953125 0.3578125000000001 0.8953125
1 0.6796875000000002 0.78125 0.6437500000000002 0.78125 0.6437500000000002 0.84375 0.6796875000000002 0.84375
1 0.6390625 0.012500000000000075 0.5953125 0.012500000000000072 0.5953125 0.06406250000000008 0.6390625 0.06406250000000009
1 0.1265625000000001 0.8328125 0.09062500000000011 0.8328125 0.09062500000000011 0.909375 0.12656250000000013 0.909375
1 0.7171875000000002 0.8265625 0.7015625000000002 0.8265625 0.7015625000000002 0.8640625 0.7171875000000002 0.8640625