1 0.3625000000000001 0.8046875 0.2828125000000001 0.8046875 0.2828125000000001 0.9046875 0.3625000000000001 0.9046875
1 0.7203125 0.5640625 0.6609375 0.5640625 0.6609375 0.6421875 0.7203125 0.6421875
1 0.5984375 0.3609375000000001 0.5390625 0.3609375000000001 0.5390625 0.4859375 0.5984375 0.4859375
1 0.6796875000000001 0.659375 0.628125 0.659375 0.628125 0.759375 0.6796875000000002 0.759375
1 0.7375 0.32500000000000007 0.6921875 0.32500000000000007 0.6921875 0.3984375000000001 0.7375 0.3984375000000001
1 0.6484375 0.3125000000000001 0.609375 0.3125000000000001 0.609375 0.37968750000000007 0.6484375 0.37968750000000007
1 0.2843750000000001 0.778125 0.2312500000000001 0.778125 0.2312500000000001 0.8484375 0.2843750000000001 0.8484375
1 0.475 0.6171875 0.4046875 0.6171875 0.4046875 0.715625 0.475 0.715625
1 0.409375 0.58125 0.3515625000000001 0.58125 0.3515625000000001 0.675 0.409375 0.675
1 0.6046875 0.63125 0.55625 0.63125 0.55625 0.6953125 0.6046875 0.6953125
1 0.2953125 0.15937500000000004 0.2328125 0.15937500000000004 0.2328125 0.2359375 0.2953125 0.2359375
1 0.4671875000000001 0.7109375 0.4125 0.7109375 0.4125000000000001 0.796875 0.4671875000000002 0.796875
1 0.5796875 0.3078125000000001 0.503125 0.3078125000000001 0.503125 0.3984375000000001 0.5796875 0.3984375000000001
1 0.6421875 0.3703125000000001 0.590625 0.3703125000000001 0.590625 0.4734375 0.6421875 0.4734375
1 0.5421875 0.3734375000000001 0.4875 0.3734375000000001 0.4875 0.490625 0.5421875 0.490625
1 0.3609375000000001 0.4390625 0.2968750000000001 0.4390625 0.2968750000000001 0.5421875 0.3609375000000001 0.5421875
1 0.2984375000000001 0.4375 0.2500000000000001 0.4375 0.2500000000000001 0.515625 0.2984375000000001 0.515625
1 0.6796875000000002 0.75625 0.6093750000000002 0.75625 0.6093750000000002 0.8578125 0.6796875000000002 0.8578125
1 0.3421875 0.048437500000000036 0.271875 0.048437500000000036 0.271875 0.15468750000000003 0.3421875 0.15468750000000003
1 0.4125000000000001 0.6734375 0.3156250000000001 0.6734375 0.3156250000000001 0.821875 0.4125000000000002 0.821875
1 0.3578125000000001 0.565625 0.3031250000000001 0.565625 0.3031250000000001 0.6375 0.3578125000000001 0.6375
1 0.2859375 0.24375 0.2328125 0.24375 0.2328125 0.3625 0.2859375 0.3625
1 0.5171875 0.02343750000000006 0.4734375 0.023437500000000056 0.4734375 0.12812500000000004 0.5171875 0.12812500000000004
1 0.6515625 0.24375000000000008 0.6171875 0.24375000000000008 0.6171875 0.3140625000000001 0.6515625 0.3140625000000001
1 0.4390625 0.55625 0.3921875000000001 0.55625 0.3921875000000001 0.6234375 0.4390625 0.6234375
1 0.7453125 0.6375000000000001 0.671875 0.6375 0.6718750000000001 0.7515625000000001 0.7453125000000002 0.7515625000000001
1 0.2453125000000001 0.7328125 0.16406250000000008 0.7328125 0.16406250000000008 0.821875 0.2453125000000001 0.821875
1 0.31875000000000003 0.359375 0.2453125 0.359375 0.24531250000000004 0.44375 0.3187500000000001 0.44375
1 0.771875 0.5437500000000001 0.7078125 0.54375 0.7078125 0.6156250000000001 0.771875 0.6156250000000002
1 0.621875 0.2296875000000001 0.56875 0.2296875000000001 0.56875 0.3625000000000001 0.621875 0.3625000000000001
1 0.6921875 0.3343750000000001 0.6640625 0.3343750000000001 0.6640625 0.3968750000000001 0.6921875 0.3968750000000001
1 0.5109375 0.3843750000000001 0.4234375 0.3843750000000001 0.4234375 0.528125 0.5109375 0.528125
1 0.5671875 0.5453125 0.509375 0.5453125 0.509375 0.6625 0.5671875 0.6625
1 0.834375 0.10781250000000009 0.790625 0.10781250000000009 0.790625 0.17187500000000008 0.834375 0.17187500000000008
1 0.5703125 0.21250000000000008 0.49375 0.21250000000000008 0.49375 0.3218750000000001 0.5703125 0.3218750000000001
1 0.6625 0.596875 0.6265625 0.596875 0.6265625 0.6640625 0.6625 0.6640625
1 0.25781250000000006 0.325 0.15156250000000004 0.325 0.15156250000000004 0.4171875 0.2578125000000001 0.4171875
1 0.25468750000000007 0.8203125 0.1609375000000001 0.8203125 0.16093750000000012 0.9328125 0.25468750000000007 0.9328125
1 0.5125000000000001 0.696875 0.4609375 0.696875 0.4609375000000001 0.8546875 0.5125000000000002 0.8546875
1 0.5515625 0.023437500000000062 0.5171875 0.023437500000000062 0.5171875 0.10781250000000006 0.5515625 0.10781250000000009
1 0.4703125000000002 0.8 0.4234375000000002 0.8 0.4234375000000002 0.9203125 0.4703125000000002 0.9203125
1 0.31718750000000007 0.728125 0.2750000000000001 0.728125 0.2750000000000001 0.8171875 0.31718750000000007 0.8171875
1 0.3625000000000001 0.6328125 0.3140625000000001 0.6328125 0.3140625000000001 0.7109375 0.3625000000000001 0.7109375
1 0.2015625000000001 0.571875 0.12500000000000008 0.571875 0.12500000000000008 0.6859375 0.2015625000000001 0.6859375
1 0.725 0.007812500000000087 0.6890625 0.007812500000000083 0.6890625 0.11093750000000009 0.725 0.11093750000000009
1 0.6359375 0.69375 0.571875 0.69375 0.5718750000000001 0.8 0.6359375000000002 0.8
1 0.3078125 0.001562500000000033 0.23125 0.0015625000000000285 0.23125 0.08437500000000003 0.3078125 0.08437500000000005
1 0.5796875000000001 0.6890625 0.5125 0.6890625 0.5125000000000001 0.834375 0.5796875000000001 0.834375
1 0.453125 0.471875 0.403125 0.471875 0.403125 0.553125 0.453125 0.553125
1 0.4281250000000002 0.809375 0.3609375000000001 0.809375 0.3609375000000001 0.93125 0.4281250000000002 0.93125
1 0.4859375 0.24375000000000008 0.4390625 0.24375000000000008 0.4390625 0.3109375000000001 0.4859375 0.3109375000000001
1 0.5125 0.53125 0.446875 0.53125 0.446875 0.665625 0.5125 0.665625
1 0.7671875 9.117878121776779e-17 0.721875 8.840419081344957e-17 0.721875 0.0828125000000001 0.7671875 0.0828125000000001
1 0.825 0.5859375000000002 0.7796875 0.5859375000000002 0.7796875 0.6343750000000001 0.825 0.6343750000000001
1 0.33593750000000006 0.2765625 0.2609375 0.2765625 0.26093750000000004 0.3671875 0.3359375000000001 0.3671875
1 0.6296875 0.55625 0.5875 0.55625 0.5875 0.6625 0.6296875 0.6625
1 0.38125 0.13906250000000003 0.3 0.13906250000000003 0.3 0.24375000000000005 0.38125 0.24375000000000008
1 0.578125 0.01875000000000007 0.5484375 0.018750000000000065 0.5484375 0.09062500000000007 0.578125 0.09062500000000007
1 0.48125 0.04375000000000005 0.4046875 0.043750000000000046 0.4046875 0.15156250000000004 0.48125 0.15156250000000004
1 0.3187500000000001 0.58125 0.2468750000000001 0.58125 0.2468750000000001 0.7328125 0.3187500000000001 0.7328125
1 0.26250000000000007 0.603125 0.20312500000000008 0.603125 0.20312500000000008 0.703125 0.26250000000000007 0.703125
1 0.2390625 0.0015625000000000263 0.190625 0.0015625000000000235 0.190625 0.09062500000000002 0.2390625 0.09062500000000002
1 0.240625 0.2359375 0.14375000000000004 0.2359375 0.14375000000000004 0.33125 0.240625 0.33125
1 0.5640625 0.08906250000000007 0.5359375 0.08906250000000007 0.5359375 0.15312500000000007 0.5640625 0.1531250000000001
1 0.4328125 0.3656250000000001 0.3781250000000001 0.3656250000000001 0.3781250000000001 0.5046875 0.4328125 0.5046875
1 0.3296875 0.2453125 0.2875 0.2453125 0.2875 0.290625 0.3296875 0.290625
1 0.7609375000000002 0.9109375 0.6953125000000002 0.9109375 0.6953125000000002 1 0.7609375000000002 1
1 0.3921875 0.30468750000000006 0.3140625 0.3046875 0.3140625 0.459375 0.3921875000000001 0.459375
1 0.41875 0.24218750000000008 0.371875 0.24218750000000008 0.371875 0.3125000000000001 0.41875 0.3125000000000001
1 0.2531250000000001 0.690625 0.1984375000000001 0.690625 0.1984375000000001 0.74375 0.2531250000000001 0.74375
1 0.42187500000000017 0.93125 0.3703125000000001 0.93125 0.3703125000000001 1 0.42187500000000017 1
1 0.490625 0.34062500000000007 0.4375 0.34062500000000007 0.4375 0.4109375 0.490625 0.4109375
1 0.8328125 0.884375 0.7734375000000002 0.884375 0.7734375000000002 0.99375 0.8328125 0.99375
1 0.7515625 0.27031250000000007 0.725 0.27031250000000007 0.725 0.3234375000000001 0.7515625 0.3234375000000001
1 0.409375 0.0015625000000000443 0.315625 0.001562500000000039 0.315625 0.10781250000000005 0.409375 0.10781250000000005
1 0.696875 0.421875 0.6609375 0.421875 0.6609375 0.46875 0.696875 0.46875
1 0.4375 0.3187500000000001 0.39375 0.3187500000000001 0.39375000000000004 0.3765625000000001 0.4375 0.3765625000000001
1 0.6843750000000002 0.915625 0.6296875000000002 0.915625 0.6296875000000002 1 0.6843750000000002 1
1 0.6296875 0.659375 0.6015625 0.659375 0.6015625 0.7109375 0.6296875 0.7109375
1 0.5625000000000002 0.79375 0.5000000000000002 0.79375 0.5000000000000002 0.9109375 0.5625000000000002 0.9109375
1 0.7546875 0.3515625000000001 0.7296875 0.3515625000000001 0.7296875 0.3984375000000001 0.7546875 0.3984375000000001
1 0.6609375 0.003125000000000077 0.6046875 0.0031250000000000735 0.6046875 0.09531250000000008 0.6609375 0.09531250000000009
1 0.6890625 8.22809568177128e-17 0.6546875 8.017609513167828e-17 0.6546875 0.06250000000000008 0.6890625 0.06250000000000008
1 0.17343750000000005 0.31875 0.13593750000000004 0.31875 0.13593750000000004 0.3875 0.17343750000000005 0.3875
1 0.4671875000000002 0.928125 0.41718750000000016 0.928125 0.41718750000000016 1 0.4671875000000002 1
1 0.5765625000000002 0.9265625 0.5328125000000001 0.9265625 0.5328125000000001 1 0.5765625000000002 1
1 0.2640625000000001 0.934375 0.18906250000000013 0.934375 0.18906250000000013 1 0.2640625000000001 1
1 0.5390625000000002 0.91875 0.46406250000000016 0.91875 0.46406250000000016 1 0.5390625000000002 1
1 0.18906250000000008 0.7390625 0.1609375000000001 0.7390625 0.1609375000000001 0.7921875 0.18906250000000008 0.7921875
1 0.3515625000000001 0.93125 0.2656250000000001 0.93125 0.2656250000000001 1 0.3515625000000001 1
1 0.19062500000000013 0.9359375 0.10781250000000013 0.9359375 0.10781250000000013 1 0.19062500000000013 1
1 0.8671875 0.9296875 0.8171875 0.9296875 0.8171875 0.9984375 0.8671875 0.9984375
1 0.6921875 0.05781250000000008 0.6109375 0.057812500000000065 0.6109375 0.1687500000000001 0.6921875 0.1687500000000001
1 0.2609375000000001 0.571875 0.21093750000000008 0.571875 0.21093750000000008 0.6296875 0.2609375000000001 0.6296875
1 0.4765625 0.0015625000000000558 0.4375 0.0015625000000000534 0.4375 0.05937500000000005 0.4765625 0.05937500000000007
1 0.621875 0.0015625000000000736 0.578125 0.0015625000000000708 0.578125 0.07500000000000007 0.621875 0.07500000000000007
1 0.6765625 0.3531250000000001 0.628125 0.3531250000000001 0.628125 0.4328125 0.6765625 0.4328125
1 0.6296875000000002 0.91875 0.5812500000000002 0.91875 0.5812500000000002 1 0.6296875000000002 1
1 0.4390625 5.109073365192865e-17 0.3953125 4.8411818778793805e-17 0.3953125 0.05312500000000005 0.4390625 0.05312500000000005
1 0.8625 0.2984375000000001 0.8296875 0.2984375000000001 0.8296875 0.36406250000000007 0.8625 0.36406250000000007
1 0.6140625 0.057812500000000065 0.565625 0.057812500000000065 0.565625 0.1453125000000001 0.6140625 0.1453125000000001
1 0.8484375 0.3390625000000001 0.81875 0.3390625000000001 0.81875 0.3828125000000001 0.8484375 0.3828125000000001
1 0.5640625 6.572908992298685e-17 0.509375 6.23804463315683e-17 0.509375 0.03125000000000007 0.5640625 0.03125000000000007
1 0.590625 7.079989307570636e-17 0.565625 6.926908457677216e-17 0.565625 0.028125000000000074 0.590625 0.028125000000000077
1 0.5953125 0.02968750000000007 0.578125 0.029687500000000068 0.578125 0.08125000000000007 0.5953125 0.08125000000000007
1 0.2515625000000001 0.41875 0.16250000000000003 0.41875 0.16250000000000006 0.6109375 0.2515625000000001 0.6109375
1 0.2140625000000001 0.415625 0.14687500000000003 0.415625 0.14687500000000006 0.5484375 0.2140625000000001 0.5484375