1 0.9203125 0.5718750000000001 0.790625 0.5718750000000001 0.790625 0.6671875000000002 0.9203125 0.6671875000000002
1 0.5703125 0.540625 0.434375 0.540625 0.434375 0.628125 0.5703125 0.628125
1 0.3390625000000001 0.5109375 0.21250000000000008 0.5109375 0.21250000000000008 0.5734375 0.3390625000000001 0.5734375
1 0.3359375000000001 0.565625 0.2250000000000001 0.565625 0.2250000000000001 0.628125 0.3359375000000001 0.628125
1 0.2093750000000001 0.678125 0.0750000000000001 0.678125 0.0750000000000001 0.775 0.2093750000000001 0.775
1 0.22656250000000008 0.4234375 0.11406250000000004 0.4234375 0.11406250000000004 0.4859375 0.22656250000000008 0.4859375
1 0.6921875 0.6109375 0.55 0.6109375 0.55 0.70625 0.6921875 0.70625
1 0.6359375 0.21250000000000008 0.534375 0.21250000000000008 0.534375 0.2750000000000001 0.6359375 0.2750000000000001
1 0.684375 0.3375000000000001 0.6140625 0.3375000000000001 0.6140625 0.3734375000000001 0.684375 0.3734375000000001
1 0.30156250000000007 0.6328125 0.1828125000000001 0.6328125 0.1828125000000001 0.7109375 0.30156250000000007 0.7109375
1 0.621875 0.571875 0.5140625 0.571875 0.5140625 0.6546875 0.621875 0.6546875
1 0.2328125000000001 0.553125 0.09218750000000006 0.553125 0.09218750000000007 0.6421875 0.2328125000000001 0.6421875
1 0.2234375000000001 0.371875 0.12500000000000006 0.371875 0.12500000000000006 0.4296875 0.2234375000000001 0.4296875
1 0.6953125 0.5390625 0.6046875 0.5390625 0.6046875 0.5890625 0.6953125 0.5890625
1 1 0.4937500000000002 0.875 0.4937500000000002 0.875 0.5468750000000002 1 0.5468750000000002
1 0.3390625000000001 0.4109375 0.19062500000000004 0.4109375 0.19062500000000004 0.4734375 0.3390625000000001 0.4734375
1 0.9390625 0.5296875000000002 0.834375 0.5296875000000002 0.834375 0.6031250000000001 0.9390625 0.6031250000000001
1 0.3421875000000001 0.459375 0.2062500000000001 0.459375 0.2062500000000001 0.521875 0.3421875000000001 0.521875
1 0.9765625 0.6796875000000002 0.8625 0.6796875000000002 0.8625 0.7625000000000002 0.9765625 0.7625000000000002
1 0.6656250000000001 0.8109375 0.5156250000000002 0.8109375 0.5156250000000002 0.8875 0.6656250000000001 0.8875
1 0.6921875 0.3828125000000001 0.55 0.3828125000000001 0.55 0.44375 0.6921875 0.44375
1 1 0.44531250000000017 0.8625 0.44531250000000017 0.8625 0.5062500000000002 1 0.5062500000000002
1 0.3515625 0.13125000000000003 0.271875 0.13125000000000003 0.271875 0.203125 0.3515625 0.203125
1 0.33281250000000007 0.68125 0.2156250000000001 0.68125 0.2156250000000001 0.7609375 0.33281250000000007 0.7609375
1 0.5890625 0.2593750000000001 0.50625 0.2593750000000001 0.50625 0.3140625000000001 0.5890625 0.3140625000000001
1 0.6203125 0.3031250000000001 0.534375 0.3031250000000001 0.534375 0.37968750000000007 0.6203125 0.37968750000000007
1 0.5609375 0.48125 0.4078125 0.48125 0.4078125 0.5609375 0.5609375 0.5609375
1 0.5015625 0.19687500000000005 0.4375 0.19687500000000005 0.4375 0.24375000000000008 0.5015625 0.24375000000000008
1 0.7859375 0.2234375000000001 0.721875 0.2234375000000001 0.721875 0.2734375000000001 0.7859375 0.2734375000000001
1 0.6 0.17812500000000006 0.5 0.17812500000000003 0.5 0.2375000000000001 0.6 0.2375000000000001
1 0.44843750000000016 0.7734375 0.3421875000000001 0.7734375 0.3421875000000001 0.8390625 0.44843750000000016 0.8390625
1 0.69375 0.27031250000000007 0.59375 0.27031250000000007 0.59375 0.3421875000000001 0.69375 0.3421875000000001
1 0.34218750000000003 0.3203125 0.18750000000000006 0.3203125 0.18750000000000006 0.39375 0.3421875000000001 0.39375
1 0.4921875 0.621875 0.3390625000000001 0.621875 0.3390625000000001 0.71875 0.4921875 0.71875
1 0.3046875000000001 0.8421875 0.15625000000000008 0.8421875 0.1562500000000001 0.91875 0.3046875000000001 0.91875
1 0.5312500000000002 0.734375 0.4203125000000002 0.734375 0.4203125000000002 0.7890625 0.5312500000000002 0.7890625
1 0.22031250000000008 0.7453125 0.09687500000000009 0.7453125 0.0968750000000001 0.8609375 0.22031250000000008 0.8609375
1 0.6359375000000002 0.75625 0.48437500000000017 0.75625 0.48437500000000017 0.828125 0.6359375000000002 0.828125
1 0.6953125 0.434375 0.6171875 0.434375 0.6171875 0.4890625 0.6953125 0.4890625
1 0.2218750000000001 0.471875 0.08750000000000006 0.471875 0.08750000000000006 0.5609375 0.2218750000000001 0.5609375
1 0.509375 0.23593750000000008 0.4140625 0.23593750000000008 0.4140625 0.3109375000000001 0.509375 0.3109375000000001
1 0.7015625 0.2250000000000001 0.61875 0.2250000000000001 0.61875 0.2796875000000001 0.7015625 0.2796875000000001
1 0.6890625000000001 0.771875 0.6281250000000002 0.771875 0.6281250000000002 0.828125 0.6890625000000001 0.828125
1 0.296875 0.18125000000000005 0.1953125 0.18125000000000005 0.19531250000000003 0.265625 0.296875 0.265625
1 0.6625 0.10000000000000009 0.5890625 0.10000000000000009 0.5890625 0.14218750000000008 0.6625 0.14218750000000008
1 0.8828125 0.6750000000000002 0.775 0.6750000000000002 0.7750000000000001 0.7562500000000002 0.8828125 0.7562500000000002
1 0.925 0.7484375000000002 0.8046875 0.7484375000000002 0.8046875 0.809375 0.925 0.809375
1 0.5546875000000001 0.65625 0.4203125 0.65625 0.4203125000000001 0.7671875 0.5546875000000002 0.7671875
1 1 0.6312500000000002 0.928125 0.6312500000000002 0.928125 0.6937500000000002 1 0.6937500000000002
1 0.7109375 0.4921875 0.5828125 0.4921875 0.5828125 0.5453125 0.7109375 0.5453125
1 0.5859375 0.10156250000000007 0.5125 0.10156250000000004 0.5125 0.15000000000000008 0.5859375 0.15000000000000008
1 0.2140625000000001 0.6078125 0.037500000000000075 0.6078125 0.03750000000000008 0.6921875 0.2140625000000001 0.6921875
1 0.9640625 0.5937500000000002 0.9 0.5937500000000002 0.9 0.6437500000000002 0.9640625 0.6437500000000002
1 0.640625 0.428125 0.528125 0.428125 0.528125 0.525 0.640625 0.525
1 0.9703125 0.3968750000000001 0.8484375 0.3968750000000001 0.8484375 0.45312500000000017 0.9703125 0.45312500000000017
1 0.3343750000000001 0.7515625 0.2171875000000001 0.7515625 0.2171875000000001 0.8765625 0.3343750000000001 0.8765625
1 1 0.2078125000000001 0.9265625 0.2078125000000001 0.9265625 0.2500000000000001 1 0.2500000000000001
1 0.3421875 0.2515625 0.18750000000000006 0.2515625 0.18750000000000006 0.33125 0.3421875 0.33125
1 0.50625 0.38750000000000007 0.4109375 0.38750000000000007 0.4109375 0.45625 0.50625 0.45625
1 0.81875 0.2500000000000001 0.7484375 0.2500000000000001 0.7484375 0.3046875000000001 0.81875 0.3046875000000001
1 0.559375 0.421875 0.4890625 0.421875 0.4890625 0.4734375 0.559375 0.4734375
1 0.58125 0.3687500000000001 0.5046875 0.3687500000000001 0.5046875 0.4140625 0.58125 0.4140625
1 1 0.31718750000000007 0.9046875 0.31718750000000007 0.9046875 0.3609375000000001 1 0.3609375000000001
1 0.921875 0.1484375000000001 0.8703125 0.14843750000000008 0.8703125 0.18593750000000012 0.921875 0.18593750000000014
1 1 0.25468750000000007 0.915625 0.25468750000000007 0.915625 0.3062500000000001 1 0.3062500000000001
1 1 0.7562500000000002 0.9671875 0.7562500000000002 0.9671875 0.8265625 1 0.8265625
1 0.9328125 0.2375000000000001 0.8578125 0.2375000000000001 0.8578125 0.2890625000000001 0.9328125 0.2890625000000001
1 0.8234375 0.3234375000000001 0.75 0.3234375000000001 0.75 0.3890625000000001 0.8234375 0.3890625000000001
1 0.7859375000000002 0.7437500000000001 0.6968750000000001 0.74375 0.6968750000000001 0.8046875 0.7859375000000002 0.8046875
1 0.9921875 0.34843750000000007 0.859375 0.34843750000000007 0.859375 0.40937500000000016 0.9921875 0.40937500000000016
1 1 0.5328125000000001 0.928125 0.5328125000000001 0.928125 0.5968750000000002 1 0.5968750000000002
1 0.7343750000000001 0.6734375000000001 0.5890625 0.6734375 0.5890625 0.7812500000000001 0.7343750000000002 0.7812500000000002
1 0.89375 0.2921875000000001 0.81875 0.2921875000000001 0.81875 0.3453125000000001 0.89375 0.3453125000000001
1 0.6625 0.5265625 0.5578125 0.5265625 0.5578125 0.5734375 0.6625 0.5734375
1 0.9921875 0.11406250000000014 0.94375 0.11406250000000014 0.94375 0.13906250000000014 0.9921875 0.13906250000000014