1 0.28593750000000007 0.6125 0.19531250000000008 0.6125 0.19531250000000008 0.709375 0.28593750000000007 0.709375
1 0.23125 0.16562500000000002 0.1515625 0.165625 0.15156250000000002 0.2640625 0.23125 0.2640625
1 0.315625 0.14531250000000004 0.221875 0.14531250000000004 0.221875 0.2375 0.315625 0.2375
1 0.2828125 0.234375 0.19843750000000004 0.234375 0.19843750000000004 0.321875 0.2828125 0.321875
1 0.3062500000000001 0.40625 0.2312500000000001 0.40625 0.2312500000000001 0.5453125 0.3062500000000001 0.5453125
1 0.3687500000000001 0.4546875 0.2921875000000001 0.4546875 0.2921875000000001 0.5890625 0.3687500000000001 0.5890625
1 0.1406250000000001 0.85625 0.07812500000000011 0.85625 0.07812500000000011 0.996875 0.14062500000000014 0.996875
1 0.3671875 0.08281250000000004 0.29375 0.08281250000000004 0.29375 0.18125000000000005 0.3671875 0.18125000000000005
1 0.19843750000000004 0.4125 0.14687500000000003 0.4125 0.14687500000000003 0.5 0.19843750000000004 0.5
1 0.2171875000000001 0.8390625 0.1296875000000001 0.8390625 0.12968750000000012 0.946875 0.2171875000000001 0.946875
1 0.5109375 0.24218750000000008 0.459375 0.24218750000000008 0.459375 0.3671875000000001 0.5109375 0.3671875000000001
1 0.215625 0.018750000000000024 0.1390625 0.018750000000000017 0.1390625 0.16406250000000003 0.215625 0.16406250000000006
1 0.521875 0.05000000000000006 0.440625 0.050000000000000044 0.440625 0.2015625000000001 0.521875 0.2015625000000001
1 0.5625 0.2234375000000001 0.503125 0.2234375000000001 0.503125 0.3468750000000001 0.5625 0.3468750000000001
1 0.2312500000000001 0.7609375 0.1671875000000001 0.7609375 0.1671875000000001 0.8625 0.2312500000000001 0.8625
1 0.409375 0.23593750000000005 0.353125 0.2359375 0.353125 0.31093750000000003 0.409375 0.3109375000000001
1 0.3218750000000001 0.7609375 0.25468750000000007 0.7609375 0.25468750000000007 0.8421875 0.3218750000000001 0.8421875
1 0.4390625 0.4578125 0.3625000000000001 0.4578125 0.3625000000000001 0.5625 0.4390625 0.5625
1 0.4656250000000002 0.7609375 0.3890625000000001 0.7609375 0.3890625000000001 0.875 0.4656250000000002 0.875
1 0.2671875000000001 0.871875 0.2000000000000001 0.871875 0.2000000000000001 1 0.2671875000000001 1
1 0.3296875000000001 0.85 0.2640625000000001 0.85 0.2640625000000001 0.9984375 0.3296875000000001 0.9984375
1 0.29375 0.04843750000000003 0.2125 0.04843750000000002 0.2125 0.16250000000000003 0.29375 0.16250000000000003
1 0.421875 0.3921875 0.34062500000000007 0.3921875 0.34062500000000007 0.496875 0.421875 0.496875
1 0.8109375 0.40625000000000017 0.7390625 0.40625000000000017 0.7390625 0.4812500000000002 0.8109375 0.4812500000000002
1 0.55625 0.5359375 0.4734375 0.5359375 0.4734375 0.6578125 0.55625 0.6578125
1 0.7265625000000002 0.8484375 0.6093750000000002 0.8484375 0.6093750000000002 0.9734375 0.7265625000000002 0.9734375
1 0.4234375000000002 0.8640625 0.35625000000000007 0.8640625 0.35625000000000007 1 0.4234375000000002 1
1 0.634375 0.06718750000000007 0.5640625 0.06718750000000007 0.5640625 0.1687500000000001 0.634375 0.1687500000000001
1 0.3937500000000001 0.759375 0.3265625000000001 0.759375 0.3265625000000001 0.875 0.3937500000000001 0.875
1 0.4890625 0.5203125 0.40625 0.5203125 0.40625 0.63125 0.4890625 0.63125
1 0.8234375 0.1515625000000001 0.76875 0.1515625000000001 0.76875 0.2531250000000001 0.8234375 0.2531250000000001
1 0.2531250000000001 0.4140625 0.19218750000000004 0.4140625 0.19218750000000004 0.5 0.2531250000000001 0.5
1 0.6359375 0.4859375 0.5625 0.4859375 0.5625 0.5734375 0.6359375 0.5734375
1 0.746875 0.2312500000000001 0.671875 0.2312500000000001 0.671875 0.3703125000000001 0.746875 0.3703125000000001
1 0.3687500000000001 0.8078125 0.3062500000000001 0.8078125 0.3062500000000001 0.9484375 0.3687500000000001 0.9484375
1 0.4937500000000002 0.871875 0.4203125000000002 0.871875 0.4203125000000002 1 0.4937500000000002 1
1 0.8015625 0.7515625000000001 0.7265625000000002 0.7515625000000001 0.7265625000000002 0.8359375 0.8015625 0.8359375
1 0.7171875000000002 0.7609375 0.6359375000000002 0.7609375 0.6359375000000002 0.8578125 0.7171875000000002 0.8578125
1 0.7015625 0.5765625 0.640625 0.5765625 0.640625 0.690625 0.7015625 0.690625
1 0.490625 0.621875 0.4296875 0.621875 0.4296875 0.7109375 0.490625 0.7109375
1 0.5796875 0.6015625 0.5125 0.6015625 0.5125 0.69375 0.5796875 0.69375
1 0.4140625 0.07031250000000004 0.365625 0.07031250000000004 0.365625 0.17968750000000006 0.4140625 0.17968750000000006
1 0.821875 0.5546875000000002 0.7515625 0.5546875000000002 0.7515625 0.6468750000000002 0.821875 0.6468750000000002
1 0.471875 0.18281250000000004 0.425 0.18281250000000004 0.425 0.2750000000000001 0.471875 0.2750000000000001
1 0.7843750000000002 0.81875 0.7140625000000002 0.81875 0.7140625000000002 0.9265625 0.7843750000000002 0.9265625
1 0.8984375 0.91875 0.8265625 0.91875 0.8265625 1 0.8984375 1
1 0.834375 0.6656250000000001 0.7828125 0.6656250000000001 0.7828125000000001 0.7375000000000002 0.834375 0.7375000000000002
1 0.6328125000000002 0.7484375 0.5718750000000001 0.7484375 0.5718750000000001 0.8609375 0.6328125000000002 0.8609375
1 0.7515625 0.4750000000000001 0.65 0.475 0.65 0.5640625000000001 0.7515625 0.5640625000000001
1 0.7609375 0.0015625000000000905 0.7171875 0.0015625000000000881 0.7171875 0.07812500000000008 0.7609375 0.07812500000000008
1 0.6171875000000002 0.9046875 0.5578125000000002 0.9046875 0.5578125000000002 1 0.6171875000000002 1
1 0.6765625 0.4015625 0.61875 0.4015625 0.61875 0.5046875 0.6765625 0.5046875
1 0.7671875 0.6015625000000001 0.71875 0.6015625 0.71875 0.7093750000000001 0.7671875 0.7093750000000002
1 0.5593750000000002 0.8796875 0.5000000000000002 0.8796875 0.5000000000000002 0.99375 0.5593750000000002 0.99375
1 0.5312500000000002 0.7578125 0.4671875000000002 0.7578125 0.4671875000000002 0.9453125 0.5312500000000002 0.9453125
1 0.6140625 7.252205263700732e-17 0.5703125 6.984313776387249e-17 0.5703125 0.06875000000000006 0.6140625 0.06875000000000006
1 0.46875 0.3984375000000001 0.41875 0.3984375000000001 0.41875 0.5203125 0.46875 0.5203125
1 0.646875 0.2328125000000001 0.6 0.2328125000000001 0.6 0.3437500000000001 0.646875 0.3437500000000001
1 0.40625 0.5859375 0.3578125000000001 0.5859375 0.3578125000000001 0.6484375 0.40625 0.6484375
1 0.896875 0.6843750000000002 0.8484375 0.6843750000000002 0.8484375 0.7468750000000002 0.896875 0.7468750000000002
1 0.2000000000000001 0.9390625 0.13281250000000014 0.9390625 0.13281250000000014 1 0.2000000000000001 1
1 0.5843750000000002 0.7796875 0.5281250000000002 0.7796875 0.5281250000000002 0.921875 0.5843750000000002 0.921875
1 0.4078125 0.17656250000000004 0.3625 0.17656250000000004 0.3625 0.24218750000000006 0.4078125 0.24218750000000008
1 0.696875 0.0015625000000000825 0.653125 0.0015625000000000799 0.653125 0.08125000000000009 0.696875 0.08125000000000009
1 0.609375 0.6375 0.565625 0.6375 0.565625 0.7203125 0.609375 0.7203125
1 0.640625 0.5671875 0.590625 0.5671875 0.590625 0.6734375 0.640625 0.6734375
1 0.5640625 0.09218750000000006 0.5203125 0.09218750000000006 0.5203125 0.17343750000000008 0.5640625 0.17343750000000008
1 0.7359375 0.08593750000000008 0.6875 0.08593750000000008 0.6875 0.1703125000000001 0.7359375 0.1703125000000001
1 0.6578125 0.003125000000000077 0.60625 0.0031250000000000735 0.60625 0.06718750000000008 0.6578125 0.0671875000000001
1 0.546875 0.4125 0.49375 0.4125 0.49375 0.546875 0.546875 0.546875
1 0.6046875 0.2312500000000001 0.5609375 0.2312500000000001 0.5609375 0.34062500000000007 0.6046875 0.34062500000000007
1 0.725 0.15781250000000008 0.6796875 0.15781250000000008 0.6796875 0.23593750000000008 0.725 0.23593750000000008
1 0.6515625 0.1531250000000001 0.6046875 0.1531250000000001 0.6046875 0.2390625000000001 0.6515625 0.2390625000000001
1 0.6078125 0.1546875000000001 0.5671875 0.1546875000000001 0.5671875 0.2390625000000001 0.6078125 0.2390625000000001
1 0.79375 0.11250000000000009 0.753125 0.11250000000000009 0.753125 0.1937500000000001 0.79375 0.1937500000000001
1 0.8078125 0.3265625000000001 0.76875 0.3265625000000001 0.76875 0.3859375000000001 0.8078125 0.3859375000000001
1 0.446875 0.059375000000000046 0.4109375 0.059375000000000046 0.4109375 0.16250000000000003 0.446875 0.16250000000000003
1 0.5875 0.4296875 0.5390625 0.4296875 0.5390625 0.5453125 0.5875 0.5453125
1 0.5625 0.0015625000000000651 0.5015625 0.0015625000000000617 0.5015625 0.042187500000000065 0.5625 0.042187500000000065
1 0.784375 0.4734375000000002 0.7359375 0.4734375000000002 0.7359375 0.5421875000000002 0.784375 0.5421875000000002
1 0.7421875 0.5546875000000001 0.6890625 0.5546875 0.6890625 0.64375 0.7421875 0.6437500000000002
1 0.68125 0.2578125000000001 0.6453125 0.2578125000000001 0.6453125 0.3468750000000001 0.68125 0.3468750000000001
1 0.6234375 0.4109375 0.5796875 0.4109375 0.5796875 0.484375 0.6234375 0.484375
1 0.553125 0.16875000000000007 0.5125 0.16875000000000004 0.5125 0.2328125000000001 0.553125 0.2328125000000001
1 0.4953125 0.440625 0.4609375 0.440625 0.4609375 0.5234375 0.4953125 0.5234375
1 0.49375 0.001562500000000057 0.4375 0.0015625000000000534 0.4375 0.04218750000000006 0.49375 0.04218750000000006
1 0.6625 0.5046875 0.621875 0.5046875 0.621875 0.6046875 0.6625 0.6046875
1 0.409375 0.5296875 0.3671875000000001 0.5296875 0.3671875000000001 0.6 0.409375 0.6
1 0.6796875 0.12031250000000009 0.628125 0.12031250000000009 0.628125 0.1937500000000001 0.6796875 0.1937500000000001