1 0.5543216687207921 0.2575402081780633 0.5471036632616659 0.16205043280875667 0.4974215945063435 0.16580586570311312 0.5046395999654697 0.26129564107241976
1 0.6326901783719063 0.3536916917868636 0.6255112782860975 0.1826651655925936 0.5705338451218658 0.18497286316701508 0.5777127452076745 0.35599938936128506
1 0.6875 0.22426406250000008 0.6286453125 0.22426406250000008 0.6286453125 0.2931984375000001 0.6875 0.2931984375000001
1 0.7216493492883688 0.2628553732095741 0.706284639680372 0.17849799589180276 0.6665686298915756 0.18573180254388152 0.6819333394995724 0.2700891798616528
1 0.7990988164728998 0.20138934224632382 0.750477768519852 0.15853136712866264 0.6914603521925835 0.22548480161629975 0.7400814001456313 0.2683427767339609
1 0.7089829341847866 0.13737172684728854 0.6625292407536987 0.11243349389542281 0.6121074538937428 0.20635667736880575 0.6585611473248306 0.23129491032067148
1 0.6456898992971871 0.02521012414085263 0.5832704674241451 0.023564130582723376 0.5804634328280802 0.13001260595433026 0.6428828647011222 0.13165859951245953
1 0.6899899569733094 0.03245147835361506 0.6421970839902051 0.03090542951901466 0.6396436080240433 0.10984080968617704 0.6874364810071476 0.11138685852077743
1 0.7519300961691944 0.15471780983148986 0.7145767879324255 0.12179082863801534 0.6740084892090004 0.16781266580411822 0.7113617974457691 0.20073964699759275
1 0.7755203125000001 9.050905249948409e-17 0.6947921874999999 8.55658805053632e-17 0.6947921874999999 0.044117187500000085 0.7755203125000001 0.04411718750000009
1 0.5051201180570317 0.001058727327697928 0.4670218926642044 -0.0030539565192489624 0.4545525515815214 0.11245693241542212 0.4926507769743488 0.11656961626236902
1 0.4603174969059407 0.0012922184405941173 0.4115113397277228 -0.0035883972772276784 0.3994077506188119 0.11744749381188124 0.4482139077970298 0.12232810952970304
1 0.2174176481503074 0.2315886986970146 0.1954492990841632 0.0820928597006273 0.12454671832648292 0.09251196336419373 0.1465150673926271 0.24200780236058103
1 0.3065484336988263 0.18881158450684615 0.2885572199732282 0.08167380558298076 0.23538819552267148 0.09060226473230923 0.2533794092482696 0.19774004365617462
1 0.35797983570764963 0.1501753474290228 0.2833538358924452 0.14238657377139868 0.27245678148777086 0.24679371355180368 0.34708278130297526 0.25458248720942783
1 0.43317971585786896 0.2837860313721362 0.37970177709965885 0.15249409955450333 0.32959940852109426 0.17290183795390054 0.38307734727930437 0.3041937697715334
1 0.41028371456420365 0.3667288830605667 0.404327522530477 0.27635340537545255 0.3593686676411023 0.2793164168050638 0.365324859674829 0.369691894490178
1 0.37456556128873675 0.4206254341311001 0.3643463417290593 0.27936005254790314 0.3099104255874504 0.2832979782643722 0.3201296451471279 0.4245633598475692
1 0.32059919443425355 0.26646019986634706 0.28296666985733754 0.261860250945562 0.2726143691380831 0.3465531938355617 0.3102468937149992 0.3511531427563468
1 0.315526916217556 0.3942900328224982 0.23862178113698268 0.23434976260778928 0.16071877361988968 0.2718083795542422 0.23762390870046307 0.43174864976895116
1 0.3118896392871605 0.23250372838336913 0.23476596749526504 0.161905362678744 0.1926435033761189 0.2079211459814741 0.26976717516801435 0.2785195116860992
1 0.2349045670942842 0.055607780883190704 0.18448014072611904 -0.013397802722025176 0.15112490140363444 0.0109758598330441 0.20154932777179962 0.07998144343825998
1 0.346875 3.852537911502088e-17 0.2822921875 3.457082238461795e-17 0.2822921875 0.05606562500000004 0.346875 0.05606562500000004
1 0.4079069857388834 0.008601491582934096 0.3470737985359558 0.004047197929751195 0.3406980292145648 0.08921043030493964 0.4015312164174924 0.09376472395812255
1 0.4971317661185669 0.16045295424127612 0.4620142210470508 0.15950629006991562 0.459387529678757 0.2569462854829212 0.4945050747502731 0.25789294965428167
1 0.46421565873117243 0.12113407124083068 0.42100141886339737 0.11973620423651088 0.417698196161956 0.22185339973196191 0.46091243602973114 0.22325126673628173
1 0.4401915575542376 0.19442643418736044 0.40745453481359395 0.0922035129593642 0.35775202779577875 0.10812080511813686 0.3904890505364225 0.2103437263461331
1 0.5358917554596527 0.2676222899600993 0.4949047676069423 0.26695735631220696 0.4934252604474785 0.3581552407404536 0.5344122483001889 0.3588201743883459
1 0.5851877483910534 0.3625084964496116 0.5741412432712061 0.2499804307126265 0.5292896105840796 0.2543833659880794 0.540336115703927 0.3669114317250645
1 0.5099585450990587 0.38167365882325444 0.4875402004857725 0.2796424024220623 0.44976064546741973 0.28794333993485505 0.47217899008070596 0.38997459633604725
1 0.4732008506213212 0.390210157333724 0.45024050574281543 0.2862454038685721 0.40001687160744537 0.29733716258838205 0.42297721648595105 0.40130191605353394
1 0.17629813249448992 0.43917509739860644 0.13015152766014906 0.3257564921377738 0.06809439609431597 0.3510056646252629 0.11424100092865683 0.46442426988609553
1 0.21811768082379687 0.3942845569795762 0.17637148716790843 0.30219745718108104 0.12711761844915398 0.3245258999959174 0.16886381210504248 0.41661299979441263
1 0.2398814100122102 0.2251072285058699 0.20998484967681944 0.1907670489338611 0.15499875216460923 0.23863794542799116 0.18489531250000002 0.27297812499999996
1 0.2592630313935052 0.6336489437295233 0.251552530862919 0.5462778329013475 0.15365551635236563 0.5549172444319035 0.16136601688295182 0.6422883552600793
1 0.2617281125171703 0.6824266923977274 0.2084455771758237 0.6179243974701689 0.12472929193819726 0.6870787730133916 0.1780118272795439 0.7515810679409501
1 0.23060822617573162 0.7623689721388809 0.15876182303440994 0.7396453528959548 0.12646475081575753 0.8417606209832791 0.1983111539570792 0.8644842402262052
1 0.42846422431151565 0.8148857130694795 0.3387001091579121 0.7045691884142695 0.25524947615005356 0.77247263492304 0.34501359130365705 0.88278915957825
1 0.3123551216487731 0.8367620123070832 0.2920292535844717 0.7510124963743087 0.18663814895949 0.7759941614537682 0.20696401702379136 0.8617436773865428
1 0.3840351427465145 0.8810412709630739 0.2966960413351341 0.8267182269445958 0.25660361302844514 0.8911777344146726 0.3439427144398256 0.9455007784331506
1 0.4624631616746445 0.9928167629728492 0.43164331303605386 0.8187535074154448 0.35384107912766344 0.8325292641949107 0.3846609277662541 1.006592519752315
1 0.48385468750000016 0.743565625 0.4083328125000002 0.743565625 0.4083328125000002 0.8575375 0.48385468750000016 0.8575375
1 0.5685777174384956 0.9357425055568193 0.5208139776097385 0.779231330659502 0.4595326886123024 0.7979330211040645 0.5072964284410595 0.9544441960013819
1 0.5323584051724138 0.9919710129310344 0.483021551724138 0.8686288793103449 0.42444046336206903 0.8920613146551725 0.47377731681034485 1.015403448275862
1 0.5635421875000002 0.7389703125 0.5083328125000002 0.7389703125 0.5083328125000002 0.8354781250000001 0.5635421875000002 0.8354781250000001
1 0.6145806228936903 0.739963422612827 0.5646193800929419 0.7373883396247969 0.560051866922948 0.8260063125376794 0.6100131097236965 0.8285813955257095
1 0.6775800831694505 0.7224023550576988 0.6242426369694664 0.7140055732260462 0.6016441718364136 0.8575539519266508 0.6549816180363979 0.8659507337583033
1 0.7171875000000002 0.7371328125 0.6630203125000003 0.7371328125 0.6630203125000003 0.82904375 0.7171875000000002 0.82904375
1 0.7207596450709048 0.8950200398394204 0.7162028738618988 0.8253287809688832 0.6645007716044709 0.8287093290437773 0.6690575428134768 0.8984005879143144
1 0.6800058858317188 0.9232788574430852 0.6535404264427909 0.8065198669839824 0.5988508200629482 0.818916219084587 0.6253162794518762 0.93567520954369
1 0.627418954386421 0.9486935163614667 0.6085455695097779 0.8237653007132618 0.5654987612086912 0.8302685472101563 0.5843721460853345 0.9551967628583613
1 0.5770828125000003 0.86029375 0.5484375000000001 0.86029375 0.5484375000000001 0.9549625 0.5770828125000003 0.9549625
1 0.6114578125000003 0.9623156249999999 0.5578125000000002 0.9623156249999999 0.5578125000000002 0.99908125 0.6114578125000003 0.99908125
1 0.7604595052904856 0.7896489712493713 0.7369650321142073 0.7274317992221702 0.6973075732735126 0.7424072645577645 0.7208020464497908 0.8046244365849656
1 0.7548749655307101 0.595745123171122 0.7366837517379754 0.5208397685105701 0.6970566690658694 0.5304634427610612 0.7152478828586041 0.6053687974216132
1 0.7923331971366799 0.5837537631828918 0.7790533031182356 0.4900016160919855 0.7313126311588809 0.4967640325662962 0.7445925251773252 0.5905161796572025
1 0.7300149041877384 0.49584723154909016 0.7138694262381546 0.4135375849621118 0.6659732608217872 0.42293267429447107 0.6821187387713711 0.5052423208814494
1 0.7258130435398178 0.4940347941799888 0.716010158178457 0.48768600951297836 0.6989245625819613 0.5140671428711975 0.7087274479433222 0.5204159275382079
1 0.677817069720729 0.5156680902677235 0.6723187307143997 0.4671399894354192 0.6386870695339517 0.4709505295419672 0.644185408540281 0.5194786303742716
1 0.6395828125 0.43474218750000004 0.590625 0.43474218750000004 0.590625 0.5211390625 0.6395828125 0.5211390625
1 0.6238200745032976 0.5424573305095348 0.5909077174122908 0.4905973580054802 0.5641897442774493 0.5075536236975431 0.5971021013684562 0.5594135962015978
1 0.622337389882263 0.6508151750585816 0.5905626502453052 0.5293244580566746 0.5382883538711664 0.542996302276405 0.5700630935081241 0.664487019278312
1 0.5819442476351264 0.7042127119438748 0.5634065400237068 0.6097074785408578 0.5229755644911924 0.6176382309011 0.5415132721026119 0.7121434643041169
1 0.5796875 0.4705875 0.5067703125 0.4705875 0.5067703125 0.5606625000000001 0.5796875 0.5606625000000001
1 0.5146562760929572 0.5474030369843264 0.46875477409371075 0.5459550674274938 0.4657201851659127 0.6421533535578405 0.5116216871651591 0.6436013231146732
1 0.4939122636889993 0.6424086991754023 0.4588384264537929 0.5430212318044565 0.3444161567978369 0.583400850766043 0.3794899940330433 0.6827883181369888
1 0.4145481951759412 0.673834953684149 0.36643516766066786 0.6715411635857197 0.36210569387035624 0.7623533489476444 0.4102187213856296 0.7646471390460737
1 0.3456474129664546 0.6731174369279466 0.3402329180267134 0.575152854064719 0.2864578125000001 0.5781250000000001 0.2918723074397413 0.6760895828632276
1 0.30532452258338943 0.6979103861970966 0.2984020049213546 0.5801804939856244 0.24028396206743938 0.5835978349054347 0.24720647972947418 0.7013277271169069
1 0.37614049890414275 0.5828430818830455 0.346746854813784 0.5792126788784454 0.3374350697749724 0.6546057674501398 0.36682871386533117 0.6582361704547398
1 0.40207660254833233 0.5451262939052479 0.3637660725214774 0.4613018980521527 0.3096314008794288 0.4860432390702408 0.3479419309062837 0.5698676349233359
1 0.3203880457101571 0.44964360635087974 0.2404744461865199 0.4219717725072368 0.20430057460577972 0.5264384407828864 0.28421417412941696 0.5541102746265294
1 0.23506335514104876 0.548101501124787 0.22822672597345456 0.43549993985812135 0.17561244706722912 0.4386944276587867 0.18244907623482334 0.5512959889254523
1 0.42042228549952687 0.44617365169965445 0.3827985336467078 0.42649467067170066 0.3538443670740906 0.4818514178877232 0.3914681189269097 0.5015303989156769
1 0.5429742313510123 0.4608514235005029 0.4957550506623857 0.4232452999968663 0.45560679723089076 0.47365644202620094 0.5028259779195173 0.5112625655298376
1 0.5884806270333566 0.4559885797120418 0.5501166229917264 0.43516012989433095 0.531084630559083 0.47021523197808535 0.5694486346007132 0.49104368179579616
1 0.5502176556874836 0.6068402495944892 0.5479360069102797 0.5464740487379355 0.5123273019593981 0.5478199435757116 0.5146089507366021 0.6081861444322654
1 0.49056776108856937 0.6937305119808558 0.4736283608763511 0.6339428989318314 0.4302367871736898 0.6462368707982888 0.4471761873859082 0.7060244838473133
1 0.21510468750000009 0.8547796875 0.1479171875000001 0.8547796875 0.1479171875000001 0.9319859375 0.21510468750000009 0.9319859375
1 0.2640625000000001 0.8547796875 0.21458281250000008 0.8547796875 0.21458281250000008 0.9742640625 0.2640625000000001 0.9742640625
1 0.8500751865738618 0.1937232751526731 0.8228198965154595 0.18421760514015056 0.8050679236739716 0.2351172438048886 0.832323213732374 0.24462291381741114
1 0.5267685513634157 0.19612600640780245 0.5227802277657558 0.11863515452534819 0.48674886749079216 0.12048962793671818 0.49073719108845204 0.19798047981917244
1 0.5876675214724265 0.23943486180769558 0.5618209975066983 0.1319754475420213 0.521717676576838 0.14162124221345218 0.5475642005425662 0.24908065647912644
1 0.5555006953510466 0.02471840982764546 0.49966103410577806 0.02313316147610132 0.4969381892485492 0.1190441487374855 0.5527778504938178 0.12062939708902964
1 0.6107076323548742 0.018374514411291388 0.5572062799846734 -0.0015715116244562344 0.5250034432693956 0.08480636190966592 0.5785047956395964 0.10475238794541353
1 0.2225096498564864 0.10502287400886876 0.18716605775323814 0.06938643499962213 0.16530683385809317 0.0910660279814888 0.20065042596134144 0.12670246699073542
1 0.6632693457056426 0.6656812332538928 0.6581707207024354 0.5485965924144878 0.6068256791858294 0.5508324886908094 0.6119243041890365 0.6679171295302144
1 0.6888129646798601 0.29573468718645357 0.6349210478777481 0.28905510147220354 0.6247562198419806 0.3710664851486927 0.6786481366440926 0.37774607086294276
1 0.253125 0.13786718750000002 0.2203125 0.13786718750000002 0.2203125 0.17738906250000003 0.253125 0.17738906250000003
1 0.48854218749999995 0.44209531249999995 0.4375 0.44209531249999995 0.4375 0.5652578125 0.48854218749999995 0.5652578125
1 0.37338138978476854 0.4440263415408399 0.34183741447171545 0.4261563376767093 0.29760434465213337 0.5042361675982974 0.32914831996518645 0.5221061714624282
1 0.6519183834301543 0.5510427255975107 0.6502153374269468 0.5143577244467831 0.6189556066898236 0.5158089104307896 0.6206586526930311 0.5524939115815173
1 0.4528512483493191 0.5165335294996909 0.42658897976114646 0.5001792775413951 0.38610079667855823 0.5651967140755483 0.4123630652667309 0.581550966033844
1 0.43153818642146735 0.47459560159277625 0.41163608353054926 0.46431318013418343 0.3793638271404987 0.5267776268390136 0.3992659300314167 0.5370600482976065
1 0.8309554370015281 0.4893427958434559 0.8002281412414144 0.4686852738652994 0.7834284634091684 0.49367416991836394 0.8141557591692822 0.5143316918965205
1 0.8145337876631975 0.449139263543504 0.791909202926327 0.4368531689471841 0.7853260526941563 0.4489759016101663 0.8079506374310268 0.4612619962064862