1 0.5171875 0.4359375 0.4578125 0.4359375 0.4578125 0.5203125 0.5171875 0.5203125
1 0.7875000000000001 0.6843750000000001 0.709375 0.684375 0.7093750000000001 0.803125 0.7875000000000002 0.803125
1 0.834375 0.7937500000000002 0.7937500000000002 0.7937500000000002 0.7937500000000002 0.846875 0.834375 0.846875
1 0.678125 0.03593750000000008 0.6265625 0.03593750000000008 0.6265625 0.11718750000000008 0.678125 0.11718750000000008
1 0.2296875 0.2328125 0.14375000000000004 0.2328125 0.14375000000000004 0.3375 0.2296875 0.3375
1 0.7546875 0.4984375000000001 0.71875 0.4984375 0.71875 0.5515625000000001 0.7546875 0.5515625000000002
1 0.5953125 0.4484375 0.54375 0.4484375 0.54375 0.521875 0.5953125 0.521875
1 0.5203125 0.006250000000000059 0.4453125 0.006250000000000056 0.4453125 0.11875000000000005 0.5203125 0.11875000000000005
1 0.6515625 0.10937500000000008 0.5734375 0.10937500000000008 0.5734375 0.2156250000000001 0.6515625 0.2156250000000001
1 0.553125 0.3671875000000001 0.496875 0.3671875000000001 0.496875 0.4484375 0.553125 0.4484375
1 0.6328125 0.1687500000000001 0.5703125 0.1687500000000001 0.5703125 0.3000000000000001 0.6328125 0.3000000000000001
1 0.71875 0.0671875000000001 0.659375 0.0671875000000001 0.659375 0.1609375000000001 0.71875 0.1609375000000001
1 0.6546875 0.46875 0.6078125 0.46875 0.6078125 0.5328125 0.6546875 0.5328125
1 0.5640625 0.04375000000000007 0.5078125 0.04375000000000007 0.5078125 0.18750000000000006 0.5640625 0.18750000000000008
1 0.36875 0.29687500000000006 0.2859375 0.296875 0.28593750000000007 0.43125 0.3687500000000001 0.43125
1 0.4171875 0.39531250000000007 0.3546875000000001 0.3953125 0.3546875000000001 0.5109375 0.4171875 0.5109375
1 0.6953125000000002 0.78125 0.6156250000000002 0.78125 0.6156250000000002 0.8953125 0.6953125000000002 0.8953125
1 0.6578125 0.001562500000000077 0.603125 0.0015625000000000736 0.603125 0.07812500000000008 0.6578125 0.07812500000000008
1 0.4218750000000001 0.5984375 0.3578125000000001 0.5984375 0.3578125000000001 0.7296875 0.42187500000000017 0.7296875
1 0.5203125000000001 0.6796875 0.45 0.6796875 0.45000000000000007 0.775 0.5203125000000002 0.775
1 0.5906250000000001 0.6796875 0.51875 0.6796875 0.51875 0.803125 0.5906250000000002 0.803125
1 0.22968750000000004 0.3328125 0.15781250000000005 0.3328125 0.15781250000000005 0.4265625 0.2296875000000001 0.4265625
1 0.2812500000000001 0.3859375 0.21250000000000008 0.3859375 0.21250000000000008 0.4921875 0.2812500000000001 0.4921875
1 0.27812500000000007 0.5953125 0.2234375000000001 0.5953125 0.2234375000000001 0.6703125 0.27812500000000007 0.6703125
1 0.465625 0.12343750000000005 0.4171875 0.12343750000000005 0.4171875 0.19375000000000003 0.465625 0.19375000000000003
1 0.840625 0.5968750000000002 0.81875 0.5968750000000002 0.81875 0.6406250000000002 0.840625 0.6406250000000002
1 0.30000000000000004 0.290625 0.2109375 0.290625 0.21093750000000006 0.409375 0.3000000000000001 0.409375
1 0.5125 0.11875000000000005 0.4625 0.11875000000000005 0.4625 0.19375000000000003 0.5125 0.19375000000000003
1 0.3546875000000001 0.421875 0.2765625000000001 0.421875 0.2765625000000001 0.5234375 0.3546875000000001 0.5234375
1 0.5484375 0.5890625 0.4671875 0.5890625 0.4671875 0.690625 0.5484375 0.690625
1 0.6296875000000002 0.753125 0.5875000000000001 0.753125 0.5875000000000001 0.825 0.6296875000000002 0.825
1 0.753125 0.2484375000000001 0.6953125 0.2484375000000001 0.6953125 0.3375000000000001 0.753125 0.3375000000000001
1 0.2578125000000001 0.6984375 0.1843750000000001 0.6984375 0.1843750000000001 0.7875 0.2578125000000001 0.7875
1 0.7953125000000002 0.803125 0.7234375000000002 0.803125 0.7234375000000002 0.890625 0.7953125000000002 0.890625
1 0.4015625 0.10156250000000004 0.3453125 0.10156250000000004 0.3453125 0.22500000000000003 0.4015625 0.2250000000000001
1 0.3078125000000001 0.6515625 0.2562500000000001 0.6515625 0.2562500000000001 0.7734375 0.3078125000000001 0.7734375
1 0.7296875 0.1593750000000001 0.6546875 0.1593750000000001 0.6546875 0.24375000000000008 0.7296875 0.24375000000000008
1 0.46875 0.5953125 0.4203125 0.5953125 0.4203125 0.7234375 0.46875 0.7234375
1 0.5125 0.2890625000000001 0.4609375 0.2890625000000001 0.4609375 0.4296875 0.5125 0.4296875
1 0.728125 0.4593750000000001 0.69375 0.459375 0.69375 0.5093750000000001 0.728125 0.5093750000000001
1 0.2546875 0.006250000000000025 0.159375 0.006250000000000019 0.159375 0.10312500000000002 0.2546875 0.10312500000000005
1 0.715625 0.4078125 0.6734375 0.4078125 0.6734375 0.4703125 0.715625 0.4703125
1 0.4703125 0.2218750000000001 0.4203125 0.2218750000000001 0.4203125 0.3671875000000001 0.4703125 0.3671875000000001
1 0.6875 0.4546875 0.646875 0.4546875 0.646875 0.5078125 0.6875 0.5078125
1 0.2312500000000001 0.5921875 0.1390625000000001 0.5921875 0.1390625000000001 0.721875 0.2312500000000001 0.721875
1 0.7390625 0.5890625 0.6984375 0.5890625 0.6984375 0.6546875000000001 0.7390625 0.6546875000000002
1 0.6125 0.6078125 0.565625 0.6078125 0.565625 0.71875 0.6125 0.71875
1 0.665625 0.24375000000000008 0.628125 0.24375000000000008 0.628125 0.3234375000000001 0.665625 0.3234375000000001
1 0.2515625000000001 0.78125 0.17968750000000008 0.78125 0.17968750000000008 0.859375 0.2515625000000001 0.859375
1 0.2640625 0.08281250000000002 0.1890625 0.08281250000000002 0.18906250000000002 0.18906250000000005 0.2640625 0.18906250000000005
1 0.4546875 0.001562500000000053 0.4125 0.0015625000000000506 0.4125 0.08750000000000005 0.4546875 0.08750000000000006
1 0.6656250000000001 0.6390625 0.60625 0.6390625 0.6062500000000001 0.7359375 0.6656250000000001 0.7359375
1 0.3484375 0.09687500000000004 0.2890625 0.09687500000000004 0.2890625 0.2109375 0.3484375 0.2109375
1 0.4015625 0.24375000000000005 0.3390625 0.24375 0.3390625 0.34843750000000007 0.4015625 0.34843750000000007
1 0.575 0.2500000000000001 0.5 0.2500000000000001 0.5 0.3359375000000001 0.575 0.3359375000000001
1 0.678125 0.3812500000000001 0.640625 0.3812500000000001 0.640625 0.453125 0.678125 0.453125
1 0.4375 0.07812500000000004 0.3953125 0.07812500000000004 0.3953125 0.13906250000000003 0.4375 0.13906250000000003
1 0.45625 0.32500000000000007 0.390625 0.32500000000000007 0.39062500000000006 0.428125 0.45625 0.428125
1 0.6046875 0.0015625000000000695 0.5265625 0.0015625000000000645 0.5265625 0.08125000000000007 0.6046875 0.08125000000000007
1 0.83125 0.9375 0.7843750000000002 0.9375 0.7843750000000002 0.9984375 0.83125 0.9984375
1 0.609375 0.2984375000000001 0.5421875 0.2984375000000001 0.5421875 0.3890625000000001 0.609375 0.3890625000000001
1 0.4171875 4.7455063466959936e-17 0.3578125 4.3819393281991234e-17 0.3578125 0.08125000000000004 0.4171875 0.08125000000000004
1 0.36406250000000007 0.596875 0.2953125000000001 0.596875 0.2953125000000001 0.7609375 0.36406250000000007 0.7609375
1 0.6140625 0.07343750000000007 0.559375 0.07343750000000007 0.559375 0.15000000000000008 0.6140625 0.15000000000000008
1 0.70625 0.6828125 0.653125 0.6828125 0.6531250000000001 0.7625 0.7062500000000002 0.7625
1 0.44843750000000016 0.94375 0.4031250000000002 0.94375 0.4031250000000002 1 0.44843750000000016 1
1 0.7953125 0.2406250000000001 0.7609375 0.2406250000000001 0.7609375 0.30156250000000007 0.7953125 0.30156250000000007
1 0.2953125 0.2390625 0.25625 0.2390625 0.25625 0.30625 0.2953125 0.30625
1 0.6578125000000001 0.7296875 0.6187500000000001 0.7296875 0.6187500000000001 0.7921875 0.6578125000000001 0.7921875
1 0.784375 0.6671875000000002 0.7484375 0.6671875000000002 0.7484375 0.7171875000000002 0.784375 0.7171875000000002
1 0.6531250000000002 0.9390625 0.6140625000000002 0.9390625 0.6140625000000002 1 0.6531250000000002 1
1 0.634375 0.3468750000000001 0.5640625 0.3468750000000001 0.5640625 0.446875 0.634375 0.446875
1 0.7265625 0.6406250000000001 0.6734375 0.640625 0.6734375 0.7109375000000001 0.7265625 0.7109375000000002
1 0.553125 6.582476545417024e-17 0.521875 6.39112548305025e-17 0.521875 0.06250000000000007 0.553125 0.06250000000000007
1 0.6671875 0.3203125000000001 0.6046875 0.3203125000000001 0.6046875 0.3984375000000001 0.6671875 0.3984375000000001
1 0.3734375000000001 0.9421875 0.3078125000000001 0.9421875 0.3078125000000001 1 0.3734375000000001 1
1 0.7000000000000002 0.9328125 0.6687500000000002 0.9328125 0.6687500000000002 1 0.7000000000000002 1
1 0.8015625 0.9546875 0.7640625000000002 0.9546875 0.7640625000000002 1 0.8015625 1
1 0.6828125 0.6140625 0.6546875 0.6140625 0.6546875 0.6734375 0.6828125 0.6734375
1 0.640625 0.4015625 0.5828125 0.4015625 0.5828125 0.4796875 0.640625 0.4796875
1 0.23437500000000008 0.846875 0.1984375000000001 0.846875 0.1984375000000001 0.8953125 0.23437500000000008 0.8953125
1 0.5546875000000002 0.9421875 0.4781250000000002 0.9421875 0.4781250000000002 1 0.5546875000000002 1
1 0.8421875 0.0046875000000001 0.784375 0.004687500000000096 0.784375 0.0671875000000001 0.8421875 0.06718750000000011
1 0.6640625 0.590625 0.60625 0.590625 0.60625 0.646875 0.6640625 0.646875
1 0.2984375000000001 0.940625 0.2062500000000001 0.940625 0.2062500000000001 1 0.2984375000000001 1
1 0.340625 0.234375 0.290625 0.234375 0.290625 0.3078125 0.340625 0.3078125
1 0.71875 0.2593750000000001 0.696875 0.2593750000000001 0.696875 0.3109375000000001 0.71875 0.3109375000000001
1 0.47968750000000016 0.9578125 0.44531250000000017 0.9578125 0.44531250000000017 1 0.47968750000000016 1
1 0.1796875 0.03750000000000002 0.0984375 0.03750000000000001 0.09843750000000001 0.146875 0.1796875 0.146875