1 0.7 0.3140625000000001 0.6484375 0.3140625000000001 0.6484375 0.39531250000000007 0.7 0.39531250000000007
1 0.4750000000000002 0.7328125 0.4125000000000002 0.7328125 0.4125000000000002 0.8546875 0.4750000000000002 0.8546875
1 0.5578125000000002 0.75625 0.5109375000000002 0.75625 0.5109375000000002 0.871875 0.5578125000000002 0.871875
1 0.8234375 0.7718750000000001 0.6968750000000001 0.771875 0.6968750000000001 0.8890625 0.8234375 0.8890625
1 0.5015625 0.6078125 0.43125 0.6078125 0.43125 0.7 0.5015625 0.7
1 0.4968750000000002 0.896875 0.4343750000000002 0.896875 0.4343750000000002 1 0.4968750000000002 1
1 0.6609375000000002 0.73125 0.6015625000000002 0.73125 0.6015625000000002 0.8625 0.6609375000000002 0.8625
1 0.6093750000000002 0.728125 0.5546875000000002 0.728125 0.5546875000000002 0.86875 0.6093750000000002 0.86875
1 0.3828125000000001 0.9109375 0.3312500000000001 0.9109375 0.3312500000000001 0.99375 0.3828125000000001 0.99375
1 0.20468750000000008 0.665625 0.17187500000000008 0.665625 0.17187500000000008 0.71875 0.20468750000000008 0.71875
1 0.8328125 9.481445140273649e-17 0.715625 8.763878656398247e-17 0.715625 0.1625000000000001 0.8328125 0.1625000000000001
1 0.446875 0.18593750000000003 0.4078125 0.18593750000000003 0.4078125 0.26250000000000007 0.446875 0.26250000000000007
1 0.5671875000000001 0.6953125 0.525 0.6953125 0.5250000000000001 0.7640625 0.5671875000000002 0.7640625
1 0.5781250000000002 0.9109375 0.5218750000000002 0.9109375 0.5218750000000002 1 0.5781250000000002 1
1 0.45 0.2687500000000001 0.4046875 0.2687500000000001 0.4046875 0.3453125000000001 0.45 0.3453125000000001
1 0.2734375 0.17343750000000005 0.221875 0.17343750000000005 0.221875 0.259375 0.2734375 0.259375
1 0.6703125 0.3843750000000001 0.6109375 0.3843750000000001 0.6109375 0.5 0.6703125 0.5
1 0.3375000000000001 0.7640625 0.2984375000000001 0.7640625 0.2984375000000001 0.85625 0.3375000000000001 0.85625
1 0.6109375 0.05156250000000007 0.5484375 0.05156250000000007 0.5484375 0.1609375000000001 0.6109375 0.1609375000000001
1 0.37968750000000007 0.7015625 0.3312500000000001 0.7015625 0.3312500000000001 0.8234375 0.37968750000000007 0.8234375
1 0.8140625 0.4203125000000002 0.746875 0.4203125000000002 0.746875 0.5109375000000002 0.8140625 0.5109375000000002
1 0.41875 0.553125 0.3546875000000001 0.553125 0.3546875000000001 0.6625 0.41875 0.6625
1 0.5156250000000002 0.771875 0.4703125000000002 0.771875 0.4703125000000002 0.878125 0.5156250000000002 0.878125
1 0.7109375 0.06406250000000009 0.6515625 0.06406250000000009 0.6515625 0.1671875000000001 0.7109375 0.1671875000000001
1 0.2562500000000001 0.8765625 0.19687500000000008 0.8765625 0.1968750000000001 0.9609375 0.2562500000000001 0.9609375
1 0.7296875 0.6515625 0.634375 0.6515625 0.6343750000000001 0.7640625000000001 0.7296875000000002 0.7640625000000002
1 0.3921875000000001 0.8484375 0.3453125000000001 0.8484375 0.3453125000000001 0.9234375 0.3921875000000001 0.9234375
1 0.30937500000000007 0.7125 0.2468750000000001 0.7125 0.2468750000000001 0.8578125 0.30937500000000007 0.8578125
1 0.590625 0.428125 0.5359375 0.428125 0.5359375 0.5125 0.590625 0.5125
1 0.6125 0.3296875000000001 0.534375 0.3296875000000001 0.534375 0.440625 0.6125 0.440625
1 0.503125 0.2734375000000001 0.4484375 0.2734375000000001 0.4484375 0.421875 0.503125 0.421875
1 0.7859375000000001 0.6656250000000001 0.71875 0.665625 0.7187500000000001 0.7656250000000001 0.7859375000000002 0.7656250000000002
1 0.5953125 0.19062500000000007 0.54375 0.19062500000000004 0.54375 0.3343750000000001 0.5953125 0.3343750000000001
1 0.6437500000000002 0.8796875 0.5656250000000002 0.8796875 0.5656250000000002 0.9828125 0.6437500000000002 0.9828125
1 0.54375 0.4046875 0.4734375 0.4046875 0.4734375 0.5546875 0.54375 0.5546875
1 0.5046875 0.05625000000000006 0.44375 0.05625000000000004 0.44375 0.16250000000000003 0.5046875 0.16250000000000003
1 0.8609375 0.7000000000000002 0.7765625 0.7000000000000002 0.7765625 0.80625 0.8609375 0.80625
1 0.4453125 0.07187500000000005 0.384375 0.07187500000000005 0.384375 0.15937500000000004 0.4453125 0.15937500000000004
1 0.2390625 0.05468750000000002 0.178125 0.05468750000000002 0.178125 0.14218750000000002 0.2390625 0.14218750000000005
1 0.8265625 0.3296875000000001 0.759375 0.3296875000000001 0.759375 0.4421875000000002 0.8265625 0.4421875000000002
1 0.503125 0.6984375 0.459375 0.6984375 0.4593750000000001 0.7796875 0.5031250000000002 0.7796875
1 0.8515625 0.803125 0.8140625 0.803125 0.8140625 0.8671875 0.8515625 0.8671875
1 0.4546875 0.3437500000000001 0.403125 0.3437500000000001 0.403125 0.45 0.4546875 0.45
1 0.5515625 0.009375000000000064 0.503125 0.00937500000000006 0.503125 0.15937500000000007 0.5515625 0.1593750000000001
1 0.4765625 5.472640383689735e-17 0.4171875 5.109073365192864e-17 0.4171875 0.09375000000000006 0.4765625 0.09375000000000007
1 0.35625000000000007 0.934375 0.30156250000000007 0.934375 0.30156250000000007 1 0.35625000000000007 1
1 0.3156250000000001 0.8703125 0.2750000000000001 0.8703125 0.2750000000000001 0.9359375 0.3156250000000001 0.9359375
1 0.20468750000000008 0.4203125 0.15625000000000006 0.4203125 0.15625000000000006 0.5078125 0.20468750000000008 0.5078125
1 0.6375 0.559375 0.5828125 0.559375 0.5828125 0.68125 0.6375 0.68125
1 0.596875 6.993881329505588e-17 0.5453125 6.678152076600411e-17 0.5453125 0.06875000000000006 0.596875 0.06875000000000006
1 0.39062500000000006 0.36250000000000004 0.3234375 0.3625 0.32343750000000004 0.453125 0.3906250000000001 0.453125
1 0.6859375 7.874096216392748e-17 0.6 7.347880794884119e-17 0.6 0.11093750000000009 0.6859375 0.11093750000000009
1 0.36406250000000007 0.48125 0.3031250000000001 0.48125 0.3031250000000001 0.5859375 0.36406250000000007 0.5859375
1 0.3484375 0.0015625000000000385 0.284375 0.0015625000000000348 0.284375 0.10781250000000005 0.3484375 0.10781250000000005
1 0.3546875 0.225 0.303125 0.225 0.303125 0.3625 0.3546875 0.3625
1 0.4203125 0.415625 0.36406250000000007 0.415625 0.36406250000000007 0.509375 0.4203125 0.509375
1 0.3859375 0.06562500000000004 0.33125 0.06562500000000004 0.33125 0.15937500000000004 0.3859375 0.15937500000000004
1 0.25625000000000003 0.3 0.18437500000000004 0.3 0.18437500000000004 0.396875 0.2562500000000001 0.396875
1 0.7625 0.3031250000000001 0.6859375 0.3031250000000001 0.6859375 0.5093750000000001 0.7625 0.5093750000000001
1 0.915625 0.7625000000000002 0.8546875 0.7625000000000002 0.8546875 0.8421875 0.915625 0.8421875
1 0.540625 0.3625000000000001 0.50625 0.3625000000000001 0.50625 0.425 0.540625 0.425
1 0.31875000000000003 0.3203125 0.2765625 0.3203125 0.27656250000000004 0.384375 0.3187500000000001 0.384375
1 0.325 0.07656250000000003 0.2546875 0.07656250000000002 0.2546875 0.15937500000000004 0.325 0.15937500000000004
1 0.55 0.18125000000000008 0.4796875 0.18125000000000005 0.4796875 0.3515625000000001 0.55 0.3515625000000001
1 0.309375 0.23125 0.2375 0.23125 0.2375 0.3375 0.309375 0.3375
1 0.4171875 0.275 0.3453125 0.275 0.3453125 0.384375 0.4171875 0.3843750000000001
1 0.3390625000000001 0.4140625 0.2812500000000001 0.4140625 0.2812500000000001 0.5140625 0.3390625000000001 0.5140625
1 0.478125 0.4140625 0.4421875 0.4140625 0.4421875 0.471875 0.478125 0.471875
1 0.8859375 0.32500000000000007 0.8109375 0.32500000000000007 0.8109375 0.47187500000000016 0.8859375 0.47187500000000016
1 0.5265625000000002 0.9453125 0.4750000000000002 0.9453125 0.4750000000000002 1 0.5265625000000002 1
1 0.2921875000000001 0.4359375 0.2484375000000001 0.4359375 0.2484375000000001 0.5078125 0.2921875000000001 0.5078125
1 0.7703125000000002 0.928125 0.6484375000000002 0.928125 0.6484375000000002 1 0.7703125000000002 1
1 0.5265625 0.7109375 0.4953125 0.7109375 0.4953125000000001 0.7765625 0.5265625000000002 0.7765625
1 0.2578125000000001 0.403125 0.19687500000000005 0.403125 0.19687500000000005 0.503125 0.2578125000000001 0.503125
1 0.865625 1.0323389814687454e-16 0.8203125 1.0045930774255631e-16 0.8203125 0.0718750000000001 0.865625 0.0718750000000001
1 0.234375 2.5449691294780934e-17 0.18125 2.2196723234545777e-17 0.18125 0.06093750000000002 0.234375 0.06093750000000002
1 0.3218750000000001 0.5328125 0.28593750000000007 0.5328125 0.28593750000000007 0.6015625 0.3218750000000001 0.6015625
1 0.378125 0.21406250000000004 0.346875 0.2140625 0.346875 0.2828125 0.378125 0.2828125000000001
1 0.4234375 4.898587196589413e-17 0.3765625 4.6115606030392526e-17 0.3765625 0.08750000000000005 0.4234375 0.08750000000000005
1 0.3468750000000001 0.653125 0.2953125000000001 0.653125 0.2953125000000001 0.7265625 0.3468750000000001 0.7265625
1 0.3578125000000001 0.5765625 0.3140625000000001 0.5765625 0.3140625000000001 0.6359375 0.3578125000000001 0.6359375
1 0.3703125000000001 0.45 0.33281250000000007 0.45 0.33281250000000007 0.503125 0.3703125000000001 0.503125
1 0.84375 0.0640625000000001 0.784375 0.06406250000000009 0.784375 0.1593750000000001 0.84375 0.1593750000000001
1 0.6437500000000002 0.9078125 0.6234375000000002 0.9078125 0.6234375000000002 0.9703125 0.6437500000000002 0.9703125
1 0.3156250000000001 0.6046875 0.2578125000000001 0.6046875 0.2578125000000001 0.6921875 0.3156250000000001 0.6921875
1 0.2890625 3.1094547634600764e-17 0.21875 2.6789148731348354e-17 0.21875 0.11250000000000004 0.2890625 0.11250000000000004
1 0.1437500000000001 0.825 0.0640625000000001 0.825 0.0640625000000001 0.9578125 0.14375000000000013 0.9578125
1 0.4406250000000001 0.646875 0.3734375000000001 0.646875 0.3734375000000001 0.8 0.44062500000000016 0.8
1 0.4156250000000002 0.7796875 0.3703125000000001 0.7796875 0.3703125000000001 0.8484375 0.4156250000000002 0.8484375
1 0.3343750000000001 0.7140625 0.3062500000000001 0.7140625 0.3062500000000001 0.7609375 0.3343750000000001 0.7609375
1 0.6312500000000002 0.965625 0.5765625000000002 0.965625 0.5765625000000002 1 0.6312500000000002 1
1 0.3078125000000001 0.93125 0.2515625000000001 0.93125 0.2515625000000001 1 0.3078125000000001 1
1 0.6484375 0.07031250000000008 0.6078125 0.07031250000000007 0.6078125 0.11250000000000009 0.6484375 0.11250000000000009
1 0.3968750000000001 0.6484375 0.3390625000000001 0.6484375 0.3390625000000001 0.7390625 0.3968750000000001 0.7390625