1 0.8859375 0.4500000000000002 0.7765625 0.4500000000000002 0.7765625 0.5296875000000002 0.8859375 0.5296875000000002
1 0.8765625 0.5171875000000001 0.759375 0.5171875000000001 0.759375 0.5765625000000002 0.8765625 0.5765625000000002
1 0.459375 0.23125000000000004 0.2953125 0.23125 0.2953125 0.321875 0.459375 0.3218750000000001
1 0.8375 0.803125 0.6843750000000002 0.803125 0.6843750000000002 0.8703125 0.8375 0.8703125
1 0.875 0.3734375000000001 0.76875 0.3734375000000001 0.76875 0.4468750000000002 0.875 0.4468750000000002
1 0.534375 0.3125000000000001 0.4421875 0.3125000000000001 0.4421875 0.3843750000000001 0.534375 0.3843750000000001
1 0.4046875 0.11250000000000004 0.2890625 0.11250000000000004 0.2890625 0.17187500000000006 0.4046875 0.17187500000000006
1 0.1906250000000001 0.853125 0.0328125000000001 0.853125 0.032812500000000105 0.9234375 0.19062500000000013 0.9234375
1 0.55 0.58125 0.4515625 0.58125 0.4515625 0.65625 0.55 0.65625
1 0.1687500000000001 0.546875 0.05937500000000007 0.546875 0.05937500000000007 0.6125 0.1687500000000001 0.6125
1 0.54375 0.2750000000000001 0.459375 0.2750000000000001 0.459375 0.31718750000000007 0.54375 0.31718750000000007
1 0.4421875 0.15937500000000004 0.353125 0.15937500000000004 0.353125 0.22812500000000005 0.4421875 0.22812500000000008
1 0.7796875 0.5296875000000001 0.6828125 0.5296875 0.6828125 0.5921875000000001 0.7796875 0.5921875000000002
1 0.4953125000000001 0.7234375 0.3359375000000001 0.7234375 0.3359375000000001 0.8125 0.49531250000000016 0.8125
1 0.17656250000000004 0.425 0.04843750000000006 0.425 0.04843750000000006 0.478125 0.17656250000000004 0.478125
1 0.4718750000000001 0.6265625 0.2640625000000001 0.6265625 0.2640625000000001 0.7296875 0.47187500000000016 0.7296875
1 0.4046875 0.5765625 0.2500000000000001 0.5765625 0.2500000000000001 0.6640625 0.4046875 0.6640625
1 0.440625 0.32031250000000006 0.3515625 0.3203125 0.35156250000000006 0.38281250000000006 0.440625 0.3828125000000001
1 0.4609375 0.4640625 0.2968750000000001 0.4640625 0.2968750000000001 0.5296875 0.4609375 0.5296875
1 0.17500000000000007 0.4734375 0.045312500000000054 0.4734375 0.04531250000000006 0.5484375 0.1750000000000001 0.5484375
1 0.8140625 0.6765625000000001 0.6796875 0.6765625 0.6796875000000001 0.8046875 0.8140625 0.8046875
1 0.7890625 0.48125000000000007 0.715625 0.48125 0.715625 0.5281250000000001 0.7890625 0.5281250000000002
1 0.990625 0.3078125000000001 0.896875 0.3078125000000001 0.896875 0.3687500000000001 0.990625 0.3687500000000001
1 0.8203125 0.3343750000000001 0.69375 0.3343750000000001 0.69375 0.4046875000000001 0.8203125 0.4046875000000002
1 0.18125000000000008 0.6828125 0.05468750000000009 0.6828125 0.05468750000000009 0.7453125 0.18125000000000008 0.7453125
1 1 0.5562500000000001 0.8890625 0.5562500000000001 0.8890625 0.6703125000000002 1 0.6703125000000002
1 0.38750000000000007 0.4109375 0.2968750000000001 0.4109375 0.2968750000000001 0.4703125 0.38750000000000007 0.4703125
1 1 0.37187500000000007 0.9359375 0.37187500000000007 0.9359375 0.4234375000000002 1 0.4234375000000002
1 0.8140625 0.23437500000000008 0.7484375 0.23437500000000008 0.7484375 0.2843750000000001 0.8140625 0.2843750000000001
1 0.353125 0.29375 0.259375 0.29375 0.259375 0.35 0.353125 0.35
1 0.540625 0.17656250000000004 0.4140625 0.17656250000000004 0.4140625 0.2609375000000001 0.540625 0.2609375000000001
1 0.1625000000000001 0.7921875 0.010937500000000096 0.7921875 0.010937500000000103 0.884375 0.1625000000000001 0.884375
1 0.5640625 0.24375000000000008 0.484375 0.24375000000000008 0.484375 0.2812500000000001 0.5640625 0.2812500000000001
1 0.8953125 0.2843750000000001 0.775 0.2843750000000001 0.775 0.3625000000000001 0.8953125 0.3625000000000001
1 0.5406250000000001 0.6625 0.4171875 0.6625 0.4171875000000001 0.74375 0.5406250000000001 0.74375
1 0.90625 0.2390625000000001 0.809375 0.2390625000000001 0.809375 0.2875000000000001 0.90625 0.2875000000000001
1 0.4328125 0.3968750000000001 0.36406250000000007 0.3968750000000001 0.36406250000000007 0.44375 0.4328125 0.44375
1 0.9703125 0.45625000000000016 0.890625 0.45625000000000016 0.890625 0.5250000000000001 0.9703125 0.5250000000000001
1 0.8765625 0.6031250000000001 0.8 0.6031250000000001 0.8 0.6531250000000002 0.8765625 0.6531250000000002
1 0.16562500000000008 0.6078125 0.004687500000000075 0.6078125 0.0046875000000000805 0.7046875 0.16562500000000008 0.7046875
1 0.975 0.7265625000000002 0.7937500000000002 0.7265625000000002 0.7937500000000002 0.8234375 0.975 0.8234375
1 0.8171875 0.5937500000000001 0.6890625 0.59375 0.6890625 0.6687500000000001 0.8171875 0.6687500000000002
1 0.5546875 0.4171875 0.471875 0.4171875 0.471875 0.471875 0.5546875 0.471875
1 0.15937500000000004 0.3765625 0.0031250000000000457 0.3765625 0.003125000000000049 0.4296875 0.15937500000000004 0.4296875
1 0.5484375 0.4734375 0.45 0.4734375 0.45 0.5578125 0.5484375 0.5578125
1 0.9125 0.6484375000000002 0.7859375 0.6484375000000002 0.7859375 0.7125000000000001 0.9125 0.7125000000000001
1 1 0.40937500000000016 0.878125 0.40937500000000016 0.878125 0.46875000000000017 1 0.46875000000000017
1 0.1328125 0.1140625 0.001562500000000014 0.1140625 0.001562500000000018 0.1796875 0.1328125 0.1796875
1 1 0.5468750000000002 0.98125 0.5468750000000002 0.98125 0.6171875000000002 1 0.6171875000000002
1 0.4703125 0.5328125 0.3921875000000001 0.5328125 0.3921875000000001 0.5796875 0.4703125 0.5796875
1 0.55625 0.08593750000000007 0.5 0.08593750000000007 0.5 0.12968750000000007 0.55625 0.1296875000000001
1 0.10156250000000004 0.3265625 0.00312500000000004 0.3265625 0.003125000000000043 0.378125 0.10156250000000004 0.378125
1 0.30468750000000006 0.2921875 0.17656250000000004 0.2921875 0.17656250000000004 0.3859375 0.3046875000000001 0.3859375
1 0.1375000000000001 0.7171875 0.004687500000000087 0.7171875 0.004687500000000093 0.7921875 0.1375000000000001 0.7921875
1 0.11250000000000002 0.1625 0.00156250000000002 0.1625 0.0015625000000000235 0.21875 0.11250000000000004 0.21875
1 0.07187500000000006 0.5421875 0.004687500000000067 0.5421875 0.004687500000000072 0.6328125 0.07187500000000006 0.6328125
1 0.17968750000000006 0.2171875 0.07031250000000003 0.2171875 0.07031250000000003 0.2671875 0.17968750000000006 0.2671875
1 1 0.4625000000000002 0.9609375 0.4625000000000002 0.9609375 0.5437500000000002 1 0.5437500000000002
1 0.528125 0.06406250000000006 0.465625 0.06406250000000006 0.465625 0.08906250000000007 0.528125 0.08906250000000007
1 1 0.34843750000000007 0.98125 0.34843750000000007 0.98125 0.40156250000000016 1 0.40156250000000016
1 1 0.2406250000000001 0.9828125 0.2406250000000001 0.9828125 0.3203125000000001 1 0.3203125000000001
1 1 0.6828125000000002 0.9453125 0.6828125000000002 0.9453125 0.7734375000000002 1 0.7734375000000002
1 0.6796875 0.10781250000000009 0.59375 0.10781250000000009 0.59375 0.14843750000000008 0.6796875 0.14843750000000008