1 0.17187500000000006 0.1921875 0.10937500000000004 0.1921875 0.10937500000000004 0.31875 0.17187500000000006 0.31875
1 0.20468750000000008 0.3765625 0.09531250000000005 0.3765625 0.09531250000000005 0.4984375 0.20468750000000008 0.4984375
1 0.2046875 0.14687500000000003 0.1453125 0.146875 0.1453125 0.25625 0.2046875 0.25625
1 0.2484375 0.19687500000000005 0.2 0.19687500000000005 0.2 0.2875 0.2484375 0.2875
1 0.259375 0.10937500000000003 0.1796875 0.109375 0.17968750000000003 0.20625 0.259375 0.20625
1 0.246875 0.035937500000000025 0.1859375 0.035937500000000025 0.1859375 0.12343750000000005 0.246875 0.12343750000000005
1 0.378125 0.02812500000000004 0.3015625 0.028125000000000032 0.3015625 0.13281250000000006 0.378125 0.13281250000000006
1 0.459375 5.319559533796316e-17 0.409375 5.013397834009477e-17 0.409375 0.09062500000000005 0.459375 0.09062500000000007
1 0.4390625 0.09375000000000004 0.371875 0.09375000000000004 0.371875 0.24218750000000008 0.4390625 0.24218750000000008
1 0.5125 0.18281250000000004 0.425 0.18281250000000004 0.425 0.3078125000000001 0.5125 0.3078125000000001
1 0.578125 0.12031250000000007 0.5078125 0.12031250000000004 0.5078125 0.20468750000000008 0.578125 0.20468750000000008
1 0.7125 0.16406250000000008 0.646875 0.16406250000000008 0.646875 0.2609375000000001 0.7125 0.2609375000000001
1 0.7890625 0.42187500000000017 0.7375 0.42187500000000017 0.7375 0.5515625000000002 0.7890625 0.5515625000000002
1 0.7812500000000001 0.7062500000000002 0.7296875 0.7062500000000002 0.7296875 0.7968750000000002 0.7812500000000002 0.7968750000000002
1 0.5953125000000001 0.7203125 0.4875 0.7203125 0.4875000000000001 0.865625 0.5953125000000001 0.865625
1 0.49218750000000017 0.728125 0.41406250000000017 0.728125 0.41406250000000017 0.84375 0.49218750000000017 0.84375
1 0.35625000000000007 0.4515625 0.2531250000000001 0.4515625 0.2531250000000001 0.578125 0.35625000000000007 0.578125
1 0.27812500000000007 0.465625 0.2171875000000001 0.465625 0.2171875000000001 0.553125 0.27812500000000007 0.553125
1 0.2765625000000001 0.5296875 0.18125000000000005 0.5296875 0.18125000000000008 0.6734375 0.2765625000000001 0.6734375
1 0.1531250000000001 0.71875 0.05156250000000009 0.71875 0.0515625000000001 0.8984375 0.1531250000000001 0.8984375
1 0.28593750000000007 0.8484375 0.13281250000000008 0.8484375 0.1328125000000001 0.9859375 0.28593750000000007 0.9859375
1 0.2375000000000001 0.7265625 0.1750000000000001 0.7265625 0.1750000000000001 0.85625 0.2375000000000001 0.85625
1 0.2984375000000001 0.7265625 0.2328125000000001 0.7265625 0.2328125000000001 0.859375 0.2984375000000001 0.859375
1 0.35625000000000007 0.7921875 0.2765625000000001 0.7921875 0.2765625000000001 0.9921875 0.35625000000000007 0.9921875
1 0.3765625000000001 0.734375 0.3125000000000001 0.734375 0.3125000000000001 0.8640625 0.3765625000000001 0.8640625
1 0.3890625000000001 0.6375 0.3062500000000001 0.6375 0.3062500000000001 0.75 0.3890625000000001 0.75
1 0.515625 0.4703125 0.4453125 0.4703125 0.4453125 0.6078125 0.515625 0.6078125
1 0.5390625 0.3937500000000001 0.5 0.3937500000000001 0.5 0.4640625 0.5390625 0.4640625
1 0.5796875 0.3890625000000001 0.54375 0.3890625000000001 0.54375 0.475 0.5796875 0.475
1 0.65625 0.4671875 0.5828125 0.4671875 0.5828125 0.5828125 0.65625 0.5828125
1 0.55625 0.578125 0.4921875 0.578125 0.4921875 0.6734375 0.55625 0.6734375
1 0.621875 0.3890625000000001 0.575 0.3890625000000001 0.575 0.4640625 0.621875 0.4640625
1 0.6328125000000002 0.8 0.5734375000000002 0.8 0.5734375000000002 0.9078125 0.6328125000000002 0.9078125
1 0.740625 0.5359375000000001 0.6890625 0.5359375 0.6890625 0.6187500000000001 0.740625 0.6187500000000001
1 0.484375 0.3890625000000001 0.3984375000000001 0.3890625000000001 0.3984375000000001 0.4984375 0.484375 0.4984375
1 0.4859375 0.2718750000000001 0.4078125 0.2718750000000001 0.4078125 0.3734375000000001 0.4859375 0.3734375000000001
1 0.415625 0.55625 0.34062500000000007 0.55625 0.34062500000000007 0.6671875 0.415625 0.6671875
1 0.2515625000000001 0.4078125 0.20312500000000008 0.4078125 0.20312500000000008 0.484375 0.2515625000000001 0.484375
1 0.22812500000000008 0.59375 0.1671875000000001 0.59375 0.1671875000000001 0.7125 0.22812500000000008 0.7125
1 0.4078125 0.2671875 0.359375 0.2671875 0.359375 0.35625000000000007 0.4078125 0.35625000000000007
1 0.4390625000000002 0.85 0.3515625000000001 0.85 0.3515625000000001 0.9859375 0.4390625000000002 0.9859375
1 0.3437500000000001 0.403125 0.3109375000000001 0.403125 0.3109375000000001 0.4703125 0.3437500000000001 0.4703125
1 0.4546875 0.490625 0.3687500000000001 0.490625 0.3687500000000001 0.5859375 0.4546875 0.5859375
1 0.459375 0.584375 0.4125 0.584375 0.4125 0.6984375 0.459375 0.6984375
1 0.3796875 0.12656250000000005 0.3125 0.12656250000000005 0.3125 0.28437500000000004 0.3796875 0.2843750000000001
1 0.6640625 0.578125 0.615625 0.578125 0.615625 0.65 0.6640625 0.65
1 0.759375 0.18906250000000008 0.7078125 0.18906250000000008 0.7078125 0.2718750000000001 0.759375 0.2718750000000001
1 0.29531250000000003 0.3109375 0.228125 0.3109375 0.22812500000000005 0.3890625 0.2953125000000001 0.3890625
1 0.3687500000000001 0.39687500000000003 0.3359375000000001 0.396875 0.3359375000000001 0.48125 0.3687500000000001 0.48125
1 0.525 0.13906250000000003 0.4703125 0.13906250000000003 0.4703125 0.2531250000000001 0.525 0.2531250000000001
1 0.6609375000000002 0.7296875 0.6062500000000002 0.7296875 0.6062500000000002 0.8078125 0.6609375000000002 0.8078125
1 0.61875 0.5859375 0.571875 0.5859375 0.571875 0.6671875 0.61875 0.6671875
1 0.22656250000000008 0.4875 0.18906250000000005 0.4875 0.18906250000000008 0.559375 0.22656250000000008 0.559375
1 0.6703125 0.12343750000000009 0.6125 0.12343750000000009 0.6125 0.2140625000000001 0.6703125 0.2140625000000001
1 0.7109375 0.503125 0.6703125 0.503125 0.6703125 0.565625 0.7109375 0.565625
1 0.7328125000000002 0.7953125000000001 0.6765625000000002 0.7953125 0.6765625000000002 0.8765625 0.7328125000000002 0.8765625
1 0.871875 0.5515625000000002 0.815625 0.5515625000000002 0.815625 0.6109375000000001 0.871875 0.6109375000000001
1 0.6140625 0.2734375000000001 0.5765625 0.2734375000000001 0.5765625 0.3359375000000001 0.6140625 0.3359375000000001
1 0.5578125000000002 0.9 0.4421875000000002 0.9 0.4421875000000002 1 0.5578125000000002 1
1 0.6953125 0.45 0.628125 0.45 0.628125 0.525 0.6953125 0.525
1 0.7234375000000002 0.865625 0.6578125000000001 0.865625 0.6578125000000001 0.9515625 0.7234375000000002 0.9515625
1 0.8046875 0.7968750000000002 0.7406250000000002 0.7968750000000002 0.7406250000000002 0.8875 0.8046875 0.8875
1 0.5593750000000002 0.8359375 0.5140625000000002 0.8359375 0.5140625000000002 0.928125 0.5593750000000002 0.928125
1 0.41718750000000016 0.74375 0.3703125000000001 0.74375 0.3703125000000001 0.821875 0.41718750000000016 0.821875
1 0.70625 0.12031250000000009 0.671875 0.12031250000000009 0.671875 0.1859375000000001 0.70625 0.1859375000000001
1 0.3031250000000001 0.4015625 0.22656250000000008 0.4015625 0.22656250000000008 0.484375 0.3031250000000001 0.484375
1 0.6859375000000002 0.8078125 0.6500000000000001 0.8078125 0.6500000000000001 0.88125 0.6859375000000002 0.88125
1 0.6343750000000001 0.9 0.5750000000000002 0.9 0.5750000000000002 0.9875 0.6343750000000001 0.9875
1 0.4765625 0.11250000000000004 0.434375 0.11250000000000004 0.434375 0.2000000000000001 0.4765625 0.2000000000000001
1 0.4703125000000002 0.8078125 0.4109375000000002 0.8078125 0.4109375000000002 0.9015625 0.4703125000000002 0.9015625
1 0.696875 0.3843750000000001 0.6171875 0.3843750000000001 0.6171875 0.4546875 0.696875 0.4546875
1 0.328125 0.001562500000000035 0.24375 0.0015625000000000298 0.24375 0.07343750000000003 0.328125 0.07343750000000004
1 0.409375 0.3656250000000001 0.36406250000000007 0.3656250000000001 0.36406250000000007 0.490625 0.409375 0.490625
1 0.3171875 0.12031250000000004 0.2546875 0.12031250000000004 0.2546875 0.19375000000000003 0.3171875 0.19375000000000003
1 0.3203125 0.17656250000000004 0.2578125 0.17656250000000004 0.2578125 0.2328125 0.3203125 0.2328125
1 0.771875 0.3046875000000001 0.73125 0.3046875000000001 0.73125 0.3687500000000001 0.771875 0.3687500000000001
1 0.7703125 0.05312500000000009 0.7359375 0.05312500000000009 0.7359375 0.10468750000000009 0.7703125 0.10468750000000009
1 0.3265625000000001 0.5515625 0.25468750000000007 0.5515625 0.25468750000000007 0.665625 0.3265625000000001 0.665625
1 0.5171875000000001 0.8109375 0.4671875000000002 0.8109375 0.4671875000000002 0.9046875 0.5171875000000001 0.9046875
1 0.615625 0.10937500000000008 0.5796875 0.10937500000000008 0.5796875 0.18750000000000008 0.615625 0.18750000000000008
1 0.36875 0.19375000000000003 0.2515625 0.19375000000000003 0.2515625 0.36562500000000003 0.3687500000000001 0.3656250000000001