1 0.3828125000000001 0.6375 0.3281250000000001 0.6375 0.3281250000000001 0.7890625 0.3828125000000001 0.7890625
1 0.18125000000000008 0.753125 0.11875000000000009 0.753125 0.11875000000000009 0.89375 0.18125000000000008 0.89375
1 0.4359375000000001 0.634375 0.3781250000000001 0.634375 0.3781250000000001 0.7796875 0.4359375000000002 0.7796875
1 0.5328125 0.3156250000000001 0.484375 0.3156250000000001 0.484375 0.4546875 0.5328125 0.4546875
1 0.4937500000000001 0.6828125 0.4328125 0.6828125 0.4328125000000001 0.8046875 0.4937500000000002 0.8046875
1 0.6312500000000001 0.6296875 0.559375 0.6296875 0.5593750000000001 0.7375 0.6312500000000002 0.7375
1 0.6734375 0.09531250000000008 0.621875 0.09531250000000006 0.621875 0.1843750000000001 0.6734375 0.1843750000000001
1 0.6359375 0.13281250000000008 0.5765625 0.13281250000000008 0.5765625 0.2234375000000001 0.6359375 0.2234375000000001
1 0.74375 0.4390625000000001 0.6671875 0.4390625 0.6671875 0.5203125000000001 0.74375 0.5203125000000002
1 0.7953125 0.5187500000000002 0.74375 0.5187500000000002 0.74375 0.5812500000000002 0.7953125 0.5812500000000002
1 0.6843750000000001 0.63125 0.625 0.63125 0.6250000000000001 0.753125 0.6843750000000002 0.753125
1 0.2875 0.056250000000000036 0.2109375 0.05625000000000002 0.2109375 0.15312500000000004 0.2875 0.15312500000000004
1 0.5 0.45625 0.4578125 0.45625 0.4578125 0.5234375 0.5 0.5234375
1 0.590625 0.18125000000000008 0.5328125 0.18125000000000005 0.5328125 0.2609375000000001 0.590625 0.2609375000000001
1 0.48125 0.4765625 0.4046875 0.4765625 0.4046875 0.5640625 0.48125 0.5640625
1 0.759375 0.3000000000000001 0.71875 0.3000000000000001 0.71875 0.3703125000000001 0.759375 0.3703125000000001
1 0.6203125 0.35625000000000007 0.5765625 0.35625000000000007 0.5765625 0.4578125 0.6203125 0.4578125
1 0.6734375000000001 0.7421875 0.5953125000000001 0.7421875 0.5953125000000001 0.85 0.6734375000000001 0.85
1 0.353125 0.07656250000000005 0.30625 0.07656250000000005 0.30625 0.15937500000000004 0.353125 0.15937500000000004
1 0.7953125 0.30156250000000007 0.7546875 0.30156250000000007 0.7546875 0.3812500000000001 0.7953125 0.3812500000000001
1 0.4046875 0.45625 0.2875000000000001 0.45625 0.2875000000000001 0.565625 0.4046875 0.565625
1 0.5718750000000001 0.715625 0.5109375 0.715625 0.5109375 0.8640625 0.5718750000000001 0.8640625
1 0.8546875 0.6187500000000001 0.8078125 0.6187500000000001 0.8078125 0.6921875000000002 0.8546875 0.6921875000000002
1 0.6640625 0.3703125000000001 0.6203125 0.3703125000000001 0.6203125 0.4484375 0.6640625 0.4484375
1 0.4125 0.33593750000000006 0.35 0.3359375 0.35000000000000003 0.4609375 0.4125 0.4609375
1 0.4515625 0.40625 0.4203125 0.40625 0.4203125 0.48125 0.4515625 0.48125
1 0.19687500000000008 0.490625 0.13125000000000003 0.490625 0.13125000000000006 0.6015625 0.19687500000000008 0.6015625
1 0.6484375 0.45625 0.565625 0.45625 0.565625 0.565625 0.6484375 0.565625
1 0.578125 0.3312500000000001 0.5296875 0.3312500000000001 0.5296875 0.4578125 0.578125 0.4578125
1 0.2734375000000001 0.8140625 0.1750000000000001 0.8140625 0.1750000000000001 0.9203125 0.2734375000000001 0.9203125
1 0.39062500000000006 0.28437500000000004 0.3296875 0.284375 0.3296875 0.3921875 0.3906250000000001 0.3921875000000001
1 0.3515625000000001 0.3734375 0.2906250000000001 0.3734375 0.2906250000000001 0.465625 0.3515625000000001 0.465625
1 0.465625 0.10312500000000005 0.39375 0.10312500000000005 0.39375 0.2171875000000001 0.465625 0.2171875000000001
1 0.15937500000000004 0.29375 0.10156250000000004 0.29375 0.10156250000000004 0.3859375 0.15937500000000004 0.3859375
1 0.4375 0.3296875000000001 0.3921875 0.3296875000000001 0.3921875 0.4140625 0.4375 0.4140625
1 0.5640625 0.621875 0.5203125 0.621875 0.5203125 0.715625 0.5640625 0.715625
1 0.3296875 0.11718750000000004 0.2546875 0.11718750000000004 0.2546875 0.215625 0.3296875 0.215625
1 0.2609375000000001 0.7046875 0.1593750000000001 0.7046875 0.1593750000000001 0.828125 0.2609375000000001 0.828125
1 0.47656250000000017 0.775 0.3750000000000001 0.775 0.3750000000000001 0.896875 0.47656250000000017 0.896875
1 0.33437500000000003 0.2875 0.2375 0.2875 0.23750000000000004 0.3859375 0.3343750000000001 0.3859375
1 0.603125 0.2906250000000001 0.55625 0.2906250000000001 0.55625 0.3687500000000001 0.603125 0.3687500000000001
1 0.5 0.2593750000000001 0.4296875 0.2593750000000001 0.4296875 0.403125 0.5 0.403125
1 0.3281250000000001 0.6453125 0.2515625000000001 0.6453125 0.2515625000000001 0.834375 0.3281250000000001 0.834375
1 0.6359375 7.433988772949167e-17 0.578125 7.079989307570636e-17 0.578125 0.09375000000000008 0.6359375 0.09375000000000008
1 0.4390625 0.19062500000000004 0.3984375 0.19062500000000004 0.3984375 0.2734375000000001 0.4390625 0.2734375000000001
1 0.3890625 0.14843750000000006 0.315625 0.14843750000000006 0.315625 0.27656250000000004 0.3890625 0.2765625000000001
1 0.5203125 0.628125 0.4609375 0.628125 0.4609375 0.71875 0.5203125 0.71875
1 0.2750000000000001 0.4515625 0.17812500000000003 0.4515625 0.17812500000000006 0.5546875 0.2750000000000001 0.5546875
1 0.1968750000000001 0.8796875 0.14062500000000008 0.8796875 0.1406250000000001 0.959375 0.19687500000000013 0.959375
1 0.6125 0.08750000000000006 0.578125 0.08750000000000006 0.578125 0.14218750000000008 0.6125 0.14218750000000008
1 0.6828125 0.26250000000000007 0.6265625 0.26250000000000007 0.6265625 0.39531250000000007 0.6828125 0.39531250000000007
1 0.259375 2.602374448188126e-17 0.165625 2.0283212610878037e-17 0.165625 0.09062500000000002 0.259375 0.09062500000000002
1 0.18750000000000008 0.65 0.12500000000000008 0.65 0.12500000000000008 0.7578125 0.18750000000000008 0.7578125
1 0.29218750000000004 0.3421875 0.17812500000000003 0.3421875 0.17812500000000003 0.459375 0.2921875000000001 0.459375
1 0.4546875 0.003125000000000052 0.4 0.0031250000000000487 0.4 0.09375000000000006 0.4546875 0.09375000000000007
1 0.3906250000000001 0.784375 0.3156250000000001 0.784375 0.3156250000000001 0.9171875 0.3906250000000001 0.9171875
1 0.5578125 0.012500000000000063 0.5140625 0.012500000000000061 0.5140625 0.08437500000000006 0.5578125 0.08437500000000006
1 0.484375 0.05781250000000006 0.4390625 0.057812500000000044 0.4390625 0.12812500000000004 0.484375 0.12812500000000004
1 0.2796875 0.13437500000000005 0.196875 0.13437500000000005 0.19687500000000002 0.2890625 0.2796875 0.2890625
1 0.7125 0.3609375000000001 0.6671875 0.3609375000000001 0.6671875 0.4375 0.7125 0.4375
1 0.7 0.006250000000000084 0.646875 0.00625000000000008 0.646875 0.08437500000000009 0.7 0.08437500000000009
1 0.5140625 5.912747827133314e-17 0.4515625 5.5300457023997667e-17 0.4515625 0.08281250000000005 0.5140625 0.08281250000000007
1 0.4046875 0.02343750000000005 0.3453125 0.023437500000000045 0.3453125 0.15468750000000003 0.4046875 0.15468750000000003
1 0.53125 0.07656250000000006 0.4578125 0.07656250000000006 0.4578125 0.2718750000000001 0.53125 0.2718750000000001
1 0.634375 0.2890625000000001 0.6015625 0.2890625000000001 0.6015625 0.3812500000000001 0.634375 0.3812500000000001
1 0.7203125 0.2593750000000001 0.66875 0.2593750000000001 0.66875 0.36406250000000007 0.7203125 0.36406250000000007
1 0.5546875 0.06406250000000006 0.5 0.06406250000000006 0.5 0.17031250000000006 0.5546875 0.1703125000000001
1 0.221875 0.13281250000000006 0.1890625 0.13281250000000006 0.18906250000000002 0.19218750000000004 0.221875 0.19218750000000004
1 0.20468750000000005 0.3390625 0.15000000000000005 0.3390625 0.15000000000000005 0.415625 0.20468750000000008 0.415625
1 0.7671875 9.04133769683007e-17 0.709375 8.687338231451536e-17 0.709375 0.07656250000000009 0.7671875 0.07656250000000009
1 0.8484375 0.2765625000000001 0.8109375 0.2765625000000001 0.8109375 0.3359375000000001 0.8484375 0.3359375000000001
1 0.2000000000000001 0.403125 0.15156250000000004 0.403125 0.15156250000000004 0.48125 0.2000000000000001 0.48125
1 0.821875 0.7281250000000001 0.7859375000000002 0.7281250000000001 0.7859375000000002 0.7750000000000001 0.821875 0.7750000000000001
1 0.3078125 0.010937500000000036 0.26875 0.010937500000000034 0.26875 0.10156250000000004 0.3078125 0.10156250000000004
1 0.2687500000000001 0.9625 0.21093750000000008 0.9625 0.21093750000000008 1 0.2687500000000001 1
1 0.840625 0.13437500000000008 0.79375 0.13437500000000008 0.79375 0.20312500000000008 0.840625 0.20312500000000008
1 0.2078125000000001 0.9640625 0.15312500000000012 0.9640625 0.15312500000000012 1 0.2078125000000001 1
1 0.5828125 0.02031250000000007 0.5609375 0.020312500000000067 0.5609375 0.07500000000000007 0.5828125 0.07500000000000007
1 0.7953125 0.40937500000000016 0.7609375 0.40937500000000016 0.7609375 0.45312500000000017 0.7953125 0.45312500000000017
1 0.7578125000000002 0.9390625 0.6890625000000001 0.9390625 0.6890625000000001 1 0.7578125000000002 1
1 0.2640625000000001 0.6484375 0.22031250000000008 0.6484375 0.22031250000000008 0.7078125 0.2640625000000001 0.7078125
1 0.5453125 0.496875 0.51875 0.496875 0.51875 0.5375 0.5453125 0.5375
1 0.375 0.014062500000000044 0.346875 0.014062500000000044 0.346875 0.07187500000000005 0.375 0.07187500000000005
1 0.228125 0.2015625 0.18281250000000004 0.2015625 0.18281250000000004 0.259375 0.228125 0.259375
1 0.3578125000000001 0.9578125 0.28593750000000007 0.9578125 0.28593750000000007 1 0.3578125000000001 1
1 0.4187500000000002 0.9515625 0.3609375000000001 0.9515625 0.3609375000000001 1 0.4187500000000002 1
1 0.5109375000000002 0.95 0.4312500000000002 0.95 0.4312500000000002 1 0.5109375000000002 1
1 0.6406250000000002 0.9421875 0.5859375000000002 0.9421875 0.5859375000000002 1 0.6406250000000002 1
1 0.6953125000000002 0.9390625 0.6328125000000002 0.9390625 0.6328125000000002 1 0.6953125000000002 1
1 0.5921875000000002 0.94375 0.5296875000000002 0.94375 0.5296875000000002 1 0.5921875000000002 1
1 0.8078125 0.6218750000000002 0.7796875 0.6218750000000002 0.7796875 0.6656250000000001 0.8078125 0.6656250000000001