1 0.6796875000000002 0.7453125 0.5578125000000002 0.7453125 0.5578125000000002 0.84375 0.6796875000000002 0.84375
1 0.28593750000000007 0.61875 0.16562500000000008 0.61875 0.16562500000000008 0.7203125 0.28593750000000007 0.7203125
1 0.3046875000000001 0.7890625 0.18750000000000008 0.7890625 0.18750000000000008 0.896875 0.3046875000000001 0.896875
1 0.615625 0.4265625 0.503125 0.4265625 0.503125 0.5234375 0.615625 0.5234375
1 0.4875000000000001 0.7171875 0.4015625 0.7171875 0.4015625000000001 0.7984375 0.48750000000000016 0.7984375
1 0.98125 0.7921875000000002 0.890625 0.7921875000000002 0.890625 0.875 0.98125 0.875
1 0.5750000000000002 0.78125 0.44843750000000016 0.78125 0.44843750000000016 0.85625 0.5750000000000002 0.85625
1 0.9734375 0.2062500000000001 0.8875 0.2062500000000001 0.8875 0.2875000000000001 0.9734375 0.2875000000000001
1 0.6015625 0.5171875 0.478125 0.5171875 0.478125 0.6140625 0.6015625 0.6140625
1 0.3078125000000001 0.7234375 0.1437500000000001 0.7234375 0.1437500000000001 0.8171875 0.3078125000000001 0.8171875
1 0.9859375 0.6093750000000002 0.8625 0.6093750000000002 0.8625 0.7265625000000002 0.9859375 0.7265625000000002
1 0.3859375000000001 0.7609375 0.28593750000000007 0.7609375 0.28593750000000007 0.8765625 0.3859375000000001 0.8765625
1 0.2750000000000001 0.853125 0.12656250000000008 0.853125 0.1265625000000001 0.93125 0.2750000000000001 0.93125
1 0.15312500000000004 0.35 0.04531250000000005 0.35 0.04531250000000005 0.4453125 0.15312500000000004 0.4453125
1 0.58125 0.709375 0.4890625 0.709375 0.48906250000000007 0.7984375 0.5812500000000002 0.7984375
1 0.5546875 0.653125 0.428125 0.653125 0.428125 0.7234375 0.5546875 0.7234375
1 0.5328125 0.3656250000000001 0.425 0.3656250000000001 0.425 0.453125 0.5328125 0.453125
1 0.7671875000000001 0.7437500000000001 0.6765625000000002 0.74375 0.6765625000000002 0.8171875 0.7671875000000001 0.8171875
1 0.759375 0.5890625 0.6265625 0.5890625 0.6265625 0.6828125 0.759375 0.6828125000000002
1 0.9015625 0.8015625 0.825 0.8015625 0.825 0.8703125 0.9015625 0.8703125
1 0.7625000000000001 0.6703125000000001 0.6140625 0.6703125 0.6140625000000001 0.7562500000000001 0.7625000000000002 0.7562500000000002
1 0.3906250000000001 0.565625 0.2609375000000001 0.565625 0.2609375000000001 0.65 0.3906250000000001 0.65
1 0.3843750000000001 0.6484375 0.2578125000000001 0.6484375 0.2578125000000001 0.7203125 0.3843750000000001 0.7203125
1 0.9921875 0.2453125000000001 0.934375 0.2453125000000001 0.934375 0.3203125000000001 0.9921875 0.3203125000000001
1 0.9828125 0.7078125000000002 0.9140625 0.7078125000000002 0.9140625 0.7906250000000001 0.9828125 0.7906250000000001
1 0.6515625 0.5734375 0.565625 0.5734375 0.565625 0.653125 0.6515625 0.653125
1 0.6140625 0.23593750000000008 0.51875 0.23593750000000008 0.51875 0.3187500000000001 0.6140625 0.3187500000000001
1 0.9546875 0.2828125000000001 0.8609375 0.2828125000000001 0.8609375 0.3500000000000001 0.9546875 0.3500000000000001
1 0.3937500000000001 0.703125 0.2968750000000001 0.703125 0.2968750000000001 0.7734375 0.3937500000000001 0.7734375
1 0.4 0.46875 0.2578125000000001 0.46875 0.2578125000000001 0.534375 0.4 0.534375
1 0.996875 0.06250000000000011 0.9265625 0.06250000000000011 0.9265625 0.13437500000000013 0.996875 0.13437500000000013
1 0.8953125 0.46406250000000016 0.81875 0.46406250000000016 0.81875 0.5203125000000002 0.8953125 0.5203125000000002
1 0.7609375 0.4234375000000001 0.6390625 0.4234375 0.6390625 0.5109375 0.7609375 0.5109375000000002
1 0.6484375 0.3390625000000001 0.515625 0.3390625000000001 0.515625 0.41875 0.6484375 0.41875
1 0.690625 0.1984375000000001 0.6015625 0.1984375000000001 0.6015625 0.2843750000000001 0.690625 0.2843750000000001
1 0.9890625 0.3890625000000001 0.9390625 0.3890625000000001 0.9390625 0.46093750000000017 0.9890625 0.46093750000000017
1 0.3187500000000001 0.4265625 0.18281250000000004 0.4265625 0.18281250000000004 0.490625 0.3187500000000001 0.490625
1 0.26250000000000007 0.3390625 0.17031250000000003 0.3390625 0.17031250000000003 0.415625 0.26250000000000007 0.415625
1 0.7640625 0.5171875000000001 0.6421875 0.5171875 0.6421875 0.5875000000000001 0.7640625 0.5875000000000001
1 0.3828125000000001 0.521875 0.2734375000000001 0.521875 0.2734375000000001 0.5796875 0.3828125000000001 0.5796875
1 0.9484375 0.3984375000000001 0.85625 0.3984375000000001 0.85625 0.4546875000000002 0.9484375 0.4546875000000002
1 0.1765625000000001 0.7796875 0.08906250000000009 0.7796875 0.0890625000000001 0.8421875 0.1765625000000001 0.8421875
1 0.9890625 0.4578125000000002 0.9375 0.4578125000000002 0.9375 0.5140625000000002 0.9890625 0.5140625000000002
1 0.7625 0.31718750000000007 0.6796875 0.31718750000000007 0.6796875 0.39531250000000007 0.7625 0.39531250000000007
1 0.19687500000000005 0.309375 0.09218750000000005 0.309375 0.09218750000000005 0.3796875 0.19687500000000005 0.3796875
1 0.5890625 0.5984375 0.48125 0.5984375 0.48125 0.66875 0.5890625 0.66875
1 0.7109375 0.4796875 0.59375 0.4796875 0.59375 0.55 0.7109375 0.55
1 0.026562500000000083 0.6578125 8.055879725641184e-17 0.6578125 8.66820312521486e-17 0.7578125 0.02656250000000009 0.7578125
1 0.6359375 0.6859375 0.5484375 0.6859375 0.5484375000000001 0.7515625 0.6359375000000002 0.7515625
1 0.7640625 0.09687500000000009 0.7015625 0.09687500000000009 0.7015625 0.14843750000000008 0.7640625 0.14843750000000008
1 0.2046875 0.203125 0.08750000000000002 0.203125 0.08750000000000002 0.2703125 0.2046875 0.2703125
1 0.09687500000000002 0.1796875 2.2005372172179003e-17 0.1796875 2.5736717888331094e-17 0.240625 0.09687500000000002 0.240625
1 0.990625 0.3109375000000001 0.9453125 0.3109375000000001 0.9453125 0.36406250000000007 0.990625 0.36406250000000007
1 0.2125 0.2515625 0.09531250000000002 0.2515625 0.09531250000000004 0.328125 0.2125 0.328125
1 0.9734375 0.3531250000000001 0.8734375 0.3531250000000001 0.8734375 0.40625000000000017 0.9734375 0.40625000000000017
1 0.15625000000000006 0.465625 0.020312500000000056 0.465625 0.02031250000000006 0.5234375 0.15625000000000006 0.5234375
1 0.021875000000000103 0.7671875 9.3953371622086e-17 0.7671875 1.0112903646084002e-16 0.884375 0.02187500000000011 0.884375
1 0.934375 0.1671875000000001 0.8515625 0.1671875000000001 0.8515625 0.22031250000000008 0.934375 0.22031250000000008
1 0.35625000000000007 0.3546875 0.2453125 0.3546875 0.24531250000000004 0.415625 0.35625000000000007 0.415625
1 0.19062500000000002 0.16250000000000003 0.09375000000000003 0.1625 0.09375000000000003 0.2203125 0.19062500000000004 0.2203125
1 0.4015625 0.12812500000000004 0.33125 0.12812500000000004 0.33125 0.17812500000000003 0.4015625 0.17812500000000003
1 0.409375 0.24531250000000004 0.2859375 0.2453125 0.2859375 0.31875000000000003 0.409375 0.3187500000000001
1 0.9875 0.5093750000000001 0.8375 0.5093750000000001 0.8375 0.6093750000000002 0.9875 0.6093750000000002
1 0.5453125 0.2140625000000001 0.484375 0.2140625000000001 0.484375 0.2593750000000001 0.5453125 0.2593750000000001
1 0.04218750000000003 0.2359375 2.8894010417382865e-17 0.2359375 3.2529680602351567e-17 0.2953125 0.04218750000000003 0.2953125
1 0.02968750000000008 0.5953125 7.290475476174086e-17 0.5953125 7.682745154025974e-17 0.659375 0.02968750000000008 0.659375
1 0.725 0.2828125000000001 0.60625 0.2828125000000001 0.60625 0.34843750000000007 0.725 0.34843750000000007
1 0.99375 0.19687500000000013 0.9578125 0.19687500000000013 0.9578125 0.2531250000000001 0.99375 0.2531250000000001
1 0.39687500000000003 0.31250000000000006 0.3046875 0.3125 0.30468750000000006 0.36718750000000006 0.3968750000000001 0.3671875000000001
1 0.026562500000000072 0.5375 6.582476545417023e-17 0.5375 6.97474622326891e-17 0.6015625 0.02656250000000008 0.6015625
1 0.03437500000000006 0.434375 5.319559533796316e-17 0.434375 5.606586127346476e-17 0.48125 0.03437500000000006 0.48125
1 0.6140625 0.3109375000000001 0.503125 0.3109375000000001 0.503125 0.35625000000000007 0.6140625 0.35625000000000007
1 0.290625 0.284375 0.17968750000000006 0.284375 0.17968750000000006 0.3453125 0.290625 0.3453125
1 0.69375 0.3703125000000001 0.5953125 0.3703125000000001 0.5953125 0.425 0.69375 0.425
1 0.39531250000000007 0.39375000000000004 0.3031250000000001 0.39375 0.3031250000000001 0.4421875 0.39531250000000007 0.4421875
1 0.2750000000000001 0.4015625 0.18906250000000005 0.4015625 0.18906250000000005 0.4390625 0.2750000000000001 0.4390625
1 0.8421875 0.14218750000000008 0.790625 0.14218750000000008 0.790625 0.18750000000000008 0.8421875 0.18750000000000008
1 0.6546875 0.534375 0.575 0.534375 0.575 0.584375 0.6546875 0.584375
1 0.3984375000000001 0.4296875 0.3125000000000001 0.4296875 0.3125000000000001 0.4734375 0.3984375000000001 0.4734375
1 0.78125 0.2640625000000001 0.6890625 0.2640625000000001 0.6890625 0.32500000000000007 0.78125 0.32500000000000007
1 0.31562500000000004 0.31875 0.2484375 0.31875 0.24843750000000003 0.3640625 0.3156250000000001 0.3640625
1 0.05468750000000002 0.1515625 1.8561053049577072e-17 0.1515625 2.152699451626207e-17 0.2 0.05468750000000002 0.2
1 0.02812500000000004 0.2921875 3.5782648662586727e-17 0.2921875 3.970534544110559e-17 0.35625 0.028125000000000046 0.35625
1 0.3078125 0.240625 0.2359375 0.240625 0.2359375 0.2875 0.3078125 0.2875
1 0.7328125 0.22656250000000008 0.68125 0.22656250000000008 0.68125 0.2687500000000001 0.7328125 0.2687500000000001
1 0.98125 0.7718750000000002 0.959375 0.7718750000000002 0.959375 0.8296875 0.98125 0.8296875
1 0.6828125 0.2687500000000001 0.603125 0.2687500000000001 0.603125 0.3187500000000001 0.6828125 0.3187500000000001