1 0.3359375000000001 0.409375 0.17968750000000006 0.409375 0.17968750000000006 0.58125 0.3359375000000001 0.58125
1 0.4625 0.4703125 0.4203125 0.4703125 0.4203125 0.53125 0.4625 0.53125
1 0.5875 0.4234375 0.496875 0.4234375 0.496875 0.525 0.5875 0.525
1 0.54375 0.19218750000000004 0.4609375 0.19218750000000004 0.4609375 0.2843750000000001 0.54375 0.2843750000000001
1 0.6828125 0.05781250000000008 0.6171875 0.057812500000000065 0.6171875 0.1468750000000001 0.6828125 0.1468750000000001
1 0.759375 0.04843750000000009 0.68125 0.04843750000000009 0.68125 0.16562500000000008 0.759375 0.16562500000000008
1 0.2515625 0.025000000000000022 0.121875 0.025000000000000012 0.12187500000000002 0.2171875 0.2515625 0.2171875
1 0.3140625 0.07656250000000003 0.225 0.07656250000000002 0.225 0.2578125 0.3140625 0.2578125
1 0.10781250000000005 0.225 0.042187500000000024 0.225 0.04218750000000003 0.3328125 0.10781250000000005 0.3328125
1 0.08437500000000006 0.415625 5.089938258956187e-17 0.415625 6.16150420821012e-17 0.590625 0.08437500000000006 0.590625
1 0.13750000000000012 0.86875 1.0639119067592632e-16 0.86875 1.1433225976414744e-16 0.9984375 0.13750000000000012 0.9984375
1 0.5125000000000002 0.83125 0.42187500000000017 0.83125 0.42187500000000017 0.91875 0.5125000000000002 0.91875
1 0.6734375000000001 0.940625 0.6156250000000002 0.940625 0.6156250000000002 0.984375 0.6734375000000001 0.984375
1 0.7734375000000002 0.815625 0.6921875000000002 0.815625 0.6921875000000002 0.971875 0.7734375000000002 0.971875
1 0.3421875 3.769615928625447e-17 0.2734375 3.348643591418544e-17 0.2734375 0.026562500000000037 0.3421875 0.026562500000000044
1 0.13125000000000003 0.3015625 0.06250000000000004 0.3015625 0.06250000000000004 0.390625 0.13125000000000003 0.390625
1 0.5687500000000002 0.85625 0.4828125000000002 0.85625 0.4828125000000002 0.9609375 0.5687500000000002 0.9609375
1 0.6765625 0.5359375 0.625 0.5359375 0.625 0.6375 0.6765625 0.6375
1 0.24687500000000004 0.3046875 0.16562500000000005 0.3046875 0.16562500000000005 0.3953125 0.2468750000000001 0.3953125
1 0.215625 2.286645195282949e-17 0.1578125 1.932645729904417e-17 0.1578125 0.017187500000000022 0.215625 0.01718750000000003
1 0.6265625 0.6046875 0.5734375 0.6046875 0.5734375 0.6703125 0.6265625 0.6703125
1 0.22031250000000008 0.4625 0.14062500000000006 0.4625 0.14062500000000006 0.5625 0.22031250000000008 0.5625
1 0.159375 1.4255654146324658e-17 0.0734375 8.993499931238374e-18 0.0734375 0.048437500000000015 0.159375 0.04843750000000002
1 0.13437500000000002 0.039062500000000014 0.053125 0.039062500000000014 0.05312500000000001 0.20625 0.13437500000000005 0.20625
1 0.7984375000000001 0.834375 0.7406250000000002 0.834375 0.7406250000000002 0.928125 0.7984375000000001 0.928125
1 0.18281250000000002 0.10781250000000002 0.1046875 0.1078125 0.10468750000000002 0.2625 0.18281250000000004 0.2625
1 0.209375 2.085726579797836e-17 0.13125 1.607348923880901e-17 0.13125 0.07812500000000003 0.209375 0.07812500000000003
1 0.365625 4.247993584542381e-17 0.328125 4.0183723097022526e-17 0.328125 0.029687500000000044 0.365625 0.029687500000000044