1 0.80625 0.81875 0.6750000000000002 0.81875 0.6750000000000002 0.9265625 0.80625 0.9265625
1 0.88125 0.7890625000000002 0.7750000000000001 0.7890625000000002 0.7750000000000001 0.8828125 0.88125 0.8828125
1 0.7968750000000001 0.7234375000000001 0.671875 0.7234375 0.6718750000000001 0.825 0.7968750000000002 0.825
1 0.4125000000000002 0.775 0.3031250000000001 0.775 0.3031250000000001 0.8703125 0.4125000000000002 0.8703125
1 0.28593750000000007 0.7546875 0.1375000000000001 0.7546875 0.1375000000000001 0.8734375 0.28593750000000007 0.8734375
1 0.371875 0.26406250000000003 0.278125 0.2640625 0.278125 0.35781250000000003 0.371875 0.3578125000000001
1 0.5203125000000002 0.7890625 0.40625000000000017 0.7890625 0.40625000000000017 0.8640625 0.5203125000000002 0.8640625
1 0.509375 0.5515625 0.3890625000000001 0.5515625 0.3890625000000001 0.6296875 0.509375 0.6296875
1 0.796875 0.6156250000000001 0.6640625 0.615625 0.6640625 0.7140625 0.796875 0.7140625000000002
1 0.44218750000000007 0.6828125 0.3296875000000001 0.6828125 0.3296875000000001 0.784375 0.4421875000000002 0.784375
1 0.465625 0.628125 0.3906250000000001 0.628125 0.3906250000000001 0.6953125 0.465625 0.6953125
1 0.24687500000000004 0.3359375 0.14843750000000006 0.3359375 0.14843750000000006 0.4125 0.2468750000000001 0.4125
1 0.2078125000000001 0.65625 0.0671875000000001 0.65625 0.0671875000000001 0.75 0.2078125000000001 0.75
1 0.5468750000000001 0.703125 0.39531250000000007 0.703125 0.39531250000000007 0.7953125 0.5468750000000002 0.7953125
1 0.5515625 0.453125 0.453125 0.453125 0.453125 0.525 0.5515625 0.525
1 0.5109375 0.3750000000000001 0.421875 0.3750000000000001 0.421875 0.4515625 0.5109375 0.4515625
1 0.403125 0.5421875 0.2984375000000001 0.5421875 0.2984375000000001 0.6140625 0.403125 0.6140625
1 0.1765625000000001 0.578125 0.08437500000000006 0.578125 0.08437500000000007 0.6453125 0.1765625000000001 0.6453125
1 0.578125 0.3843750000000001 0.5078125 0.3843750000000001 0.5078125 0.4578125 0.578125 0.4578125
1 0.81875 0.6906250000000002 0.7359375 0.6906250000000002 0.7359375000000001 0.7500000000000002 0.81875 0.7500000000000002
1 0.5796875 0.2562500000000001 0.465625 0.2562500000000001 0.465625 0.3203125000000001 0.5796875 0.3203125000000001
1 0.1828125000000001 0.7296875 0.04687500000000009 0.7296875 0.0468750000000001 0.8203125 0.1828125000000001 0.8203125
1 0.95625 0.4312500000000002 0.8265625 0.4312500000000002 0.8265625 0.5171875000000001 0.95625 0.5171875000000001
1 0.3078125000000001 0.5765625 0.21250000000000008 0.5765625 0.21250000000000008 0.6390625 0.3078125000000001 0.6390625
1 0.5765625 0.3140625000000001 0.440625 0.3140625000000001 0.440625 0.3812500000000001 0.5765625 0.3812500000000001
1 0.17968750000000006 0.2859375 0.048437500000000036 0.2859375 0.048437500000000036 0.340625 0.17968750000000006 0.340625
1 0.9203125 0.5796875000000001 0.7671875 0.5796875000000001 0.7671875 0.6531250000000002 0.9203125 0.6531250000000002
1 0.2593750000000001 0.8546875 0.1750000000000001 0.8546875 0.1750000000000001 0.9109375 0.2593750000000001 0.9109375
1 0.3031250000000001 0.40625 0.19218750000000004 0.40625 0.19218750000000004 0.4640625 0.3031250000000001 0.4640625
1 0.7609375 0.5562500000000001 0.640625 0.55625 0.640625 0.6218750000000001 0.7609375 0.6218750000000002
1 0.3906250000000001 0.6171875 0.3125000000000001 0.6171875 0.3125000000000001 0.6734375 0.3906250000000001 0.6734375
1 0.4546875 0.490625 0.31718750000000007 0.490625 0.31718750000000007 0.5484375 0.4546875 0.5484375
1 0.4796875 0.4296875 0.37187500000000007 0.4296875 0.37187500000000007 0.4828125 0.4796875 0.4828125
1 0.16093750000000004 0.365625 0.06250000000000004 0.365625 0.06250000000000004 0.4375 0.16093750000000004 0.4375
1 0.29375000000000007 0.4640625 0.13906250000000003 0.4640625 0.13906250000000003 0.521875 0.29375000000000007 0.521875
1 0.9625 0.5296875000000002 0.859375 0.5296875000000002 0.859375 0.5906250000000002 0.9625 0.5906250000000002
1 0.26250000000000007 0.59375 0.17187500000000008 0.59375 0.17187500000000008 0.65625 0.26250000000000007 0.65625
1 0.20468750000000008 0.409375 0.09375000000000004 0.409375 0.09375000000000006 0.4625 0.20468750000000008 0.4625
1 0.27812500000000007 0.534375 0.16718750000000004 0.534375 0.16718750000000007 0.590625 0.27812500000000007 0.590625
1 0.8984375 0.3062500000000001 0.809375 0.3062500000000001 0.809375 0.3734375000000001 0.8984375 0.3734375000000001
1 0.9203125 0.5015625000000001 0.7609375 0.5015625000000001 0.7609375 0.5687500000000002 0.9203125 0.5687500000000002
1 0.19375000000000006 0.5125 0.04687500000000007 0.5125 0.04687500000000007 0.584375 0.1937500000000001 0.584375
1 0.825 0.5515625000000002 0.7421875 0.5515625000000002 0.7421875 0.6109375000000001 0.825 0.6109375000000001
1 0.94375 0.3609375000000001 0.8203125 0.3609375000000001 0.8203125 0.4234375000000002 0.94375 0.4234375000000002
1 0.7671875 0.37968750000000007 0.6453125 0.37968750000000007 0.6453125 0.4468750000000001 0.7671875 0.4468750000000002
1 0.09843750000000007 0.4828125 0.028125000000000056 0.4828125 0.02812500000000006 0.54375 0.09843750000000007 0.54375
1 0.796875 0.4312500000000001 0.65 0.43125 0.65 0.48906250000000007 0.796875 0.4890625000000002
1 0.9875 0.2968750000000001 0.8890625 0.2968750000000001 0.8890625 0.3593750000000001 0.9875 0.3593750000000001
1 0.4109375 0.45 0.30156250000000007 0.45 0.30156250000000007 0.4984375 0.4109375 0.4984375
1 0.7609375 0.5203125000000001 0.64375 0.5203125 0.64375 0.565625 0.7609375 0.5656250000000002
1 0.78125 0.48125000000000007 0.6484375 0.48125 0.6484375 0.5281250000000001 0.78125 0.5281250000000002
1 0.09375000000000004 0.3125 0.018750000000000037 0.3125 0.01875000000000004 0.3625 0.09375000000000004 0.3625
1 0.9046875 0.2171875000000001 0.8234375 0.2171875000000001 0.8234375 0.27031250000000007 0.9046875 0.27031250000000007
1 0.8046875 0.2718750000000001 0.6890625 0.2718750000000001 0.6890625 0.3187500000000001 0.8046875 0.3187500000000001
1 0.14062500000000006 0.1875 0.07968750000000002 0.1875 0.07968750000000002 0.2265625 0.14062500000000006 0.2265625
1 0.10312500000000009 0.6171875 0.037500000000000075 0.6171875 0.037500000000000075 0.6578125 0.10312500000000009 0.6578125
1 0.6953125 0.2453125000000001 0.6390625 0.2453125000000001 0.6390625 0.29375000000000007 0.6953125 0.29375000000000007
1 0.16562500000000005 0.440625 0.05468750000000004 0.440625 0.054687500000000056 0.5 0.16562500000000005 0.5
1 0.09218750000000006 0.5625 0.032812500000000064 0.5625 0.03281250000000007 0.61875 0.09218750000000006 0.61875
1 0.9484375 0.1953125000000001 0.8859375 0.19531250000000008 0.8859375 0.23593750000000008 0.9484375 0.23593750000000008
1 0.4781250000000002 0.765625 0.3890625000000001 0.765625 0.3890625000000001 0.809375 0.4781250000000002 0.809375
1 0.85 0.40625000000000017 0.7671875 0.40625000000000017 0.7671875 0.4593750000000002 0.85 0.4593750000000002
1 0.8484375 0.4703125000000002 0.7609375 0.4703125000000002 0.7609375 0.5140625000000002 0.8484375 0.5140625000000002
1 0.07500000000000004 0.353125 0.020312500000000046 0.353125 0.020312500000000046 0.4 0.07500000000000004 0.4
1 0.746875 0.3468750000000001 0.6640625 0.3468750000000001 0.6640625 0.3906250000000001 0.746875 0.3906250000000001
1 0.4640625 0.534375 0.3968750000000001 0.534375 0.3968750000000001 0.565625 0.4640625 0.565625
1 0.55 0.2328125000000001 0.5015625 0.2328125000000001 0.5015625 0.2656250000000001 0.55 0.2656250000000001
1 0.503125 0.3031250000000001 0.45 0.3031250000000001 0.45 0.33281250000000007 0.503125 0.33281250000000007
1 0.0937500000000001 0.784375 0.0468750000000001 0.784375 0.0468750000000001 0.834375 0.09375000000000011 0.834375
1 0.834375 0.3734375000000001 0.7484375 0.3734375000000001 0.7484375 0.4234375000000002 0.834375 0.4234375000000002
1 0.14062500000000006 0.225 0.09218750000000002 0.225 0.09218750000000002 0.2546875 0.14062500000000006 0.2546875
1 0.7828125 0.3109375000000001 0.7015625 0.3109375000000001 0.7015625 0.3500000000000001 0.7828125 0.3500000000000001