1 0.6578125 0.2796875000000001 0.596875 0.2796875000000001 0.596875 0.3625000000000001 0.6578125 0.3625000000000001
1 0.71875 0.5171875 0.634375 0.5171875 0.634375 0.615625 0.71875 0.615625
1 0.7265625 0.40312500000000007 0.671875 0.403125 0.671875 0.5078125000000001 0.7265625 0.5078125000000002
1 0.5046875 0.41875 0.4640625 0.41875 0.4640625 0.496875 0.5046875 0.496875
1 0.5421875 0.3843750000000001 0.4875 0.3843750000000001 0.4875 0.4625 0.5421875 0.4625
1 0.2671875 0.12031250000000004 0.1921875 0.12031250000000004 0.1921875 0.2453125 0.2671875 0.2453125
1 0.690625 0.21093750000000008 0.640625 0.21093750000000008 0.640625 0.3125000000000001 0.690625 0.3125000000000001
1 0.409375 0.13593750000000004 0.3453125 0.13593750000000004 0.3453125 0.23750000000000004 0.409375 0.2375000000000001
1 0.3078125000000001 0.56875 0.20312500000000008 0.56875 0.20312500000000008 0.690625 0.3078125000000001 0.690625
1 0.6375 0.4734375 0.55625 0.4734375 0.55625 0.575 0.6375 0.575
1 0.6078125 0.2578125000000001 0.5609375 0.2578125000000001 0.5609375 0.3578125000000001 0.6078125 0.3578125000000001
1 0.5890625000000002 0.803125 0.5203125000000002 0.803125 0.5203125000000002 0.9046875 0.5890625000000002 0.9046875
1 0.515625 0.4921875 0.440625 0.4921875 0.440625 0.5671875 0.515625 0.5671875
1 0.71875 0.22656250000000008 0.68125 0.22656250000000008 0.68125 0.2968750000000001 0.71875 0.2968750000000001
1 0.53125 0.18281250000000004 0.471875 0.18281250000000004 0.471875 0.2609375000000001 0.53125 0.2609375000000001
1 0.6109375000000001 0.890625 0.5406250000000001 0.890625 0.5406250000000001 0.996875 0.6109375000000001 0.996875
1 0.665625 0.4328125 0.58125 0.4328125 0.58125 0.51875 0.665625 0.51875
1 0.703125 0.11875000000000009 0.6234375 0.11875000000000009 0.6234375 0.22656250000000008 0.703125 0.22656250000000008
1 0.3046875000000001 0.475 0.19531250000000006 0.475 0.19531250000000006 0.5765625 0.3046875000000001 0.5765625
1 0.5781250000000001 0.7203125 0.496875 0.7203125 0.49687500000000007 0.8140625 0.5781250000000002 0.8140625
1 0.325 0.15625000000000006 0.2578125 0.15625000000000006 0.2578125 0.2890625 0.325 0.2890625
1 0.5765625 0.409375 0.5359375 0.409375 0.5359375 0.509375 0.5765625 0.509375
1 0.54375 0.25468750000000007 0.465625 0.25468750000000007 0.465625 0.3515625000000001 0.54375 0.3515625000000001
1 0.18750000000000003 0.1609375 0.1203125 0.1609375 0.12031250000000002 0.3203125 0.18750000000000006 0.3203125
1 0.6171875 0.37968750000000007 0.565625 0.37968750000000007 0.565625 0.44375 0.6171875 0.44375
1 0.41093750000000007 0.7046875 0.3281250000000001 0.7046875 0.3281250000000001 0.821875 0.4109375000000002 0.821875
1 0.7421875000000001 0.7171875000000001 0.6453125 0.7171875 0.6453125000000001 0.809375 0.7421875000000002 0.809375
1 0.6578125 0.3828125000000001 0.61875 0.3828125000000001 0.61875 0.4359375 0.6578125 0.4359375
1 0.7843750000000002 0.7593750000000001 0.7171875000000002 0.759375 0.7171875000000002 0.859375 0.7843750000000002 0.859375
1 0.615625 0.18750000000000008 0.5765625 0.18750000000000008 0.5765625 0.2843750000000001 0.615625 0.2843750000000001
1 0.5000000000000002 0.7328125 0.45312500000000017 0.7328125 0.45312500000000017 0.8296875 0.5000000000000002 0.8296875
1 0.3500000000000001 0.3921875 0.2640625000000001 0.3921875 0.2640625000000001 0.5359375 0.3500000000000001 0.5359375
1 0.403125 0.23593750000000005 0.325 0.2359375 0.32500000000000007 0.3921875 0.403125 0.3921875000000001
1 0.790625 9.491012693391987e-17 0.759375 9.299661631025214e-17 0.759375 0.026562500000000093 0.790625 0.0265625000000001
1 0.675 0.08125000000000007 0.63125 0.08125000000000007 0.63125 0.14843750000000008 0.675 0.14843750000000008
1 0.5234375 0.55625 0.4359375 0.55625 0.4359375 0.6890625 0.5234375 0.6890625
1 0.18125000000000005 0.3703125 0.12031250000000004 0.3703125 0.12031250000000004 0.4640625 0.18125000000000005 0.4640625
1 0.3546875 0.2125 0.2984375 0.2125 0.2984375 0.315625 0.3546875 0.315625
1 0.2828125 0.2640625 0.215625 0.2640625 0.215625 0.346875 0.2828125 0.346875
1 0.775 0.2312500000000001 0.728125 0.2312500000000001 0.728125 0.31718750000000007 0.775 0.31718750000000007
1 0.63125 0.08593750000000007 0.5875 0.08593750000000007 0.5875 0.2015625000000001 0.63125 0.2015625000000001
1 0.8296875 0.6906250000000002 0.7609375 0.6906250000000002 0.7609375 0.7984375000000001 0.8296875 0.7984375000000001
1 0.4359375 0.5 0.35625000000000007 0.5 0.35625000000000007 0.659375 0.4359375 0.659375
1 0.5390625000000002 0.8390625 0.4750000000000002 0.8390625 0.4750000000000002 0.9859375 0.5390625000000002 0.9859375
1 0.22812500000000008 0.3796875 0.17656250000000004 0.3796875 0.17656250000000004 0.4984375 0.22812500000000008 0.4984375
1 0.615625 0.007812500000000073 0.5640625 0.00781250000000007 0.5640625 0.07968750000000006 0.615625 0.07968750000000006
1 0.6234375000000002 0.7546875 0.5718750000000001 0.7546875 0.5718750000000001 0.9125 0.6234375000000002 0.9125
1 0.2921875000000001 0.38125 0.22031250000000008 0.38125 0.22031250000000008 0.4796875 0.2921875000000001 0.4796875
1 0.2390625000000001 0.659375 0.14218750000000008 0.659375 0.14218750000000008 0.8421875 0.2390625000000001 0.8421875
1 0.56875 0.48125 0.5109375 0.48125 0.5109375 0.6015625 0.56875 0.6015625
1 0.6562500000000002 0.8828125 0.6000000000000002 0.8828125 0.6000000000000002 0.996875 0.6562500000000002 0.996875
1 0.7421875 0.4437500000000001 0.69375 0.44375 0.69375 0.5328125000000001 0.7421875 0.5328125000000001
1 0.51875 0.12656250000000005 0.478125 0.12656250000000005 0.478125 0.19531250000000006 0.51875 0.19531250000000006
1 0.17187500000000006 0.528125 0.07500000000000007 0.528125 0.07500000000000007 0.63125 0.17187500000000008 0.63125
1 0.4703125 0.4 0.43125 0.4 0.43125 0.4984375 0.4703125 0.4984375
1 0.56875 0.06875000000000006 0.490625 0.06875000000000006 0.490625 0.17968750000000006 0.56875 0.17968750000000008
1 0.3765625000000001 0.4875 0.3218750000000001 0.4875 0.3218750000000001 0.5984375 0.3765625000000001 0.5984375
1 0.3578125000000001 0.734375 0.2640625000000001 0.734375 0.2640625000000001 0.921875 0.3578125000000001 0.921875
1 0.19531250000000006 0.45 0.08906250000000004 0.45 0.08906250000000006 0.5640625 0.19531250000000008 0.5640625
1 0.371875 0.06406250000000004 0.2625 0.06406250000000002 0.2625 0.17812500000000003 0.371875 0.17812500000000003
1 0.7015625000000002 0.9203125 0.6468750000000002 0.9203125 0.6468750000000002 1 0.7015625000000002 1
1 0.6640625000000002 0.7828125 0.6187500000000001 0.7828125 0.6187500000000001 0.921875 0.6640625000000002 0.921875
1 0.7109375 0.37187500000000007 0.6640625 0.37187500000000007 0.6640625 0.425 0.7109375 0.425
1 0.6734375 0.5703125 0.5828125 0.5703125 0.5828125 0.684375 0.6734375 0.684375
1 0.4453125 0.3500000000000001 0.3640625 0.3500000000000001 0.36406250000000007 0.5234375 0.4453125 0.5234375
1 0.58125 0.16250000000000006 0.53125 0.16250000000000003 0.53125 0.3062500000000001 0.58125 0.3062500000000001
1 0.6 0.13281250000000008 0.5671875 0.13281250000000008 0.5671875 0.2015625000000001 0.6 0.2015625000000001
1 0.3656250000000001 0.5796875 0.3078125000000001 0.5796875 0.3078125000000001 0.728125 0.3656250000000001 0.728125
1 0.6390625 0.2234375000000001 0.609375 0.2234375000000001 0.609375 0.2953125000000001 0.6390625 0.2953125000000001
1 0.4203125 0.018750000000000048 0.365625 0.018750000000000044 0.365625 0.15937500000000004 0.4203125 0.15937500000000004
1 0.703125 0.3046875000000001 0.6671875 0.3046875000000001 0.6671875 0.3531250000000001 0.703125 0.3531250000000001
1 0.3062500000000001 0.7609375 0.1984375000000001 0.7609375 0.1984375000000001 0.9953125 0.3062500000000001 0.9953125
1 0.22656250000000008 0.55 0.1703125000000001 0.55 0.1703125000000001 0.671875 0.22656250000000008 0.671875
1 0.3234375 0.009375000000000036 0.2625 0.009375000000000033 0.2625 0.07187500000000004 0.3234375 0.07187500000000005
1 0.3296875 0.3078125 0.271875 0.3078125 0.27187500000000003 0.378125 0.3296875000000001 0.378125
1 0.2875 0.09843750000000004 0.240625 0.09843750000000002 0.240625 0.16875000000000004 0.2875 0.16875000000000004
1 0.7203125 8.620365359623165e-17 0.6875 8.419446744138054e-17 0.6875 0.03125000000000009 0.7203125 0.03125000000000009
1 0.7953125 0.08750000000000009 0.7671875 0.08750000000000009 0.7671875 0.1359375000000001 0.7953125 0.1359375000000001
1 0.8453125 0.828125 0.7953125000000002 0.828125 0.7953125000000002 0.890625 0.8453125 0.890625
1 0.2015625 0.09062500000000002 0.1453125 0.09062500000000002 0.1453125 0.17812500000000003 0.2015625 0.17812500000000003
1 0.1984375000000001 0.88125 0.13437500000000008 0.88125 0.1343750000000001 1 0.19843750000000013 1
1 0.48125 0.09218750000000006 0.4234375 0.09218750000000005 0.4234375 0.2734375000000001 0.48125 0.2734375000000001
1 0.434375 0.16093750000000004 0.396875 0.16093750000000004 0.396875 0.2968750000000001 0.434375 0.2968750000000001
1 0.7984375 0.6140625000000002 0.7546875 0.6140625000000002 0.7546875 0.6765625000000002 0.7984375 0.6765625000000002
1 0.5828125 0.6046875 0.5203125 0.6046875 0.5203125 0.703125 0.5828125 0.703125
1 0.44843750000000016 0.7609375 0.3453125000000001 0.7609375 0.3453125000000001 0.9953125 0.44843750000000016 0.9953125