1 0.3281250000000001 0.36875 0.2671875000000001 0.36875 0.2671875000000001 0.4546875 0.3281250000000001 0.4546875
1 0.540625 0.3781250000000001 0.4796875 0.3781250000000001 0.4796875 0.4546875 0.540625 0.4546875
1 0.37968750000000007 0.37187500000000007 0.3265625000000001 0.371875 0.3265625000000001 0.4796875 0.37968750000000007 0.4796875
1 0.228125 0.059375000000000025 0.159375 0.059375000000000025 0.15937500000000002 0.184375 0.228125 0.18437500000000004
1 0.49375 0.3734375000000001 0.428125 0.3734375000000001 0.428125 0.5171875 0.49375 0.5171875
1 0.7093750000000002 0.7921875 0.6500000000000001 0.7921875 0.6500000000000001 0.94375 0.7093750000000002 0.94375
1 0.4171875 0.18750000000000006 0.35 0.18750000000000006 0.35 0.31250000000000006 0.4171875 0.3125000000000001
1 0.2765625000000001 0.8359375 0.23593750000000008 0.8359375 0.23593750000000008 0.9046875 0.2765625000000001 0.9046875
1 0.4671875 0.4640625 0.4 0.4640625 0.4 0.609375 0.4671875 0.609375
1 0.2609375000000001 0.440625 0.2140625000000001 0.440625 0.2140625000000001 0.5171875 0.2609375000000001 0.5171875
1 0.478125 0.18750000000000006 0.409375 0.18750000000000006 0.409375 0.30156250000000007 0.478125 0.30156250000000007
1 0.2671875 0.184375 0.18125000000000005 0.184375 0.18125000000000005 0.275 0.2671875 0.275
1 0.3343750000000001 0.4484375 0.23437500000000008 0.4484375 0.23437500000000008 0.55 0.3343750000000001 0.55
1 0.6609375 0.1671875000000001 0.5859375 0.1671875000000001 0.5859375 0.2875000000000001 0.6609375 0.2875000000000001
1 0.2562500000000001 0.528125 0.18437500000000004 0.528125 0.18437500000000007 0.6171875 0.2562500000000001 0.6171875
1 0.3703125 0.06875000000000005 0.3109375 0.06875000000000005 0.3109375 0.17031250000000003 0.3703125 0.17031250000000003
1 0.5171875 0.2062500000000001 0.478125 0.2062500000000001 0.478125 0.2828125000000001 0.5171875 0.2828125000000001
1 0.5375 0.06250000000000007 0.478125 0.06250000000000007 0.478125 0.21093750000000008 0.5375 0.21093750000000008
1 0.3203125000000001 0.621875 0.24218750000000008 0.621875 0.24218750000000008 0.7203125 0.3203125000000001 0.7203125
1 0.4296875 0.3781250000000001 0.37968750000000007 0.3781250000000001 0.37968750000000007 0.44375 0.4296875 0.44375
1 0.303125 0.07500000000000004 0.228125 0.07500000000000002 0.228125 0.21875 0.303125 0.21875
1 0.5921875 0.3750000000000001 0.5390625 0.3750000000000001 0.5390625 0.5015625 0.5921875 0.5015625
1 0.3468750000000001 0.721875 0.2875000000000001 0.721875 0.2875000000000001 0.809375 0.3468750000000001 0.809375
1 0.7578125 0.47343750000000007 0.715625 0.4734375 0.715625 0.5250000000000001 0.7578125 0.5250000000000001
1 0.6671875000000002 0.8359375 0.6171875000000002 0.8359375 0.6171875000000002 0.9546875 0.6671875000000002 0.9546875
1 0.571875 0.16406250000000006 0.525 0.16406250000000006 0.525 0.28593750000000007 0.571875 0.28593750000000007
1 0.39531250000000007 0.7140625 0.3359375000000001 0.7140625 0.3359375000000001 0.8203125 0.39531250000000007 0.8203125
1 0.8109375 0.15000000000000008 0.753125 0.15000000000000008 0.753125 0.2296875000000001 0.8109375 0.2296875000000001
1 0.7468750000000002 0.7812500000000001 0.6937500000000002 0.78125 0.6937500000000002 0.8984375 0.7468750000000002 0.8984375
1 0.21875 0.228125 0.15156250000000004 0.228125 0.15156250000000004 0.321875 0.21875 0.321875
1 0.21250000000000008 0.4484375 0.10625000000000004 0.4484375 0.10625000000000007 0.5625 0.21250000000000008 0.5625
1 0.5515625 0.4984375 0.4921875 0.4984375 0.4921875 0.5875 0.5515625 0.5875
1 0.19687500000000002 0.16250000000000003 0.1609375 0.1625 0.1609375 0.2234375 0.19687500000000005 0.2234375
1 0.3765625000000001 0.5015625 0.25468750000000007 0.5015625 0.25468750000000007 0.6265625 0.3765625000000001 0.6265625
1 0.4859375000000001 0.721875 0.4421875 0.721875 0.44218750000000007 0.81875 0.4859375000000002 0.81875
1 0.3453125 0.14843750000000006 0.3015625 0.14843750000000006 0.3015625 0.234375 0.3453125 0.234375
1 0.653125 0.08437500000000007 0.6015625 0.08437500000000006 0.6015625 0.17187500000000008 0.653125 0.17187500000000008
1 0.8625 0.14062500000000008 0.790625 0.14062500000000008 0.790625 0.2718750000000001 0.8625 0.2718750000000001
1 0.3578125000000001 0.815625 0.2687500000000001 0.815625 0.2687500000000001 0.9625 0.3578125000000001 0.9625
1 0.7671875 0.5203125000000001 0.69375 0.5203125 0.69375 0.6140625000000001 0.7671875 0.6140625000000002
1 0.69375 0.5265625 0.621875 0.5265625 0.621875 0.6203125 0.69375 0.6203125
1 0.428125 0.07500000000000004 0.36875 0.07500000000000004 0.36875 0.16875000000000004 0.428125 0.16875000000000004
1 0.4296875000000001 0.7203125 0.3921875000000001 0.7203125 0.3921875000000001 0.7734375 0.42968750000000017 0.7734375
1 0.5453125 0.4484375 0.4921875 0.4484375 0.4921875 0.509375 0.5453125 0.509375
1 0.5734375 0.06093750000000007 0.528125 0.06093750000000007 0.528125 0.16718750000000007 0.5734375 0.1671875000000001
1 0.7140625 0.2906250000000001 0.6484375 0.2906250000000001 0.6484375 0.3843750000000001 0.7140625 0.3843750000000001
1 0.5765625 0.30156250000000007 0.5515625 0.30156250000000007 0.5515625 0.3468750000000001 0.5765625 0.3468750000000001
1 0.715625 0.1609375000000001 0.66875 0.1609375000000001 0.66875 0.23437500000000008 0.715625 0.23437500000000008
1 0.44531250000000017 0.7671875 0.3656250000000001 0.7671875 0.3656250000000001 0.925 0.44531250000000017 0.925
1 0.690625 0.471875 0.659375 0.471875 0.659375 0.51875 0.690625 0.51875
1 0.8265625 0.8765625 0.7937500000000002 0.8765625 0.7937500000000002 0.9390625 0.8265625 0.9390625
1 0.19843750000000004 0.3671875 0.13437500000000005 0.3671875 0.13437500000000005 0.4515625 0.19843750000000004 0.4515625
1 0.709375 0.3812500000000001 0.659375 0.3812500000000001 0.659375 0.4671875 0.709375 0.4671875
1 0.6625 0.3765625000000001 0.6203125 0.3765625000000001 0.6203125 0.4578125 0.6625 0.4578125
1 0.65 0.4328125 0.5984375 0.4328125 0.5984375 0.5140625 0.65 0.5140625
1 0.8078125 0.5750000000000002 0.740625 0.5750000000000002 0.740625 0.6578125000000001 0.8078125 0.6578125000000001
1 0.39375 0.13906250000000003 0.34375 0.13906250000000003 0.34375 0.23906250000000004 0.39375 0.2390625000000001
1 0.63125 0.24375000000000008 0.5609375 0.24375000000000008 0.5609375 0.3390625000000001 0.63125 0.3390625000000001
1 0.6031250000000001 0.775 0.5343750000000002 0.775 0.5343750000000002 0.8828125 0.6031250000000001 0.8828125
1 0.6218750000000002 0.8578125 0.5671875000000002 0.8578125 0.5671875000000002 0.9640625 0.6218750000000002 0.9640625
1 0.5640625000000001 0.715625 0.5171875 0.715625 0.5171875000000001 0.80625 0.5640625000000001 0.80625
1 0.6046875 0.11250000000000009 0.565625 0.11250000000000009 0.565625 0.1984375000000001 0.6046875 0.1984375000000001
1 0.6015625000000001 0.715625 0.559375 0.715625 0.5593750000000001 0.7828125 0.6015625000000002 0.7828125
1 0.22812500000000008 0.821875 0.14062500000000008 0.821875 0.1406250000000001 0.9515625 0.22812500000000008 0.9515625
1 0.48125 0.07968750000000005 0.4390625 0.07968750000000005 0.4390625 0.19687500000000005 0.48125 0.19687500000000005
1 0.875 0.3734375000000001 0.83125 0.3734375000000001 0.83125 0.4468750000000002 0.875 0.4468750000000002
1 0.4968750000000002 0.8484375 0.42968750000000017 0.8484375 0.42968750000000017 0.9828125 0.4968750000000002 0.9828125
1 0.6359375 0.5703125 0.5796875 0.5703125 0.5796875 0.665625 0.6359375 0.665625
1 0.7015625 0.10781250000000009 0.675 0.10781250000000009 0.675 0.17187500000000008 0.7015625 0.17187500000000008
1 0.7828125000000001 0.9203125 0.7078125000000002 0.9203125 0.7078125000000002 1 0.7828125000000001 1
1 0.6796875 0.12656250000000008 0.6375 0.12656250000000008 0.6375 0.2062500000000001 0.6796875 0.2062500000000001
1 0.5859375 0.5328125 0.546875 0.5328125 0.546875 0.621875 0.5859375 0.621875
1 0.75625 0.2843750000000001 0.7203125 0.2843750000000001 0.7203125 0.3546875000000001 0.75625 0.3546875000000001
1 0.7109375000000002 0.74375 0.6796875000000002 0.74375 0.6796875000000002 0.8015625 0.7109375000000002 0.8015625
1 0.6375000000000002 0.91875 0.5843750000000002 0.91875 0.5843750000000002 1 0.6375000000000002 1
1 0.7921875 0.49531250000000016 0.746875 0.49531250000000016 0.746875 0.5765625000000002 0.7921875 0.5765625000000002
1 0.61875 0.4796875 0.5734375 0.4796875 0.5734375 0.5734375 0.61875 0.5734375
1 0.5687500000000002 0.8515625 0.49531250000000016 0.8515625 0.49531250000000016 0.996875 0.5687500000000002 0.996875
1 0.6484375000000001 0.7234375 0.59375 0.7234375 0.5937500000000001 0.846875 0.6484375000000002 0.846875
1 0.6890625000000001 0.7203125 0.6453125 0.7203125 0.6453125000000001 0.796875 0.6890625000000001 0.796875
1 0.6234375 0.3859375000000001 0.584375 0.3859375000000001 0.584375 0.4625 0.6234375 0.4625
1 0.16875 0.08125000000000002 0.1296875 0.08125000000000002 0.1296875 0.178125 0.16875 0.178125
1 0.5218750000000002 0.78125 0.46875000000000017 0.78125 0.46875000000000017 0.90625 0.5218750000000002 0.90625
1 0.2906250000000001 0.715625 0.1937500000000001 0.715625 0.1937500000000001 0.85625 0.2906250000000001 0.85625
1 0.759375 0.3734375000000001 0.7046875 0.3734375000000001 0.7046875 0.4796875000000001 0.759375 0.47968750000000016