1 0.2838546875 3.026542348136553e-17 0.2052078125 2.5449691294780934e-17 0.2052078125 0.10661718750000004 0.2838546875 0.10661718750000004
1 0.24643822323586545 0.15607897216218217 0.19898140713962945 0.025222733878823345 0.14759392756708295 0.043859110712785525 0.195050743663319 0.17471534899614435
1 0.22820629406755918 0.22519024450328443 0.18140941806016095 0.1328766752949028 0.12226982215776931 0.16285654023030144 0.16906669816516756 0.25517010943868307
1 0.24243173557210582 0.30674038024142253 0.14857366132766545 0.22392470843184067 0.09248705249469771 0.28748974365932156 0.18634512673913808 0.3703054154689035
1 0.14860258445754754 0.34599379372683164 0.12127460305961553 0.27848134170723676 0.08873442643518535 0.2916530946931859 0.11606240783311739 0.3591655467127808
1 0.3072921875 0.16819843750000008 0.2442703125 0.16819843750000008 0.2442703125 0.30974218750000004 0.3072921875 0.30974218750000004
1 0.2568468569858532 0.1540737247147656 0.21553656352261807 0.14747931009679865 0.200813598415104 0.2397103941998922 0.24212389187833913 0.24630480881785916
1 0.3948365130684346 0.08506825956490362 0.2903005557537791 0.06977912338951615 0.2757446214257649 0.16930198145900804 0.3802805787404204 0.1845911176343955
1 0.38656990385195655 0.22533985514604624 0.3232149839626448 0.09239417356868626 0.2621617553362828 0.12148893138792563 0.32551667522559447 0.2544346129652856
1 0.48530863397837115 0.18566103458292643 0.48282897679947806 0.0806938375123871 0.3864419891860498 0.08297080300692064 0.3889216463649429 0.18793800007745995
1 0.4542193327363919 0.24069199992071094 0.40719808068403385 0.13697300596811146 0.36459848402608175 0.15628563420954797 0.41161973607843994 0.2600046281621474
1 0.41448012802560197 0.31448015003237073 0.40517758151492034 0.2093714252322111 0.36126652026418415 0.213257731439379 0.37056906677486584 0.31836645623953863
1 0.49901647431083473 0.3311499924849069 0.4916294455583531 0.21817277474445188 0.4449335355268853 0.22122599234818324 0.45232056427936695 0.33420321008863824
1 0.5310592142546329 0.2425542416432525 0.5233534790690564 0.15189626718495045 0.4672742232323106 0.15666288476563456 0.4749799584178871 0.24732085922393665
1 0.5344076505985637 0.1812982271491425 0.5263605842149686 0.07121701521751833 0.48941116623275505 0.07391806123727657 0.49745823261635025 0.18399927316890077
1 0.619649253726691 0.192260448459512 0.5964227704550805 0.06929170385851295 0.5211564207343818 0.08350810184139348 0.5443829040059923 0.20647684644239256
1 0.6492401661496114 0.0949972712669579 0.6127534824476689 0.08891676542802911 0.6005778015494749 0.16197815695634504 0.6370644852514175 0.16805866279527384
1 0.6854196483348611 0.08351824163330103 0.645697265306927 0.0821954862784707 0.643437162542375 0.15006644016891113 0.6831595455703093 0.15138919552374147
1 0.7608455062566087 0.07227722309023568 0.7133006537995753 0.057865647863380554 0.6799052147191019 0.16803967109300064 0.7274500671761354 0.18245124631985576
1 0.7845380478403764 0.09761718255806984 0.7559393015082221 0.08799564300635213 0.7301028530400497 0.16479104896954083 0.758701599372204 0.17441258852125854
1 0.8259972605478085 0.08398939505897521 0.780144728319306 0.07808288310279604 0.7707977649648807 0.1506438025806705 0.8166502971933831 0.15655031453684967
1 0.7547271505151587 0.17532995276470628 0.7106579208225348 0.17385804049297288 0.7090744148832331 0.22126839795710027 0.753143644575857 0.22274031022883367
1 0.7479171874999999 0.21875000000000008 0.7067703125 0.21875000000000008 0.7067703125 0.2766546875000001 0.7479171874999999 0.2766546875000001
1 0.7082236813984512 0.22177281904785667 0.6762651138315899 0.2194105921599224 0.6727399214866666 0.2671029193943874 0.7046984890535278 0.26946514628232177
1 0.6462195747165749 0.24375621224120297 0.6413497793679743 0.16471186758467318 0.6020508225524344 0.16713301330909874 0.606920617901035 0.2461773579656285
1 0.6493162432906591 0.33559506521149807 0.6397274960781393 0.23406940972533632 0.5887939671532065 0.2388799054681519 0.5983827143657263 0.3404055609543136
1 0.6769790025011614 0.24649273483880169 0.644059983870279 0.2458916143516289 0.6429463703922258 0.3068761650596684 0.6758653890231082 0.3074772855468412
1 0.7128835326686641 0.2718668301023608 0.6723175196367931 0.2642039102406404 0.6581167325226313 0.3393801257735251 0.6986827455545023 0.3470430456352455
1 0.6031178099861771 0.2870877744857835 0.5709997961964633 0.2862193687053445 0.5693043091706061 0.3489270071197672 0.6014223229603199 0.3497954129002062
1 0.7082968850884725 0.22078244632555805 0.6763383175216113 0.21842021943762374 0.6727399214866666 0.2671029193943874 0.7046984890535278 0.26946514628232177
1 0.706549498529671 0.2279673007867021 0.6961514599493669 0.14550740944553192 0.6386193587962595 0.1527621001523251 0.6490173973765636 0.2352219914934953
1 0.5765625 0.23621250000000008 0.5375 0.23621250000000008 0.5375 0.3235296875000001 0.5765625 0.3235296875000001
1 0.5494796875 0.2702203125000001 0.49322968749999996 0.2702203125000001 0.49322968749999996 0.3722421875000001 0.5494796875 0.3722421875000001
1 0.23060760057050347 0.46678066209111896 0.19111580188723723 0.4086002406755374 0.1258411657035191 0.4529074617057457 0.16533296438678538 0.5110878831213274
1 0.30013141300090884 0.49023145762741516 0.2858545229430375 0.4110384725271534 0.2131012609165573 0.42415441104100715 0.22737815097442865 0.5033473961412689
1 0.337055783867637 0.4187061429746131 0.2985710381126969 0.41552622755593854 0.2917470523172153 0.49811312808548136 0.33023179807215536 0.5012930435041559
1 0.4263079643961235 0.43279691545350757 0.346244434103117 0.4101892727342655 0.3209191867717946 0.4998770270954678 0.4009827170648011 0.5224846698147099
1 0.5290180067930123 0.5581808557392474 0.5141695725788223 0.42195292960138636 0.4656876016010325 0.42723731861799263 0.48053603581522236 0.5634652447558537
1 0.5922899763712166 0.4975235140473563 0.5899547014015368 0.4172033595054783 0.5449066685574484 0.4185131122584971 0.5472419435271282 0.4988332668003751
1 0.6357925371993781 0.4245933687086409 0.5948448082887114 0.42068552171862594 0.5875264450335937 0.49736978172318497 0.6284741739442604 0.5012776287131999
1 0.6717853950395192 0.47121479055151666 0.6704305255227164 0.4258753396853283 0.6400026511128097 0.426784609619381 0.6413575206296125 0.4721240604855693
1 0.7989382709657714 0.5061508889650858 0.77852420647945 0.42124027833545785 0.7342844736427192 0.4318763196062708 0.7546985381290406 0.5167869302358987
1 0.8223579289311805 0.4822144197139034 0.8144437170210403 0.4193990706100242 0.7812319842958775 0.4235834729008593 0.7891461962060177 0.4863988220047385
1 0.7856496006409646 0.5650645934245695 0.7731600848063943 0.4769011011483363 0.7255479334608494 0.48364598730013464 0.7380374492954197 0.5718094795763677
1 0.7383739909994993 0.57122128923101 0.724926847616153 0.48421154796906674 0.6815972405264625 0.4909080331077253 0.6950443839098088 0.5779177743696685
1 0.6719808109598003 0.46368929239093754 0.6234121730145181 0.462830058664338 0.6220255977816654 0.5412069523819951 0.6705942357269475 0.5420661861085947
1 0.5929460856260251 0.6024580254189534 0.5705119487601555 0.47489004515399696 0.5125522740207428 0.48508284802745016 0.5349864108866124 0.6126508282924067
1 0.5467082683471367 0.6012879184684053 0.4700069680016661 0.5326636898332878 0.43006666567748886 0.5773049657410205 0.5067679660229595 0.6459291943761382
1 0.46624623942530546 0.6886889677762171 0.4528298781114676 0.5308454769189147 0.39535452497795937 0.5357307598031908 0.40877088629179725 0.6935742506604934
1 0.40087302571074784 0.5895237137480024 0.35066750066047975 0.5674029413320867 0.3135394574919609 0.6516691173189321 0.36374498254222887 0.6737898897348478
1 0.2882680022251731 0.5508858223303006 0.2386515217542385 0.4839278718915402 0.1961591433916991 0.5154151299000834 0.2457756238626337 0.5823730803388438
1 0.2145692527660792 0.49871339982046753 0.16919374885944036 0.49759653657847547 0.1679078742429127 0.5498385716745797 0.2132833781495515 0.5509554349165718
1 0.1913288296832184 0.5345383240897187 0.1355521505791148 0.5318292717266071 0.13204847361220678 0.6039664767982761 0.1878251527163104 0.6066755291613877
1 0.26161707877613416 0.5914351716529099 0.2113078986523683 0.539505595090198 0.17176200920871115 0.5778175053129375 0.22207118933247702 0.6297470818756492
1 0.2303317861927691 0.6355335524426773 0.17820469984122825 0.5904534400087513 0.11522350474659881 0.6632799264118837 0.16735059109813966 0.7083600388458098
1 0.2841025351726628 0.6714095066159581 0.23772588520516286 0.6553490875993828 0.20908681342930174 0.7380483126801513 0.2554634633968017 0.7541087316967265
1 0.37607289789986403 0.6936600299400496 0.31594996195574854 0.6482356503426701 0.230462876032583 0.7613849027169188 0.2905858119766985 0.8068092823142983
1 0.43665973477601827 0.6671410323698722 0.36262589225485076 0.6344743948805801 0.3272361438279423 0.7146797439239368 0.4012699863491099 0.747346381413229
1 0.5946801155401272 0.7057137920574773 0.5853263337747855 0.6149259862430677 0.5096612087889731 0.6227216925057723 0.5190149905543149 0.7135094983201818
1 0.6311627209079911 0.5295024819374751 0.5842829794255194 0.5234805970635904 0.5699794934738741 0.634831733419463 0.6168592349563458 0.6408536182933476
1 0.7251431937058926 0.6334675160252432 0.6657177716169533 0.5192756249391376 0.59305037841372 0.5570917121598045 0.6524758005026594 0.6712836032459102
1 0.7230451792896296 0.596652437606407 0.6834588306971965 0.5317822334520443 0.6656214639075667 0.5426672958456376 0.7052078125 0.6075375000000002
1 0.7335315611904313 0.5930284372136826 0.70675906486954 0.5923694645420249 0.7057661624984035 0.6327087323471409 0.7325386588192948 0.6333677050187985
1 0.7500209629588601 0.626404815028532 0.6827318616002922 0.6052206794683689 0.6430656107631002 0.7312162087887843 0.710354712121668 0.7524003443489475
1 0.7864942923745528 0.7053986697723775 0.7830119208482553 0.5702701242796814 0.7299451002962762 0.5716376990153345 0.7334274718225737 0.7067662445080305
1 0.837062081800744 0.6920137526174294 0.7862901405644692 0.6654559175258765 0.7563850624982802 0.7226269505189116 0.807157003734555 0.7491847856104645
1 0.8688716646181389 0.57381780287328 0.809354340322539 0.5517043867880838 0.78249010723694 0.6240083341451161 0.8420074315325399 0.6461217502303123
1 0.6731210836101277 0.6763459438665735 0.6220909847901189 0.6176147375246408 0.5774551025848684 0.6563977563271327 0.6284852014048772 0.7151289626690654
1 0.842218442645388 0.7074233927044091 0.8218465122017953 0.6642774410088422 0.7978577570564073 0.6756040483044331 0.8182296875 0.7187500000000001
1 0.7453541051813927 0.828897122275132 0.6876063096793318 0.755648488734219 0.643100259088194 0.790736191861211 0.7008480545902549 0.8639848254021242
1 0.7126363491657148 0.8765289002329609 0.6579663505562805 0.8162313086416679 0.6205773267265113 0.8501308032456405 0.6752473253359457 0.9104283948369336
1 0.6477120459398411 0.8807953915142042 0.6447284887807272 0.7650226383025176 0.5984518890203613 0.7662152235756865 0.6014354461794752 0.8819879767873731
1 0.6297982235730071 0.9845417748610066 0.6267408531200275 0.854920285205839 0.569937131513768 0.8562601094936193 0.5729945019667477 0.9858815991487869
1 0.690553673598677 0.9519514141297318 0.6734802621840487 0.8916993452475068 0.6450353485422632 0.8997596778181458 0.6621087599568913 0.9600117467003706
1 0.7338546875000002 0.8832718749999999 0.6843750000000002 0.8832718749999999 0.6843750000000002 0.9761031250000001 0.7338546875000002 0.9761031250000001
1 0.5554603806398891 0.8894539333047676 0.5516903521972937 0.7830071802280931 0.48972272139017414 0.7852018900140724 0.4934927498327696 0.8916486430907469
1 0.5977176691574912 0.7614092207289878 0.5538792284114284 0.7605819865946624 0.5516238699768807 0.8801024379293818 0.5954623107229435 0.8809296720637072
1 0.5668862748721865 0.886141254850819 0.4752329736650841 0.8825453903334601 0.4707035730078847 0.997993155597676 0.562356874214987 1.0015890201150348
1 0.49158750392635187 0.9078980055872157 0.48992856929679746 0.7672372870723096 0.4467172904091955 0.7677469154013188 0.44837622503874985 0.9084076339162246
1 0.4609952152527114 0.8870925818866686 0.4335930497760594 0.7601713407419047 0.3728568864280031 0.773284215966487 0.4002590519046551 0.900205457111251
1 0.3988980076237952 0.7768547877981076 0.34682821076183074 0.7621041550400525 0.30661749518926484 0.9040481533674708 0.3586872920512293 0.9187987861255259
1 0.3234375000000001 0.8060656249999999 0.25833281250000006 0.8060656249999999 0.25833281250000006 0.9926468749999999 0.3234375000000001 0.9926468749999999
1 0.2555204782769097 0.8538770092643861 0.23049588654726355 0.7667810031319967 0.1662772634150677 0.785232421247317 0.19130185514471393 0.8723284273797063
1 0.30338853952377215 0.7961884449225665 0.2627012272477753 0.7602864391008722 0.22416927457887154 0.8039542385722956 0.26485658685486835 0.8398562443939899
1 0.16384996513344313 0.7145734256855766 0.09780449903526031 0.6883100656245229 0.030064402379794554 0.858658651896263 0.09610986847797735 0.8849220119573168
1 0.20729698558890677 0.7676762946374307 0.14301085773160033 0.753563552935182 0.11743859132027308 0.87004991843408 0.18172471917757949 0.8841626601363286
1 0.2578125000000001 0.9044125 0.1906250000000001 0.9044125 0.19062500000000013 0.9926468749999999 0.2578125000000001 0.9926468749999999
1 0.21563975167184224 0.8904088940895963 0.17318715149544603 0.878016680051911 0.14817239982360383 0.9637109109623146 0.19062500000000004 0.9761031250000001
1 0.37611635864307347 0.998989337174474 0.3729172620361304 0.9057496010823213 0.3265383385021117 0.9073408824729583 0.32973743510905484 1.000580618565111
1 0.4362531280234084 0.9389877840288869 0.39938204075529893 0.8537307845767248 0.3394194757681574 0.879662789933084 0.37629056303626685 0.9649197893852461
1 0.3714651244392086 0.3348119625027637 0.34811070412189243 0.21410074201568388 0.29675644238839205 0.2240364299224929 0.3201108627057082 0.34474765040957267
1 0.7549767086902237 0.3487325188146252 0.7068755882801556 0.3286277239740364 0.685472190826621 0.37983577689176806 0.7335733112366891 0.39994057173235686