1 0.5125 0.08750000000000006 0.459375 0.08750000000000006 0.459375 0.18750000000000006 0.5125 0.18750000000000006
1 0.3578125000000001 0.7109375 0.2484375000000001 0.7109375 0.2484375000000001 0.84375 0.3578125000000001 0.84375
1 0.4484375 0.5984375 0.3968750000000001 0.5984375 0.3968750000000001 0.696875 0.4484375 0.696875
1 0.6484375 0.2062500000000001 0.58125 0.2062500000000001 0.58125 0.2921875000000001 0.6484375 0.2921875000000001
1 0.4234375 0.3734375000000001 0.37187500000000007 0.3734375000000001 0.37187500000000007 0.4453125 0.4234375 0.4453125
1 0.390625 0.10625000000000004 0.340625 0.10625000000000004 0.340625 0.23593750000000005 0.390625 0.23593750000000008
1 0.5 0.58125 0.44375 0.58125 0.44375 0.6859375 0.5 0.6859375
1 0.2562500000000001 0.490625 0.17812500000000003 0.490625 0.17812500000000006 0.58125 0.2562500000000001 0.58125
1 0.2515625000000001 0.79375 0.16406250000000008 0.79375 0.1640625000000001 0.94375 0.2515625000000001 0.94375
1 0.628125 0.4625 0.5609375 0.4625 0.5609375 0.5484375 0.628125 0.5484375
1 0.1781250000000001 0.7984375 0.11250000000000009 0.7984375 0.11250000000000009 0.9046875 0.1781250000000001 0.9046875
1 0.4375 0.4265625 0.3843750000000001 0.4265625 0.3843750000000001 0.50625 0.4375 0.50625
1 0.28593750000000007 0.55625 0.21250000000000008 0.55625 0.21250000000000008 0.6859375 0.28593750000000007 0.6859375
1 0.3671875000000001 0.36875 0.2734375000000001 0.36875 0.2734375000000001 0.521875 0.3671875000000001 0.521875
1 0.4406250000000001 0.7078125 0.3750000000000001 0.7078125 0.3750000000000001 0.834375 0.44062500000000016 0.834375
1 0.3921875000000001 0.5546875 0.34843750000000007 0.5546875 0.34843750000000007 0.6578125 0.3921875000000001 0.6578125
1 0.5046875 0.36406250000000007 0.43125 0.36406250000000007 0.43125 0.4484375 0.5046875 0.4484375
1 0.615625 0.36406250000000007 0.5640625 0.36406250000000007 0.5640625 0.4515625 0.615625 0.4515625
1 0.6453125 0.425 0.5953125 0.425 0.5953125 0.4953125 0.6453125 0.4953125
1 0.5078125 0.5015625 0.4328125 0.5015625 0.4328125 0.58125 0.5078125 0.58125
1 0.34375 0.09375000000000004 0.278125 0.09375000000000004 0.278125 0.2609375 0.34375 0.2609375
1 0.4390625 0.10000000000000005 0.3875 0.10000000000000005 0.3875 0.2218750000000001 0.4390625 0.2218750000000001
1 0.4859375 0.15312500000000004 0.4359375 0.15312500000000004 0.4359375 0.2578125000000001 0.4859375 0.2578125000000001
1 0.29375 0.2484375 0.2046875 0.2484375 0.2046875 0.33125 0.29375 0.33125
1 0.5328125000000001 0.796875 0.47968750000000016 0.796875 0.47968750000000016 0.88125 0.5328125000000001 0.88125
1 0.596875 0.703125 0.521875 0.703125 0.5218750000000001 0.8328125 0.5968750000000002 0.8328125
1 0.6125 0.09375000000000007 0.5484375 0.09375000000000007 0.5484375 0.2062500000000001 0.6125 0.2062500000000001
1 0.2875000000000001 0.378125 0.2250000000000001 0.378125 0.2250000000000001 0.5046875 0.2875000000000001 0.5046875
1 0.559375 0.17500000000000007 0.50625 0.17500000000000004 0.50625 0.3046875000000001 0.559375 0.3046875000000001
1 0.2890625 0.15156250000000004 0.1921875 0.15156250000000004 0.1921875 0.25625 0.2890625 0.25625
1 0.4 0.22500000000000003 0.33125 0.225 0.33125 0.34062500000000007 0.4 0.34062500000000007
1 0.6171875000000002 0.8171875 0.5421875000000002 0.8171875 0.5421875000000002 0.9359375 0.6171875000000002 0.9359375
1 0.4375 0.503125 0.3687500000000001 0.503125 0.3687500000000001 0.6015625 0.4375 0.6015625
1 0.4859375000000002 0.8265625 0.43750000000000017 0.8265625 0.43750000000000017 0.946875 0.4859375000000002 0.946875
1 0.39531250000000007 0.7859375 0.30937500000000007 0.7859375 0.30937500000000007 0.9921875 0.39531250000000007 0.9921875
1 0.7375 0.3609375000000001 0.6640625 0.3609375000000001 0.6640625 0.4796875000000001 0.7375 0.47968750000000016
1 0.46875 0.2078125000000001 0.384375 0.2078125000000001 0.384375 0.3265625000000001 0.46875 0.3265625000000001
1 0.659375 0.10000000000000009 0.60625 0.10000000000000009 0.60625 0.21093750000000008 0.659375 0.21093750000000008
1 0.6453125000000001 0.6953125 0.59375 0.6953125 0.5937500000000001 0.778125 0.6453125000000002 0.778125
1 0.23125000000000004 0.3 0.17500000000000004 0.3 0.17500000000000004 0.365625 0.2312500000000001 0.365625
1 0.2000000000000001 0.725 0.1312500000000001 0.725 0.1312500000000001 0.8078125 0.2000000000000001 0.8078125
1 0.16250000000000003 0.2109375 0.10781250000000005 0.2109375 0.10781250000000005 0.3015625 0.16250000000000003 0.3015625
1 0.23281250000000003 0.3625 0.16562500000000005 0.3625 0.16562500000000005 0.5015625 0.2328125000000001 0.5015625
1 0.6500000000000001 0.8125 0.6093750000000002 0.8125 0.6093750000000002 0.8921875 0.6500000000000001 0.8921875
1 0.575 0.3453125000000001 0.5203125 0.3453125000000001 0.5203125 0.4375 0.575 0.4375
1 0.8609375 0.37187500000000007 0.815625 0.37187500000000007 0.815625 0.4234375000000002 0.8609375 0.4234375000000002
1 0.3578125000000001 0.5953125 0.2875000000000001 0.5953125 0.2875000000000001 0.7125 0.3578125000000001 0.7125
1 0.7265625000000002 0.7718750000000001 0.6906250000000002 0.771875 0.6906250000000002 0.8265625 0.7265625000000002 0.8265625
1 0.4390625000000002 0.8265625 0.3843750000000001 0.8265625 0.3843750000000001 0.996875 0.4390625000000002 0.996875
1 0.471875 5.367397299388009e-17 0.4046875 4.955992515299445e-17 0.4046875 0.06250000000000006 0.471875 0.06250000000000007
1 0.665625 0.3671875000000001 0.6140625 0.3671875000000001 0.6140625 0.4265625 0.665625 0.4265625
1 0.209375 0.19687500000000002 0.15625000000000006 0.196875 0.15625000000000006 0.303125 0.209375 0.303125
1 0.815625 0.0906250000000001 0.765625 0.0906250000000001 0.765625 0.1703125000000001 0.815625 0.1703125000000001
1 0.490625 0.4421875 0.4296875 0.4421875 0.4296875 0.5109375 0.490625 0.5109375
1 0.22031250000000008 0.60625 0.08437500000000006 0.60625 0.08437500000000007 0.7234375 0.22031250000000008 0.7234375
1 0.1609375 0.121875 0.1125 0.121875 0.11250000000000002 0.19375 0.16093750000000004 0.19375
1 0.31718750000000007 0.81875 0.2484375000000001 0.81875 0.2484375000000001 0.896875 0.31718750000000007 0.896875
1 0.2375 0.023437500000000024 0.1640625 0.02343750000000002 0.1640625 0.16875 0.2375 0.16875000000000004
1 0.2734375000000001 0.7203125 0.2140625000000001 0.7203125 0.2140625000000001 0.81875 0.2734375000000001 0.81875
1 0.6968750000000001 0.8765625 0.6265625000000001 0.8765625 0.6265625000000001 0.9984375 0.6968750000000001 0.9984375
1 0.2015625 0.11875000000000002 0.1546875 0.11875 0.15468750000000003 0.2078125 0.2015625 0.2078125
1 0.3218750000000001 0.8640625 0.2750000000000001 0.8640625 0.2750000000000001 0.9875 0.3218750000000001 0.9875
1 0.553125 0.08125000000000007 0.5140625 0.08125000000000007 0.5140625 0.18437500000000007 0.553125 0.1843750000000001
1 0.853125 0.6906250000000002 0.8078125 0.6906250000000002 0.8078125 0.7453125000000002 0.853125 0.7453125000000002
1 0.5265625000000002 0.90625 0.4625000000000002 0.90625 0.4625000000000002 0.9984375 0.5265625000000002 0.9984375
1 0.575 0.5546875 0.534375 0.5546875 0.534375 0.6375 0.575 0.6375
1 0.6265625 0.0015625000000000725 0.553125 0.001562500000000068 0.553125 0.06406250000000006 0.6265625 0.06406250000000006
1 0.2015625000000001 0.8953125 0.10781250000000009 0.8953125 0.10781250000000012 0.996875 0.2015625000000001 0.996875
1 0.28125 0.11562500000000005 0.2453125 0.11562500000000005 0.2453125 0.15781250000000005 0.28125 0.15781250000000005
1 0.75625 0.006250000000000089 0.7125 0.006250000000000086 0.7125 0.08437500000000009 0.75625 0.08437500000000009
1 0.6890625000000001 0.6921875 0.65 0.6921875 0.6500000000000001 0.7671875 0.6890625000000001 0.7671875
1 0.78125 0.1906250000000001 0.75 0.1906250000000001 0.75 0.2406250000000001 0.78125 0.2406250000000001
1 0.7859375 0.5968750000000002 0.7421875 0.5968750000000002 0.7421875 0.6531250000000002 0.7859375 0.6531250000000002
1 0.4 0.0015625000000000435 0.3078125 0.0015625000000000374 0.3078125 0.04531250000000004 0.4 0.04531250000000005
1 0.2859375 3.032914338513367e-17 0.209375 2.5641042357147705e-17 0.209375 0.03437500000000003 0.2859375 0.03437500000000003
1 0.8859375 0.8890625 0.8046875 0.8890625 0.8046875 1 0.8859375 1
1 0.4656250000000002 0.925 0.4234375000000002 0.925 0.4234375000000002 0.9984375 0.4656250000000002 0.9984375
1 0.5375 0.0015625000000000643 0.5125 0.0015625000000000625 0.5125 0.050000000000000065 0.5375 0.050000000000000065
1 0.5218750000000001 0.696875 0.4359375 0.696875 0.4359375000000001 0.8375 0.5218750000000002 0.8375