1 0.6700552982071731 0.405436916934118 0.5036171161889175 0.3712856981989498 0.48718126717201143 0.4513868755980262 0.6536194491902672 0.48553809433319434
1 0.7039400671129921 0.35371445782184185 0.5606889533641579 0.31701425843477504 0.5450396239750729 0.37809795557672554 0.6882907377239071 0.4147981549637924
1 0.7587683114200721 0.5109011204307911 0.7553724702773927 0.44543496293516627 0.6330667130431042 0.45177917097014236 0.6364625541857837 0.5172453284657672
1 0.8800744300499895 0.434519033732568 0.7779318500441921 0.4027689850045153 0.7490449469754872 0.49570058435692593 0.8511875269812845 0.5274506330849786
1 0.8490783689872865 0.3531725230693944 0.8305025777612551 0.27696373820328735 0.6982413967619875 0.3092022273731023 0.716817187988019 0.38541101223920937
1 0.7556846327740568 0.28479515359490476 0.7538275377572815 0.21892904652461506 0.6131957769283427 0.22289415929432912 0.615052871945118 0.2887602663646188
1 0.7505005231493436 0.665944881622872 0.7493868557941029 0.6056623017052608 0.5889654456497764 0.6086259453947577 0.590079113005017 0.6689085253123689
1 0.9202038340066319 0.7304075325751913 0.8360380245306371 0.6719865589389128 0.7955376171947977 0.7303346034058004 0.8797034266707922 0.7887555770420789
1 0.6604179218385229 0.8810652955037236 0.6556072457387453 0.8158161008918567 0.5254542733997385 0.8254119862827917 0.530264949499516 0.8906611808946586
1 0.6092377757169676 0.24334386465696042 0.5207629353366643 0.14758545758818578 0.4432899366931335 0.21916571250874783 0.5317647770734367 0.3149241195775225
1 0.35538777038648695 0.2963417204800024 0.30354305080113136 0.22606302958878235 0.17820338107503514 0.3185263345744813 0.23004810066039072 0.3888050254657014
1 0.45139789765046945 0.4462622717981345 0.324988364566115 0.38038548511198406 0.29071786874093536 0.4461463941324758 0.41712740182528985 0.5120231808186262
1 0.35632051391612174 0.49578826366975887 0.2960377481544647 0.4291420813956116 0.19734423247921853 0.5184122823978553 0.2576269982408756 0.5850584646720025
1 0.3031318976811739 0.5952358263230677 0.29009979780242656 0.548638368558312 0.16947575712544025 0.582373782919684 0.1825078570041876 0.6289712406844397
1 0.2957042465667052 0.6762764699826598 0.18018229639980438 0.6567740887114539 0.1726960602736959 0.7011186528275715 0.28821801044059675 0.7206210340987773
1 0.38193016183641054 0.16435944130354088 0.2733708781871871 0.11301124751582288 0.24229199378374533 0.178717578714208 0.3508512774329688 0.230065772501926
1 0.3449750265790813 0.25029751286124957 0.3369737173048618 0.19898345189588817 0.20298035547170498 0.21987679591407455 0.21098166474592447 0.271190856879436
1 0.27817003441194027 0.20042650570304005 0.24260351411160008 0.11368693340279346 0.14299509508080285 0.15453016981259032 0.17856161538114304 0.24126974211283692
1 0.2058958174437211 0.20626599253787775 0.10315976808598933 0.19839053694457462 0.09776420886042442 0.2687761079560554 0.20050025821815617 0.2766515635493585
1 0.17038018250645498 0.1379384599837658 0.08434322721043526 0.12857338007479002 0.07726169370394326 0.19363140281962232 0.163298648999963 0.2029964827285981
1 0.21669135123418976 0.2844975647075132 0.13071539489810768 0.2539443949268449 0.1049225350585418 0.32652494245328534 0.19089849139462384 0.3570781122339537
1 0.2172488288070799 0.39186460221479913 0.1652747025393977 0.32706425188042604 0.09094496642931786 0.38668156984389945 0.1429190926970001 0.4514819201782725
1 0.2671824296636098 0.4486278770590836 0.12857125637508396 0.4271794803845402 0.12009058389021462 0.4819861860437399 0.25870175717874044 0.5034345827182832
1 0.30273496100818786 0.41385675635459196 0.19139292463157773 0.39403399007859713 0.18409913093477595 0.4350023308139792 0.2954411673113861 0.45482509708997404
1 0.3503799541527729 0.4025283682773475 0.346388502819099 0.3477762745672136 0.2210825292268172 0.3569111342871014 0.22507398056049116 0.4116632279972353
1 0.22242968750000008 0.49533281250000005 0.11834041091556054 0.4827258218385987 0.11239754861511086 0.5317929032943397 0.21648682519955037 0.5443998939557411
1 0.24322650896882622 0.5434008859408997 0.13451650026285458 0.5354185782161079 0.13165492068461299 0.5743900575913388 0.24036492939058465 0.5823723653161307
1 0.08012340492703304 0.5620750622821066 0.03747676994615255 0.5592325302342536 0.03178431333330793 0.6446367104600642 0.07443094831418842 0.6474792425079172
1 0.2211381002807878 0.6178448965218843 0.14428123474910373 0.59213108643815 0.11725537902109148 0.6729095690046234 0.1941122445527756 0.6986233790883576
1 0.12262325024927948 0.7230140459278133 0.11756693177190167 0.6871076894676595 0.04400481196949683 0.6974666771863034 0.04906113044687462 0.7333730336464571
1 0.2441546875000001 0.7607671874999999 0.16184696603944151 0.758561257066723 0.16064419441929836 0.8034390963666423 0.24295191587985693 0.8056450267999192
1 0.3273225445597433 0.7735703572029974 0.28771358619393317 0.7257953448837638 0.20634550284875036 0.793255401282904 0.2459544612145605 0.8410304136021374
1 0.5246378315286063 0.8564717877104482 0.4912649922321869 0.7923944966688097 0.40222357630281813 0.8387691922314777 0.43559641559923756 0.9028464832731162
1 0.609873477041121 0.7011540232970128 0.5834675849520756 0.6336076080176741 0.45127864137894225 0.6852841768618063 0.47768453346798784 0.752830592141145
1 0.6311209972082493 0.6063602842863891 0.5091975541150843 0.6021682666127689 0.5074355629711851 0.6534151943907089 0.6293590060643501 0.657607212064329
1 0.6247820163431351 0.5276405192106987 0.5385021611372217 0.5260117306183026 0.5371084184973818 0.599840779839972 0.6233882737032952 0.601469568432368
1 0.5579506630825914 0.5250131062845413 0.5055014728254742 0.5170352082409667 0.5007451211898639 0.5483049475260888 0.5531943114469813 0.5562828455696636
1 0.6415277834315444 0.5230993276025704 0.6399708883502714 0.4688505657320037 0.4969400125589587 0.4729554348444262 0.4984969076402317 0.527204196714993
1 0.552170128857407 0.3321129206574764 0.4934864637866136 0.33183997337807736 0.4932391766470709 0.38500670837975387 0.5519228417178643 0.38527965565915295
1 0.5608593498765015 0.327455903259276 0.5599749731482915 0.2872381318236011 0.48452253096294073 0.28889730839090716 0.4854069076911509 0.3291150798265821
1 0.6149554172804619 0.15547146748926313 0.4889756014760434 0.12476128723312734 0.47522860636155706 0.1811544408370112 0.6012084221659755 0.21186462109314702
1 0.5575690072488446 0.13403457331397658 0.5480944892352155 0.07430115669648099 0.4669061101152317 0.08717871843709524 0.47638062812886084 0.14691213505459083
1 0.7362214131953944 0.213347863973362 0.7219449809177114 0.08363167092888762 0.5937792036276905 0.09773746602549696 0.6080556359053734 0.22745365906997134
1 0.8245606895823778 0.11394936301034764 0.7304213966627466 0.11032566815974706 0.7265651240002885 0.21050705669166025 0.8207044169199197 0.2141307515422608
1 0.8572307010854354 0.27405920776556353 0.8407697475143066 0.18637736416711476 0.712554427941661 0.21044787108138893 0.7290153815127899 0.29812971467983773
1 0.7029620305968728 0.2899395584489464 0.6111230619869465 0.2836383954746603 0.6074196087962092 0.3376159425910322 0.6992585774061354 0.34391710556531835
1 0.8869806359073749 0.40187166984789596 0.8643317923463435 0.3365209599097104 0.6958157871480661 0.3949241913799717 0.7184646307090977 0.46027490131815724
1 0.7454268981333063 0.5388999491084339 0.6384893208108281 0.5259550737562984 0.6296297304133128 0.599144124048967 0.7365673077357912 0.6120889994011025
1 0.6971546835666793 0.6686794033965426 0.6005424662375666 0.6629814386328217 0.597708327860041 0.7110358588029232 0.6943205451891539 0.7167338235666441
1 0.6157031936726844 0.7280369666217148 0.6091519556281406 0.6988504201301389 0.5605738313716848 0.709754308873993 0.5671250694162286 0.7389408553655689
1 0.7084582516872457 0.7582911320232502 0.6935278761964141 0.7365467417352702 0.657883032101012 0.7610216016696365 0.6728134075918437 0.7827659919576164
1 0.8358582234020231 0.8015116965697532 0.8129785413624144 0.7579508392181034 0.7497218549794875 0.7911754578163365 0.7726015370190961 0.8347363151679863
1 0.7905761422048156 0.7339749527896869 0.7740170179507742 0.682905357019713 0.6838671259631782 0.7121361202635589 0.7004262502172198 0.7632057160335328
1 0.7480895328710282 0.6905393350402964 0.7187730823046103 0.6598690638795917 0.6841477563867497 0.6929659885953281 0.7134642069531676 0.7236362597560329
1 0.8071050711534333 0.6681026268663157 0.7607305256948789 0.6214806498485229 0.7182738792261163 0.6637119709469825 0.7646484246846709 0.7103339479647752
1 0.8966366828186313 0.6624960827061475 0.8333257963313555 0.5892953114287716 0.7792694571020992 0.6360482990973436 0.842580343589375 0.7092490703747195
1 0.831228038134886 0.6035167683292704 0.8028681965843985 0.5514111649928445 0.722764752548702 0.5950095658372423 0.7511245940991895 0.6471151691736682
1 0.897805908355026 0.5724092147937083 0.8941448437309024 0.5268386413501056 0.7769350916156437 0.5362550792977766 0.7805961562397672 0.5818256527413792
1 0.8337861420047314 0.5081171392710371 0.7074687759008681 0.4884137894300503 0.6993667160053019 0.5403557624591606 0.8256840821091652 0.5600591123001475
1 0.9599242746890075 0.09330212175260137 0.9466201991590525 0.015610382970802795 0.8485659835585075 0.03240136629586341 0.8618700590884625 0.11009310507766198
1 0.9770831145939717 0.16736368800151538 0.9506405733785879 0.10049042868992956 0.8476619189990249 0.14120950445755237 0.8741044602144086 0.20808276376913817
1 1.0239283461309738 0.23277983182768947 0.9985315229660463 0.15786521536407414 0.8511057881313112 0.20784405119480617 0.8765026112962389 0.2827586676584215
1 0.951890911541166 0.31304766522310845 0.9409866217385984 0.2689400488878087 0.8608849259606959 0.2887427990024257 0.8717892157632633 0.3328504153377255
1 1.0056629902667735 0.3676602836863717 0.9981437405934658 0.30896048081219724 0.8600830629747944 0.32664559480322825 0.8676023126481022 0.3853453976774027
1 0.9885596046235939 0.42367881958499537 0.9848466300496161 0.3722410962656192 0.8714456102108725 0.38042682215224277 0.8751585847848503 0.431864545471619
1 0.9895925110246948 0.4569932234965008 0.9873386538324105 0.4231574828428485 0.8870349061597903 0.4298388889163579 0.8892887633520745 0.4636746295700102
1 1.0099474807887237 0.5065317296321558 0.9878994078884418 0.4436305864182879 0.8705477195822897 0.4847646333774659 0.8925957924825718 0.5476657765913338
1 1 0.5081453125000002 0.9668265625 0.5081453125000002 0.9668265625 0.5449046875000001 1 0.5449046875000001
1 1.018315319725954 0.551825938650176 0.9308682882616047 0.5183251496129495 0.9111445546121615 0.5698099655413358 0.9985915860765108 0.6033107545785622
1 0.9939280832757765 0.6591682716074825 0.9759493300245066 0.590419018225911 0.8855371433245637 0.614062888022783 0.9035158965758336 0.6828121414043544
1 0.9581360269638525 0.6737140047341135 0.8904329575240159 0.6649212392719079 0.8858364478067429 0.7003137239124974 0.9535395172465796 0.7091064893747029
1 0.9995243558612292 0.7448254531033365 0.8737822973921038 0.729267865211607 0.8663492326951145 0.7893445854742945 0.99209129116424 0.804902173366024
1 1 0.6063015625000002 0.9659609375 0.6063015625000002 0.9659609375 0.6875500000000001 1 0.6875500000000001
1 0.40107844632770345 0.5114564705078568 0.3643791970906218 0.47460581898223697 0.2797958990877616 0.5588416033222565 0.31649514832484327 0.5956922548478764
1 0.3968609067161545 0.6111093181834761 0.39627839962414535 0.559597416517554 0.30173118903464446 0.5606665756616922 0.3023136961266536 0.6121784773276143
1 0.4336819445240437 0.6609519503566749 0.4224812751849335 0.5992103297139935 0.3382605060761808 0.6144889857721496 0.349461175415291 0.676230606414831
1 0.4736460076913951 0.6116058198508687 0.4694613661425307 0.5695074495045679 0.38527955647347406 0.5778752484360219 0.38946419802233845 0.6199736187823226
1 0.3518220916871243 0.6723411054843235 0.34239794819409164 0.6322231499319957 0.26230087131862756 0.6510388232497016 0.2717250148116602 0.6911567788020293
1 0.3279247064176889 0.6276523916654936 0.30570936340494936 0.5818585346105081 0.20307086430552884 0.6316501357212981 0.22528620731826834 0.6774439927762838