1 0.37343750000000003 0.30625 0.2703125 0.30625 0.27031250000000007 0.415625 0.3734375000000001 0.415625
1 0.440625 0.37031250000000004 0.3468750000000001 0.3703125 0.3468750000000001 0.4859375 0.440625 0.4859375
1 0.8421875 0.4156250000000002 0.7671875 0.4156250000000002 0.7671875 0.5203125000000002 0.8421875 0.5203125000000002
1 0.5296875 0.3656250000000001 0.4390625 0.3656250000000001 0.4390625 0.475 0.5296875 0.475
1 0.3203125000000001 0.365625 0.22656250000000008 0.365625 0.22656250000000008 0.484375 0.3203125000000001 0.484375
1 0.7875 0.5312500000000001 0.7015625 0.53125 0.7015625 0.6296875000000001 0.7875 0.6296875000000002
1 0.303125 3.348643591418544e-17 0.24375 2.985076572921674e-17 0.24375 0.05781250000000003 0.303125 0.057812500000000044
1 0.775 9.223121206078503e-17 0.73125 8.955229718765019e-17 0.73125 0.05312500000000009 0.775 0.05312500000000009
1 0.5984375000000001 0.6625 0.5203125 0.6625 0.5203125000000001 0.76875 0.5984375000000002 0.76875
1 0.39375 0.057812500000000044 0.3 0.057812500000000044 0.3 0.17031250000000003 0.39375 0.17031250000000003
1 0.7125 0.6203125 0.6296875 0.6203125 0.6296875 0.725 0.7125 0.725
1 0.6953125 8.237663234889618e-17 0.65 7.960204194457795e-17 0.65 0.02343750000000008 0.6953125 0.023437500000000083
1 0.834375 0.2156250000000001 0.784375 0.2156250000000001 0.784375 0.3109375000000001 0.834375 0.3109375000000001
1 0.5859375 0.3421875000000001 0.5234375 0.3421875000000001 0.5234375 0.484375 0.5859375 0.484375
1 0.6140625 7.280907923055748e-17 0.575 7.041719095097281e-17 0.575 0.028125000000000074 0.6140625 0.028125000000000077
1 0.6875 0.45625 0.59375 0.45625 0.59375 0.5546875 0.6875 0.5546875
1 0.25468750000000007 0.3015625 0.14843750000000006 0.3015625 0.14843750000000006 0.3984375 0.25468750000000007 0.3984375
1 0.6375 0.546875 0.5875 0.546875 0.5875 0.646875 0.6375 0.646875
1 0.8390625 0.5546875000000002 0.796875 0.5546875000000002 0.796875 0.6062500000000002 0.8390625 0.6062500000000002
1 0.33281250000000007 0.7140625 0.28593750000000007 0.7140625 0.28593750000000007 0.8203125 0.33281250000000007 0.8203125
1 0.2843750000000001 0.690625 0.20312500000000008 0.690625 0.20312500000000008 0.8203125 0.2843750000000001 0.8203125
1 0.4921875 0.2906250000000001 0.4296875 0.2906250000000001 0.4296875 0.3937500000000001 0.4921875 0.3937500000000001
1 0.6578125 7.701880260262651e-17 0.6 7.347880794884119e-17 0.6 0.09687500000000007 0.6578125 0.09687500000000009
1 0.690625 0.5453125 0.6296875 0.5453125 0.6296875 0.6359375 0.690625 0.6359375
1 0.19375000000000003 0.3421875 0.13281250000000006 0.3421875 0.13281250000000006 0.45 0.19375000000000003 0.45
1 0.36406250000000007 0.8015625 0.28593750000000007 0.8015625 0.28593750000000007 0.98125 0.36406250000000007 0.98125
1 0.596875 0.503125 0.5609375 0.503125 0.5609375 0.584375 0.596875 0.584375
1 0.2984375000000001 0.8078125 0.2296875000000001 0.8078125 0.2296875000000001 0.9859375 0.2984375000000001 0.9859375
1 0.71875 0.1062500000000001 0.6515625 0.1062500000000001 0.6515625 0.2296875000000001 0.71875 0.2296875000000001
1 0.4546875 0.4625 0.3734375000000001 0.4625 0.3734375000000001 0.5875 0.4546875 0.5875
1 0.3828125000000001 0.68125 0.3218750000000001 0.68125 0.3218750000000001 0.79375 0.3828125000000001 0.79375
1 0.7734375 0.4437500000000001 0.721875 0.44375 0.721875 0.5375000000000001 0.7734375 0.5375000000000002
1 0.35625 3.980102097228898e-17 0.29375 3.59739997249535e-17 0.29375 0.07812500000000004 0.35625 0.07812500000000004
1 0.2875 0.01718750000000003 0.2046875 0.01718750000000003 0.2046875 0.18437500000000004 0.2875 0.18437500000000004
1 0.73125 0.5015625000000001 0.6734375 0.5015625 0.6734375 0.5765625000000001 0.73125 0.5765625000000002
1 0.15468750000000003 0.240625 0.08437500000000002 0.240625 0.08437500000000003 0.3328125 0.15468750000000003 0.3328125
1 0.43125 0.3062500000000001 0.371875 0.3062500000000001 0.37187500000000007 0.38750000000000007 0.43125 0.38750000000000007
1 0.45000000000000007 0.678125 0.3781250000000001 0.678125 0.3781250000000001 0.8578125 0.4500000000000002 0.8578125
1 0.2062500000000001 0.696875 0.1218750000000001 0.696875 0.1218750000000001 0.7890625 0.2062500000000001 0.7890625
1 0.8125 0.11718750000000008 0.753125 0.11718750000000008 0.753125 0.2375000000000001 0.8125 0.2375000000000001
1 0.2484375000000001 0.434375 0.18437500000000004 0.434375 0.18437500000000004 0.5421875 0.2484375000000001 0.5421875
1 0.4390625 4.91772230282609e-17 0.3640625 4.4584797531458325e-17 0.3640625 0.06875000000000005 0.4390625 0.06875000000000005
1 0.578125 6.850368032730508e-17 0.540625 6.620746757890377e-17 0.540625 0.02031250000000007 0.578125 0.020312500000000074
1 0.4859375 5.625721233583154e-17 0.4328125 5.300424427559639e-17 0.4328125 0.07500000000000005 0.4859375 0.07500000000000007
1 0.5437500000000002 0.7640625 0.48750000000000016 0.7640625 0.48750000000000016 0.8953125 0.5437500000000002 0.8953125
1 0.678125 0.08125000000000007 0.6046875 0.08125000000000007 0.6046875 0.17968750000000008 0.678125 0.17968750000000008
1 0.5890625 0.007812500000000068 0.53125 0.007812500000000064 0.53125 0.15156250000000007 0.5890625 0.1515625000000001
1 0.7734375 0.3546875000000001 0.6796875 0.3546875000000001 0.6796875 0.4843750000000001 0.7734375 0.48437500000000017
1 0.565625 0.48125 0.5078125 0.48125 0.5078125 0.61875 0.565625 0.61875
1 0.16250000000000003 0.1765625 0.09218750000000002 0.1765625 0.09218750000000002 0.259375 0.16250000000000003 0.259375
1 0.6546875 0.3500000000000001 0.56875 0.3500000000000001 0.56875 0.4671875 0.6546875 0.4671875
1 0.61875 0.07500000000000007 0.5828125 0.07500000000000007 0.5828125 0.1468750000000001 0.61875 0.1468750000000001
1 0.5125000000000001 0.6625 0.4453125 0.6625 0.4453125000000001 0.8578125 0.5125000000000002 0.8578125
1 0.5234375 0.465625 0.45625 0.465625 0.45625 0.5640625 0.5234375 0.5640625
1 0.3500000000000001 0.4609375 0.2250000000000001 0.4609375 0.2250000000000001 0.596875 0.3500000000000001 0.596875
1 0.5937500000000002 0.7546875 0.5390625000000002 0.7546875 0.5390625000000002 0.8671875 0.5937500000000002 0.8671875
1 0.6937500000000001 0.7140625 0.625 0.7140625 0.6250000000000001 0.8546875 0.6937500000000002 0.8546875
1 0.2109375 2.0283212610878037e-17 0.1203125 1.4734031802241592e-17 0.1203125 0.15625000000000003 0.2109375 0.15625000000000006
1 0.5890625 0.2984375000000001 0.546875 0.2984375000000001 0.546875 0.3781250000000001 0.5890625 0.3781250000000001
1 0.5328125 6.209341973801814e-17 0.48125 5.893612720896637e-17 0.48125 0.05468750000000007 0.5328125 0.05468750000000007
1 0.7296875 0.021875000000000085 0.6734375 0.021875000000000082 0.6734375 0.12500000000000008 0.7296875 0.12500000000000008
1 0.13906250000000003 0.315625 0.057812500000000044 0.315625 0.05781250000000006 0.4703125 0.13906250000000003 0.4703125
1 0.7640625 0.10937500000000008 0.7046875 0.10937500000000008 0.7046875 0.22812500000000008 0.7640625 0.22812500000000008
1 0.7890625 0.2890625000000001 0.73125 0.2890625000000001 0.73125 0.3734375000000001 0.7890625 0.3734375000000001
1 0.4890625000000002 0.828125 0.4078125000000002 0.828125 0.4078125000000002 0.959375 0.4890625000000002 0.959375
1 0.6468750000000002 0.85625 0.5984375000000002 0.85625 0.5984375000000002 0.94375 0.6468750000000002 0.94375
1 0.853125 0.14218750000000008 0.8046875 0.14218750000000008 0.8046875 0.21093750000000008 0.853125 0.21093750000000008
1 0.246875 2.3727531733479968e-17 0.140625 1.7221595613009655e-17 0.140625 0.05468750000000002 0.246875 0.05468750000000002
1 0.16718750000000002 0.06250000000000001 0.0859375 0.0625 0.08593750000000001 0.19375 0.16718750000000004 0.19375
1 0.2312500000000001 0.809375 0.14062500000000008 0.809375 0.1406250000000001 0.9375 0.2312500000000001 0.9375
1 0.6828125 0.3187500000000001 0.615625 0.3187500000000001 0.615625 0.4390625 0.6828125 0.4390625
1 0.1921875000000001 0.7796875 0.11093750000000009 0.7796875 0.11093750000000009 0.8796875 0.1921875000000001 0.8796875
1 0.4312500000000002 0.865625 0.3656250000000001 0.865625 0.3656250000000001 0.978125 0.4312500000000002 0.978125
1 0.6062500000000002 0.8296875 0.5500000000000002 0.8296875 0.5500000000000002 0.965625 0.6062500000000002 0.965625
1 0.2000000000000001 0.44375 0.12656250000000005 0.44375 0.12656250000000008 0.6078125 0.2000000000000001 0.6078125
1 0.6343750000000001 0.6640625 0.5890625 0.6640625 0.5890625 0.746875 0.6343750000000001 0.746875
1 0.6640625 0.18125000000000008 0.578125 0.18125000000000008 0.578125 0.27031250000000007 0.6640625 0.27031250000000007
1 0.7671875 0.04687500000000009 0.71875 0.04687500000000009 0.71875 0.11875000000000009 0.7671875 0.11875000000000009
1 0.7359375 0.2875000000000001 0.671875 0.2875000000000001 0.671875 0.3703125000000001 0.7359375 0.3703125000000001
1 0.815625 0.6578125000000001 0.7734375 0.6578125000000001 0.7734375000000001 0.7390625000000002 0.815625 0.7390625000000002
1 0.7656250000000002 0.7875000000000001 0.6812500000000001 0.7875 0.6812500000000001 0.9421875 0.7656250000000002 0.9421875
1 0.6890625 0.01875000000000008 0.653125 0.01875000000000008 0.653125 0.0906250000000001 0.6890625 0.0906250000000001
1 0.871875 0.2671875000000001 0.8234375 0.2671875000000001 0.8234375 0.3453125000000001 0.871875 0.3453125000000001
1 0.5546875 0.19531250000000006 0.5046875 0.19531250000000006 0.5046875 0.2953125000000001 0.5546875 0.2953125000000001
1 0.75625 8.916959506291665e-17 0.7 8.572527594031472e-17 0.7 0.0031250000000000895 0.75625 0.003125000000000093
1 0.7968750000000002 0.89375 0.7265625000000002 0.89375 0.7265625000000002 0.95625 0.7968750000000002 0.95625