1 0.4546875 0.4546875 0.2890625000000001 0.4546875 0.2890625000000001 0.5125 0.4546875 0.5125
1 0.4265625 0.37031250000000004 0.2953125000000001 0.3703125 0.2953125000000001 0.453125 0.4265625 0.453125
1 0.59375 0.2375000000000001 0.4171875 0.2375000000000001 0.4171875 0.3218750000000001 0.59375 0.3218750000000001
1 0.4546875 0.21718750000000003 0.2984375 0.2171875 0.2984375 0.28750000000000003 0.4546875 0.2875000000000001
1 0.4421875 0.5125 0.2984375000000001 0.5125 0.2984375000000001 0.559375 0.4421875 0.559375
1 0.18906250000000005 0.4015625 0.04531250000000005 0.4015625 0.045312500000000054 0.5 0.18906250000000005 0.5
1 0.3843750000000001 0.603125 0.2734375000000001 0.603125 0.2734375000000001 0.69375 0.3843750000000001 0.69375
1 0.5921875 0.16562500000000008 0.446875 0.16562500000000005 0.446875 0.2468750000000001 0.5921875 0.2468750000000001
1 0.765625 0.27812500000000007 0.6453125 0.27812500000000007 0.6453125 0.3546875000000001 0.765625 0.3546875000000001
1 0.8625 0.0734375000000001 0.65 0.07343750000000009 0.65 0.1750000000000001 0.8625 0.1750000000000001
1 0.20625 0.2078125 0.09531250000000002 0.2078125 0.09531250000000004 0.29375 0.20625 0.29375
1 0.33125 0.2359375 0.2171875 0.2359375 0.2171875 0.3265625 0.33125 0.3265625
1 0.559375 0.30937500000000007 0.4359375 0.30937500000000007 0.4359375 0.3750000000000001 0.559375 0.3750000000000001
1 0.8390625 0.5218750000000001 0.709375 0.521875 0.709375 0.6015625000000001 0.8390625 0.6015625000000002
1 0.18281250000000004 0.2859375 0.06718750000000004 0.2859375 0.06718750000000004 0.384375 0.18281250000000004 0.384375
1 0.5390625 0.4828125 0.440625 0.4828125 0.440625 0.528125 0.5390625 0.528125
1 0.1671875000000001 0.546875 0.06562500000000007 0.546875 0.06562500000000007 0.6203125 0.1671875000000001 0.6203125
1 0.8890625 0.25468750000000007 0.746875 0.25468750000000007 0.746875 0.3578125000000001 0.8890625 0.3578125000000001
1 0.8859375 0.14843750000000008 0.7296875 0.14843750000000008 0.7296875 0.23593750000000008 0.8859375 0.23593750000000008
1 0.8390625 0.4625000000000002 0.728125 0.4625000000000002 0.728125 0.5296875000000002 0.8390625 0.5296875000000002
1 0.2453125 0.12812500000000002 0.128125 0.128125 0.12812500000000002 0.215625 0.2453125 0.215625
1 0.8359375 0.3437500000000001 0.721875 0.3437500000000001 0.721875 0.41875000000000007 0.8359375 0.4187500000000002
1 0.5234375 0.09531250000000005 0.384375 0.09531250000000005 0.384375 0.18281250000000004 0.5234375 0.18281250000000004
1 0.7390625 0.3546875000000001 0.6375 0.3546875000000001 0.6375 0.43437500000000007 0.7390625 0.4343750000000002
1 0.9890625 0.1984375000000001 0.80625 0.1984375000000001 0.80625 0.27031250000000007 0.9890625 0.27031250000000007
1 0.12968750000000004 0.3359375 0.01718750000000004 0.3359375 0.017187500000000043 0.4078125 0.12968750000000004 0.4078125
1 0.2703125 0.08750000000000002 0.1453125 0.08750000000000002 0.1453125 0.15625000000000003 0.2703125 0.15625000000000006
1 0.7578125 0.2093750000000001 0.646875 0.2093750000000001 0.646875 0.2796875000000001 0.7578125 0.2796875000000001
1 0.7296875 0.5406250000000001 0.6453125 0.540625 0.6453125 0.5890625 0.7296875 0.5890625000000002
1 0.07812500000000003 0.25625 0.014062500000000033 0.25625 0.014062500000000037 0.3375 0.07812500000000004 0.3375
1 0.15156250000000002 0.11875 0.03437500000000001 0.11875 0.03437500000000002 0.20625 0.15156250000000004 0.20625
1 0.73125 0.4484375000000001 0.64375 0.4484375 0.64375 0.5000000000000001 0.73125 0.5000000000000002
1 0.396875 0.12343750000000005 0.2671875 0.12343750000000005 0.2671875 0.22031250000000005 0.396875 0.22031250000000008
1 0.4328125 0.28593750000000007 0.3234375 0.2859375 0.3234375 0.3453125 0.4328125 0.3453125000000001
1 0.07500000000000005 0.378125 0.020312500000000046 0.378125 0.02031250000000005 0.4671875 0.07500000000000007 0.4671875
1 0.4640625 0.15312500000000004 0.35625 0.15312500000000004 0.35625 0.22812500000000005 0.4640625 0.22812500000000008
1 0.4046875 0.32656250000000003 0.284375 0.3265625 0.28437500000000004 0.3765625 0.4046875 0.3765625000000001
1 0.7953125 0.4156250000000001 0.7078125 0.415625 0.7078125 0.47343750000000007 0.7953125 0.4734375000000002
1 0.415625 0.559375 0.3218750000000001 0.559375 0.3218750000000001 0.6125 0.415625 0.6125
1 0.7296875 0.6078125000000001 0.6484375 0.6078125 0.6484375 0.6640625000000001 0.7296875 0.6640625000000002
1 0.646875 0.07812500000000008 0.540625 0.07812500000000007 0.540625 0.18593750000000006 0.646875 0.1859375000000001
1 0.9171875 0.6515625000000002 0.815625 0.6515625000000002 0.815625 0.7218750000000002 0.9171875 0.7218750000000002
1 0.7265625 0.4984375000000001 0.6484375 0.4984375 0.6484375 0.5421875 0.7265625 0.5421875000000002
1 0.7359375000000001 0.7343750000000001 0.6484375000000002 0.734375 0.6484375000000002 0.7906250000000001 0.7359375000000001 0.7906250000000001
1 0.9984375 0.05625000000000012 0.8515625 0.05625000000000011 0.8515625 0.1656250000000001 0.9984375 0.16562500000000013
1 0.559375 0.07500000000000005 0.4484375 0.07500000000000004 0.4484375 0.14062500000000006 0.559375 0.14062500000000008
1 0.484375 0.3906250000000001 0.41875 0.3906250000000001 0.41875 0.45 0.484375 0.45
1 0.10000000000000002 0.140625 0.007812500000000017 0.140625 0.007812500000000024 0.2625 0.10000000000000005 0.2625
1 0.7375 0.1687500000000001 0.646875 0.1687500000000001 0.646875 0.21250000000000008 0.7375 0.21250000000000008
1 0.953125 0.42968750000000017 0.865625 0.42968750000000017 0.865625 0.4812500000000002 0.953125 0.4812500000000002
1 0.05937500000000007 0.5546875 0.028125000000000067 0.5546875 0.028125000000000074 0.596875 0.05937500000000007 0.596875
1 0.04687500000000007 0.5875 0.03125000000000007 0.5875 0.03125000000000007 0.6328125 0.046875000000000076 0.6328125
1 0.4281250000000001 0.703125 0.3531250000000001 0.703125 0.3531250000000001 0.746875 0.4281250000000002 0.746875
1 0.2718750000000001 0.675 0.2062500000000001 0.675 0.2062500000000001 0.725 0.2718750000000001 0.725
1 0.934375 0.7812500000000002 0.85 0.7812500000000002 0.85 0.8453125 0.934375 0.8453125
1 0.471875 0.5515625 0.4109375 0.5515625 0.4109375 0.5984375 0.471875 0.5984375
1 0.1937500000000001 0.671875 0.13281250000000008 0.671875 0.13281250000000008 0.7109375 0.1937500000000001 0.7109375
1 0.04218750000000002 0.10625 0.006250000000000014 0.10625 0.006250000000000017 0.1484375 0.042187500000000024 0.1484375
1 0.05625000000000009 0.7453125 0.03906250000000009 0.7453125 0.0390625000000001 0.7828125 0.05625000000000009 0.7828125
1 0.60625 0.5953125 0.5484375 0.5953125 0.5484375 0.63125 0.60625 0.63125
1 0.12656250000000005 0.25625 0.040625000000000036 0.25625 0.040625000000000036 0.296875 0.12656250000000005 0.296875