1 0.5023989046493765 0.6089728562772342 0.4158661869491243 0.5607465453467052 0.3770488328583861 0.6303967234049699 0.46358155055863837 0.6786230343354989
1 0.4109712365006791 0.6895561392835418 0.3878289970505971 0.5756318605695427 0.33595989543966753 0.5861683957408931 0.3591021348897495 0.7000926744548921
1 0.3451675229293324 0.5864852511885931 0.26455770917293436 0.585102443235735 0.2628307572179223 0.6857738887333128 0.34344057097432035 0.6871566966861709
1 0.2844944123498612 0.6114618667096036 0.1707898900162052 0.5741987107018266 0.13641683258024034 0.6790844073424445 0.2501213549138964 0.7163475633502213
1 0.3220349937080539 0.8022930893456378 0.2201913485738257 0.7310025377516779 0.15329781879194648 0.8265647231543625 0.2551414639261747 0.8978552747483223
1 0.3176829759431388 0.6939788630479817 0.2695855484849724 0.6667229108784414 0.2423064348875752 0.7148612103299705 0.29040386234574156 0.7421171624995109
1 0.37356040888811226 0.8428449954896344 0.36969222239078414 0.7310096715873068 0.2746137180781373 0.7342982692658858 0.27848190457546534 0.8461335931682135
1 0.40045830802428356 0.72299059436185 0.34802387050958467 0.6582206777870241 0.2997048152287226 0.6973373328465795 0.3521392527434215 0.7621072494214054
1 0.46328219417980654 0.7804970837708505 0.3884566655168577 0.7299593674487193 0.35018874102010755 0.7866183914349143 0.42501426968305644 0.8371561077570453
1 0.4550524470074815 0.6602760598503741 0.39961557044887785 0.6575042160224439 0.3941790835411472 0.7662339541770573 0.44961596009975074 0.7690057980049875
1 0.5241690664647332 0.8327948945897777 0.4907086418500243 0.6777549001165981 0.4237630153224636 0.6922029726756913 0.4572234399371724 0.8472429671488708
1 0.55625 0.6433828125 0.48125 0.6433828125 0.48125000000000007 0.7398890625 0.5562500000000001 0.7398890625
1 0.6227711025669598 0.5679634547332989 0.5571412991079361 0.5653057485280186 0.5539059276974085 0.6452005049040236 0.6195357311564322 0.6478582111093039
1 0.6990995842634777 0.7224627895058005 0.6270133043390878 0.6229034288537366 0.5734812099570694 0.6616635164566198 0.6455674898814594 0.7612228771086836
1 0.5722409014278487 0.6086475146079349 0.5339392779108255 0.5516752739323794 0.4672458134184507 0.5965123373468242 0.5055474369354739 0.6534845780223797
1 0.4758592793322398 0.8325615688490519 0.42308189697890236 0.8082562691870219 0.39386899116052043 0.8716902001184463 0.44664637351385805 0.8959954997804763
1 0.42146280346119136 0.8791506018804945 0.38517496216068237 0.8277441118670243 0.3187169953745933 0.8746567906213251 0.3550048366751023 0.9260632806347953
1 0.603519349251951 0.7067538266539146 0.5523938386278138 0.7008102436874104 0.5375310854081062 0.8286566709889899 0.5886565960322435 0.8346002539554942
1 0.6682296875000002 0.7683828125 0.6213546875000002 0.7683828125 0.6213546875000002 0.8556984375000001 0.6682296875000002 0.8556984375000001
1 0.7245121186642399 0.8489407681669716 0.7078241239155226 0.7575397227075721 0.6555737442070477 0.7670795923864242 0.672261738955765 0.8584806378458237
1 0.7691104579207921 0.7529967667079209 0.7609475556930694 0.6713677444306929 0.7179653465346535 0.6756659653465344 0.7261282487623762 0.7572949876237625
1 0.6827850830631456 0.6711742114735308 0.6713669266549203 0.5963223965968074 0.6392413086227301 0.6012229502040455 0.6506594650309554 0.676074765080769
1 0.7455649638985491 0.6085402500093857 0.7354813996126541 0.5595899540648791 0.7051862237242008 0.5658306385741214 0.7152697880100958 0.614780934518628
1 0.7933411515459542 0.49214490085672413 0.7905548744234331 0.43370415978180654 0.7377744892096294 0.43622056832033873 0.7405607663321505 0.4946613093952563
1 0.7474834630662888 0.43726596929062617 0.7202345190314127 0.4259519115327183 0.6981189612632577 0.4792153479424643 0.7253679052981339 0.49052940570037223
1 0.7232465055771844 0.36396893378004436 0.6764955856472653 0.3623099019848267 0.6727760904358846 0.4671239406959825 0.7195270103658038 0.46878297249120005
1 0.6949016737485044 0.425038198272693 0.6522122627270007 0.3174228306558087 0.6016737755494088 0.3374706946301238 0.6443631865709125 0.44508606224700814
1 0.6351793134794513 0.45854640070958474 0.6280804028718594 0.37612183625474327 0.5476642918041177 0.38304776649963806 0.5547632024117096 0.4654723309544796
1 0.5581618754734852 0.5169956295286721 0.5549806142382833 0.4046006192219421 0.5109017306478421 0.4058482408314297 0.514082991883044 0.5182432511381596
1 0.5212310525657478 0.4271126713142538 0.46892471693595184 0.41364607339132997 0.4463759701031419 0.5012288709634267 0.4986823057329378 0.5146954688863505
1 0.466881251042112 0.4656934171830186 0.4394078203389108 0.3598258924773462 0.39480229818488477 0.37140136593141737 0.422275728888086 0.47726889063708977
1 0.42265328355723675 0.5565897557596383 0.4142001719053461 0.4708610094789541 0.35992791709682426 0.47621241667198866 0.3683810287487148 0.5619411629526729
1 0.3785568430914905 0.5659748383184496 0.3519142153528551 0.47455066123332224 0.29977957743649614 0.4897436199733365 0.32642220517513154 0.5811677970584639
1 0.31058904142267363 0.5514099926352297 0.306995462121341 0.4781339491076326 0.2212641532123818 0.48233835538204284 0.22485773251371444 0.5556143989096399
1 0.24911425729817555 0.44524020625719646 0.19098248920577363 0.4280843759868329 0.15167623234943356 0.5612718797184563 0.2098080004418355 0.5784277099888199
1 0.19010468750000004 0.34283125000000003 0.12447968750000005 0.34283125000000003 0.12447968750000005 0.4549625 0.19010468750000004 0.4549625
1 0.24020700596961095 0.3900078140828197 0.20964617287780868 0.3001222917932108 0.15474319551132573 0.31878915476291125 0.185304028603128 0.40867467705252014
1 0.3158955078697893 0.4542218758461387 0.23287019356673144 0.3775843032213565 0.19193805198533698 0.42192813880356034 0.2749633662883949 0.4985657114283425
1 0.34223724938809164 0.4045512750432322 0.24973402445352563 0.3006700241459649 0.20524778110076194 0.3402837267131796 0.29775100603532795 0.4441649776104469
1 0.3585223339094439 0.28555359098058125 0.27973393504209093 0.2834154279430585 0.27722270524448317 0.3759508293457218 0.3560111041118361 0.37808899238324456
1 0.38659598504122195 0.36708571545263935 0.3835499439955978 0.3186600659165027 0.3453914589543759 0.3210602879638634 0.3484375 0.36948593750000003
1 0.4249528492662337 0.38679307029124194 0.3518621839000325 0.347964625026579 0.29572259256187994 0.45364179176151714 0.3688132579280812 0.4924702370261801
1 0.41458281250000006 0.24448593750000008 0.3588546875 0.24448593750000006 0.3588546875 0.34099218750000004 0.41458281250000006 0.3409921875000001
1 0.47556145812519157 0.24337797543906606 0.41699848771969245 0.23988285184739944 0.40950378065238446 0.36546133188373664 0.4680667510578836 0.3689564554754033
1 0.5171666178370455 0.3020536749282008 0.45627016994902825 0.30114375618822875 0.45477644889198593 0.40111126154173615 0.5156728967800033 0.4020211802817082
1 0.4988649736553482 0.41802252217480984 0.48242582926472527 0.38903975788129264 0.4493184271590157 0.4078184139853936 0.4657575715496387 0.43680117827891074
1 0.571975816973273 0.40311715806589127 0.5539730471920785 0.30778216040238837 0.5077057242994845 0.3165191403451323 0.5257084940806791 0.41185413800863513
1 0.5149237606536319 0.27620866378534437 0.4766246044450333 0.27485362564069216 0.47513977573814375 0.31682121659937307 0.5134389319467424 0.31817625474402533
1 0.5546875 0.2426468750000001 0.5109375 0.2426468750000001 0.5109375 0.3125000000000001 0.5546875 0.3125000000000001
1 0.615625 0.3106625000000001 0.5609375 0.3106625000000001 0.5609375 0.3814343750000001 0.615625 0.3814343750000001
1 0.6651080418477938 0.25123601414636826 0.5984790141336452 0.24337343019879953 0.5892155217861926 0.3218740214120835 0.6558445495003412 0.3297366053596522
1 0.699213312782669 0.2647981864951019 0.6635679885787535 0.25914331492106846 0.6475885024753554 0.35986955694274475 0.6832338266792708 0.36552442851677813
1 0.7398795288360651 0.3156800012639896 0.7287409371958824 0.24692800458837674 0.6854581015069034 0.25394030757709374 0.6965966931470862 0.32269230425270656
1 0.7427952230756263 0.4127976910940417 0.7253185127745274 0.34340853272196015 0.6975658184287535 0.3503984690540195 0.7150425287298524 0.41978762742610104
1 0.7893983571731773 0.395963159351597 0.7417624732051624 0.38808562121345347 0.734554729231023 0.43167122493916066 0.7821906131990379 0.4395487630773041
1 0.8571872200648748 0.42720388100781576 0.820145806262585 0.36183813278470833 0.7791445671068977 0.3850726846296388 0.8161859809091876 0.4504384328527463
1 0.8748759389307296 0.4056728992945695 0.8507605400396312 0.32907274625688476 0.8134308700313309 0.34082494056751955 0.8375462689224292 0.4174250936052043
1 0.8242834115562244 0.2454249252601161 0.7947379164394386 0.2332459707815274 0.7808432967401003 0.266953578376097 0.8103887918568862 0.27913253285468576
1 0.7052078125000001 0.0523890625000001 0.634375 0.05238906250000008 0.634375 0.1608453125000001 0.7052078125000001 0.1608453125000001
1 0.6221929813537712 0.2880960744330561 0.5991104301522694 0.1251469753571118 0.5403936948724372 0.13346449325790172 0.563476246073939 0.296413592333846
1 0.5865725455117952 0.11714960118112232 0.5435770396301847 0.09771543412601555 0.5050362872238543 0.18298171500490917 0.5480317931054647 0.20241588206001593
1 0.5316866500670534 0.1829398632933233 0.5010255195678446 0.07859872881969328 0.4333887437525309 0.09847411181491246 0.4640498742517397 0.20281524628854247
1 0.47474807786222784 0.2340514603873629 0.43150715365521625 0.10052151474855127 0.3793834279266845 0.11740071036891848 0.42262435213369615 0.2509306560077301
1 0.41091445423197087 0.1915969312612918 0.3715003378429155 0.02083468068644926 0.2977649749211011 0.037853747643029824 0.33717909131015655 0.20861599821787236
1 0.3381687365462021 0.1383164047995167 0.26712031244443546 0.0015432232004591651 0.2146537745292024 0.02879757813591958 0.285702198630969 0.1655707597349771
1 0.262983850824836 0.16566781790571233 0.22527957298901086 0.0032740445815362617 0.1596742090380484 0.01850617337128748 0.19737848687387355 0.18089994669546355
1 0.30388638906326604 0.15223391731260943 0.24426776008427536 0.133103597663412 0.22520999684164203 0.1924961084403906 0.28482862582063273 0.211626428089588
1 0.47091858595761427 0.01660437306540673 0.42137088237033266 0.014669982386637026 0.4171646352725366 0.12240927554173804 0.4667123388598182 0.12434366622050774
1 0.5489138050274852 0.13407293481878862 0.5302315175604739 0.08278382829268793 0.5021505250329887 0.09301245597389929 0.5208328125000001 0.14430156249999998
1 0.621875 0.07352968750000007 0.58125 0.07352968750000007 0.58125 0.1341906250000001 0.621875 0.1341906250000001
1 0.6582395145231815 0.04283647772038997 0.6279655483963716 0.02353525609029119 0.6010434543729108 0.06576256056608928 0.6313174204997207 0.08506378219618807
1 0.24203452649389537 0.3113314719265795 0.2291017735400759 0.2447665924732707 0.17178709108585416 0.2559021437563913 0.18471984403967362 0.3224670232097001
1 0.3047569010061097 0.2209094152575899 0.2400665443542484 0.21357566295404196 0.22928165092423472 0.3087082190539228 0.293972007576096 0.31604197135747075
1 0.36213864637152593 0.24506062225123423 0.3055956379089253 0.23707512657563057 0.29815312867381427 0.28977340352160785 0.3546961371364149 0.2977588991972115