1 0.5515625 0.3593750000000001 0.48125 0.3593750000000001 0.48125 0.4484375 0.5515625 0.4484375
1 0.4484375000000001 0.715625 0.37187500000000007 0.715625 0.37187500000000007 0.8109375 0.44843750000000016 0.8109375
1 0.3765625000000001 0.7203125 0.2906250000000001 0.7203125 0.2906250000000001 0.8140625 0.3765625000000001 0.8140625
1 0.275 0.12968750000000004 0.2015625 0.12968750000000004 0.2015625 0.225 0.275 0.225
1 0.5 0.4 0.45 0.4 0.45 0.4859375 0.5 0.4859375
1 0.5593750000000001 0.7078125 0.5078125 0.7078125 0.5078125000000001 0.865625 0.5593750000000002 0.865625
1 0.5453125 0.5078125 0.5171875 0.5078125 0.5171875 0.5640625 0.5453125 0.5640625
1 0.5093750000000001 0.715625 0.4546875 0.715625 0.4546875000000001 0.884375 0.5093750000000001 0.884375
1 0.6203125 0.2078125000000001 0.584375 0.2078125000000001 0.584375 0.27031250000000007 0.6203125 0.27031250000000007
1 0.3843750000000001 0.79375 0.2921875000000001 0.79375 0.2921875000000001 0.95625 0.3843750000000001 0.95625
1 0.38281250000000006 0.35625000000000007 0.31875 0.35625 0.31875000000000003 0.45 0.3828125000000001 0.45
1 0.5234375 0.12187500000000004 0.45625 0.12187500000000004 0.45625 0.2250000000000001 0.5234375 0.2250000000000001
1 0.5890625 0.12812500000000007 0.5203125 0.12812500000000004 0.5203125 0.2468750000000001 0.5890625 0.2468750000000001
1 0.521875 0.4734375 0.48125 0.4734375 0.48125 0.55625 0.521875 0.55625
1 0.56875 0.440625 0.5125 0.440625 0.5125 0.5140625 0.56875 0.5140625
1 0.6875000000000001 0.71875 0.6078125 0.71875 0.6078125000000001 0.8015625 0.6875000000000002 0.8015625
1 0.60625 0.4734375 0.5484375 0.4734375 0.5484375 0.5859375 0.60625 0.5859375
1 0.3046875000000001 0.8046875 0.2531250000000001 0.8046875 0.2531250000000001 0.9515625 0.3046875000000001 0.9515625
1 0.821875 0.23593750000000008 0.7828125 0.23593750000000008 0.7828125 0.3000000000000001 0.821875 0.3000000000000001
1 0.6546875 0.4828125 0.603125 0.4828125 0.603125 0.565625 0.6546875 0.565625
1 0.76875 0.2250000000000001 0.703125 0.2250000000000001 0.703125 0.3031250000000001 0.76875 0.3031250000000001
1 0.3031250000000001 0.7171875 0.2312500000000001 0.7171875 0.2312500000000001 0.803125 0.3031250000000001 0.803125
1 0.653125 0.1843750000000001 0.6125 0.1843750000000001 0.6125 0.2500000000000001 0.653125 0.2500000000000001
1 0.684375 0.403125 0.63125 0.403125 0.63125 0.4984375 0.684375 0.4984375
1 0.809375 0.7156250000000002 0.7578125 0.7156250000000002 0.7578125000000001 0.8109375 0.809375 0.8109375
1 0.4265625 0.4375 0.3296875000000001 0.4375 0.3296875000000001 0.5296875 0.4265625 0.5296875
1 0.6859375 0.2218750000000001 0.6140625 0.2218750000000001 0.6140625 0.3296875000000001 0.6859375 0.3296875000000001
1 0.23593750000000008 0.71875 0.1703125000000001 0.71875 0.1703125000000001 0.80625 0.23593750000000008 0.80625
1 0.6640625 0.054687500000000076 0.603125 0.05468750000000007 0.603125 0.18906250000000008 0.6640625 0.18906250000000008
1 0.7703125 0.5000000000000001 0.7171875 0.5 0.7171875 0.5906250000000001 0.7703125 0.5906250000000002
1 0.7328125 0.6109375000000001 0.6921875 0.6109375 0.6921875 0.6781250000000001 0.7328125 0.6781250000000002
1 0.4515625 0.36406250000000007 0.4125 0.36406250000000007 0.4125 0.4546875 0.4515625 0.4546875
1 0.42968750000000017 0.8109375 0.3750000000000001 0.8109375 0.3750000000000001 0.928125 0.42968750000000017 0.928125
1 0.48125 0.465625 0.4328125 0.465625 0.4328125 0.565625 0.48125 0.565625
1 0.6281250000000002 0.7734375 0.5781250000000002 0.7734375 0.5781250000000002 0.884375 0.6281250000000002 0.884375
1 0.30937500000000007 0.3671875 0.18750000000000006 0.3671875 0.18750000000000006 0.4875 0.30937500000000007 0.4875
1 0.6984375000000002 0.8375 0.6546875000000002 0.8375 0.6546875000000002 0.921875 0.6984375000000002 0.921875
1 0.709375 0.459375 0.659375 0.459375 0.659375 0.5453125 0.709375 0.5453125
1 0.5796875000000001 0.853125 0.4812500000000002 0.853125 0.4812500000000002 0.99375 0.5796875000000001 0.99375
1 0.821875 0.37187500000000007 0.7828125 0.37187500000000007 0.7828125 0.4203125000000002 0.821875 0.4203125000000002
1 0.37187500000000007 0.5203125 0.2734375000000001 0.5203125 0.2734375000000001 0.628125 0.37187500000000007 0.628125
1 0.5906250000000001 0.715625 0.5484375 0.715625 0.5484375000000001 0.815625 0.5906250000000002 0.815625
1 0.55 0.02500000000000006 0.471875 0.025000000000000057 0.471875 0.14218750000000008 0.55 0.14218750000000008
1 0.3140625000000001 0.475 0.2171875000000001 0.475 0.2171875000000001 0.5765625 0.3140625000000001 0.5765625
1 0.74375 0.4515625000000001 0.7046875 0.4515625 0.7046875 0.5265625 0.74375 0.5265625000000002
1 0.2453125 0.290625 0.2109375 0.290625 0.2109375 0.3390625 0.2453125 0.3390625
1 0.775 0.11093750000000009 0.7015625 0.11093750000000009 0.7015625 0.2328125000000001 0.775 0.2328125000000001
1 0.5062500000000002 0.884375 0.43281250000000016 0.884375 0.43281250000000016 1 0.5062500000000002 1
1 0.7203125 0.0828125000000001 0.6703125 0.0828125000000001 0.6703125 0.14843750000000008 0.7203125 0.14843750000000008
1 0.6750000000000002 0.7984375 0.6156250000000002 0.7984375 0.6156250000000002 0.9015625 0.6750000000000002 0.9015625
1 0.15625000000000006 0.409375 0.09687500000000004 0.409375 0.09687500000000006 0.50625 0.15625000000000006 0.50625
1 0.6984375 0.1359375000000001 0.646875 0.1359375000000001 0.646875 0.2062500000000001 0.6984375 0.2062500000000001
1 0.265625 0.215625 0.19531250000000006 0.215625 0.19531250000000006 0.2875 0.265625 0.2875
1 0.14843750000000006 0.5015625 0.09687500000000007 0.5015625 0.09687500000000007 0.55625 0.14843750000000008 0.55625
1 0.4671875000000002 0.7875 0.42187500000000017 0.7875 0.42187500000000017 0.8890625 0.4671875000000002 0.8890625
1 0.7984375 0.38750000000000007 0.759375 0.38750000000000007 0.759375 0.4750000000000002 0.7984375 0.4750000000000002
1 0.36875 0.04531250000000004 0.3078125 0.04531250000000003 0.3078125 0.19843750000000004 0.36875 0.19843750000000004
1 0.65625 0.5625 0.5640625 0.5625 0.5640625 0.659375 0.65625 0.659375
1 0.6328125000000002 0.8734375 0.5843750000000002 0.8734375 0.5843750000000002 0.978125 0.6328125000000002 0.978125
1 0.609375 0.06875000000000006 0.565625 0.06875000000000006 0.565625 0.1828125000000001 0.609375 0.1828125000000001
1 0.31875 0.10156250000000004 0.26875 0.10156250000000004 0.26875 0.221875 0.31875 0.221875
1 0.2609375000000001 0.7921875 0.1703125000000001 0.7921875 0.1703125000000001 0.8875 0.2609375000000001 0.8875
1 0.6515625 0.3625000000000001 0.609375 0.3625000000000001 0.609375 0.4390625 0.6515625 0.4390625
1 0.834375 0.8078125 0.7625000000000002 0.8078125 0.7625000000000002 0.903125 0.834375 0.903125
1 0.21093750000000006 0.3609375 0.13437500000000005 0.3609375 0.13437500000000005 0.45 0.21093750000000008 0.45
1 0.2890625 0.046875000000000035 0.2375 0.046875000000000035 0.2375 0.11875000000000005 0.2890625 0.11875000000000005
1 0.4234375 0.03906250000000005 0.3671875 0.03906250000000004 0.3671875 0.17500000000000004 0.4234375 0.17500000000000004
1 0.2390625000000001 0.4515625 0.14687500000000003 0.4515625 0.14687500000000003 0.5359375 0.2390625000000001 0.5359375
1 0.721875 0.4046875 0.6828125 0.4046875 0.6828125 0.475 0.721875 0.475
1 0.6890625000000001 0.9046875 0.6265625000000001 0.9046875 0.6265625000000001 0.9984375 0.6890625000000001 0.9984375
1 0.2375000000000001 0.5328125 0.15000000000000005 0.5328125 0.15000000000000008 0.6234375 0.2375000000000001 0.6234375
1 0.2609375000000001 0.8859375 0.1750000000000001 0.8859375 0.1750000000000001 0.9921875 0.2609375000000001 0.9921875
1 0.7203125000000001 0.7453125 0.6718750000000002 0.7453125 0.6718750000000002 0.8671875 0.7203125000000001 0.8671875
1 0.471875 0.04843750000000006 0.425 0.04843750000000006 0.425 0.17968750000000006 0.471875 0.17968750000000006
1 0.7296875 0.020312500000000087 0.6921875 0.020312500000000084 0.6921875 0.09218750000000009 0.7296875 0.09218750000000009
1 0.24375 0.02343750000000002 0.1546875 0.023437500000000017 0.1546875 0.15000000000000002 0.24375 0.15000000000000005
1 0.6609375 0.025000000000000078 0.60625 0.025000000000000078 0.60625 0.08906250000000007 0.6609375 0.08906250000000009
1 0.9015625 0.9578125 0.8484375 0.9578125 0.8484375 1 0.9015625 1
1 0.85625 0.96875 0.7890625000000002 0.96875 0.7890625000000002 1 0.85625 1