1 0.6578125 0.4046875 0.53125 0.4046875 0.53125 0.4859375 0.6578125 0.4859375
1 0.971875 0.4593750000000002 0.853125 0.4593750000000002 0.853125 0.5359375000000002 0.971875 0.5359375000000002
1 0.68125 0.08593750000000008 0.58125 0.08593750000000007 0.58125 0.1671875000000001 0.68125 0.1671875000000001
1 0.690625 0.21250000000000008 0.553125 0.21250000000000008 0.553125 0.3234375000000001 0.690625 0.3234375000000001
1 0.28125 0.11562500000000002 0.1359375 0.115625 0.13593750000000002 0.19843750000000002 0.28125 0.19843750000000004
1 0.55 0.3671875000000001 0.4453125 0.3671875000000001 0.4453125 0.4515625 0.55 0.4515625
1 0.23593750000000008 0.61875 0.1468750000000001 0.61875 0.1468750000000001 0.6875 0.23593750000000008 0.6875
1 0.621875 0.54375 0.5125 0.54375 0.5125 0.6421875 0.621875 0.6421875
1 0.59375 0.11562500000000006 0.465625 0.11562500000000005 0.465625 0.19843750000000007 0.59375 0.1984375000000001
1 0.2828125 0.0015625000000000287 0.1875 0.0015625000000000229 0.1875 0.08750000000000004 0.2828125 0.08750000000000005
1 0.8890625 0.3750000000000001 0.771875 0.3750000000000001 0.771875 0.4421875000000002 0.8890625 0.4421875000000002
1 0.2796875 0.17187500000000003 0.1390625 0.171875 0.13906250000000003 0.3203125 0.2796875 0.3203125
1 0.9859375 0.5453125000000002 0.9375 0.5453125000000002 0.9375 0.6281250000000002 0.9859375 0.6281250000000002
1 0.56875 0.4421875 0.4640625 0.4421875 0.4640625 0.5125 0.56875 0.5125
1 0.940625 0.5250000000000001 0.8203125 0.5250000000000001 0.8203125 0.6109375000000001 0.940625 0.6109375000000001
1 0.5718750000000001 0.709375 0.471875 0.709375 0.4718750000000001 0.8109375 0.5718750000000001 0.8109375
1 0.2765625000000001 0.475 0.15937500000000004 0.475 0.15937500000000007 0.553125 0.2765625000000001 0.553125
1 0.9984375 0.020312500000000115 0.9125 0.02031250000000011 0.9125 0.12812500000000013 0.9984375 0.12812500000000013
1 0.646875 0.16406250000000006 0.4890625 0.16406250000000006 0.4890625 0.26250000000000007 0.646875 0.26250000000000007
1 0.559375 0.2562500000000001 0.4546875 0.2562500000000001 0.4546875 0.3500000000000001 0.559375 0.3500000000000001
1 0.16093750000000004 0.1953125 2.3918882795846743e-17 0.1953125 3.224265400880141e-17 0.33125 0.16093750000000004 0.33125
1 0.5171875000000001 0.65 0.4265625 0.65 0.42656250000000007 0.7453125 0.5171875000000001 0.7453125
1 0.9875 0.47968750000000016 0.9515625 0.47968750000000016 0.9515625 0.5453125000000002 0.9875 0.5453125000000002
1 0.875 0.4859375000000001 0.7078125 0.4859375 0.7078125 0.5718750000000001 0.875 0.5718750000000001
1 0.27812500000000007 0.375 0.09062500000000004 0.375 0.09062500000000005 0.4671875 0.27812500000000007 0.4671875
1 0.9890625 0.4125000000000002 0.9328125 0.4125000000000002 0.9328125 0.4890625000000002 0.9890625 0.4890625000000002
1 0.953125 0.4078125000000002 0.8328125 0.4078125000000002 0.8328125 0.4703125000000002 0.953125 0.4703125000000002
1 0.9703125 0.2484375000000001 0.8609375 0.2484375000000001 0.8609375 0.3531250000000001 0.9703125 0.3531250000000001
1 0.6640625 0.4796875 0.496875 0.4796875 0.496875 0.5578125 0.6640625 0.5578125
1 0.2125 0.07031250000000001 0.0640625 0.0703125 0.06406250000000001 0.14843750000000003 0.2125 0.14843750000000006
1 0.990625 0.3281250000000001 0.953125 0.3281250000000001 0.953125 0.4343750000000002 0.990625 0.4343750000000002
1 0.9 0.014062500000000106 0.796875 0.0140625000000001 0.796875 0.10156250000000008 0.9 0.10156250000000008
1 0.6734375 0.540625 0.59375 0.540625 0.59375 0.634375 0.6734375 0.634375
1 0.1468750000000001 0.6140625 0.05468750000000007 0.6140625 0.054687500000000076 0.684375 0.1468750000000001 0.684375
1 0.6625 0.3609375000000001 0.5796875 0.3609375000000001 0.5796875 0.41875 0.6625 0.41875
1 0.27031250000000007 0.5765625 0.1843750000000001 0.5765625 0.1843750000000001 0.6359375 0.27031250000000007 0.6359375
1 0.18281250000000007 0.484375 0.07187500000000006 0.484375 0.07187500000000006 0.5703125 0.1828125000000001 0.5703125
1 0.240625 1.9039430705494006e-17 0.0703125 8.610797806504827e-18 0.0703125 0.06718750000000001 0.240625 0.06718750000000002
1 0.434375 0.58125 0.3500000000000001 0.58125 0.3500000000000001 0.6421875 0.434375 0.6421875
1 0.5828125 0.5859375 0.4859375 0.5859375 0.4859375 0.6765625 0.5828125 0.6765625
1 0.68125 0.3109375000000001 0.5171875 0.3109375000000001 0.5171875 0.37968750000000007 0.68125 0.37968750000000007
1 0.74375 7.625339835315943e-17 0.5015625 6.142369101973443e-17 0.5015625 0.10468750000000007 0.74375 0.10468750000000009
1 0.8109375 0.6656250000000001 0.73125 0.6656250000000001 0.7312500000000001 0.7328125000000002 0.8109375 0.7328125000000002
1 0.2796875000000001 0.4375 0.15468750000000003 0.4375 0.15468750000000003 0.490625 0.2796875000000001 0.490625
1 0.5828125 0.6625 0.5125 0.6625 0.5125 0.7171875 0.5828125 0.7171875
1 0.99375 0.2390625000000001 0.9515625 0.2390625000000001 0.9515625 0.3312500000000001 0.99375 0.3312500000000001
1 0.15468750000000003 0.35 4.286263797015736e-17 0.35 4.76464145293267e-17 0.428125 0.15468750000000003 0.428125
1 1 1.154803661383481e-16 0.8859375 1.0849605236196083e-16 0.8859375 0.06406250000000012 1 0.06406250000000013
1 0.08750000000000009 0.7359375 0.014062500000000089 0.7359375 0.014062500000000092 0.7828125 0.08750000000000009 0.7828125
1 0.15625000000000008 0.559375 0.05468750000000007 0.559375 0.05468750000000007 0.6140625 0.15625000000000008 0.6140625
1 0.15312500000000004 0.453125 0.039062500000000056 0.453125 0.03906250000000006 0.5046875 0.15312500000000004 0.5046875
1 0.496875 5.195181343257913e-17 0.3515625 4.305398903252414e-17 0.3515625 0.11875000000000005 0.496875 0.11875000000000005
1 0.3750000000000001 0.734375 0.30937500000000007 0.734375 0.30937500000000007 0.8015625 0.3750000000000001 0.8015625
1 0.06250000000000007 0.565625 6.926908457677216e-17 0.565625 7.271340369937409e-17 0.621875 0.06250000000000007 0.621875
1 0.08593750000000007 0.503125 6.161504208210122e-17 0.503125 6.611179204772041e-17 0.5765625 0.08593750000000007 0.5765625
1 0.17968750000000003 0.146875 0.04687500000000002 0.146875 0.04687500000000003 0.234375 0.17968750000000006 0.234375
1 0.05937500000000005 0.4359375 5.338694640032993e-17 0.4359375 5.711829211648202e-17 0.496875 0.05937500000000007 0.496875
1 0.45 0.27031250000000007 0.2796875 0.2703125 0.27968750000000003 0.36718750000000006 0.45 0.3671875000000001
1 0.984375 0.6578125000000001 0.9375 0.6578125000000001 0.9375 0.7046875000000001 0.984375 0.7046875000000001
1 0.06562500000000002 0.1 1.2246467991473533e-17 0.1 1.6264840301175787e-17 0.165625 0.06562500000000002 0.165625
1 0.80625 0.7187500000000002 0.7484375 0.7187500000000002 0.7484375000000001 0.7578125000000002 0.80625 0.7578125000000002
1 0.909375 0.0796875000000001 0.775 0.07968750000000009 0.775 0.22031250000000008 0.909375 0.22031250000000008
1 0.9953125 0.10937500000000014 0.940625 0.10937500000000014 0.940625 0.17968750000000014 0.9953125 0.17968750000000014
1 0.2750000000000001 0.5421875 0.2015625000000001 0.5421875 0.2015625000000001 0.5859375 0.2750000000000001 0.5859375
1 0.9953125 0.17187500000000014 0.925 0.17187500000000014 0.925 0.23437500000000008 0.9953125 0.23437500000000008
1 0.534375 0.534375 0.4453125 0.534375 0.4453125 0.584375 0.534375 0.584375
1 0.575 0.06406250000000005 0.4484375 0.06406250000000005 0.4484375 0.14218750000000008 0.575 0.14218750000000008