1 0.65625 0.49375 0.590625 0.49375 0.590625 0.5875 0.65625 0.5875
1 0.5671875 0.540625 0.4890625 0.540625 0.4890625 0.6359375 0.5671875 0.6359375
1 0.365625 0.17500000000000004 0.2703125 0.17500000000000004 0.2703125 0.27968750000000003 0.365625 0.2796875000000001
1 0.7375 0.4296875000000001 0.646875 0.4296875 0.646875 0.5328125000000001 0.7375 0.5328125000000001
1 0.2703125 0.17031250000000003 0.1984375 0.17031250000000003 0.19843750000000002 0.275 0.2703125 0.275
1 0.7109375 0.029687500000000082 0.634375 0.02968750000000008 0.634375 0.1515625000000001 0.7109375 0.1515625000000001
1 0.7296875 0.1687500000000001 0.6828125 0.1687500000000001 0.6828125 0.2718750000000001 0.7296875 0.2718750000000001
1 0.2468750000000001 0.696875 0.1625000000000001 0.696875 0.1625000000000001 0.8140625 0.2468750000000001 0.8140625
1 0.659375 0.1531250000000001 0.60625 0.1531250000000001 0.60625 0.2718750000000001 0.659375 0.2718750000000001
1 0.465625 0.07812500000000006 0.415625 0.07812500000000004 0.415625 0.17968750000000006 0.465625 0.17968750000000006
1 0.80625 0.17343750000000008 0.753125 0.17343750000000008 0.753125 0.2656250000000001 0.80625 0.2656250000000001
1 0.6265625 0.13281250000000008 0.5515625 0.13281250000000008 0.5515625 0.2750000000000001 0.6265625 0.2750000000000001
1 0.534375 5.979720698961685e-17 0.4421875 5.415235064979703e-17 0.4421875 0.13906250000000003 0.534375 0.13906250000000003
1 0.553125 0.12500000000000006 0.4890625 0.12500000000000006 0.4890625 0.2765625000000001 0.553125 0.2765625000000001
1 0.5609375 0.4421875 0.4734375 0.4421875 0.4734375 0.559375 0.5609375 0.559375
1 0.4265625 0.18125000000000005 0.365625 0.18125000000000005 0.365625 0.2765625000000001 0.4265625 0.2765625000000001
1 0.6546875 0.4234375 0.603125 0.4234375 0.603125 0.50625 0.6546875 0.50625
1 0.3375000000000001 0.4640625 0.2578125000000001 0.4640625 0.2578125000000001 0.596875 0.3375000000000001 0.596875
1 0.17968750000000008 0.771875 0.0984375000000001 0.771875 0.0984375000000001 0.8796875 0.17968750000000008 0.8796875
1 0.634375 0.021875000000000075 0.571875 0.02187500000000007 0.571875 0.11093750000000009 0.634375 0.11093750000000009
1 0.4953125 0.15156250000000004 0.428125 0.15156250000000004 0.428125 0.2812500000000001 0.4953125 0.2812500000000001
1 0.5140625000000002 0.8984375 0.4500000000000002 0.8984375 0.4500000000000002 0.990625 0.5140625000000002 0.990625
1 0.6 0.5609375 0.5640625 0.5609375 0.5640625 0.6265625 0.6 0.6265625
1 0.17968750000000006 0.484375 0.12343750000000005 0.484375 0.12343750000000006 0.5765625 0.17968750000000008 0.5765625
1 0.2406250000000001 0.565625 0.1375000000000001 0.565625 0.1375000000000001 0.6828125 0.2406250000000001 0.6828125
1 0.2921875 0.10000000000000005 0.2203125 0.10000000000000005 0.2203125 0.2015625 0.2921875 0.2015625
1 0.7703125000000002 0.8703125 0.7140625000000002 0.8703125 0.7140625000000002 0.953125 0.7703125000000002 0.953125
1 0.59375 0.03281250000000007 0.5234375 0.032812500000000064 0.5234375 0.18437500000000007 0.59375 0.1843750000000001
1 0.8234375 0.9 0.7750000000000001 0.9 0.7750000000000001 0.984375 0.8234375 0.984375
1 0.8671875 0.45625000000000016 0.80625 0.45625000000000016 0.80625 0.5765625000000002 0.8671875 0.5765625000000002
1 0.8421875 0.5593750000000002 0.7859375 0.5593750000000002 0.7859375 0.6546875000000002 0.8421875 0.6546875000000002
1 0.3625 0.023437500000000035 0.2484375 0.023437500000000028 0.2484375 0.19218750000000004 0.3625 0.19218750000000004
1 0.6968750000000001 0.8046875 0.6140625000000002 0.8046875 0.6140625000000002 0.934375 0.6968750000000001 0.934375
1 0.434375 0.5390625 0.3781250000000001 0.5390625 0.3781250000000001 0.66875 0.434375 0.66875
1 0.28906250000000006 0.2953125 0.18593750000000003 0.2953125 0.18593750000000003 0.4734375 0.2890625000000001 0.4734375
1 0.603125 0.421875 0.5453125 0.421875 0.5453125 0.4890625 0.603125 0.4890625
1 0.49687500000000007 0.671875 0.4234375 0.671875 0.4234375000000001 0.8046875 0.4968750000000002 0.8046875
1 0.3609375000000001 0.6734375 0.2718750000000001 0.6734375 0.2718750000000001 0.809375 0.3609375000000001 0.809375
1 0.6234375000000002 0.746875 0.5843750000000002 0.746875 0.5843750000000002 0.809375 0.6234375000000002 0.809375
1 0.23437500000000008 0.4171875 0.16250000000000003 0.4171875 0.16250000000000006 0.553125 0.23437500000000008 0.553125
1 0.5171875000000001 0.7921875 0.44062500000000016 0.7921875 0.44062500000000016 0.925 0.5171875000000001 0.925
1 0.2718750000000001 0.48125 0.2015625000000001 0.48125 0.2015625000000001 0.6109375 0.2718750000000001 0.6109375
1 0.425 0.06562500000000004 0.3515625 0.06562500000000004 0.3515625 0.19531250000000006 0.425 0.19531250000000006
1 0.19687500000000005 0.19062500000000002 0.11875000000000005 0.190625 0.11875000000000005 0.2796875 0.19687500000000005 0.2796875
1 0.2671875000000001 0.7890625 0.1765625000000001 0.7890625 0.1765625000000001 0.903125 0.2671875000000001 0.903125
1 0.7406250000000002 0.896875 0.6750000000000002 0.896875 0.6750000000000002 0.9859375 0.7406250000000002 0.9859375
1 0.2375000000000001 0.8859375 0.14062500000000008 0.8859375 0.1406250000000001 0.9984375 0.2375000000000001 0.9984375
1 0.49375 0.5328125 0.4265625 0.5328125 0.4265625 0.6421875 0.49375 0.6421875
1 0.5687500000000002 0.7625 0.5109375000000002 0.7625 0.5109375000000002 0.884375 0.5687500000000002 0.884375
1 0.4875 0.428125 0.4203125 0.428125 0.4203125 0.5609375 0.4875 0.5609375
1 0.31718750000000007 0.865625 0.2250000000000001 0.865625 0.2250000000000001 0.9953125 0.31718750000000007 0.9953125
1 0.734375 8.687338231451536e-17 0.684375 8.381176531664698e-17 0.684375 0.06250000000000008 0.734375 0.06250000000000008
1 0.17343750000000008 0.6921875 0.11875000000000009 0.6921875 0.11875000000000009 0.778125 0.17343750000000008 0.778125
1 0.45312500000000017 0.8953125 0.3859375000000001 0.8953125 0.3859375000000001 0.9859375 0.45312500000000017 0.9859375
1 0.69375 0.17343750000000008 0.65 0.17343750000000008 0.65 0.2718750000000001 0.69375 0.2718750000000001
1 0.1578125000000001 0.88125 0.0796875000000001 0.88125 0.07968750000000012 0.9984375 0.15781250000000013 0.9984375
1 0.6578125000000001 0.8953125 0.5953125000000001 0.8953125 0.5953125000000001 0.9875 0.6578125000000001 0.9875
1 0.221875 0.10781250000000002 0.1265625 0.1078125 0.12656250000000002 0.2109375 0.221875 0.2109375
1 0.6078125000000002 0.821875 0.5500000000000002 0.821875 0.5500000000000002 0.9625 0.6078125000000002 0.9625
1 0.3859375000000001 0.4953125 0.3234375000000001 0.4953125 0.3234375000000001 0.63125 0.3859375000000001 0.63125
1 0.5750000000000002 0.8828125 0.5140625000000002 0.8828125 0.5140625000000002 0.984375 0.5750000000000002 0.984375
1 0.5953125 0.4796875 0.5515625 0.4796875 0.5515625 0.565625 0.5953125 0.565625
1 0.6703125 0.5390625 0.640625 0.5390625 0.640625 0.596875 0.6703125 0.596875
1 0.3750000000000001 0.775 0.3000000000000001 0.775 0.3000000000000001 0.878125 0.3750000000000001 0.878125
1 0.7203125 0.11875000000000009 0.6640625 0.11875000000000009 0.6640625 0.19531250000000008 0.7203125 0.19531250000000008
1 0.4281250000000001 0.66875 0.36406250000000007 0.66875 0.36406250000000007 0.8359375 0.4281250000000002 0.8359375
1 0.7906250000000001 0.7406250000000002 0.7296875000000002 0.7406250000000002 0.7296875000000002 0.8046875 0.7906250000000001 0.8046875
1 0.20000000000000004 0.3140625 0.12968750000000004 0.3140625 0.12968750000000004 0.44375 0.2000000000000001 0.44375
1 0.6515625 0.575 0.6 0.575 0.6 0.6546875 0.6515625 0.6546875
1 0.7359375 0.3625000000000001 0.6640625 0.3625000000000001 0.6640625 0.4328125000000001 0.7359375 0.43281250000000016
1 0.29375000000000007 0.5640625 0.23593750000000008 0.5640625 0.23593750000000008 0.6546875 0.29375000000000007 0.6546875
1 0.7671875 0.10781250000000009 0.7125 0.10781250000000009 0.7125 0.2500000000000001 0.7671875 0.2500000000000001
1 0.8546875 0.846875 0.8078125 0.846875 0.8078125 0.921875 0.8546875 0.921875
1 0.9296875 0.825 0.8625 0.825 0.8625 0.9546875 0.9296875 0.9546875
1 0.39531250000000007 0.8625 0.29375000000000007 0.8625 0.29375000000000007 0.9953125 0.39531250000000007 0.9953125
1 0.7859375000000002 0.8 0.7500000000000002 0.8 0.7500000000000002 0.8546875 0.7859375000000002 0.8546875
1 0.7671875 0.5671875000000001 0.7203125 0.5671875 0.7203125 0.6375000000000001 0.7671875 0.6375000000000002
1 0.859375 0.1515625000000001 0.803125 0.1515625000000001 0.803125 0.2218750000000001 0.859375 0.2218750000000001
1 0.415625 4.6689659217492833e-17 0.346875 4.247993584542381e-17 0.346875 0.06875000000000005 0.415625 0.06875000000000005
1 0.24375 2.3057803015196263e-17 0.1328125 1.6264840301175783e-17 0.1328125 0.12812500000000002 0.24375 0.12812500000000004
1 0.44531250000000017 0.7890625 0.3734375000000001 0.7890625 0.3734375000000001 0.8921875 0.44531250000000017 0.8921875
1 0.853125 0.9109375 0.8171875 0.9109375 0.8171875 0.9671875 0.853125 0.9671875
1 0.7203125000000001 0.7765625 0.6796875000000002 0.7765625 0.6796875000000002 0.871875 0.7203125000000001 0.871875