1 0.21406250000000004 0.3265625 0.12656250000000005 0.3265625 0.12656250000000005 0.4421875 0.2140625000000001 0.4421875
1 0.3609375000000001 0.715625 0.2687500000000001 0.715625 0.2687500000000001 0.8328125 0.3609375000000001 0.8328125
1 0.1921875000000001 0.690625 0.09531250000000009 0.690625 0.09531250000000009 0.803125 0.1921875000000001 0.803125
1 0.5265625 0.4015625 0.4375 0.4015625 0.4375 0.509375 0.5265625 0.509375
1 0.2531250000000001 0.5140625 0.17812500000000003 0.5140625 0.17812500000000006 0.596875 0.2531250000000001 0.596875
1 0.1515625 0.012500000000000015 0.0765625 0.012500000000000011 0.0765625 0.1203125 0.1515625 0.1203125
1 0.18593750000000006 0.425 0.12031250000000004 0.425 0.12031250000000007 0.546875 0.1859375000000001 0.546875
1 0.7203125 0.06250000000000008 0.6453125 0.06250000000000008 0.6453125 0.1453125000000001 0.7203125 0.1453125000000001
1 0.4390625 0.4109375 0.3531250000000001 0.4109375 0.3531250000000001 0.5296875 0.4390625 0.5296875
1 0.2578125000000001 0.6875 0.1765625000000001 0.6875 0.1765625000000001 0.846875 0.2578125000000001 0.846875
1 0.3328125 0.010937500000000034 0.2234375 0.010937500000000027 0.2234375 0.15468750000000003 0.3328125 0.15468750000000003
1 0.2156250000000001 0.6109375 0.10937500000000008 0.6109375 0.10937500000000008 0.7078125 0.2156250000000001 0.7078125
1 0.13281250000000008 0.715625 0.06562500000000009 0.715625 0.0656250000000001 0.8578125 0.13281250000000008 0.8578125
1 0.6265625000000001 0.853125 0.5406250000000001 0.853125 0.5406250000000001 0.9578125 0.6265625000000001 0.9578125
1 0.25468750000000007 0.421875 0.17500000000000004 0.421875 0.17500000000000004 0.5109375 0.25468750000000007 0.5109375
1 0.3109375000000001 0.4515625 0.2500000000000001 0.4515625 0.2500000000000001 0.5734375 0.3109375000000001 0.5734375
1 0.590625 0.484375 0.5125 0.484375 0.5125 0.5890625 0.590625 0.5890625
1 0.2109375 0.240625 0.14375000000000004 0.240625 0.14375000000000004 0.3296875 0.2109375 0.3296875
1 0.3609375 0.2546875 0.278125 0.2546875 0.27812500000000007 0.384375 0.3609375000000001 0.384375
1 0.146875 0.1078125 0.08593750000000003 0.1078125 0.08593750000000003 0.18125 0.146875 0.18125
1 0.2828125 0.2484375 0.2078125 0.2484375 0.20781250000000004 0.3921875 0.2828125000000001 0.3921875
1 0.40312500000000007 0.6125 0.3296875000000001 0.6125 0.3296875000000001 0.7390625 0.4031250000000002 0.7390625
1 0.32500000000000007 0.6171875 0.2640625000000001 0.6171875 0.2640625000000001 0.740625 0.32500000000000007 0.740625
1 0.68125 0.014062500000000078 0.6109375 0.014062500000000071 0.6109375 0.10000000000000009 0.68125 0.10000000000000009
1 0.234375 0.0031250000000000245 0.15625 0.0031250000000000193 0.15625 0.09843750000000002 0.234375 0.09843750000000002
1 0.38281250000000006 0.3609375 0.309375 0.3609375 0.30937500000000007 0.44375 0.3828125000000001 0.44375
1 0.7109375 0.4109375 0.6375 0.4109375 0.6375 0.503125 0.7109375 0.503125
1 0.646875 0.07968750000000008 0.5875 0.07968750000000006 0.5875 0.1703125000000001 0.646875 0.1703125000000001
1 0.2718750000000001 0.6046875 0.21093750000000008 0.6046875 0.21093750000000008 0.6984375 0.2718750000000001 0.6984375
1 0.5000000000000001 0.6109375 0.44375 0.6109375 0.4437500000000001 0.7484375 0.5000000000000002 0.7484375
1 0.8578125 0.0203125000000001 0.7921875 0.020312500000000094 0.7921875 0.1140625000000001 0.8578125 0.1140625000000001
1 0.475 0.12812500000000004 0.425 0.12812500000000004 0.425 0.20312500000000008 0.475 0.20312500000000008
1 0.5203125 0.2609375000000001 0.44375 0.2609375000000001 0.44375 0.3781250000000001 0.5203125 0.3781250000000001
1 0.609375 0.3734375000000001 0.5390625 0.3734375000000001 0.5390625 0.503125 0.609375 0.503125
1 0.7453125 0.3375000000000001 0.665625 0.3375000000000001 0.665625 0.4234375000000001 0.7453125 0.4234375000000002
1 0.5421875 0.010937500000000062 0.475 0.010937500000000058 0.475 0.08906250000000007 0.5421875 0.08906250000000007
1 0.5437500000000001 0.690625 0.4890625 0.690625 0.48906250000000007 0.821875 0.5437500000000002 0.821875
1 0.6312500000000002 0.7484375 0.5640625000000001 0.7484375 0.5640625000000001 0.8375 0.6312500000000002 0.8375
1 0.43125 0.25468750000000007 0.3703125 0.25468750000000007 0.37031250000000004 0.37187500000000007 0.43125 0.37187500000000007
1 0.4484375000000001 0.6265625 0.3968750000000001 0.6265625 0.3968750000000001 0.7328125 0.44843750000000016 0.7328125
1 0.5359375 0.08281250000000007 0.4875 0.08281250000000007 0.4875 0.17031250000000003 0.5359375 0.17031250000000003
1 0.2093750000000001 0.8125 0.1546875000000001 0.8125 0.1546875000000001 0.8984375 0.2093750000000001 0.8984375
1 0.4765625 0.009375000000000055 0.425 0.009375000000000053 0.425 0.08906250000000006 0.4765625 0.08906250000000007
1 0.625 0.2640625000000001 0.5546875 0.2640625000000001 0.5546875 0.3437500000000001 0.625 0.3437500000000001
1 0.6640625000000002 0.8125 0.6015625000000002 0.8125 0.6015625000000002 0.9140625 0.6640625000000002 0.9140625
1 0.3625000000000001 0.4203125 0.3000000000000001 0.4203125 0.3000000000000001 0.525 0.3625000000000001 0.525
1 0.4703125 0.3062500000000001 0.409375 0.3062500000000001 0.409375 0.4203125 0.4703125 0.4203125
1 0.3359375000000001 0.9640625 0.24218750000000008 0.9640625 0.24218750000000008 1 0.3359375000000001 1
1 0.2750000000000001 0.3703125 0.2171875000000001 0.3703125 0.2171875000000001 0.45625 0.2750000000000001 0.45625
1 0.8390625 0.2718750000000001 0.790625 0.2718750000000001 0.790625 0.33281250000000007 0.8390625 0.33281250000000007
1 0.7671875000000001 0.8109375 0.7093750000000002 0.8109375 0.7093750000000002 0.925 0.7671875000000001 0.925
1 0.7968750000000002 0.9171875 0.7453125000000002 0.9171875 0.7453125000000002 1 0.7968750000000002 1
1 0.615625 0.012500000000000075 0.5671875 0.012500000000000072 0.5671875 0.08593750000000007 0.615625 0.08593750000000007
1 0.7187500000000002 0.8015625 0.6515625000000002 0.8015625 0.6515625000000002 0.9140625 0.7187500000000002 0.9140625
1 0.5765625 0.057812500000000065 0.53125 0.057812500000000065 0.53125 0.15468750000000006 0.5765625 0.1546875000000001
1 0.5156250000000002 0.8484375 0.4671875000000002 0.8484375 0.4671875000000002 0.9796875 0.5156250000000002 0.9796875
1 0.2312500000000001 0.9625 0.12187500000000014 0.9625 0.12187500000000014 1 0.2312500000000001 1
1 0.7609375 0.10468750000000009 0.7125 0.10468750000000009 0.7125 0.1843750000000001 0.7609375 0.1843750000000001
1 0.6125 0.65625 0.5578125 0.65625 0.5578125 0.7640625 0.6125000000000002 0.7640625
1 0.80625 0.8265625 0.7578125000000002 0.8265625 0.7578125000000002 0.921875 0.80625 0.921875
1 0.8296875 0.6234375000000002 0.784375 0.6234375000000002 0.784375 0.6906250000000002 0.8296875 0.6906250000000002
1 0.7140625 0.609375 0.65 0.609375 0.6500000000000001 0.7296875 0.7140625000000002 0.7296875
1 0.425 0.007812500000000047 0.3375 0.007812500000000042 0.3375 0.17968750000000006 0.425 0.17968750000000006
1 0.7390625 0.4796875000000001 0.696875 0.4796875 0.696875 0.5375000000000001 0.7390625 0.5375000000000002
1 0.7453125000000002 0.965625 0.6890625000000001 0.965625 0.6890625000000001 1 0.7453125000000002 1
1 0.3968750000000001 0.9625 0.3375000000000001 0.9625 0.3375000000000001 1 0.3968750000000001 1
1 0.659375 0.3031250000000001 0.603125 0.3031250000000001 0.603125 0.4171875 0.659375 0.4171875
1 0.728125 0.017187500000000085 0.6765625 0.017187500000000085 0.6765625 0.07968750000000009 0.728125 0.07968750000000009
1 0.6484375 0.61875 0.603125 0.61875 0.603125 0.7078125 0.6484375 0.7078125
1 0.45312500000000017 0.96875 0.3937500000000001 0.96875 0.3937500000000001 1 0.45312500000000017 1
1 0.5531250000000002 0.9640625 0.5109375000000002 0.9640625 0.5109375000000002 1 0.5531250000000002 1
1 0.640625 0.4109375 0.6015625 0.4109375 0.6015625 0.5171875 0.640625 0.5171875
1 0.6843750000000001 0.7234375 0.6296875 0.7234375 0.6296875000000001 0.83125 0.6843750000000002 0.83125
1 0.5765625 0.3296875000000001 0.5296875 0.3296875000000001 0.5296875 0.4234375 0.5765625 0.4234375
1 0.571875 0.61875 0.53125 0.61875 0.53125 0.7078125 0.571875 0.7078125
1 0.5703125000000002 0.734375 0.5390625000000002 0.734375 0.5390625000000002 0.8171875 0.5703125000000002 0.8171875
1 0.790625 0.19531250000000008 0.7484375 0.19531250000000008 0.7484375 0.2468750000000001 0.790625 0.2468750000000001
1 0.4203125 0.3593750000000001 0.375 0.3593750000000001 0.37500000000000006 0.4359375 0.4203125 0.4359375
1 0.5359375 0.6140625 0.5 0.6140625 0.5 0.696875 0.5359375 0.696875
1 0.675 0.2468750000000001 0.621875 0.2468750000000001 0.621875 0.3375000000000001 0.675 0.3375000000000001
1 0.6500000000000001 0.7 0.6109375 0.7 0.6109375000000001 0.7640625 0.6500000000000001 0.7640625
1 0.825 0.9578125 0.7828125000000001 0.9578125 0.7828125000000001 1 0.825 1
1 0.6906250000000002 0.978125 0.6312500000000002 0.978125 0.6312500000000002 1 0.6906250000000002 1
1 0.7250000000000001 0.7109375 0.684375 0.7109375 0.6843750000000001 0.78125 0.7250000000000002 0.78125
1 0.7140625 0.2968750000000001 0.678125 0.2968750000000001 0.678125 0.34843750000000007 0.7140625 0.34843750000000007
1 0.1734375 0.0031250000000000175 0.1171875 0.003125000000000014 0.1171875 0.05312500000000002 0.1734375 0.05312500000000002
1 0.675 0.3437500000000001 0.6328125 0.3437500000000001 0.6328125 0.4203125 0.675 0.4203125