1 0.475 0.503125 0.4125 0.503125 0.4125 0.596875 0.475 0.596875
1 0.5328125 0.446875 0.4609375 0.446875 0.4609375 0.5453125 0.5328125 0.5453125
1 0.7375 0.33281250000000007 0.675 0.33281250000000007 0.675 0.4093750000000001 0.7375 0.40937500000000016
1 0.3031250000000001 0.465625 0.24218750000000008 0.465625 0.24218750000000008 0.5234375 0.3031250000000001 0.5234375
1 0.590625 0.2093750000000001 0.515625 0.2093750000000001 0.515625 0.30156250000000007 0.590625 0.30156250000000007
1 0.528125 0.2140625000000001 0.4546875 0.2140625000000001 0.4546875 0.3343750000000001 0.528125 0.3343750000000001
1 0.653125 0.11250000000000009 0.578125 0.11250000000000009 0.578125 0.2171875000000001 0.653125 0.2171875000000001
1 0.3671875000000001 0.509375 0.22812500000000008 0.509375 0.22812500000000008 0.6359375 0.3671875000000001 0.6359375
1 0.40625 0.2828125 0.3234375 0.2828125 0.32343750000000004 0.39062500000000006 0.40625 0.3906250000000001
1 0.534375 0.534375 0.4703125 0.534375 0.4703125 0.6390625 0.534375 0.6390625
1 0.6125 0.3046875000000001 0.55625 0.3046875000000001 0.55625 0.4078125 0.6125 0.4078125
1 0.6390625 0.2562500000000001 0.590625 0.2562500000000001 0.590625 0.3515625000000001 0.6390625 0.3515625000000001
1 0.3 0.2234375 0.2296875 0.2234375 0.2296875 0.325 0.3 0.325
1 0.65 0.4390625 0.5609375 0.4390625 0.5609375 0.565625 0.65 0.565625
1 0.2515625 0.11562500000000002 0.140625 0.115625 0.14062500000000003 0.2359375 0.2515625 0.2359375
1 0.5 0.2890625000000001 0.4171875 0.2890625000000001 0.4171875 0.3984375000000001 0.5 0.3984375000000001
1 0.7953125 0.5546875000000001 0.6921875 0.5546875 0.6921875 0.6453125000000001 0.7953125 0.6453125000000002
1 0.19218750000000007 0.4875 0.11562500000000005 0.4875 0.11562500000000006 0.5640625 0.1921875000000001 0.5640625
1 0.26093750000000004 0.28125 0.16718750000000004 0.28125 0.16718750000000004 0.3875 0.2609375000000001 0.3875
1 0.6796875 0.2953125000000001 0.6203125 0.2953125000000001 0.6203125 0.4078125 0.6796875 0.4078125
1 0.6859375 0.1843750000000001 0.60625 0.1843750000000001 0.60625 0.2968750000000001 0.6859375 0.2968750000000001
1 0.4171875000000001 0.615625 0.3625000000000001 0.615625 0.3625000000000001 0.734375 0.41718750000000016 0.734375
1 0.21406250000000004 0.221875 0.12343750000000005 0.221875 0.12343750000000005 0.375 0.2140625000000001 0.375
1 0.4421875 0.2562500000000001 0.3953125 0.2562500000000001 0.39531250000000007 0.3843750000000001 0.4421875 0.3843750000000001
1 0.8109375 0.6875000000000002 0.7671875 0.6875000000000002 0.7671875000000001 0.7625000000000002 0.8109375 0.7625000000000002
1 0.778125 0.45781250000000007 0.69375 0.4578125 0.69375 0.5531250000000001 0.778125 0.5531250000000002
1 0.48125000000000007 0.6640625 0.403125 0.6640625 0.40312500000000007 0.75 0.4812500000000002 0.75
1 0.6968750000000001 0.7328125 0.6406250000000002 0.7328125 0.6406250000000002 0.828125 0.6968750000000001 0.828125
1 0.6515625 0.6046875 0.6109375 0.6046875 0.6109375 0.6703125 0.6515625 0.6703125
1 0.6328125 0.559375 0.5859375 0.559375 0.5859375 0.646875 0.6328125 0.646875
1 0.3578125 0.17500000000000004 0.2875 0.17500000000000004 0.2875 0.3234375 0.3578125 0.3234375
1 0.2718750000000001 0.6171875 0.2171875000000001 0.6171875 0.2171875000000001 0.7328125 0.2718750000000001 0.7328125
1 0.5625 0.2890625000000001 0.515625 0.2890625000000001 0.515625 0.3984375000000001 0.5625 0.3984375000000001
1 0.565625 0.36406250000000007 0.4890625 0.36406250000000007 0.4890625 0.5 0.565625 0.5
1 0.7609375 0.6359375 0.7125 0.6359375 0.7125 0.7078125000000001 0.7609375 0.7078125000000002
1 0.740625 0.12031250000000009 0.65 0.12031250000000009 0.65 0.2390625000000001 0.740625 0.2390625000000001
1 0.23593750000000008 0.5359375 0.13593750000000004 0.5359375 0.13593750000000007 0.634375 0.23593750000000008 0.634375
1 0.37187500000000007 0.60625 0.3218750000000001 0.60625 0.3218750000000001 0.721875 0.37187500000000007 0.721875
1 0.48437500000000017 0.790625 0.40937500000000016 0.790625 0.40937500000000016 0.896875 0.48437500000000017 0.896875
1 0.3203125000000001 0.8875 0.2515625000000001 0.8875 0.2515625000000001 1 0.3203125000000001 1
1 0.7828125000000001 0.8515625 0.7625000000000002 0.8515625 0.7625000000000002 0.884375 0.7828125000000001 0.884375
1 0.22656250000000008 0.621875 0.14062500000000008 0.621875 0.14062500000000008 0.7796875 0.22656250000000008 0.7796875
1 0.5671875 0.5125 0.5234375 0.5125 0.5234375 0.603125 0.5671875 0.603125
1 0.17343750000000008 0.5578125 0.10156250000000008 0.5578125 0.10156250000000008 0.70625 0.17343750000000008 0.70625
1 0.7390625000000001 0.6765625000000001 0.678125 0.6765625 0.6781250000000001 0.7625000000000001 0.7390625000000002 0.7625000000000002
1 0.8046875 0.9578125 0.7750000000000001 0.9578125 0.7750000000000001 1 0.8046875 1
1 0.5171875 0.58125 0.4328125 0.58125 0.4328125 0.7125 0.5171875 0.7125
1 0.47656250000000017 0.8796875 0.40937500000000016 0.8796875 0.40937500000000016 0.99375 0.47656250000000017 0.99375
1 0.3281250000000001 0.61875 0.2609375000000001 0.61875 0.2609375000000001 0.740625 0.3281250000000001 0.740625
1 0.703125 0.471875 0.6359375 0.471875 0.6359375 0.6203125 0.703125 0.6203125
1 0.6500000000000001 0.75625 0.5968750000000002 0.75625 0.5968750000000002 0.8484375 0.6500000000000001 0.8484375
1 0.5546875000000002 0.8 0.4656250000000002 0.8 0.4656250000000002 0.9296875 0.5546875000000002 0.9296875
1 0.6015625000000002 0.7578125 0.5421875000000002 0.7578125 0.5421875000000002 0.8640625 0.6015625000000002 0.8640625
1 0.6578125000000001 0.65625 0.56875 0.65625 0.5687500000000001 0.753125 0.6578125000000001 0.753125
1 0.4031250000000002 0.8609375 0.3343750000000001 0.8609375 0.3343750000000001 1 0.4031250000000002 1
1 0.6390625000000002 0.834375 0.5812500000000002 0.834375 0.5812500000000002 0.9140625 0.6390625000000002 0.9140625
1 0.5671875000000001 0.634375 0.515625 0.634375 0.5156250000000001 0.7484375 0.5671875000000002 0.7484375
1 0.5515625000000002 0.9703125 0.5125000000000002 0.9703125 0.5125000000000002 1 0.5515625000000002 1
1 0.890625 0.984375 0.8375 0.984375 0.8375 1 0.890625 1
1 0.7796875000000002 0.9265625 0.7187500000000002 0.9265625 0.7187500000000002 1 0.7796875000000002 1
1 0.6015625 0.53125 0.528125 0.53125 0.528125 0.715625 0.6015625 0.715625
1 0.5203125000000002 0.9234375 0.4625000000000002 0.9234375 0.4625000000000002 1 0.5203125000000002 1
1 0.2593750000000001 0.9296875 0.18281250000000013 0.9296875 0.18281250000000013 1 0.2593750000000001 1
1 0.6765625000000002 0.9046875 0.6187500000000001 0.9046875 0.6187500000000001 1 0.6765625000000002 1
1 0.5468750000000002 0.9046875 0.5093750000000001 0.9046875 0.5093750000000001 0.996875 0.5468750000000002 0.996875
1 0.6343750000000001 0.8859375 0.5375000000000002 0.8859375 0.5375000000000002 1 0.6343750000000001 1
1 0.7406250000000002 0.8203125 0.6312500000000002 0.8203125 0.6312500000000002 0.9515625 0.7406250000000002 0.9515625