1 0.7921875 0.44218750000000007 0.6859375 0.4421875 0.6859375 0.5046875000000001 0.7921875 0.5046875000000002
1 0.8828125 0.6046875000000002 0.775 0.6046875000000002 0.775 0.6531250000000002 0.8828125 0.6531250000000002
1 0.9921875 0.4968750000000002 0.925 0.4968750000000002 0.925 0.5515625000000002 0.9921875 0.5515625000000002
1 0.9921875 0.5468750000000002 0.896875 0.5468750000000002 0.896875 0.5921875000000002 0.9921875 0.5921875000000002
1 0.8828125 0.5156250000000002 0.803125 0.5156250000000002 0.803125 0.5625000000000002 0.8828125 0.5625000000000002
1 0.871875 0.42500000000000016 0.778125 0.42500000000000016 0.778125 0.47968750000000016 0.871875 0.47968750000000016
1 0.35937500000000006 0.3015625 0.25625 0.3015625 0.25625000000000003 0.3703125 0.3593750000000001 0.3703125
1 0.8484375 0.3750000000000001 0.734375 0.3750000000000001 0.734375 0.45312500000000017 0.8484375 0.45312500000000017
1 0.990625 0.5859375000000002 0.8828125 0.5859375000000002 0.8828125 0.6687500000000002 0.990625 0.6687500000000002
1 0.8265625 0.4937500000000002 0.7359375 0.4937500000000002 0.7359375 0.5593750000000002 0.8265625 0.5593750000000002
1 0.4562500000000001 0.7 0.36406250000000007 0.7 0.36406250000000007 0.746875 0.45625000000000016 0.746875
1 0.871875 0.5546875000000002 0.75 0.5546875000000002 0.75 0.6093750000000002 0.871875 0.6093750000000002
1 0.8078125 0.753125 0.7187500000000002 0.753125 0.7187500000000002 0.815625 0.8078125 0.815625
1 0.8890625 0.6437500000000002 0.784375 0.6437500000000002 0.784375 0.7156250000000002 0.8890625 0.7156250000000002
1 0.1734375000000001 0.8421875 0.06250000000000011 0.8421875 0.06250000000000011 0.9234375 0.17343750000000013 0.9234375
1 0.7656250000000001 0.6968750000000001 0.6140625 0.696875 0.6140625000000001 0.7765625 0.7656250000000002 0.7765625000000002
1 0.5640625 0.5125 0.4671875 0.5125 0.4671875 0.5625 0.5640625 0.5625
1 0.7421875 0.5000000000000001 0.678125 0.5 0.678125 0.5437500000000001 0.7421875 0.5437500000000002
1 0.12343750000000009 0.7703125 9.433607374681956e-17 0.7703125 9.959822796190584e-17 0.85625 0.12343750000000009 0.85625
1 0.990625 0.6843750000000002 0.9046875 0.6843750000000002 0.9046875 0.7500000000000002 0.990625 0.7500000000000002
1 0.875 0.7859375000000002 0.7750000000000001 0.7859375000000002 0.7750000000000001 0.8328125 0.875 0.8328125
1 0.5640625 0.3750000000000001 0.465625 0.3750000000000001 0.465625 0.4375 0.5640625 0.4375
1 0.5468750000000002 0.815625 0.42968750000000017 0.815625 0.42968750000000017 0.871875 0.5468750000000002 0.871875
1 0.453125 0.2875000000000001 0.3640625 0.2875000000000001 0.3640625 0.35625000000000007 0.453125 0.35625000000000007
1 0.7187500000000002 0.753125 0.5890625000000002 0.753125 0.5890625000000002 0.8421875 0.7187500000000002 0.8421875
1 0.796875 0.6203125 0.6953125 0.6203125 0.6953125 0.7171875000000001 0.796875 0.7171875000000002
1 0.7546875 0.5406250000000001 0.6921875 0.540625 0.6921875 0.5750000000000001 0.7546875 0.5750000000000002
1 0.321875 0.2484375 0.2359375 0.2484375 0.2359375 0.3234375 0.321875 0.3234375
1 0.55625 0.3140625000000001 0.4703125 0.3140625000000001 0.4703125 0.3781250000000001 0.55625 0.3781250000000001
1 0.8375 0.30937500000000007 0.7609375 0.30937500000000007 0.7609375 0.37187500000000007 0.8375 0.37187500000000007
1 0.871875 0.48437500000000017 0.7890625 0.48437500000000017 0.7890625 0.5234375000000002 0.871875 0.5234375000000002
1 0.1765625000000001 0.7265625 0.01875000000000009 0.7265625 0.018750000000000093 0.8046875 0.1765625000000001 0.8046875
1 0.1906250000000001 0.546875 0.07968750000000006 0.546875 0.07968750000000008 0.640625 0.1906250000000001 0.640625
1 0.971875 0.7781250000000002 0.9078125 0.7781250000000002 0.9078125 0.8234375 0.971875 0.8234375
1 0.9890625 0.7468750000000002 0.9609375 0.7468750000000002 0.9609375 0.8359375 0.9890625 0.8359375
1 0.4421875 0.5765625 0.2750000000000001 0.5765625 0.2750000000000001 0.6484375 0.4421875 0.6484375
1 0.7578125 0.34843750000000007 0.678125 0.34843750000000007 0.678125 0.39531250000000007 0.7578125 0.39531250000000007
1 0.3531250000000001 0.7578125 0.21875000000000008 0.7578125 0.21875000000000008 0.84375 0.3531250000000001 0.84375
1 0.3281250000000001 0.371875 0.2250000000000001 0.371875 0.2250000000000001 0.440625 0.3281250000000001 0.440625
1 0.7203125 0.3000000000000001 0.615625 0.3000000000000001 0.615625 0.3546875000000001 0.7203125 0.3546875000000001
1 0.2968750000000001 0.703125 0.1390625000000001 0.703125 0.1390625000000001 0.7859375 0.2968750000000001 0.7859375
1 0.9 0.3218750000000001 0.8140625 0.3218750000000001 0.8140625 0.3859375000000001 0.9 0.3859375000000001
1 0.484375 0.50625 0.36406250000000007 0.50625 0.36406250000000007 0.5703125 0.484375 0.5703125
1 0.4484375 0.628125 0.35625000000000007 0.628125 0.35625000000000007 0.70625 0.4484375 0.70625
1 0.5046875000000002 0.7375 0.3781250000000001 0.7375 0.3781250000000001 0.8265625 0.5046875000000002 0.8265625
1 0.08437500000000012 0.85625 1.0486038217699211e-16 0.85625 1.1050523851681193e-16 0.9484375 0.08437500000000012 0.9484375
1 0.1843750000000001 0.6359375 0.05625000000000009 0.6359375 0.05625000000000009 0.7421875 0.1843750000000001 0.7421875
1 0.73125 0.2484375000000001 0.578125 0.2484375000000001 0.578125 0.3078125000000001 0.73125 0.3078125000000001
1 0.3687500000000001 0.64375 0.2515625000000001 0.64375 0.2515625000000001 0.7609375 0.3687500000000001 0.7609375
1 0.8546875 0.2218750000000001 0.8 0.2218750000000001 0.8 0.2609375000000001 0.8546875 0.2609375000000001
1 0.16093750000000004 0.2125 0.07812500000000003 0.2125 0.07812500000000003 0.2671875 0.16093750000000004 0.2671875
1 0.12031250000000004 0.2625 0.032812500000000036 0.2625 0.032812500000000036 0.321875 0.12031250000000004 0.321875
1 0.20468750000000008 0.4078125 0.09062500000000004 0.4078125 0.09062500000000005 0.4953125 0.20468750000000008 0.4953125
1 0.2250000000000001 0.7828125 0.0984375000000001 0.7828125 0.0984375000000001 0.8765625 0.2250000000000001 0.8765625
1 0.696875 0.49375 0.5984375 0.49375 0.5984375 0.5515625 0.696875 0.5515625
1 0.70625 0.3468750000000001 0.584375 0.3468750000000001 0.584375 0.4328125 0.70625 0.4328125
1 0.5734375 0.45625 0.41875 0.45625 0.41875 0.5203125 0.5734375 0.5203125
1 0.896875 0.2562500000000001 0.80625 0.2562500000000001 0.80625 0.3265625000000001 0.896875 0.3265625000000001
1 0.209375 0.2375 0.09375000000000003 0.2375 0.09375000000000003 0.31875 0.209375 0.31875
1 0.11875000000000005 0.3765625 4.6115606030392526e-17 0.3765625 5.0612355996011717e-17 0.45 0.11875000000000005 0.45
1 0.3546875000000001 0.4203125 0.2828125000000001 0.4203125 0.2828125000000001 0.4546875 0.3546875000000001 0.4546875
1 0.990625 0.6437500000000002 0.9140625 0.6437500000000002 0.9140625 0.6906250000000002 0.990625 0.6906250000000002
1 0.5515625 0.2656250000000001 0.484375 0.2656250000000001 0.484375 0.3140625000000001 0.5515625 0.3140625000000001
1 0.5406250000000001 0.75625 0.4734375000000002 0.75625 0.4734375000000002 0.8234375 0.5406250000000001 0.8234375
1 0.828125 0.803125 0.7015625000000002 0.803125 0.7015625000000002 0.9 0.828125 0.9
1 0.5562500000000001 0.709375 0.4546875 0.709375 0.4546875000000001 0.759375 0.5562500000000001 0.759375
1 0.5703125 0.55625 0.471875 0.55625 0.471875 0.634375 0.5703125 0.634375
1 0.828125 0.2000000000000001 0.7671875 0.2000000000000001 0.7671875 0.2390625000000001 0.828125 0.2390625000000001
1 0.996875 0.20468750000000008 0.9421875 0.20468750000000008 0.9421875 0.2484375000000001 0.996875 0.2484375000000001
1 0.20312500000000006 0.3078125 0.09375000000000004 0.3078125 0.09375000000000004 0.4046875 0.20312500000000008 0.4046875
1 0.8515625 0.7281250000000001 0.7718750000000002 0.7281250000000001 0.7718750000000002 0.7828125000000001 0.8515625 0.7828125000000001
1 0.12812500000000007 0.4515625 5.5300457023997667e-17 0.4515625 6.285882398748523e-17 0.575 0.1281250000000001 0.575
1 0.18593750000000003 0.5 0.11250000000000004 0.5 0.11250000000000004 0.5359375 0.18593750000000003 0.5359375
1 0.54375 0.625 0.4375 0.625 0.4375 0.721875 0.54375 0.721875
1 0.2171875 0.1375 0.140625 0.1375 0.14062500000000003 0.21875 0.2171875 0.21875
1 0.240625 0.2046875 0.15781250000000005 0.2046875 0.15781250000000005 0.2515625 0.240625 0.2515625
1 0.76875 0.3265625000000001 0.7140625 0.3265625000000001 0.7140625 0.3609375000000001 0.76875 0.3609375000000001
1 0.490625 0.3421875000000001 0.396875 0.3421875000000001 0.39687500000000003 0.4265625 0.490625 0.4265625
1 0.3031250000000001 0.4375 0.2328125000000001 0.4375 0.2328125000000001 0.4796875 0.3031250000000001 0.4796875
1 0.4203125000000002 0.803125 0.2312500000000001 0.803125 0.2312500000000001 0.9078125 0.4203125000000002 0.9078125
1 0.9953125 0.3671875000000001 0.9359375 0.3671875000000001 0.9359375 0.4125000000000002 0.9953125 0.4125000000000002
1 0.2796875000000001 0.640625 0.2062500000000001 0.640625 0.2062500000000001 0.7078125 0.2796875000000001 0.7078125
1 0.08281250000000008 0.5375 6.582476545417023e-17 0.5375 7.223502604345716e-17 0.6421875 0.0828125000000001 0.6421875
1 0.959375 0.7390625000000002 0.8953125 0.7390625000000002 0.8953125 0.7906250000000001 0.959375 0.7906250000000001
1 0.07187500000000005 0.33125 4.0566425221756075e-17 0.33125 4.4393446469091554e-17 0.39375 0.07187500000000005 0.39375
1 0.07031250000000008 0.6421875 7.864528663274409e-17 0.6421875 8.744743550161569e-17 0.7859375 0.07031250000000008 0.7859375
1 0.2140625 0.253125 0.17500000000000004 0.253125 0.17500000000000004 0.3 0.2140625 0.3
1 0.4421875000000002 0.775 0.3500000000000001 0.775 0.3500000000000001 0.8328125 0.4421875000000002 0.8328125
1 0.42187500000000017 0.83125 0.3750000000000001 0.83125 0.3750000000000001 0.8859375 0.42187500000000017 0.8859375