1 0.596875 0.678125 0.55625 0.678125 0.5562500000000001 0.76875 0.5968750000000002 0.76875
1 0.5593750000000001 0.6796875 0.5125 0.6796875 0.5125000000000001 0.759375 0.5593750000000002 0.759375
1 0.7187500000000002 0.8875 0.6593750000000002 0.8875 0.6593750000000002 0.965625 0.7187500000000002 0.965625
1 0.3453125000000001 0.3875 0.2968750000000001 0.3875 0.2968750000000001 0.4546875 0.3453125000000001 0.4546875
1 0.7828125 0.5750000000000002 0.73125 0.5750000000000002 0.73125 0.6562500000000002 0.7828125 0.6562500000000002
1 0.6625000000000002 0.8890625 0.6187500000000001 0.8890625 0.6187500000000001 0.9625 0.6625000000000002 0.9625
1 0.2406250000000001 0.6875 0.1828125000000001 0.6875 0.1828125000000001 0.775 0.2406250000000001 0.775
1 0.609375 0.3781250000000001 0.575 0.3781250000000001 0.575 0.4578125 0.609375 0.4578125
1 0.7156250000000002 0.809375 0.6859375000000002 0.809375 0.6859375000000002 0.89375 0.7156250000000002 0.89375
1 0.6375000000000001 0.6921875 0.5875 0.6921875 0.5875000000000001 0.809375 0.6375000000000002 0.809375
1 0.65 0.053125000000000075 0.5953125 0.05312500000000007 0.5953125 0.1218750000000001 0.65 0.1218750000000001
1 0.528125 0.34843750000000007 0.4734375 0.34843750000000007 0.4734375 0.428125 0.528125 0.428125
1 0.7078125 0.3359375000000001 0.6375 0.3359375000000001 0.6375 0.4125 0.7078125 0.4125
1 0.3609375000000001 0.9046875 0.2921875000000001 0.9046875 0.2921875000000001 1 0.3609375000000001 1
1 0.6796875000000001 0.715625 0.6359375 0.715625 0.6359375 0.775 0.6796875000000002 0.775
1 0.8578125 0.30937500000000007 0.80625 0.30937500000000007 0.80625 0.4031250000000002 0.8578125 0.4031250000000002
1 0.7468750000000001 0.6687500000000001 0.675 0.66875 0.675 0.7546875000000001 0.7468750000000002 0.7546875000000002
1 0.6890625 0.00781250000000008 0.6375 0.007812500000000078 0.6375 0.07812500000000008 0.6890625 0.07812500000000008
1 0.4734375000000002 0.8265625 0.4203125000000002 0.8265625 0.4203125000000002 0.9109375 0.4734375000000002 0.9109375
1 0.734375 0.4703125000000001 0.6828125 0.4703125 0.6828125 0.5718750000000001 0.734375 0.5718750000000001
1 0.684375 0.49375 0.640625 0.49375 0.640625 0.559375 0.684375 0.559375
1 0.75 0.14218750000000008 0.6671875 0.14218750000000008 0.6671875 0.24218750000000008 0.75 0.24218750000000008
1 0.22031250000000008 0.85 0.1312500000000001 0.85 0.13125000000000012 0.9609375 0.22031250000000008 0.9609375
1 0.6390625 0.34843750000000007 0.603125 0.34843750000000007 0.603125 0.4140625 0.6390625 0.4140625
1 0.8421875 0.4468750000000002 0.775 0.4468750000000002 0.775 0.5437500000000002 0.8421875 0.5437500000000002
1 0.434375 0.3593750000000001 0.3875 0.3593750000000001 0.38750000000000007 0.4640625 0.434375 0.4640625
1 0.20781250000000004 0.309375 0.16562500000000005 0.309375 0.16562500000000005 0.409375 0.2078125000000001 0.409375
1 0.7765625 0.4640625000000001 0.7234375 0.4640625 0.7234375 0.5765625000000001 0.7765625 0.5765625000000002
1 0.8015625 0.6562500000000002 0.7453125 0.6562500000000002 0.7453125 0.7656250000000002 0.8015625 0.7656250000000002
1 0.81875 0.37187500000000007 0.7875 0.37187500000000007 0.7875 0.4265625000000002 0.81875 0.4265625000000002
1 0.2953125000000001 0.840625 0.2578125000000001 0.840625 0.2578125000000001 0.9078125 0.2953125000000001 0.9078125
1 0.8703125 0.43750000000000017 0.828125 0.43750000000000017 0.828125 0.5078125000000002 0.8703125 0.5078125000000002
1 0.6125 0.26250000000000007 0.55 0.26250000000000007 0.55 0.3453125000000001 0.6125 0.3453125000000001
1 0.865625 0.83125 0.8125 0.83125 0.8125 0.909375 0.865625 0.909375
1 0.4078125 0.475 0.3625000000000001 0.475 0.3625000000000001 0.565625 0.4078125 0.565625
1 0.3109375000000001 0.5484375 0.2640625000000001 0.5484375 0.2640625000000001 0.615625 0.3109375000000001 0.615625
1 0.675 0.6375 0.6171875 0.6375 0.6171875000000001 0.73125 0.6750000000000002 0.73125
1 0.446875 0.621875 0.3656250000000001 0.621875 0.3656250000000001 0.715625 0.446875 0.715625
1 0.2812500000000001 0.4796875 0.2156250000000001 0.4796875 0.2156250000000001 0.5734375 0.2812500000000001 0.5734375
1 0.31250000000000006 0.2953125 0.2515625 0.2953125 0.2515625 0.38125 0.3125000000000001 0.38125
1 0.3078125000000001 0.7 0.2375000000000001 0.7 0.2375000000000001 0.8515625 0.3078125000000001 0.8515625
1 0.5015625 0.21250000000000008 0.4625 0.21250000000000008 0.4625 0.2875000000000001 0.5015625 0.2875000000000001
1 0.8359375 0.8015625 0.7984375000000001 0.8015625 0.7984375000000001 0.8671875 0.8359375 0.8671875
1 0.5718750000000001 0.8203125 0.4984375000000002 0.8203125 0.4984375000000002 0.928125 0.5718750000000001 0.928125
1 0.4671875 0.08281250000000005 0.4140625 0.08281250000000004 0.4140625 0.15781250000000005 0.4671875 0.15781250000000005
1 0.4875 0.59375 0.44375 0.59375 0.44375 0.6609375 0.4875 0.6609375
1 0.503125 0.05937500000000007 0.4671875 0.05937500000000007 0.4671875 0.13281250000000006 0.503125 0.13281250000000006
1 0.6171875 0.1765625000000001 0.565625 0.1765625000000001 0.565625 0.2656250000000001 0.6171875 0.2656250000000001
1 0.6546875 0.565625 0.5875 0.565625 0.5875 0.6765625 0.6546875 0.6765625
1 0.6625 0.2390625000000001 0.609375 0.2390625000000001 0.609375 0.3453125000000001 0.6625 0.3453125000000001
1 0.2390625000000001 0.5421875 0.15468750000000003 0.5421875 0.15468750000000006 0.6734375 0.2390625000000001 0.6734375
1 0.5875 0.3109375000000001 0.5171875 0.3109375000000001 0.5171875 0.4140625 0.5875 0.4140625
1 0.728125 0.5765625000000001 0.646875 0.5765625 0.646875 0.6718750000000001 0.728125 0.6718750000000002
1 0.334375 0.2125 0.2921875 0.2125 0.2921875 0.3265625 0.334375 0.3265625
1 0.2328125 0.09218750000000002 0.1859375 0.09218750000000002 0.1859375 0.15625000000000006 0.2328125 0.15625000000000006
1 0.55 0.5671875 0.4890625 0.5671875 0.4890625 0.678125 0.55 0.678125
1 0.425 0.04218750000000005 0.3765625 0.042187500000000044 0.3765625 0.12031250000000004 0.425 0.12031250000000004
1 0.5765625000000002 0.8984375 0.5187500000000002 0.8984375 0.5187500000000002 0.9984375 0.5765625000000002 0.9984375
1 0.5109375 0.018750000000000062 0.478125 0.018750000000000062 0.478125 0.07812500000000007 0.5109375 0.07812500000000007
1 0.2250000000000001 0.7375 0.1375000000000001 0.7375 0.1375000000000001 0.8671875 0.2250000000000001 0.8671875
1 0.434375 0.16250000000000003 0.384375 0.16250000000000003 0.384375 0.2375000000000001 0.434375 0.2375000000000001
1 0.6640625000000002 0.9546875 0.6140625000000002 0.9546875 0.6140625000000002 0.9984375 0.6640625000000002 0.9984375
1 0.2171875000000001 0.4734375 0.12500000000000006 0.4734375 0.12500000000000006 0.5796875 0.2171875000000001 0.5796875
1 0.36406250000000007 0.475 0.2953125000000001 0.475 0.2953125000000001 0.56875 0.36406250000000007 0.56875
1 0.2921875 0.08437500000000003 0.24375 0.08437500000000002 0.24375 0.16718750000000004 0.2921875 0.16718750000000004
1 0.5046875 0.4703125 0.4578125 0.4703125 0.4578125 0.5765625 0.5046875 0.5765625
1 0.621875 0.4671875 0.5546875 0.4671875 0.5546875 0.58125 0.621875 0.58125
1 0.49218750000000017 0.8859375 0.43750000000000017 0.8859375 0.43750000000000017 0.9984375 0.49218750000000017 0.9984375
1 0.49375 0.3031250000000001 0.425 0.3031250000000001 0.425 0.403125 0.49375 0.403125
1 0.671875 0.1437500000000001 0.6078125 0.1437500000000001 0.6078125 0.24375000000000008 0.671875 0.24375000000000008
1 0.3062500000000001 0.89375 0.20312500000000008 0.89375 0.20312500000000008 1 0.3062500000000001 1
1 0.575 0.4734375 0.5 0.4734375 0.5 0.584375 0.575 0.584375
1 0.615625 0.0015625000000000732 0.5765625 0.0015625000000000708 0.5765625 0.05312500000000007 0.615625 0.05312500000000007
1 0.16718750000000013 0.9203125 0.06875000000000012 0.9203125 0.06875000000000012 1 0.16718750000000013 1
1 0.2859375 0.0015625000000000326 0.246875 0.0015625000000000304 0.246875 0.08906250000000003 0.2859375 0.08906250000000004
1 0.571875 0.20312500000000008 0.5375 0.20312500000000008 0.5375 0.2656250000000001 0.571875 0.2656250000000001
1 0.30156250000000007 0.3671875 0.19531250000000006 0.3671875 0.19531250000000006 0.475 0.30156250000000007 0.475
1 0.4609375 0.2328125000000001 0.3875 0.2328125000000001 0.3875 0.3312500000000001 0.4609375 0.3312500000000001
1 0.5515625 0.2312500000000001 0.49375 0.2312500000000001 0.49375 0.3234375000000001 0.5515625 0.3234375000000001
1 0.5359375 0.16406250000000006 0.4765625 0.16406250000000006 0.4765625 0.2484375000000001 0.5359375 0.2484375000000001
1 0.475 0.003125000000000055 0.4140625 0.0031250000000000513 0.4140625 0.08906250000000006 0.475 0.08906250000000007
1 0.30625 0.15312500000000004 0.2703125 0.15312500000000004 0.2703125 0.2265625 0.30625 0.2265625
1 0.296875 0.16718750000000004 0.2359375 0.16718750000000004 0.2359375 0.29375 0.296875 0.29375
1 0.26093750000000004 0.2671875 0.2015625 0.2671875 0.20156250000000003 0.384375 0.2609375000000001 0.384375
1 0.3265625000000001 0.5984375 0.2250000000000001 0.5984375 0.2250000000000001 0.7375 0.3265625000000001 0.7375
1 0.2515625 0.15156250000000004 0.2109375 0.15156250000000004 0.2109375 0.25625 0.2515625 0.25625
1 0.6453125 0.001562500000000077 0.6125 0.001562500000000075 0.6125 0.046875000000000076 0.6453125 0.046875000000000076
1 0.22031250000000008 0.928125 0.17187500000000014 0.928125 0.17187500000000014 1 0.22031250000000008 1
1 0.3937500000000001 0.5625 0.2984375000000001 0.5625 0.2984375000000001 0.671875 0.3937500000000001 0.671875
1 0.471875 0.17031250000000003 0.4359375 0.17031250000000003 0.4359375 0.2718750000000001 0.471875 0.2718750000000001
1 0.15468750000000003 0.1625 0.09218750000000002 0.1625 0.09218750000000003 0.3171875 0.15468750000000003 0.3171875
1 0.70625 0.4296875 0.621875 0.4296875 0.621875 0.5078125 0.70625 0.5078125
1 0.5890625 0.001562500000000068 0.521875 0.0015625000000000638 0.521875 0.10781250000000006 0.5890625 0.10781250000000009
1 0.4625 0.4765625 0.4015625 0.4765625 0.4015625 0.61875 0.4625 0.61875
1 0.38125 0.06718750000000004 0.290625 0.06718750000000004 0.290625 0.19531250000000006 0.38125 0.19531250000000006
1 0.6218750000000002 0.8265625 0.5687500000000002 0.8265625 0.5687500000000002 1 0.6218750000000002 1
1 0.5156250000000002 0.875 0.4734375000000002 0.875 0.4734375000000002 0.9984375 0.5156250000000002 0.9984375
1 0.40625 0.29375000000000007 0.309375 0.29375 0.30937500000000007 0.409375 0.40625 0.409375
1 0.5218750000000001 0.6765625 0.425 0.6765625 0.4250000000000001 0.8 0.5218750000000002 0.8
1 0.3921875 0.19375000000000003 0.3328125 0.19375000000000003 0.3328125 0.30156250000000007 0.3921875 0.30156250000000007
1 0.4312500000000002 0.825 0.3578125000000001 0.825 0.3578125000000001 0.996875 0.4312500000000002 0.996875
1 0.37187500000000007 0.8328125 0.3390625000000001 0.8328125 0.3390625000000001 0.9328125 0.37187500000000007 0.9328125
1 0.3296875 0.012500000000000035 0.284375 0.012500000000000034 0.284375 0.09062500000000004 0.3296875 0.09062500000000004
1 0.421875 4.6976685811042996e-17 0.3453125 4.228858478305704e-17 0.3453125 0.04062500000000005 0.421875 0.04062500000000006
1 0.3843750000000001 0.9453125 0.3375000000000001 0.9453125 0.3375000000000001 1 0.3843750000000001 1
1 0.42187500000000017 0.8375 0.4046875000000002 0.8375 0.4046875000000002 0.8734375 0.42187500000000017 0.8734375
1 0.2265625 0.1453125 0.13125 0.1453125 0.13125000000000003 0.325 0.2265625 0.325
1 0.6953125000000002 0.8140625 0.6125000000000002 0.8140625 0.6125000000000002 0.903125 0.6953125000000002 0.903125