1 0.7078125 0.54375 0.6390625 0.54375 0.6390625 0.640625 0.7078125 0.640625
1 0.37968750000000007 0.45625 0.3125000000000001 0.45625 0.3125000000000001 0.5453125 0.37968750000000007 0.5453125
1 0.74375 0.2890625000000001 0.6640625 0.2890625000000001 0.6640625 0.37187500000000007 0.74375 0.37187500000000007
1 0.4265625 0.5890625 0.37968750000000007 0.5890625 0.37968750000000007 0.65625 0.4265625 0.65625
1 0.3812500000000001 0.5484375 0.3312500000000001 0.5484375 0.3312500000000001 0.6828125 0.3812500000000001 0.6828125
1 0.815625 0.2062500000000001 0.7375 0.2062500000000001 0.7375 0.3031250000000001 0.815625 0.3031250000000001
1 0.246875 0.010937500000000027 0.1703125 0.010937500000000022 0.1703125 0.12187500000000002 0.246875 0.12187500000000004
1 0.3343750000000001 0.46875 0.27031250000000007 0.46875 0.27031250000000007 0.559375 0.3343750000000001 0.559375
1 0.4484375 0.22656250000000008 0.3671875 0.22656250000000008 0.3671875 0.3578125000000001 0.4484375 0.3578125000000001
1 0.6890625 0.20312500000000008 0.634375 0.20312500000000008 0.634375 0.3187500000000001 0.6890625 0.3187500000000001
1 0.43125 0.4703125 0.3734375000000001 0.4703125 0.3734375000000001 0.5875 0.43125 0.5875
1 0.7703125000000002 0.8609375 0.7187500000000002 0.8609375 0.7187500000000002 1 0.7703125000000002 1
1 0.625 0.2656250000000001 0.5671875 0.2656250000000001 0.5671875 0.3546875000000001 0.625 0.3546875000000001
1 0.821875 0.4656250000000002 0.75 0.4656250000000002 0.75 0.5656250000000002 0.821875 0.5656250000000002
1 0.628125 0.023437500000000076 0.58125 0.023437500000000073 0.58125 0.12656250000000008 0.628125 0.12656250000000008
1 0.6421875 0.5453125 0.575 0.5453125 0.575 0.690625 0.6421875 0.690625
1 0.2828125000000001 0.4765625 0.21875000000000008 0.4765625 0.21875000000000008 0.634375 0.2828125000000001 0.634375
1 0.6562500000000002 0.8890625 0.5890625000000002 0.8890625 0.5890625000000002 0.9921875 0.6562500000000002 0.9921875
1 0.7281250000000001 0.6687500000000001 0.665625 0.66875 0.6656250000000001 0.7437500000000001 0.7281250000000001 0.7437500000000001
1 0.796875 0.13437500000000008 0.740625 0.13437500000000008 0.740625 0.21875000000000008 0.796875 0.21875000000000008
1 0.36562500000000003 0.27031250000000007 0.2765625 0.2703125 0.27656250000000004 0.38750000000000007 0.3656250000000001 0.38750000000000007
1 0.6375000000000002 0.8140625 0.5671875000000002 0.8140625 0.5671875000000002 0.915625 0.6375000000000002 0.915625
1 0.36875 0.15468750000000003 0.3078125 0.15468750000000003 0.3078125 0.27031250000000007 0.36875 0.27031250000000007
1 0.5203125 0.2687500000000001 0.44375 0.2687500000000001 0.44375 0.37968750000000007 0.5203125 0.37968750000000007
1 0.546875 0.3078125000000001 0.4921875 0.3078125000000001 0.4921875 0.44375 0.546875 0.44375
1 0.7515625 0.4562500000000001 0.69375 0.45625 0.69375 0.6015625000000001 0.7515625 0.6015625000000002
1 0.6296875 0.1859375000000001 0.5671875 0.1859375000000001 0.5671875 0.27812500000000007 0.6296875 0.27812500000000007
1 0.56875 0.2015625000000001 0.51875 0.2015625000000001 0.51875 0.3078125000000001 0.56875 0.3078125000000001
1 0.3140625000000001 0.8328125 0.2640625000000001 0.8328125 0.2640625000000001 0.91875 0.3140625000000001 0.91875
1 0.4859375 0.2000000000000001 0.4234375 0.2000000000000001 0.4234375 0.2984375000000001 0.4859375 0.2984375000000001
1 0.8328125 0.6750000000000002 0.778125 0.6750000000000002 0.7781250000000001 0.7375000000000002 0.8328125 0.7375000000000002
1 0.2718750000000001 0.8171875 0.2078125000000001 0.8171875 0.2078125000000001 0.9 0.2718750000000001 0.9
1 0.4109375 0.13125000000000003 0.3515625 0.13125000000000003 0.3515625 0.23281250000000003 0.4109375 0.2328125000000001
1 0.22656250000000008 0.815625 0.14062500000000008 0.815625 0.1406250000000001 0.9921875 0.22656250000000008 0.9921875
1 0.790625 0.30937500000000007 0.7265625 0.30937500000000007 0.7265625 0.40156250000000016 0.790625 0.40156250000000016
1 0.5859375 0.5359375 0.525 0.5359375 0.525 0.6921875 0.5859375 0.6921875
1 0.2968750000000001 0.671875 0.2531250000000001 0.671875 0.2531250000000001 0.7359375 0.2968750000000001 0.7359375
1 0.7031250000000002 0.8265625 0.6437500000000002 0.8265625 0.6437500000000002 0.91875 0.7031250000000002 0.91875
1 0.4796875 0.12187500000000004 0.4046875 0.12187500000000004 0.4046875 0.20468750000000008 0.4796875 0.20468750000000008
1 0.7953125000000002 0.8421875 0.7578125000000002 0.8421875 0.7578125000000002 0.9078125 0.7953125000000002 0.9078125
1 0.2609375000000001 0.709375 0.2062500000000001 0.709375 0.2062500000000001 0.7921875 0.2609375000000001 0.7921875
1 0.5515625000000001 0.6640625 0.49375 0.6640625 0.4937500000000001 0.7765625 0.5515625000000002 0.7765625
1 0.165625 0.0015625000000000163 0.1 0.0015625000000000124 0.1 0.10625 0.165625 0.10625
1 0.3734375000000001 0.825 0.3046875000000001 0.825 0.3046875000000001 0.9984375 0.3734375000000001 0.9984375
1 0.25625000000000003 0.25 0.15781250000000005 0.25 0.15781250000000005 0.375 0.2562500000000001 0.375
1 0.17968750000000003 0.1671875 0.08281250000000002 0.1671875 0.08281250000000004 0.3015625 0.17968750000000006 0.3015625
1 0.5984375 0.471875 0.553125 0.471875 0.553125 0.5625 0.5984375 0.5625
1 0.5156250000000002 0.8125 0.42500000000000016 0.8125 0.42500000000000016 0.915625 0.5156250000000002 0.915625
1 0.4640625 0.625 0.4203125 0.625 0.4203125 0.7140625 0.4640625 0.7140625
1 0.690625 0.64375 0.640625 0.64375 0.640625 0.7109375 0.690625 0.7109375
1 0.165625 0.08906250000000002 0.1015625 0.08906250000000002 0.1015625 0.178125 0.165625 0.178125
1 0.259375 0.18281250000000004 0.19375000000000003 0.18281250000000004 0.19375000000000003 0.284375 0.259375 0.284375
1 0.3203125 0.2078125 0.253125 0.2078125 0.253125 0.30625 0.3203125 0.30625
1 0.303125 0.13125000000000003 0.215625 0.13125000000000003 0.215625 0.2171875 0.303125 0.2171875
1 0.4203125000000002 0.815625 0.3687500000000001 0.815625 0.3687500000000001 0.915625 0.4203125000000002 0.915625
1 0.371875 3.89399411916385e-17 0.2640625 3.2338329539984796e-17 0.2640625 0.12812500000000004 0.371875 0.12812500000000004
1 0.659375 0.2562500000000001 0.615625 0.2562500000000001 0.615625 0.3703125000000001 0.659375 0.3703125000000001
1 0.7281250000000001 0.9078125 0.6750000000000002 0.9078125 0.6750000000000002 1 0.7281250000000001 1
1 0.5828125 0.29375000000000007 0.54375 0.29375000000000007 0.54375 0.403125 0.5828125 0.403125
1 0.7671875000000001 0.8140625 0.7234375000000002 0.8140625 0.7234375000000002 0.8625 0.7671875000000001 0.8625
1 0.4953125 0.525 0.4421875 0.525 0.4421875 0.628125 0.4953125 0.628125
1 0.746875 0.1687500000000001 0.7 0.1687500000000001 0.7 0.24375000000000008 0.746875 0.24375000000000008
1 0.8484375 0.7281250000000001 0.7968750000000002 0.7281250000000001 0.7968750000000002 0.7828125000000001 0.8484375 0.7828125000000001
1 0.5953125 0.1312500000000001 0.55 0.1312500000000001 0.55 0.2234375000000001 0.5953125 0.2234375000000001
1 0.5859375 0.0015625000000000684 0.534375 0.0015625000000000651 0.534375 0.10937500000000007 0.5859375 0.10937500000000008
1 0.6296875000000001 0.6984375 0.5578125 0.6984375 0.5578125 0.8078125 0.6296875000000002 0.8078125
1 0.521875 0.13750000000000004 0.4734375 0.13750000000000004 0.4734375 0.27031250000000007 0.521875 0.27031250000000007
1 0.6875 0.4703125 0.6578125 0.4703125 0.6578125 0.553125 0.6875 0.553125
1 0.55 0.4734375 0.5109375 0.4734375 0.5109375 0.534375 0.55 0.534375
1 0.4578125000000002 0.8890625 0.3687500000000001 0.8890625 0.3687500000000001 0.9984375 0.4578125000000002 0.9984375
1 0.5515625 0.11250000000000007 0.5125 0.11250000000000004 0.5125 0.21093750000000008 0.5515625 0.21093750000000008
1 0.22656250000000008 0.465625 0.14687500000000003 0.465625 0.14687500000000006 0.5625 0.22656250000000008 0.5625
1 0.5671875000000002 0.8125 0.5156250000000002 0.8125 0.5156250000000002 0.921875 0.5671875000000002 0.921875
1 0.425 0.0015625000000000489 0.371875 0.0015625000000000458 0.371875 0.10156250000000004 0.425 0.10156250000000004
1 0.5390625 0.009375000000000064 0.5 0.00937500000000006 0.5 0.11250000000000004 0.5390625 0.11250000000000004
1 0.7125 0.09375000000000008 0.65625 0.09375000000000008 0.65625 0.19531250000000008 0.7125 0.19531250000000008
1 0.3062500000000001 0.9171875 0.24375000000000008 0.9171875 0.24375000000000008 1 0.3062500000000001 1
1 0.4875 0.60625 0.4484375 0.60625 0.4484375 0.6734375 0.4875 0.6734375
1 0.2171875 0.14218750000000002 0.165625 0.1421875 0.16562500000000002 0.203125 0.2171875 0.203125
1 0.46875 0.4828125 0.4265625 0.4828125 0.4265625 0.59375 0.46875 0.59375
1 0.8046875 9.634525990167068e-17 0.76875 9.414472268445279e-17 0.76875 0.0468750000000001 0.8046875 0.0468750000000001
1 0.6375 0.1546875000000001 0.60625 0.1546875000000001 0.60625 0.2171875000000001 0.6375 0.2171875000000001
1 0.66875 7.845393557037733e-17 0.6125 7.500961644777538e-17 0.6125 0.07031250000000008 0.66875 0.07031250000000008
1 0.5125000000000002 0.928125 0.4656250000000002 0.928125 0.4656250000000002 1 0.5125000000000002 1
1 0.521875 0.5015625 0.4796875 0.5015625 0.4796875 0.5875 0.521875 0.5875
1 0.5937500000000002 0.890625 0.5515625000000002 0.890625 0.5515625000000002 0.965625 0.5937500000000002 0.965625
1 0.5203125 0.5875 0.4890625 0.5875 0.4890625 0.6484375 0.5203125 0.6484375