1 0.3296875000000001 0.7859375 0.23437500000000008 0.7859375 0.23437500000000008 0.9859375 0.3296875000000001 0.9859375
1 0.16406250000000006 0.5140625 0.08906250000000007 0.5140625 0.08906250000000007 0.6390625 0.16406250000000008 0.6390625
1 0.18593750000000003 0.18750000000000003 0.09375000000000003 0.1875 0.09375000000000003 0.3328125 0.18593750000000003 0.3328125
1 0.3 0.16093750000000004 0.24375 0.16093750000000004 0.24375 0.2765625 0.3 0.2765625
1 0.65 0.3421875000000001 0.60625 0.3421875000000001 0.60625 0.4265625 0.65 0.4265625
1 0.26406250000000003 0.35 0.2125 0.35 0.21250000000000005 0.4390625 0.2640625000000001 0.4390625
1 0.2656250000000001 0.5234375 0.20468750000000008 0.5234375 0.20468750000000008 0.6140625 0.2656250000000001 0.6140625
1 0.24218750000000008 0.6 0.14062500000000008 0.6 0.14062500000000008 0.69375 0.24218750000000008 0.69375
1 0.25625 0.21875 0.19843750000000004 0.21875 0.19843750000000004 0.328125 0.25625 0.328125
1 0.79375 0.3265625000000001 0.7578125 0.3265625000000001 0.7578125 0.38750000000000007 0.79375 0.38750000000000007
1 0.4859375 0.2687500000000001 0.43125 0.2687500000000001 0.43125 0.39531250000000007 0.4859375 0.39531250000000007
1 0.6015625 0.14843750000000008 0.5453125 0.14843750000000008 0.5453125 0.2531250000000001 0.6015625 0.2531250000000001
1 0.5734375 0.5 0.4890625 0.5 0.4890625 0.6125 0.5734375 0.6125
1 0.41875000000000007 0.6296875 0.3046875000000001 0.6296875 0.3046875000000001 0.734375 0.4187500000000002 0.734375
1 0.4296875 0.30000000000000004 0.3578125 0.3 0.35781250000000003 0.421875 0.4296875 0.421875
1 0.7078125 0.2718750000000001 0.6546875 0.2718750000000001 0.6546875 0.3500000000000001 0.7078125 0.3500000000000001
1 0.6734375 0.1859375000000001 0.6296875 0.1859375000000001 0.6296875 0.2500000000000001 0.6734375 0.2500000000000001
1 0.4796875 0.6109375 0.4171875 0.6109375 0.4171875 0.703125 0.4796875 0.703125
1 0.32343750000000004 0.328125 0.2765625 0.328125 0.27656250000000004 0.4234375 0.3234375000000001 0.4234375
1 0.2406250000000001 0.45 0.17656250000000004 0.45 0.17656250000000004 0.5421875 0.2406250000000001 0.5421875
1 0.5296875 0.609375 0.478125 0.609375 0.478125 0.6921875 0.5296875 0.6921875
1 0.3265625000000001 0.6828125 0.2671875000000001 0.6828125 0.2671875000000001 0.76875 0.3265625000000001 0.76875
1 0.7984375 0.5875000000000001 0.759375 0.5875000000000001 0.759375 0.6406250000000002 0.7984375 0.6406250000000002
1 0.18750000000000006 0.45 0.12500000000000006 0.45 0.12500000000000006 0.55625 0.18750000000000008 0.55625
1 0.6109375 0.3265625000000001 0.55625 0.3265625000000001 0.55625 0.403125 0.6109375 0.403125
1 0.5515625 0.17500000000000007 0.5140625 0.17500000000000004 0.5140625 0.2812500000000001 0.5515625 0.2812500000000001
1 0.7140625 0.2093750000000001 0.6609375 0.2093750000000001 0.6609375 0.2796875000000001 0.7140625 0.2796875000000001
1 0.7593750000000001 0.6687500000000001 0.7125 0.66875 0.7125000000000001 0.7359375000000001 0.7593750000000001 0.7359375000000001
1 0.6109375 0.2531250000000001 0.5453125 0.2531250000000001 0.5453125 0.3343750000000001 0.6109375 0.3343750000000001
1 0.6218750000000001 0.6953125 0.571875 0.6953125 0.5718750000000001 0.7734375 0.6218750000000002 0.7734375
1 0.553125 0.2921875000000001 0.5171875 0.2921875000000001 0.5171875 0.3671875000000001 0.553125 0.3671875000000001
1 0.4140625 0.5328125 0.3218750000000001 0.5328125 0.3218750000000001 0.63125 0.4140625 0.63125
1 0.5421875 0.3609375000000001 0.49375 0.3609375000000001 0.49375 0.4390625 0.5421875 0.4390625
1 0.30937500000000007 0.4453125 0.2406250000000001 0.4453125 0.2406250000000001 0.5296875 0.30937500000000007 0.5296875
1 0.3234375000000001 0.5296875 0.2531250000000001 0.5296875 0.2531250000000001 0.703125 0.3234375000000001 0.703125
1 0.5828125000000001 0.603125 0.53125 0.603125 0.5312500000000001 0.7328125 0.5828125000000002 0.7328125
1 0.7625 0.5859375000000001 0.71875 0.5859375 0.71875 0.6687500000000001 0.7625 0.6687500000000002
1 0.371875 0.14375000000000004 0.2875 0.14375000000000004 0.2875 0.26250000000000007 0.371875 0.26250000000000007
1 0.40625 0.20468750000000005 0.309375 0.2046875 0.30937500000000007 0.37500000000000006 0.40625 0.3750000000000001
1 0.2453125 2.430158492058029e-17 0.1515625 1.8561053049577072e-17 0.1515625 0.10156250000000003 0.2453125 0.10156250000000004
1 0.646875 0.2812500000000001 0.60625 0.2812500000000001 0.60625 0.3500000000000001 0.646875 0.3500000000000001
1 0.7578125 0.4859375000000001 0.709375 0.4859375 0.709375 0.5718750000000001 0.7578125 0.5718750000000001
1 0.5281250000000002 0.8015625 0.4890625000000002 0.8015625 0.4890625000000002 0.9046875 0.5281250000000002 0.9046875
1 0.525 0.440625 0.4484375 0.440625 0.4484375 0.5390625 0.525 0.5390625
1 0.503125 0.521875 0.4375 0.521875 0.4375 0.64375 0.503125 0.64375
1 0.1578125000000001 0.8890625 0.12031250000000009 0.8890625 0.12031250000000011 0.946875 0.15781250000000013 0.946875
1 0.4078125 0.45625 0.3296875000000001 0.45625 0.3296875000000001 0.5375 0.4078125 0.5375
1 0.8453125 0.47968750000000016 0.8046875 0.47968750000000016 0.8046875 0.5359375000000002 0.8453125 0.5359375000000002
1 0.7234375 0.546875 0.6609375 0.546875 0.6609375 0.653125 0.7234375 0.653125
1 0.209375 0.15468750000000003 0.1421875 0.1546875 0.14218750000000002 0.25 0.209375 0.25
1 0.8203125 0.0937500000000001 0.76875 0.09375000000000008 0.76875 0.1546875000000001 0.8203125 0.1546875000000001
1 0.18906250000000008 0.8046875 0.11250000000000009 0.8046875 0.11250000000000009 0.8953125 0.18906250000000008 0.8953125
1 0.40625000000000017 0.8390625 0.3515625000000001 0.8390625 0.3515625000000001 0.9875 0.40625000000000017 0.9875
1 0.6718750000000002 0.834375 0.6078125000000002 0.834375 0.6078125000000002 0.940625 0.6718750000000002 0.940625
1 0.6328125 0.18750000000000008 0.6015625 0.18750000000000008 0.6015625 0.2406250000000001 0.6328125 0.2406250000000001
1 0.22812500000000008 0.8484375 0.14843750000000008 0.8484375 0.1484375000000001 0.9578125 0.22812500000000008 0.9578125
1 0.6890625000000001 0.7140625 0.6390625 0.7140625 0.6390625000000001 0.7859375 0.6890625000000001 0.7859375
1 0.7421875000000002 0.8703125 0.6812500000000001 0.8703125 0.6812500000000001 0.996875 0.7421875000000002 0.996875
1 0.6921875 0.45625 0.6453125 0.45625 0.6453125 0.5234375 0.6921875 0.5234375
1 0.31875 0.2484375 0.265625 0.2484375 0.265625 0.340625 0.31875 0.340625
1 0.690625 0.032812500000000085 0.646875 0.03281250000000008 0.646875 0.11562500000000009 0.690625 0.11562500000000009
1 0.4656250000000002 0.8828125 0.41406250000000017 0.8828125 0.41406250000000017 0.9984375 0.4656250000000002 0.9984375
1 0.6171875000000002 0.8046875 0.5687500000000002 0.8046875 0.5687500000000002 0.9015625 0.6171875000000002 0.9015625
1 0.4906250000000002 0.8046875 0.42968750000000017 0.8046875 0.42968750000000017 0.9109375 0.4906250000000002 0.9109375
1 0.42968750000000017 0.8046875 0.3828125000000001 0.8046875 0.3828125000000001 0.94375 0.42968750000000017 0.94375
1 0.5718750000000001 0.8015625 0.5265625000000002 0.8015625 0.5265625000000002 0.8953125 0.5718750000000001 0.8953125
1 0.2640625000000001 0.809375 0.2218750000000001 0.809375 0.2218750000000001 0.9046875 0.2640625000000001 0.9046875
1 0.7218750000000002 0.809375 0.6671875000000002 0.809375 0.6671875000000002 0.8875 0.7218750000000002 0.8875
1 0.28750000000000003 0.3046875 0.2484375 0.3046875 0.24843750000000003 0.403125 0.2875000000000001 0.403125
1 0.590625 0.453125 0.54375 0.453125 0.54375 0.54375 0.590625 0.54375
1 0.7203125000000001 0.65 0.659375 0.65 0.659375 0.7546875 0.7203125000000001 0.7546875
1 0.6656250000000001 0.6421875 0.609375 0.6421875 0.6093750000000001 0.734375 0.6656250000000001 0.734375
1 0.525 0.16875000000000004 0.459375 0.16875000000000004 0.459375 0.3218750000000001 0.525 0.3218750000000001
1 0.6265625 0.4625 0.5875 0.4625 0.5875 0.5203125 0.6265625 0.5203125
1 0.44375 0.01406250000000005 0.3796875 0.014062500000000044 0.3796875 0.17031250000000003 0.44375 0.17031250000000003
1 0.6609375000000002 0.928125 0.5968750000000002 0.928125 0.5968750000000002 1 0.6609375000000002 1
1 0.5187500000000002 0.890625 0.46093750000000017 0.890625 0.46093750000000017 1 0.5187500000000002 1
1 0.7046875000000001 0.9203125 0.6562500000000002 0.9203125 0.6562500000000002 1 0.7046875000000001 1
1 0.8546875 0.9734375 0.8125 0.9734375 0.8125 1 0.8546875 1
1 0.5843750000000002 0.878125 0.5125000000000002 0.878125 0.5125000000000002 0.9921875 0.5843750000000002 0.9921875
1 0.534375 6.142369101973443e-17 0.46875 5.740531871003217e-17 0.46875 0.04687500000000006 0.534375 0.04687500000000007
1 0.621875 0.6296875 0.5859375 0.6296875 0.5859375 0.7 0.621875 0.7
1 0.6062500000000002 0.8703125 0.5593750000000002 0.8703125 0.5593750000000002 0.9703125 0.6062500000000002 0.9703125
1 0.7375 0.4593750000000001 0.6984375 0.459375 0.6984375 0.5234375000000001 0.7375 0.5234375000000002
1 0.14687500000000014 0.95 0.08437500000000012 0.95 0.08437500000000012 1 0.14687500000000014 1
1 0.665625 0.5921875 0.6265625 0.5921875 0.6265625 0.6484375 0.665625 0.6484375
1 0.78125 9.127445674895116e-17 0.709375 8.687338231451536e-17 0.709375 0.043750000000000094 0.78125 0.0437500000000001
1 0.6453125 7.682745154025974e-17 0.609375 7.462691432304184e-17 0.609375 0.03437500000000008 0.6453125 0.03437500000000008
1 0.2484375000000001 0.915625 0.18125000000000013 0.915625 0.18125000000000013 1 0.2484375000000001 1
1 0.19218750000000012 0.9390625 0.14218750000000013 0.9390625 0.14218750000000013 1 0.19218750000000012 1
1 0.6046875 0.5359375 0.5640625 0.5359375 0.5640625 0.621875 0.6046875 0.621875