1 0.3781250000000001 0.628125 0.2765625000000001 0.628125 0.2765625000000001 0.696875 0.3781250000000001 0.696875
1 0.33281250000000007 0.51875 0.2296875000000001 0.51875 0.2296875000000001 0.603125 0.33281250000000007 0.603125
1 0.7390625 0.2843750000000001 0.625 0.2843750000000001 0.625 0.38750000000000007 0.7390625 0.38750000000000007
1 0.44218750000000007 0.690625 0.3296875000000001 0.690625 0.3296875000000001 0.7875 0.4421875000000002 0.7875
1 0.75 0.2062500000000001 0.634375 0.2062500000000001 0.634375 0.2843750000000001 0.75 0.2843750000000001
1 0.8734375 0.6750000000000002 0.740625 0.6750000000000002 0.7406250000000001 0.7578125000000002 0.8734375 0.7578125000000002
1 0.7218750000000002 0.728125 0.6093750000000002 0.728125 0.6093750000000002 0.7796875 0.7218750000000002 0.7796875
1 0.18593750000000003 0.16718750000000002 0.057812500000000024 0.1671875 0.057812500000000024 0.259375 0.18593750000000003 0.259375
1 0.74375 0.6453125000000001 0.615625 0.6453125 0.615625 0.7031250000000001 0.74375 0.7031250000000002
1 0.8328125 0.4406250000000001 0.725 0.440625 0.725 0.4937500000000001 0.8328125 0.4937500000000002
1 0.7109375000000002 0.803125 0.6125000000000002 0.803125 0.6125000000000002 0.8609375 0.7109375000000002 0.8609375
1 0.765625 0.5843750000000001 0.6125 0.584375 0.6125 0.6671875 0.765625 0.6671875000000002
1 0.928125 0.46875000000000017 0.765625 0.46875000000000017 0.765625 0.5687500000000002 0.928125 0.5687500000000002
1 0.778125 0.51875 0.6171875 0.51875 0.6171875 0.5859375000000001 0.778125 0.5859375000000002
1 0.440625 0.503125 0.3125000000000001 0.503125 0.3125000000000001 0.596875 0.440625 0.596875
1 0.728125 0.3859375000000001 0.621875 0.3859375000000001 0.621875 0.4515625000000001 0.728125 0.4515625000000002
1 0.453125 0.6421875 0.3625000000000001 0.6421875 0.3625000000000001 0.696875 0.453125 0.696875
1 0.4296875 0.27031250000000007 0.2859375 0.2703125 0.2859375 0.35625000000000007 0.4296875 0.35625000000000007
1 0.10937500000000003 0.09843750000000001 1.2055116929106758e-17 0.0984375 1.741294667537643e-17 0.1859375 0.10937500000000004 0.1859375
1 0.8859375 0.6093750000000002 0.7890625 0.6093750000000002 0.7890625 0.6765625000000002 0.8859375 0.6765625000000002
1 0.75625 0.4531250000000001 0.615625 0.453125 0.615625 0.5265625 0.75625 0.5265625000000002
1 0.3078125000000001 0.6 0.2375000000000001 0.6 0.2375000000000001 0.640625 0.3078125000000001 0.640625
1 0.4171875 0.12656250000000005 0.3171875 0.12656250000000005 0.3171875 0.18593750000000003 0.4171875 0.18593750000000003
1 0.328125 0.14062500000000006 0.2 0.14062500000000006 0.2 0.2515625 0.328125 0.2515625
1 0.8234375 0.22812500000000008 0.7125 0.22812500000000008 0.7125 0.3062500000000001 0.8234375 0.3062500000000001
1 0.8765625 0.5562500000000001 0.7125 0.55625 0.7125 0.6312500000000001 0.8765625 0.6312500000000002
1 0.4046875000000002 0.8609375 0.2734375000000001 0.8609375 0.2734375000000001 0.9265625 0.4046875000000002 0.9265625
1 0.2953125000000001 0.8390625 0.1906250000000001 0.8390625 0.1906250000000001 0.9 0.2953125000000001 0.9
1 0.9046875 0.2593750000000001 0.71875 0.2593750000000001 0.71875 0.3843750000000001 0.9046875 0.3843750000000001
1 0.040625000000000085 0.653125 7.99847440693115e-17 0.653125 8.51512227532144e-17 0.7375 0.04062500000000009 0.7375
1 0.3437500000000001 0.3984375 0.2015625000000001 0.3984375 0.2015625000000001 0.459375 0.3437500000000001 0.459375
1 0.6171875 0.19218750000000007 0.4234375 0.19218750000000004 0.4234375 0.30156250000000007 0.6171875 0.30156250000000007
1 0.459375 0.5796875 0.3843750000000001 0.5796875 0.3843750000000001 0.64375 0.459375 0.64375
1 0.19687500000000005 0.4484375 0.05312500000000005 0.4484375 0.053125000000000054 0.528125 0.19687500000000005 0.528125
1 0.20156250000000003 0.2875 0.05468750000000004 0.2875 0.05468750000000004 0.38125 0.2015625000000001 0.38125
1 0.1062500000000001 0.621875 0.039062500000000076 0.621875 0.039062500000000076 0.6640625 0.1062500000000001 0.6640625
1 0.4875 0.16718750000000004 0.3390625 0.16718750000000004 0.3390625 0.24375000000000005 0.4875 0.24375000000000008
1 0.06718750000000007 0.46875 5.740531871003217e-17 0.46875 6.218909526920153e-17 0.546875 0.06718750000000007 0.546875
1 0.415625 0.21093750000000006 0.275 0.2109375 0.275 0.28437500000000004 0.415625 0.2843750000000001
1 0.853125 0.3734375000000001 0.7125 0.3734375000000001 0.7125 0.4515625000000001 0.853125 0.4515625000000002
1 0.73125 0.12031250000000009 0.634375 0.12031250000000009 0.634375 0.20468750000000008 0.73125 0.20468750000000008
1 0.08593750000000003 0.18125 2.2196723234545777e-17 0.18125 2.812860616791577e-17 0.278125 0.08593750000000004 0.278125
1 0.3453125000000001 0.4515625 0.22656250000000008 0.4515625 0.22656250000000008 0.5234375 0.3453125000000001 0.5234375
1 0.09218750000000006 0.5421875 6.639881864127056e-17 0.5421875 7.003448882623926e-17 0.6015625 0.09218750000000006 0.6015625
1 0.459375 0.4453125 0.3156250000000001 0.4453125 0.3156250000000001 0.515625 0.459375 0.515625
1 0.9234375 0.7312500000000002 0.834375 0.7312500000000002 0.834375 0.7843750000000002 0.9234375 0.7843750000000002
1 0.19375 0.12031250000000002 0.1015625 0.1203125 0.1015625 0.17968750000000003 0.19375 0.17968750000000006
1 0.7187500000000001 0.6921875 0.6140625 0.6921875 0.6140625000000001 0.7375 0.7187500000000002 0.7375
1 0.821875 0.1281250000000001 0.709375 0.1281250000000001 0.709375 0.2312500000000001 0.821875 0.2312500000000001
1 0.026562500000000072 0.584375 7.156529732517345e-17 0.584375 7.520096751014216e-17 0.64375 0.02656250000000008 0.64375
1 0.39375000000000004 0.3375 0.246875 0.3375 0.24687500000000004 0.4078125 0.3937500000000001 0.4078125
1 0.3937500000000001 0.5875 0.30156250000000007 0.5875 0.30156250000000007 0.634375 0.3937500000000001 0.634375
1 0.3265625000000001 0.68125 0.2656250000000001 0.68125 0.2656250000000001 0.7140625 0.3265625000000001 0.7140625
1 0.09375000000000004 0.315625 3.865291459808834e-17 0.315625 4.353236668844107e-17 0.3953125 0.09375000000000004 0.3953125
1 0.7750000000000001 0.7078125000000001 0.6921875 0.7078125 0.6921875000000001 0.7671875000000001 0.7750000000000001 0.7671875000000001
1 0.20468750000000008 0.384375 0.023437500000000045 0.384375 0.02343750000000005 0.4546875 0.20468750000000008 0.4546875
1 0.10312500000000009 0.778125 0.0312500000000001 0.778125 0.0312500000000001 0.8453125 0.10312500000000009 0.8453125
1 0.5984375 0.13281250000000006 0.4578125 0.13281250000000006 0.4578125 0.2093750000000001 0.5984375 0.2093750000000001
1 0.2906250000000001 0.640625 0.20312500000000008 0.640625 0.20312500000000008 0.6953125 0.2906250000000001 0.6953125
1 0.5156250000000001 0.70625 0.4375 0.70625 0.4375000000000001 0.784375 0.5156250000000002 0.784375
1 0.3265625 0.246875 0.2265625 0.246875 0.2265625 0.309375 0.3265625 0.309375
1 0.7843750000000002 0.7609375 0.6312500000000002 0.7609375 0.6312500000000002 0.81875 0.7843750000000002 0.81875
1 0.0031250000000001164 0.9203125 1.1270577573402985e-16 0.9203125 1.1701117463728229e-16 0.990625 0.0031250000000001207 0.990625
1 0.0390625000000001 0.8015625 9.816309499415503e-17 0.8015625 1.005549832737397e-16 0.840625 0.0390625000000001 0.840625
1 0.2906250000000001 0.7671875 0.2140625000000001 0.7671875 0.2140625000000001 0.8171875 0.2906250000000001 0.8171875
1 0.7296875000000002 0.8578125 0.6546875000000002 0.8578125 0.6546875000000002 0.91875 0.7296875000000002 0.91875
1 0.9703125 0.3656250000000001 0.85 0.3656250000000001 0.85 0.4390625000000002 0.9703125 0.4390625000000002
1 0.9359375 0.1343750000000001 0.7984375 0.13437500000000008 0.7984375 0.25468750000000007 0.9359375 0.25468750000000007
1 0.07343750000000006 0.39375 4.8220467716427034e-17 0.39375 5.300424427559639e-17 0.471875 0.07343750000000007 0.471875
1 0.06875000000000009 0.725 8.878689293818311e-17 0.725 9.146580781131795e-17 0.76875 0.06875000000000009 0.76875