1 0.809375 0.7453125000000002 0.7359375000000001 0.7453125000000002 0.7359375000000001 0.8421875 0.809375 0.8421875
1 0.521875 0.5765625 0.4359375 0.5765625 0.4359375 0.6890625 0.521875 0.6890625
1 0.765625 0.20468750000000008 0.6984375 0.20468750000000008 0.6984375 0.3031250000000001 0.765625 0.3031250000000001
1 0.7828125 0.6250000000000001 0.7234375 0.625 0.7234375 0.7140625 0.7828125 0.7140625000000002
1 0.2250000000000001 0.5515625 0.1625000000000001 0.5515625 0.1625000000000001 0.684375 0.2250000000000001 0.684375
1 0.32500000000000007 0.5671875 0.2515625000000001 0.5671875 0.2515625000000001 0.6609375 0.32500000000000007 0.6609375
1 0.3609375000000001 0.6453125 0.26250000000000007 0.6453125 0.26250000000000007 0.753125 0.3609375000000001 0.753125
1 0.884375 0.46093750000000017 0.7796875 0.46093750000000017 0.7796875 0.5578125000000002 0.884375 0.5578125000000002
1 0.6875 0.4796875 0.6109375 0.4796875 0.6109375 0.5796875 0.6875 0.5796875
1 0.3375 0.259375 0.25625 0.259375 0.25625 0.3375 0.3375 0.3375
1 0.3843750000000001 0.5609375 0.3234375000000001 0.5609375 0.3234375000000001 0.68125 0.3843750000000001 0.68125
1 0.7531250000000002 0.859375 0.6984375000000002 0.859375 0.6984375000000002 0.9890625 0.7531250000000002 0.9890625
1 0.5531250000000002 0.921875 0.4812500000000002 0.921875 0.4812500000000002 1 0.5531250000000002 1
1 0.2046875 0.10156250000000003 0.115625 0.1015625 0.11562500000000002 0.2125 0.2046875 0.2125
1 0.640625 0.24375000000000008 0.6046875 0.24375000000000008 0.6046875 0.3234375000000001 0.640625 0.3234375000000001
1 0.446875 0.534375 0.3703125000000001 0.534375 0.3703125000000001 0.6484375 0.446875 0.6484375
1 0.921875 0.3734375000000001 0.8421875 0.3734375000000001 0.8421875 0.4828125000000002 0.921875 0.4828125000000002
1 0.7734375 0.5640625000000001 0.6765625 0.5640625 0.6765625 0.6578125000000001 0.7734375 0.6578125000000001
1 0.7250000000000002 0.9453125 0.6718750000000002 0.9453125 0.6718750000000002 1 0.7250000000000002 1
1 0.6812500000000001 0.896875 0.6140625000000002 0.896875 0.6140625000000002 1 0.6812500000000001 1
1 0.3968750000000001 0.728125 0.3453125000000001 0.728125 0.3453125000000001 0.85 0.3968750000000001 0.85
1 0.6125 0.3984375000000001 0.546875 0.3984375000000001 0.546875 0.4875 0.6125 0.4875
1 0.834375 0.896875 0.7875000000000002 0.896875 0.7875000000000002 0.9625 0.834375 0.9625
1 0.653125 0.10937500000000008 0.571875 0.10937500000000008 0.571875 0.2093750000000001 0.653125 0.2093750000000001
1 0.478125 0.446875 0.3937500000000001 0.446875 0.3937500000000001 0.5375 0.478125 0.5375
1 0.7093750000000002 0.8515625 0.6625000000000002 0.8515625 0.6625000000000002 0.959375 0.7093750000000002 0.959375
1 0.5625000000000002 0.7296875 0.5046875000000002 0.7296875 0.5046875000000002 0.81875 0.5625000000000002 0.81875
1 0.7328125 0.3734375000000001 0.66875 0.3734375000000001 0.66875 0.4906250000000001 0.7328125 0.4906250000000002
1 0.5640625 0.3296875000000001 0.5 0.3296875000000001 0.5 0.45625 0.5640625 0.45625
1 0.6375000000000002 0.7390625 0.5750000000000002 0.7390625 0.5750000000000002 0.84375 0.6375000000000002 0.84375
1 0.23593750000000005 0.35625 0.18906250000000005 0.35625 0.18906250000000005 0.4515625 0.23593750000000008 0.4515625
1 0.43125 0.18125000000000005 0.3484375 0.18125000000000005 0.3484375 0.30000000000000004 0.43125 0.3000000000000001
1 0.7640625 0.37968750000000007 0.7203125 0.37968750000000007 0.7203125 0.4687500000000001 0.7640625 0.46875000000000017
1 0.69375 0.5453125 0.64375 0.5453125 0.64375 0.6203125 0.69375 0.6203125
1 0.678125 0.3703125000000001 0.603125 0.3703125000000001 0.603125 0.484375 0.678125 0.484375
1 0.7734375 0.5203125000000002 0.734375 0.5203125000000002 0.734375 0.5640625000000001 0.7734375 0.5640625000000001
1 0.209375 0.0031250000000000193 0.1109375 0.003125000000000014 0.1109375 0.10781250000000002 0.209375 0.10781250000000005
1 0.2531250000000001 0.896875 0.17968750000000008 0.896875 0.1796875000000001 1 0.2531250000000001 1
1 0.6156250000000002 0.8625 0.5421875000000002 0.8625 0.5421875000000002 0.9890625 0.6156250000000002 0.9890625
1 0.31718750000000007 0.3734375 0.21093750000000008 0.3734375 0.21093750000000008 0.5171875 0.31718750000000007 0.5171875
1 0.3859375000000001 0.9234375 0.3109375000000001 0.9234375 0.3109375000000001 1 0.3859375000000001 1
1 0.440625 0.12656250000000005 0.3921875 0.12656250000000005 0.3921875 0.2000000000000001 0.440625 0.2000000000000001
1 0.3953125 0.10000000000000005 0.3015625 0.10000000000000005 0.3015625 0.20000000000000004 0.3953125 0.2000000000000001
1 0.4984375 0.3656250000000001 0.4046875 0.3656250000000001 0.4046875 0.45625 0.4984375 0.45625
1 0.25468750000000007 0.728125 0.21093750000000008 0.728125 0.21093750000000008 0.7984375 0.25468750000000007 0.7984375
1 0.1875000000000001 0.828125 0.09843750000000011 0.828125 0.09843750000000011 0.9828125 0.18750000000000014 0.9828125
1 0.3984375000000001 0.4328125 0.2875000000000001 0.4328125 0.2875000000000001 0.5546875 0.3984375000000001 0.5546875
1 0.44843750000000016 0.78125 0.3781250000000001 0.78125 0.3781250000000001 0.95 0.44843750000000016 0.95
1 0.6250000000000002 0.953125 0.5671875000000002 0.953125 0.5671875000000002 1 0.6250000000000002 1
1 0.5375 0.4390625 0.471875 0.4390625 0.471875 0.6 0.5375 0.6
1 0.3656250000000001 0.3765625 0.3265625000000001 0.3765625 0.3265625000000001 0.440625 0.3656250000000001 0.440625
1 0.5734375000000002 0.7984375 0.4812500000000002 0.7984375 0.4812500000000002 0.94375 0.5734375000000002 0.94375
1 0.4734375 0.03437500000000006 0.409375 0.03437500000000006 0.409375 0.13906250000000003 0.4734375 0.13906250000000003
1 0.22031250000000008 0.7265625 0.12656250000000008 0.7265625 0.12656250000000008 0.890625 0.22031250000000008 0.890625
1 0.775 0.05156250000000009 0.6921875 0.05156250000000009 0.6921875 0.1859375000000001 0.775 0.1859375000000001
1 0.7046875 0.034375000000000086 0.659375 0.03437500000000008 0.659375 0.1140625000000001 0.7046875 0.1140625000000001
1 0.4890625000000002 0.85 0.4281250000000002 0.85 0.4281250000000002 1 0.4890625000000002 1
1 0.7984375 0.0312500000000001 0.7390625 0.03125000000000009 0.7390625 0.12656250000000008 0.7984375 0.12656250000000008
1 0.20000000000000004 0.3203125 0.10625000000000004 0.3203125 0.10625000000000004 0.5015625 0.2000000000000001 0.5015625
1 0.3843750000000001 0.8046875 0.30156250000000007 0.8046875 0.30156250000000007 0.9453125 0.3843750000000001 0.9453125
1 0.4796875 0.17343750000000005 0.425 0.17343750000000005 0.425 0.2953125000000001 0.4796875 0.2953125000000001
1 0.6515625000000002 0.81875 0.5765625000000002 0.81875 0.5765625000000002 0.9171875 0.6515625000000002 0.9171875
1 0.6890625000000001 0.746875 0.6234375000000002 0.746875 0.6234375000000002 0.8859375 0.6890625000000001 0.8859375
1 0.58125 0.04531250000000007 0.5015625 0.04531250000000007 0.5015625 0.17031250000000006 0.58125 0.1703125000000001
1 0.865625 0.025000000000000105 0.815625 0.0250000000000001 0.815625 0.11718750000000008 0.865625 0.11718750000000008
1 0.6734375 0.02656250000000008 0.61875 0.02656250000000008 0.61875 0.1531250000000001 0.6734375 0.1531250000000001
1 0.3265625000000001 0.8703125 0.2515625000000001 0.8703125 0.2515625000000001 1 0.3265625000000001 1
1 0.5125 0.10156250000000004 0.4515625 0.10156250000000004 0.4515625 0.21250000000000008 0.5125 0.21250000000000008
1 0.5578125 0.15625000000000006 0.5109375 0.15625000000000006 0.5109375 0.2296875000000001 0.5578125 0.2296875000000001
1 0.4171875 0.36718750000000006 0.3609375000000001 0.3671875 0.3609375000000001 0.4765625 0.4171875 0.4765625
1 0.525 0.17968750000000006 0.4734375 0.17968750000000006 0.4734375 0.3125000000000001 0.525 0.3125000000000001
1 0.5265625 0.014062500000000061 0.4703125 0.014062500000000056 0.4703125 0.11562500000000005 0.5265625 0.11562500000000005
1 0.5843750000000002 0.7671875 0.5500000000000002 0.7671875 0.5500000000000002 0.8375 0.5843750000000002 0.8375
1 0.2875 0.09531250000000004 0.184375 0.09531250000000002 0.184375 0.2890625 0.2875 0.2890625
1 0.5062500000000002 0.7671875 0.45625000000000016 0.7671875 0.45625000000000016 0.9078125 0.5062500000000002 0.9078125
1 0.3218750000000001 0.7375 0.19531250000000008 0.7375 0.1953125000000001 0.9484375 0.3218750000000001 0.9484375
1 0.625 0.01718750000000007 0.5609375 0.017187500000000067 0.5609375 0.1218750000000001 0.625 0.1218750000000001
1 0.5703125 0.29375000000000007 0.5265625 0.29375000000000007 0.5265625 0.35625000000000007 0.5703125 0.35625000000000007
1 0.10781250000000013 0.9609375 0.025000000000000123 0.9609375 0.025000000000000123 1 0.10781250000000013 1
1 0.2609375 0.006250000000000029 0.1953125 0.006250000000000025 0.1953125 0.11562500000000005 0.2609375 0.11562500000000005
1 0.415625 0.009375000000000045 0.3109375 0.00937500000000004 0.3109375 0.11250000000000004 0.415625 0.11250000000000004
1 0.340625 0.007812500000000035 0.2328125 0.007812500000000028 0.2328125 0.12968750000000004 0.340625 0.12968750000000004
1 0.715625 0.3625000000000001 0.675 0.3625000000000001 0.675 0.4078125 0.715625 0.4078125
1 0.6515625 0.5734375 0.5796875 0.5734375 0.5796875 0.6546875 0.6515625 0.6546875