1 0.6328125 0.020312500000000074 0.5625 0.020312500000000067 0.5625 0.12031250000000009 0.6328125 0.12031250000000009
1 0.6796875 0.037500000000000075 0.625 0.037500000000000075 0.625 0.12031250000000009 0.6796875 0.12031250000000009
1 0.4875 5.65442389293817e-17 0.4359375 5.338694640032993e-17 0.4359375 0.13125000000000003 0.4875 0.13125000000000003
1 0.7484375 0.2734375000000001 0.7015625 0.2734375000000001 0.7015625 0.3437500000000001 0.7484375 0.3437500000000001
1 0.4609375 0.2375000000000001 0.3828125 0.2375000000000001 0.3828125 0.33281250000000007 0.4609375 0.33281250000000007
1 0.375 0.06875000000000005 0.2765625 0.06875000000000005 0.2765625 0.18750000000000006 0.375 0.18750000000000006
1 0.27187500000000003 0.2796875 0.2015625 0.2796875 0.20156250000000003 0.40625 0.2718750000000001 0.40625
1 0.66875 0.11250000000000009 0.6125 0.11250000000000009 0.6125 0.2078125000000001 0.66875 0.2078125000000001
1 0.534375 0.0015625000000000617 0.478125 0.0015625000000000582 0.478125 0.07968750000000006 0.534375 0.07968750000000006
1 0.5828125 0.22656250000000008 0.509375 0.22656250000000008 0.509375 0.3281250000000001 0.5828125 0.3281250000000001
1 0.6609375 0.2296875000000001 0.5859375 0.2296875000000001 0.5859375 0.3140625000000001 0.6609375 0.3140625000000001
1 0.428125 0.04375000000000005 0.3703125 0.043750000000000046 0.3703125 0.17187500000000006 0.428125 0.17187500000000006
1 0.7125 0.15000000000000008 0.6515625 0.15000000000000008 0.6515625 0.2218750000000001 0.7125 0.2218750000000001
1 0.7234375 0.5453125 0.6734375 0.5453125 0.6734375 0.6234375 0.7234375 0.6234375
1 0.6046875 0.2921875000000001 0.5484375 0.2921875000000001 0.5484375 0.4203125 0.6046875 0.4203125
1 0.3234375 0.13906250000000003 0.2546875 0.13906250000000003 0.2546875 0.2546875 0.3234375 0.2546875
1 0.6140625000000001 0.6890625 0.546875 0.6890625 0.5468750000000001 0.7828125 0.6140625000000002 0.7828125
1 0.7515625 0.20468750000000008 0.7171875 0.20468750000000008 0.7171875 0.2812500000000001 0.7515625 0.2812500000000001
1 0.2984375000000001 0.4640625 0.21875000000000008 0.4640625 0.21875000000000008 0.55 0.2984375000000001 0.55
1 0.2562500000000001 0.38125 0.17656250000000004 0.38125 0.17656250000000004 0.4796875 0.2562500000000001 0.4796875
1 0.3859375 0.24218750000000006 0.3 0.2421875 0.3 0.33125000000000004 0.3859375 0.3312500000000001
1 0.2734375 0.10156250000000004 0.20625 0.10156250000000004 0.20625 0.209375 0.2734375 0.209375
1 0.6046875 0.0015625000000000708 0.5515625 0.0015625000000000673 0.5515625 0.050000000000000065 0.6046875 0.050000000000000065
1 0.60625 0.5484375 0.5453125 0.5484375 0.5453125 0.7 0.60625 0.7
1 0.1921875000000001 0.575 0.12656250000000008 0.575 0.12656250000000008 0.6875 0.1921875000000001 0.6875
1 0.3171875 0.031250000000000035 0.284375 0.031250000000000035 0.284375 0.08281250000000004 0.3171875 0.08281250000000004
1 0.7484375 0.6078125000000001 0.7046875 0.6078125 0.7046875 0.7109375000000001 0.7484375 0.7109375000000002
1 0.375 0.17812500000000003 0.3203125 0.17812500000000003 0.3203125 0.24062500000000003 0.375 0.2406250000000001
1 0.4734375 0.33281250000000007 0.3859375 0.33281250000000007 0.38593750000000004 0.43125 0.4734375 0.43125
1 0.2562500000000001 0.740625 0.17187500000000008 0.740625 0.17187500000000008 0.8484375 0.2562500000000001 0.8484375
1 0.16718750000000004 0.3671875 0.09062500000000004 0.3671875 0.09062500000000005 0.465625 0.16718750000000004 0.465625
1 0.6078125 0.1390625000000001 0.5515625 0.1390625000000001 0.5515625 0.2312500000000001 0.6078125 0.2312500000000001
1 0.6984375 0.5609375 0.6375 0.5609375 0.6375 0.678125 0.6984375 0.678125
1 0.6546875 0.34062500000000007 0.5921875 0.34062500000000007 0.5921875 0.465625 0.6546875 0.465625
1 0.3078125 0.2390625 0.24375 0.2390625 0.24375 0.35 0.3078125 0.35
1 0.253125 0.19375000000000003 0.18281250000000004 0.19375000000000003 0.18281250000000004 0.284375 0.253125 0.284375
1 0.8109375 0.2218750000000001 0.74375 0.2218750000000001 0.74375 0.29375000000000007 0.8109375 0.29375000000000007
1 0.7375 0.7031250000000001 0.66875 0.703125 0.6687500000000001 0.7859375000000001 0.7375000000000002 0.7859375000000002
1 0.3187500000000001 0.64375 0.2156250000000001 0.64375 0.2156250000000001 0.771875 0.3187500000000001 0.771875
1 0.2921875000000001 0.5546875 0.2000000000000001 0.5546875 0.2000000000000001 0.65625 0.2921875000000001 0.65625
1 0.3468750000000001 0.709375 0.2593750000000001 0.709375 0.2593750000000001 0.89375 0.3468750000000001 0.89375
1 0.2875 3.080752104105061e-17 0.215625 2.6406446606614805e-17 0.215625 0.09375000000000003 0.2875 0.09375000000000004
1 0.18906250000000005 0.3109375 0.11406250000000004 0.3109375 0.11406250000000004 0.3953125 0.18906250000000005 0.3953125
1 0.484375 0.559375 0.425 0.559375 0.425 0.6484375 0.484375 0.6484375
1 0.24218750000000008 0.8328125 0.1687500000000001 0.8328125 0.16875000000000012 0.9109375 0.24218750000000008 0.9109375
1 0.7437500000000001 0.959375 0.6921875000000002 0.959375 0.6921875000000002 1 0.7437500000000001 1
1 0.20625 0.2515625 0.14375000000000004 0.2515625 0.14375000000000004 0.328125 0.20625 0.328125
1 0.4359375000000001 0.6515625 0.33281250000000007 0.6515625 0.33281250000000007 0.7609375 0.4359375000000002 0.7609375
1 0.16093750000000007 0.446875 0.07968750000000005 0.446875 0.07968750000000005 0.546875 0.1609375000000001 0.546875
1 0.38593750000000004 0.32343750000000004 0.2578125 0.3234375 0.25781250000000006 0.4296875 0.3859375000000001 0.4296875
1 0.546875 0.5546875 0.5046875 0.5546875 0.5046875 0.675 0.546875 0.675
1 0.5937500000000002 0.91875 0.5390625000000002 0.91875 0.5390625000000002 1 0.5937500000000002 1
1 0.4109375 0.39375000000000004 0.3000000000000001 0.39375 0.3000000000000001 0.51875 0.4109375 0.51875
1 0.5453125 0.2921875000000001 0.4453125 0.2921875000000001 0.4453125 0.39531250000000007 0.5453125 0.39531250000000007
1 0.4140625 0.5578125 0.3000000000000001 0.5578125 0.3000000000000001 0.6765625 0.4140625 0.6765625
1 0.8625 0.8984375 0.8234375 0.8984375 0.8234375 0.9625 0.8625 0.9625
1 0.5671875 0.11718750000000007 0.5390625 0.11718750000000004 0.5390625 0.18593750000000006 0.5671875 0.1859375000000001
1 0.5421875000000002 0.9171875 0.46406250000000016 0.9171875 0.46406250000000016 1 0.5421875000000002 1
1 0.5125 0.628125 0.4703125 0.628125 0.4703125 0.696875 0.5125 0.696875
1 0.6812500000000001 0.6734375 0.6109375 0.6734375 0.6109375000000001 0.746875 0.6812500000000001 0.746875
1 0.5 0.2609375000000001 0.4703125 0.2609375000000001 0.4703125 0.2984375000000001 0.5 0.2984375000000001
1 0.553125 0.17343750000000008 0.51875 0.17343750000000005 0.51875 0.2250000000000001 0.553125 0.2250000000000001
1 0.6281250000000002 0.965625 0.5859375000000002 0.965625 0.5859375000000002 1 0.6281250000000002 1
1 0.378125 0.03437500000000004 0.315625 0.03437500000000003 0.315625 0.10781250000000005 0.378125 0.10781250000000005
1 0.7234375 0.2218750000000001 0.659375 0.2218750000000001 0.659375 0.3140625000000001 0.7234375 0.3140625000000001
1 0.2906250000000001 0.925 0.2093750000000001 0.925 0.2093750000000001 1 0.2906250000000001 1
1 0.2453125000000001 0.5765625 0.17968750000000008 0.5765625 0.17968750000000008 0.725 0.2453125000000001 0.725
1 0.653125 7.682745154025974e-17 0.6015625 7.367015901120797e-17 0.6015625 0.03593750000000008 0.653125 0.03593750000000008
1 0.2359375 0.0031250000000000245 0.15625 0.0031250000000000193 0.15625000000000003 0.19687500000000002 0.2359375 0.19687500000000005
1 0.8765625 0.95625 0.8234375 0.95625 0.8234375 1 0.8765625 1
1 0.1859375000000001 0.8265625 0.15000000000000008 0.8265625 0.15000000000000008 0.884375 0.1859375000000001 0.884375
1 0.70625 0.2812500000000001 0.653125 0.2812500000000001 0.653125 0.3703125000000001 0.70625 0.3703125000000001
1 0.3671875000000001 0.9265625 0.2812500000000001 0.9265625 0.2812500000000001 1 0.3671875000000001 1
1 0.7 8.304636106717989e-17 0.65625 8.036744619404505e-17 0.65625 0.032812500000000085 0.7 0.03281250000000009
1 0.8328125 0.9015625 0.7765625000000002 0.9015625 0.7765625000000002 1 0.8328125 1
1 0.2093750000000001 0.9296875 0.10468750000000013 0.9296875 0.10468750000000013 1 0.2093750000000001 1
1 0.46875000000000017 0.93125 0.3609375000000001 0.93125 0.3609375000000001 1 0.46875000000000017 1
1 0.33125 3.874859012927173e-17 0.3015625 3.693075503678737e-17 0.3015625 0.04375000000000004 0.33125 0.043750000000000046
1 0.6562500000000002 0.8984375 0.6078125000000002 0.8984375 0.6078125000000002 0.99375 0.6562500000000002 0.99375
1 0.378125 4.200155818950688e-17 0.3078125 3.769615928625447e-17 0.3078125 0.040625000000000036 0.378125 0.04062500000000004