1 0.4859375 0.55 0.415625 0.55 0.415625 0.66875 0.4859375 0.66875
1 0.4203125000000002 0.8484375 0.3546875000000001 0.8484375 0.3546875000000001 0.9609375 0.4203125000000002 0.9609375
1 0.784375 0.6031250000000001 0.7109375 0.603125 0.7109375 0.6984375 0.784375 0.6984375000000002
1 0.6625 0.575 0.5671875 0.575 0.5671875 0.7046875 0.6625 0.7046875
1 0.7734375 0.18906250000000008 0.7046875 0.18906250000000008 0.7046875 0.32500000000000007 0.7734375 0.32500000000000007
1 0.5265625 0.4703125 0.4515625 0.4703125 0.4515625 0.5703125 0.5265625 0.5703125
1 0.3078125 0.18906250000000005 0.246875 0.18906250000000005 0.246875 0.2734375 0.3078125 0.2734375
1 0.35625000000000007 0.5296875 0.27031250000000007 0.5296875 0.27031250000000007 0.6328125 0.35625000000000007 0.6328125
1 0.759375 0.4953125000000001 0.6890625 0.4953125 0.6890625 0.6171875000000001 0.759375 0.6171875000000002
1 0.88125 0.2390625000000001 0.8046875 0.2390625000000001 0.8046875 0.3312500000000001 0.88125 0.3312500000000001
1 0.5031250000000002 0.775 0.44531250000000017 0.775 0.44531250000000017 0.8875 0.5031250000000002 0.8875
1 0.721875 0.1906250000000001 0.590625 0.1906250000000001 0.590625 0.3234375000000001 0.721875 0.3234375000000001
1 0.34062500000000007 0.925 0.2640625000000001 0.925 0.2640625000000001 1 0.34062500000000007 1
1 0.45625 0.4875 0.3937500000000001 0.4875 0.3937500000000001 0.5859375 0.45625 0.5859375
1 0.3609375000000001 0.8171875 0.28593750000000007 0.8171875 0.28593750000000007 0.9296875 0.3609375000000001 0.9296875
1 0.2078125000000001 0.4890625 0.11718750000000004 0.4890625 0.11718750000000007 0.5828125 0.2078125000000001 0.5828125
1 0.4390625 0.2015625000000001 0.371875 0.2015625000000001 0.371875 0.3140625000000001 0.4390625 0.3140625000000001
1 0.8296875 0.9109375 0.7328125000000002 0.9109375 0.7328125000000002 1 0.8296875 1
1 0.709375 0.515625 0.6265625 0.515625 0.6265625 0.6671875 0.709375 0.6671875
1 0.6296875 0.4828125 0.546875 0.4828125 0.546875 0.5828125 0.6296875 0.5828125
1 0.7046875 0.031250000000000076 0.584375 0.03125000000000007 0.584375 0.21250000000000008 0.7046875 0.21250000000000008
1 0.26250000000000007 0.4484375 0.17812500000000003 0.4484375 0.17812500000000003 0.534375 0.26250000000000007 0.534375
1 0.4000000000000002 0.9390625 0.3421875000000001 0.9390625 0.3421875000000001 1 0.4000000000000002 1
1 0.3984375000000001 0.7125 0.3265625000000001 0.7125 0.3265625000000001 0.86875 0.3984375000000001 0.86875
1 0.5328125 0.14218750000000005 0.45625 0.14218750000000005 0.45625 0.3187500000000001 0.5328125 0.3187500000000001
1 0.46093750000000017 0.9234375 0.3937500000000001 0.9234375 0.3937500000000001 1 0.46093750000000017 1
1 0.4703125000000002 0.83125 0.4156250000000002 0.83125 0.4156250000000002 0.94375 0.4703125000000002 0.94375
1 0.6171875000000002 0.8578125 0.5234375000000002 0.8578125 0.5234375000000002 0.9625 0.6171875000000002 0.9625
1 0.415625 0.5171875 0.3531250000000001 0.5171875 0.3531250000000001 0.6734375 0.415625 0.6734375
1 0.81875 0.1218750000000001 0.753125 0.1218750000000001 0.753125 0.26250000000000007 0.81875 0.26250000000000007
1 0.5421875000000002 0.94375 0.4437500000000002 0.94375 0.4437500000000002 1 0.5421875000000002 1
1 0.8390625 0.80625 0.7609375000000002 0.80625 0.7609375000000002 0.903125 0.8390625 0.903125
1 0.3578125000000001 0.60625 0.2750000000000001 0.60625 0.2750000000000001 0.68125 0.3578125000000001 0.68125
1 0.3140625 0.10312500000000005 0.253125 0.10312500000000005 0.253125 0.19062500000000004 0.3140625 0.19062500000000004
1 0.5265625 0.5953125 0.4765625 0.5953125 0.4765625 0.6765625 0.5265625 0.6765625
1 0.3453125 0.2265625 0.29375 0.2265625 0.29375 0.3078125 0.3453125 0.3078125
1 0.434375 0.12031250000000004 0.3578125 0.12031250000000004 0.3578125 0.22656250000000006 0.434375 0.22656250000000008
1 0.934375 0.12968750000000012 0.828125 0.1296875000000001 0.828125 0.2921875000000001 0.934375 0.2921875000000001
1 0.3312500000000001 0.3796875 0.2796875000000001 0.3796875 0.2796875000000001 0.4578125 0.3312500000000001 0.4578125
1 0.3234375000000001 0.503125 0.24218750000000008 0.503125 0.24218750000000008 0.5953125 0.3234375000000001 0.5953125
1 0.571875 0.540625 0.515625 0.540625 0.515625 0.69375 0.571875 0.69375
1 0.884375 0.5296875000000002 0.7734375 0.5296875000000002 0.7734375000000001 0.7578125000000002 0.884375 0.7578125000000002
1 0.23593750000000008 0.73125 0.1765625000000001 0.73125 0.1765625000000001 0.8078125 0.23593750000000008 0.8078125
1 0.475 0.2000000000000001 0.43125 0.2000000000000001 0.43125 0.31718750000000007 0.475 0.31718750000000007
1 0.2484375000000001 0.528125 0.20312500000000008 0.528125 0.20312500000000008 0.59375 0.2484375000000001 0.59375
1 0.6250000000000002 0.94375 0.5390625000000002 0.94375 0.5390625000000002 1 0.6250000000000002 1
1 0.5625 0.057812500000000065 0.496875 0.057812500000000065 0.496875 0.20468750000000008 0.5625 0.20468750000000008
1 0.896875 0.8875 0.7906250000000001 0.8875 0.7906250000000001 1 0.896875 1
1 0.2046875 0.06406250000000002 0.165625 0.06406250000000002 0.165625 0.13125000000000003 0.2046875 0.13125000000000003
1 0.3671875 0.10468750000000004 0.3203125 0.10468750000000004 0.3203125 0.20000000000000004 0.3671875 0.2000000000000001
1 0.4671875 0.09062500000000005 0.421875 0.09062500000000004 0.421875 0.19843750000000004 0.4671875 0.19843750000000004
1 0.878125 0.3906250000000001 0.7671875 0.3906250000000001 0.7671875 0.5281250000000002 0.878125 0.5281250000000002
1 0.19218750000000004 0.3375 0.13281250000000006 0.3375 0.13281250000000006 0.4 0.19218750000000004 0.4
1 0.3625 0.02343750000000004 0.3140625 0.023437500000000038 0.3140625 0.11093750000000005 0.3625 0.11093750000000005
1 0.4203125 0.04687500000000005 0.3578125 0.04687500000000004 0.3578125 0.13750000000000004 0.4203125 0.13750000000000004
1 0.75 0.1062500000000001 0.675 0.1062500000000001 0.675 0.2312500000000001 0.75 0.2312500000000001
1 0.4875 0.01875000000000006 0.434375 0.018750000000000055 0.434375 0.11406250000000004 0.4875 0.11406250000000004
1 0.6203125 0.3187500000000001 0.5390625 0.3187500000000001 0.5390625 0.478125 0.6203125 0.478125
1 0.23437500000000008 0.921875 0.19218750000000012 0.921875 0.19218750000000012 1 0.23437500000000008 1
1 0.7984375 0.03281250000000009 0.7390625 0.03281250000000009 0.7390625 0.12656250000000008 0.7984375 0.12656250000000008
1 0.18750000000000008 0.7453125 0.1531250000000001 0.7453125 0.1531250000000001 0.8 0.18750000000000008 0.8
1 0.7765625000000002 0.7828125000000001 0.6500000000000001 0.7828125 0.6500000000000001 0.9109375 0.7765625000000002 0.9109375
1 0.7468750000000002 0.9359375 0.6828125000000002 0.9359375 0.6828125000000002 1 0.7468750000000002 1
1 0.3765625 0.24218750000000006 0.3390625 0.2421875 0.3390625 0.30937500000000007 0.3765625 0.30937500000000007
1 0.6890625000000001 0.9203125 0.6343750000000001 0.9203125 0.6343750000000001 1 0.6890625000000001 1
1 0.9203125 0.6156250000000002 0.8703125 0.6156250000000002 0.8703125 0.7375000000000002 0.9203125 0.7375000000000002
1 0.3703125000000001 0.46875 0.3281250000000001 0.46875 0.3281250000000001 0.5515625 0.3703125000000001 0.5515625
1 0.8078125 0.47968750000000016 0.740625 0.47968750000000016 0.740625 0.5984375000000002 0.8078125 0.5984375000000002