1 0.4312500000000001 0.6390625 0.3812500000000001 0.6390625 0.3812500000000001 0.7328125 0.4312500000000002 0.7328125
1 0.47343750000000007 0.6765625 0.4171875 0.6765625 0.4171875000000001 0.75625 0.4734375000000002 0.75625
1 0.5421875 0.5859375 0.4859375 0.5859375 0.4859375 0.6796875 0.5421875 0.6796875
1 0.4078125000000002 0.9140625 0.3546875000000001 0.9140625 0.3546875000000001 1 0.4078125000000002 1
1 0.3734375000000001 0.6671875 0.3031250000000001 0.6671875 0.3031250000000001 0.759375 0.3734375000000001 0.759375
1 0.4781250000000002 0.8625 0.41406250000000017 0.8625 0.41406250000000017 0.9390625 0.4781250000000002 0.9390625
1 0.5812500000000002 0.8609375 0.5078125000000002 0.8609375 0.5078125000000002 0.98125 0.5812500000000002 0.98125
1 0.896875 0.4515625000000002 0.8015625 0.4515625000000002 0.8015625 0.5390625000000002 0.896875 0.5390625000000002
1 0.80625 0.871875 0.7359375000000001 0.871875 0.7359375000000001 0.9609375 0.80625 0.9609375
1 0.4 0.5671875 0.3453125000000001 0.5671875 0.3453125000000001 0.66875 0.4 0.66875
1 0.7406250000000001 0.64375 0.628125 0.64375 0.628125 0.7812500000000001 0.7406250000000002 0.7812500000000002
1 0.85 0.6765625000000002 0.7765625 0.6765625000000002 0.7765625 0.7656250000000002 0.85 0.7656250000000002
1 0.7265625 0.5625000000000001 0.653125 0.5625 0.653125 0.6562500000000001 0.7265625 0.6562500000000002
1 0.39531250000000007 0.4625 0.3265625000000001 0.4625 0.3265625000000001 0.565625 0.39531250000000007 0.565625
1 0.6250000000000001 0.6171875 0.53125 0.6171875 0.5312500000000001 0.7765625 0.6250000000000002 0.7765625
1 0.7890625 0.07812500000000008 0.696875 0.07812500000000008 0.696875 0.1765625000000001 0.7890625 0.1765625000000001
1 0.509375 0.640625 0.471875 0.640625 0.471875 0.7203125 0.509375 0.7203125
1 0.26250000000000007 0.8765625 0.2171875000000001 0.8765625 0.2171875000000001 0.9765625 0.26250000000000007 0.9765625
1 0.8671875 0.7781250000000002 0.7859375000000002 0.7781250000000002 0.7859375000000002 0.9359375 0.8671875 0.9359375
1 0.4234375 0.32812500000000006 0.35625 0.328125 0.35625000000000007 0.4296875 0.4234375 0.4296875
1 0.4796875 0.45625 0.4359375 0.45625 0.4359375 0.54375 0.4796875 0.54375
1 0.45 0.4125 0.3828125000000001 0.4125 0.3828125000000001 0.4921875 0.45 0.4921875
1 0.8234375 0.5750000000000002 0.7390625 0.5750000000000002 0.7390625 0.7140625000000002 0.8234375 0.7140625000000002
1 0.475 0.32500000000000007 0.409375 0.32500000000000007 0.409375 0.4359375 0.475 0.4359375
1 0.1625000000000001 0.5984375 0.08906250000000007 0.5984375 0.08906250000000007 0.678125 0.1625000000000001 0.678125
1 0.590625 0.5578125 0.53125 0.5578125 0.53125 0.653125 0.590625 0.653125
1 0.8359375 0.3890625000000001 0.7640625 0.3890625000000001 0.7640625 0.46875000000000017 0.8359375 0.46875000000000017
1 0.7734375 0.3343750000000001 0.6984375 0.3343750000000001 0.6984375 0.4671875000000001 0.7734375 0.4671875000000002
1 0.5796875 0.4203125 0.4890625 0.4203125 0.4890625 0.515625 0.5796875 0.515625
1 0.5609375 0.08437500000000006 0.4953125 0.08437500000000006 0.4953125 0.17812500000000006 0.5609375 0.1781250000000001
1 0.759375 0.6390625000000001 0.7 0.6390625 0.7 0.721875 0.759375 0.7218750000000002
1 0.2921875000000001 0.5578125 0.2328125000000001 0.5578125 0.2328125000000001 0.675 0.2921875000000001 0.675
1 0.8078125 0.2234375000000001 0.7359375 0.2234375000000001 0.7359375 0.3218750000000001 0.8078125 0.3218750000000001
1 0.2390625000000001 0.4328125 0.17812500000000003 0.4328125 0.17812500000000003 0.51875 0.2390625000000001 0.51875
1 0.434375 0.55625 0.3906250000000001 0.55625 0.3906250000000001 0.6453125 0.434375 0.6453125
1 0.26875 0.225 0.203125 0.225 0.203125 0.31875 0.26875 0.31875
1 0.24375000000000008 0.6796875 0.1921875000000001 0.6796875 0.1921875000000001 0.7625 0.24375000000000008 0.7625
1 0.66875 0.27031250000000007 0.5984375 0.27031250000000007 0.5984375 0.3781250000000001 0.66875 0.3781250000000001
1 0.6359375 0.06406250000000008 0.5859375 0.06406250000000006 0.5859375 0.1375000000000001 0.6359375 0.1375000000000001
1 0.4828125 0.07031250000000006 0.409375 0.07031250000000004 0.409375 0.16562500000000005 0.4828125 0.16562500000000005
1 0.19687500000000008 0.7578125 0.15625000000000008 0.7578125 0.15625000000000008 0.80625 0.19687500000000008 0.80625
1 0.425 0.10312500000000005 0.375 0.10312500000000005 0.375 0.19843750000000004 0.425 0.19843750000000004
1 0.55 0.32500000000000007 0.4734375 0.32500000000000007 0.4734375 0.4484375 0.55 0.4484375
1 0.15625000000000006 0.359375 0.08125000000000004 0.359375 0.08125000000000006 0.4546875 0.15625000000000006 0.4546875
1 0.8953125 0.23593750000000008 0.8234375 0.23593750000000008 0.8234375 0.3218750000000001 0.8953125 0.3218750000000001
1 0.3546875000000001 0.559375 0.27812500000000007 0.559375 0.27812500000000007 0.68125 0.3546875000000001 0.68125
1 0.36875 0.36250000000000004 0.3015625 0.3625 0.30156250000000007 0.4296875 0.3687500000000001 0.4296875
1 0.17968750000000003 0.134375 0.1265625 0.134375 0.12656250000000002 0.2171875 0.17968750000000006 0.2171875
1 0.3109375000000001 0.659375 0.2312500000000001 0.659375 0.2312500000000001 0.7390625 0.3109375000000001 0.7390625
1 0.840625 0.3078125000000001 0.753125 0.3078125000000001 0.753125 0.39531250000000007 0.840625 0.39531250000000007
1 0.8921875 0.32500000000000007 0.8234375 0.32500000000000007 0.8234375 0.4578125000000002 0.8921875 0.4578125000000002
1 0.2890625000000001 0.8578125 0.2453125000000001 0.8578125 0.2453125000000001 0.9453125 0.2890625000000001 0.9453125
1 0.453125 0.22656250000000008 0.39375 0.22656250000000008 0.39375 0.3281250000000001 0.453125 0.3281250000000001
1 0.6765625000000002 0.8671875 0.5750000000000002 0.8671875 0.5750000000000002 1 0.6765625000000002 1
1 0.4343750000000002 0.9265625 0.3984375000000001 0.9265625 0.3984375000000001 1 0.4343750000000002 1
1 0.7390625000000002 0.8734375 0.6578125000000001 0.8734375 0.6578125000000001 1 0.7390625000000002 1
1 0.27812500000000007 0.4546875 0.22812500000000008 0.4546875 0.22812500000000008 0.51875 0.27812500000000007 0.51875
1 0.590625 0.21875000000000008 0.509375 0.21875000000000008 0.509375 0.3296875000000001 0.590625 0.3296875000000001
1 0.4953125 0.5578125 0.4171875 0.5578125 0.4171875 0.684375 0.4953125 0.684375
1 0.59375 0.010937500000000069 0.5125 0.010937500000000063 0.5125 0.09218750000000006 0.59375 0.09218750000000006
1 0.6140625 0.3265625000000001 0.5421875 0.3265625000000001 0.5421875 0.459375 0.6140625 0.459375
1 0.525 0.009375000000000059 0.4359375 0.009375000000000053 0.4359375 0.11093750000000005 0.525 0.11093750000000005
1 0.31718750000000007 0.8625 0.2578125000000001 0.8625 0.2578125000000001 0.9859375 0.31718750000000007 0.9859375
1 0.70625 0.3109375000000001 0.6328125 0.3109375000000001 0.6328125 0.46875 0.70625 0.46875
1 0.21875000000000008 0.9515625 0.16406250000000014 0.9515625 0.16406250000000014 1 0.21875000000000008 1
1 0.6375 0.5953125 0.5859375 0.5953125 0.5859375 0.6578125 0.6375 0.6578125
1 0.5343750000000002 0.9015625 0.4703125000000002 0.9015625 0.4703125000000002 1 0.5343750000000002 1
1 0.4140625 0.17343750000000005 0.3515625 0.17343750000000005 0.3515625 0.28125000000000006 0.4140625 0.2812500000000001
1 0.33281250000000007 0.95625 0.27031250000000007 0.95625 0.27031250000000007 1 0.33281250000000007 1
1 0.721875 0.2093750000000001 0.6546875 0.2093750000000001 0.6546875 0.30156250000000007 0.721875 0.30156250000000007
1 0.35625000000000007 0.4203125 0.2609375000000001 0.4203125 0.2609375000000001 0.509375 0.35625000000000007 0.509375
1 0.3906250000000001 0.85625 0.3109375000000001 0.85625 0.3109375000000001 0.990625 0.3906250000000001 0.990625
1 0.7984375000000001 0.9484375 0.7281250000000001 0.9484375 0.7281250000000001 1 0.7984375000000001 1
1 0.4078125 0.03281250000000004 0.3546875 0.03281250000000004 0.3546875 0.13125000000000003 0.4078125 0.13125000000000003
1 0.2671875 0.16875000000000004 0.1921875 0.16875000000000004 0.1921875 0.2515625 0.2671875 0.2515625
1 0.2718750000000001 0.965625 0.19687500000000013 0.965625 0.19687500000000013 1 0.2718750000000001 1
1 0.65625 0.17968750000000008 0.5828125 0.17968750000000008 0.5828125 0.3125000000000001 0.65625 0.3125000000000001
1 0.45 0.015625000000000052 0.4015625 0.01562500000000005 0.4015625 0.08437500000000005 0.45 0.08437500000000005
1 0.2859375 0.06250000000000003 0.234375 0.06250000000000003 0.234375 0.16875000000000004 0.2859375 0.16875000000000004
1 0.19687500000000002 0.17812500000000003 0.159375 0.178125 0.15937500000000002 0.2640625 0.19687500000000005 0.2640625
1 0.37500000000000006 0.23906250000000004 0.25 0.2390625 0.25000000000000006 0.37187500000000007 0.3750000000000001 0.37187500000000007
1 0.628125 0.012500000000000075 0.584375 0.012500000000000072 0.584375 0.07343750000000007 0.628125 0.07343750000000007
1 0.515625 0.21875000000000008 0.4421875 0.21875000000000008 0.4421875 0.3750000000000001 0.515625 0.3750000000000001
1 0.1500000000000001 0.85625 0.0953125000000001 0.85625 0.0953125000000001 0.9140625 0.15000000000000013 0.9140625
1 0.2234375 0.04062500000000002 0.1875 0.04062500000000002 0.1875 0.11406250000000004 0.2234375 0.11406250000000004
1 0.315625 0.006250000000000036 0.2609375 0.006250000000000033 0.2609375 0.11093750000000005 0.315625 0.11093750000000005
1 0.690625 0.01406250000000008 0.6203125 0.014062500000000078 0.6203125 0.06875000000000007 0.690625 0.06875000000000009
1 0.4234375 0.2906250000000001 0.3765625 0.2906250000000001 0.3765625 0.3500000000000001 0.4234375 0.3500000000000001
1 0.3640625 0.00625000000000004 0.296875 0.006250000000000036 0.296875 0.16250000000000003 0.3640625 0.16250000000000003
1 0.3796875 0.007812500000000045 0.334375 0.007812500000000042 0.334375 0.07343750000000004 0.3796875 0.07343750000000004
1 0.27812500000000007 0.4 0.2171875000000001 0.4 0.2171875000000001 0.4609375 0.27812500000000007 0.4609375
1 0.3906250000000001 0.8625 0.3625000000000001 0.8625 0.3625000000000001 0.9296875 0.3906250000000001 0.9296875
1 0.27031250000000007 0.303125 0.19531250000000006 0.303125 0.19531250000000006 0.3984375 0.27031250000000007 0.3984375