1 0.6328125 0.04218750000000007 0.5734375 0.042187500000000065 0.5734375 0.14218750000000008 0.6328125 0.14218750000000008
1 0.24687500000000004 0.346875 0.16250000000000003 0.346875 0.16250000000000003 0.4765625 0.2468750000000001 0.4765625
1 0.21250000000000008 0.6609375 0.1062500000000001 0.6609375 0.1062500000000001 0.7671875 0.21250000000000008 0.7671875
1 0.4484375 0.2234375000000001 0.39375 0.2234375000000001 0.39375000000000004 0.3781250000000001 0.4484375 0.3781250000000001
1 0.553125 6.419828142405267e-17 0.4953125 6.065828677026735e-17 0.4953125 0.13125000000000006 0.553125 0.1312500000000001
1 0.2687500000000001 0.5953125 0.1781250000000001 0.5953125 0.1781250000000001 0.725 0.2687500000000001 0.725
1 0.5453125000000002 0.7359375 0.4906250000000002 0.7359375 0.4906250000000002 0.834375 0.5453125000000002 0.834375
1 0.4921875 0.10937500000000004 0.425 0.10937500000000004 0.425 0.2500000000000001 0.4921875 0.2500000000000001
1 0.65625 0.12656250000000008 0.6078125 0.12656250000000008 0.6078125 0.22031250000000008 0.65625 0.22031250000000008
1 0.5796875 0.2484375000000001 0.5171875 0.2484375000000001 0.5171875 0.3703125000000001 0.5796875 0.3703125000000001
1 0.2984375 0.01406250000000003 0.18125 0.014062500000000023 0.18125 0.13281250000000003 0.2984375 0.13281250000000006
1 0.7875 0.3390625000000001 0.75625 0.3390625000000001 0.75625 0.3812500000000001 0.7875 0.3812500000000001
1 0.7671875 0.07031250000000008 0.715625 0.07031250000000008 0.715625 0.16562500000000008 0.7671875 0.16562500000000008
1 0.16875000000000004 0.30625 0.09843750000000004 0.30625 0.09843750000000004 0.4078125 0.16875000000000004 0.4078125
1 0.6500000000000001 0.75 0.5828125000000002 0.75 0.5828125000000002 0.9015625 0.6500000000000001 0.9015625
1 0.2921875 0.12812500000000004 0.20625 0.12812500000000004 0.20625 0.21875 0.2921875 0.21875
1 0.628125 0.4375 0.5671875 0.4375 0.5671875 0.540625 0.628125 0.540625
1 0.7265625 0.5953125000000001 0.6515625 0.5953125 0.6515625 0.6890625000000001 0.7265625 0.6890625000000001
1 0.3640625 0.11093750000000005 0.2828125 0.11093750000000005 0.2828125 0.22187500000000004 0.3640625 0.2218750000000001
1 0.6203125 0.1703125000000001 0.5765625 0.1703125000000001 0.5765625 0.2562500000000001 0.6203125 0.2562500000000001
1 0.434375 0.11562500000000005 0.359375 0.11562500000000005 0.359375 0.22968750000000004 0.434375 0.2296875000000001
1 0.80625 0.8 0.7500000000000002 0.8 0.7500000000000002 0.878125 0.80625 0.878125
1 0.546875 0.5890625 0.45625 0.5890625 0.45625 0.703125 0.546875 0.703125
1 0.4515625 5.1473435776662193e-17 0.3890625 4.7646414529326714e-17 0.3890625 0.10468750000000004 0.4515625 0.10468750000000004
1 0.33906250000000004 0.2671875 0.253125 0.2671875 0.25312500000000004 0.3859375 0.3390625000000001 0.3859375
1 0.3703125000000001 0.596875 0.3156250000000001 0.596875 0.3156250000000001 0.70625 0.3703125000000001 0.70625
1 0.7109375 0.15781250000000008 0.640625 0.15781250000000008 0.640625 0.2500000000000001 0.7109375 0.2500000000000001
1 0.4140625 0.29218750000000004 0.328125 0.2921875 0.32812500000000006 0.4078125 0.4140625 0.4078125
1 0.3437500000000001 0.378125 0.2578125000000001 0.378125 0.2578125000000001 0.4875 0.3437500000000001 0.4875
1 0.4 0.012500000000000048 0.35 0.012500000000000044 0.35 0.11406250000000004 0.4 0.11406250000000004
1 0.3546875 0.026562500000000037 0.2953125 0.026562500000000034 0.2953125 0.11875000000000005 0.3546875 0.11875000000000005
1 0.5734375 0.6828125 0.5234375 0.6828125 0.5234375000000001 0.775 0.5734375000000002 0.775
1 0.2859375 0.2296875 0.2109375 0.2296875 0.2109375 0.3234375 0.2859375 0.3234375
1 0.4578125 0.5921875 0.3765625000000001 0.5921875 0.3765625000000001 0.69375 0.4578125 0.69375
1 0.4718750000000001 0.675 0.3843750000000001 0.675 0.3843750000000001 0.778125 0.47187500000000016 0.778125
1 0.5703125 0.44375 0.521875 0.44375 0.521875 0.5265625 0.5703125 0.5265625
1 0.5328125 0.3437500000000001 0.4796875 0.3437500000000001 0.4796875 0.45625 0.5328125 0.45625
1 0.728125 0.0015625000000000864 0.678125 0.0015625000000000834 0.678125 0.09531250000000009 0.728125 0.09531250000000009
1 0.4921875 0.2671875000000001 0.446875 0.2671875000000001 0.446875 0.3625000000000001 0.4921875 0.3625000000000001
1 0.815625 0.21093750000000008 0.759375 0.21093750000000008 0.759375 0.34843750000000007 0.815625 0.34843750000000007
1 0.6984375 0.3578125000000001 0.6484375 0.3578125000000001 0.6484375 0.45625 0.6984375 0.45625
1 0.7578125 0.34843750000000007 0.696875 0.34843750000000007 0.696875 0.4453125000000001 0.7578125 0.44531250000000017
1 0.203125 0.25 0.13125000000000003 0.25 0.13125000000000003 0.3359375 0.203125 0.3359375
1 0.7015625000000001 0.6984375 0.6296875 0.6984375 0.6296875000000001 0.8015625 0.7015625000000002 0.8015625
1 0.6546875 0.415625 0.6203125 0.415625 0.6203125 0.478125 0.6546875 0.478125
1 0.25468750000000007 0.2921875 0.18906250000000005 0.2921875 0.18906250000000005 0.3953125 0.25468750000000007 0.3953125
1 0.4515625 0.3703125000000001 0.3937500000000001 0.3703125000000001 0.3937500000000001 0.5078125 0.4515625 0.5078125
1 0.3453125000000001 0.7015625 0.2156250000000001 0.7015625 0.2156250000000001 0.803125 0.3453125000000001 0.803125
1 0.59375 0.08125000000000007 0.55 0.08125000000000007 0.55 0.2062500000000001 0.59375 0.2062500000000001
1 0.6515625 0.59375 0.5921875 0.59375 0.5921875 0.675 0.6515625 0.675
1 0.6046875 0.3312500000000001 0.5484375 0.3312500000000001 0.5484375 0.421875 0.6046875 0.421875
1 0.4859375 0.3546875000000001 0.4421875 0.3546875000000001 0.4421875 0.4640625 0.4859375 0.4640625
1 0.6343750000000001 0.6625 0.5703125 0.6625 0.5703125000000001 0.771875 0.6343750000000001 0.771875
1 0.790625 0.1515625000000001 0.7171875 0.1515625000000001 0.7171875 0.24218750000000008 0.790625 0.24218750000000008
1 0.8 0.5937500000000002 0.7578125 0.5937500000000002 0.7578125 0.6890625000000001 0.8 0.6890625000000001
1 0.5625 0.09375000000000007 0.484375 0.09375000000000007 0.484375 0.2515625000000001 0.5625 0.2515625000000001
1 0.3218750000000001 0.5953125 0.2578125000000001 0.5953125 0.2578125000000001 0.703125 0.3218750000000001 0.703125
1 0.384375 0.3609375 0.328125 0.3609375 0.32812500000000006 0.4390625 0.3843750000000001 0.4390625
1 0.7078125 0.1062500000000001 0.6578125 0.1062500000000001 0.6578125 0.17343750000000008 0.7078125 0.17343750000000008
1 0.503125 0.678125 0.4671875 0.678125 0.4671875 0.7203125 0.503125 0.7203125
1 0.2312500000000001 0.75 0.16562500000000008 0.75 0.16562500000000008 0.8296875 0.2312500000000001 0.8296875
1 0.8265625 0.1468750000000001 0.7828125 0.1468750000000001 0.7828125 0.21250000000000008 0.8265625 0.21250000000000008
1 0.88125 1.0275552049095762e-16 0.796875 9.758904180705471e-17 0.796875 0.0828125000000001 0.88125 0.08281250000000011
1 0.8328125 0.7968750000000002 0.7953125000000002 0.7968750000000002 0.7953125000000002 0.8484375 0.8328125 0.8484375
1 0.1750000000000001 0.59375 0.11093750000000009 0.59375 0.11093750000000009 0.6765625 0.1750000000000001 0.6765625
1 0.5125000000000002 0.9375 0.4625000000000002 0.9375 0.4625000000000002 1 0.5125000000000002 1
1 0.5984375 0.59375 0.5375 0.59375 0.5375 0.6921875 0.5984375 0.6921875
1 0.6828125 0.0015625000000000808 0.6328125 0.0015625000000000777 0.6328125 0.1296875000000001 0.6828125 0.1296875000000001
1 0.396875 0.25781250000000006 0.3609375 0.2578125 0.3609375 0.31562500000000004 0.396875 0.3156250000000001
1 0.6515625 0.3296875000000001 0.6015625 0.3296875000000001 0.6015625 0.41875 0.6515625 0.41875
1 0.525 0.2828125000000001 0.4890625 0.2828125000000001 0.4890625 0.3578125000000001 0.525 0.3578125000000001
1 0.7359375 0.2671875000000001 0.7046875 0.2671875000000001 0.7046875 0.3109375000000001 0.7359375 0.3109375000000001
1 0.4656250000000002 0.940625 0.41718750000000016 0.940625 0.41718750000000016 1 0.4656250000000002 1
1 0.7265625 0.2734375000000001 0.64375 0.2734375000000001 0.64375 0.36406250000000007 0.7265625 0.36406250000000007
1 0.728125 0.07968750000000009 0.6890625 0.07968750000000009 0.6890625 0.14062500000000008 0.728125 0.14062500000000008
1 0.1593750000000001 0.90625 0.0875000000000001 0.90625 0.08750000000000012 1 0.15937500000000013 1
1 0.7796875 0.05625000000000009 0.75625 0.05625000000000009 0.75625 0.10156250000000008 0.7796875 0.10156250000000008
1 0.6171875 0.2875000000000001 0.5859375 0.2875000000000001 0.5859375 0.3390625000000001 0.6171875 0.3390625000000001
1 0.5750000000000002 0.946875 0.5093750000000001 0.946875 0.5093750000000001 1 0.5750000000000002 1
1 0.21875000000000008 0.9296875 0.13906250000000014 0.9296875 0.13906250000000014 1 0.21875000000000008 1
1 0.6296875000000002 0.9421875 0.5734375000000002 0.9421875 0.5734375000000002 1 0.6296875000000002 1
1 0.7078125000000002 0.9421875 0.6265625000000001 0.9421875 0.6265625000000001 1 0.7078125000000002 1
1 0.4187500000000002 0.9390625 0.3375000000000001 0.9390625 0.3375000000000001 1 0.4187500000000002 1
1 0.2828125000000001 0.940625 0.2171875000000001 0.940625 0.2171875000000001 1 0.2828125000000001 1