1 0.24687500000000004 0.3515625 0.17031250000000003 0.3515625 0.17031250000000003 0.4625 0.2468750000000001 0.4625
1 0.5203125000000001 0.709375 0.4296875 0.709375 0.4296875000000001 0.8203125 0.5203125000000002 0.8203125
1 0.2406250000000001 0.65625 0.1609375000000001 0.65625 0.1609375000000001 0.7578125 0.2406250000000001 0.7578125
1 0.23437500000000008 0.5703125 0.1593750000000001 0.5703125 0.1593750000000001 0.65625 0.23437500000000008 0.65625
1 0.425 0.3281250000000001 0.3640625 0.3281250000000001 0.36406250000000007 0.44375 0.425 0.44375
1 0.2703125 2.7363201918448673e-17 0.1765625 2.1622670047445454e-17 0.1765625 0.14062500000000003 0.2703125 0.14062500000000006
1 0.30937500000000007 0.665625 0.23437500000000008 0.665625 0.23437500000000008 0.75625 0.30937500000000007 0.75625
1 0.4046875000000001 0.709375 0.33281250000000007 0.709375 0.33281250000000007 0.81875 0.4046875000000002 0.81875
1 0.41875 0.5640625 0.3453125000000001 0.5640625 0.3453125000000001 0.6609375 0.41875 0.6609375
1 0.3468750000000001 0.5484375 0.24375000000000008 0.5484375 0.24375000000000008 0.684375 0.3468750000000001 0.684375
1 0.240625 0.20625 0.17031250000000003 0.20625 0.17031250000000003 0.2953125 0.240625 0.2953125
1 0.528125 0.37968750000000007 0.4640625 0.37968750000000007 0.4640625 0.496875 0.528125 0.496875
1 0.6031250000000001 0.740625 0.5234375000000002 0.740625 0.5234375000000002 0.8515625 0.6031250000000001 0.8515625
1 0.3750000000000001 0.653125 0.2984375000000001 0.653125 0.2984375000000001 0.771875 0.3750000000000001 0.771875
1 0.8578125 0.4203125000000002 0.79375 0.4203125000000002 0.79375 0.49531250000000016 0.8578125 0.49531250000000016
1 0.18593750000000003 0.21875 0.12968750000000004 0.21875 0.12968750000000004 0.3046875 0.18593750000000003 0.3046875
1 0.4437500000000002 0.9078125 0.3812500000000001 0.9078125 0.3812500000000001 1 0.4437500000000002 1
1 0.8734375 0.2671875000000001 0.8046875 0.2671875000000001 0.8046875 0.3531250000000001 0.8734375 0.3531250000000001
1 0.33281250000000007 0.909375 0.2609375000000001 0.909375 0.2609375000000001 1 0.33281250000000007 1
1 0.3046875 0.19531250000000006 0.2390625 0.19531250000000006 0.2390625 0.3234375 0.3046875 0.3234375
1 0.7984375000000001 0.7156250000000002 0.7375 0.7156250000000002 0.7375 0.8734375 0.7984375000000001 0.8734375
1 0.4953125 0.32500000000000007 0.4296875 0.32500000000000007 0.4296875 0.4203125 0.4953125 0.4203125
1 0.6515625000000002 0.8140625 0.5875000000000001 0.8140625 0.5875000000000001 0.93125 0.6515625000000002 0.93125
1 0.2234375000000001 0.909375 0.12812500000000013 0.909375 0.12812500000000013 1 0.2234375000000001 1
1 0.54375 0.07500000000000007 0.475 0.07500000000000007 0.475 0.19531250000000006 0.54375 0.19531250000000006
1 0.86875 0.903125 0.7968750000000002 0.903125 0.7968750000000002 0.99375 0.86875 0.99375
1 0.4875 0.2171875000000001 0.4203125 0.2171875000000001 0.4203125 0.3312500000000001 0.4875 0.3312500000000001
1 0.5796875 0.4125 0.525 0.4125 0.525 0.5046875 0.5796875 0.5046875
1 0.5515625000000002 0.9078125 0.5015625000000001 0.9078125 0.5015625000000001 1 0.5515625000000002 1
1 0.5390625 6.142369101973443e-17 0.4640625 5.683126552293186e-17 0.4640625 0.09375000000000007 0.5390625 0.09375000000000007
1 0.2390625 0.2953125 0.17812500000000003 0.2953125 0.17812500000000003 0.3625 0.2390625 0.3625
1 0.7171875 0.3937500000000001 0.6515625 0.3937500000000001 0.6515625 0.4875 0.7171875 0.4875
1 0.6515625 0.40625 0.5796875 0.40625 0.5796875 0.4890625 0.6515625 0.4890625
1 0.6765625000000002 0.7390625 0.6140625000000002 0.7390625 0.6140625000000002 0.8390625 0.6765625000000002 0.8390625
1 0.37343750000000003 0.290625 0.3140625 0.290625 0.3140625 0.37187500000000007 0.3734375000000001 0.37187500000000007
1 0.403125 0.057812500000000044 0.3515625 0.057812500000000044 0.3515625 0.16875000000000004 0.403125 0.16875000000000004
1 0.3843750000000001 0.9109375 0.3203125000000001 0.9109375 0.3203125000000001 1 0.3843750000000001 1
1 0.4859375000000001 0.56875 0.425 0.56875 0.4250000000000001 0.7625 0.4859375000000002 0.7625
1 0.31875000000000003 0.3109375 0.2640625 0.3109375 0.26406250000000003 0.384375 0.3187500000000001 0.384375
1 0.2718750000000001 0.9078125 0.22031250000000008 0.9078125 0.22031250000000008 0.996875 0.2718750000000001 0.996875
1 0.63125 0.565625 0.5609375 0.565625 0.5609375 0.6734375 0.63125 0.6734375
1 0.3765625 0.21093750000000006 0.3046875 0.2109375 0.3046875 0.30000000000000004 0.3765625 0.3000000000000001
1 0.5375 0.571875 0.4828125 0.571875 0.4828125 0.7125 0.5375 0.7125
1 0.7578125 0.4531250000000001 0.70625 0.453125 0.70625 0.5437500000000001 0.7578125 0.5437500000000002
1 0.4640625 0.0015625000000000534 0.409375 0.00156250000000005 0.409375 0.13125000000000003 0.4640625 0.13125000000000003
1 0.8171875 0.89375 0.7546875000000002 0.89375 0.7546875000000002 0.9984375 0.8171875 0.9984375
1 0.3203125 0.08437500000000003 0.271875 0.08437500000000002 0.271875 0.18281250000000004 0.3203125 0.18281250000000004
1 0.784375 0.5687500000000002 0.7265625 0.5687500000000002 0.7265625 0.6562500000000002 0.784375 0.6562500000000002
1 0.68125 0.1390625000000001 0.6140625 0.1390625000000001 0.6140625 0.2156250000000001 0.68125 0.2156250000000001
1 0.2687500000000001 0.5765625 0.2250000000000001 0.5765625 0.2250000000000001 0.678125 0.2687500000000001 0.678125
1 0.6625000000000001 0.640625 0.58125 0.640625 0.58125 0.74375 0.6625000000000002 0.74375
1 0.7187500000000001 0.6484375 0.6640625 0.6484375 0.6640625000000001 0.775 0.7187500000000002 0.775
1 0.70625 8.323771212954667e-17 0.653125 7.99847440693115e-17 0.653125 0.09218750000000009 0.70625 0.09218750000000009
1 0.5953125 6.946043563913895e-17 0.5390625 6.6016116516537e-17 0.5390625 0.18125000000000008 0.5953125 0.18125000000000008
1 0.5796875000000001 0.60625 0.53125 0.60625 0.5312500000000001 0.7828125 0.5796875000000001 0.7828125
1 0.7609375000000002 0.90625 0.7078125000000002 0.90625 0.7078125000000002 0.996875 0.7609375000000002 0.996875
1 0.2984375000000001 0.4671875 0.2562500000000001 0.4671875 0.2562500000000001 0.521875 0.2984375000000001 0.521875
1 0.421875 0.2156250000000001 0.365625 0.2156250000000001 0.365625 0.3203125000000001 0.421875 0.3203125000000001
1 0.3546875 0.07812500000000004 0.3140625 0.07812500000000004 0.3140625 0.17812500000000003 0.3546875 0.17812500000000003
1 0.653125 0.3187500000000001 0.5875 0.3187500000000001 0.5875 0.4171875 0.653125 0.4171875
1 0.6484375 0.4828125 0.59375 0.4828125 0.59375 0.5484375 0.6484375 0.5484375
1 0.659375 0.06562500000000007 0.609375 0.06562500000000007 0.609375 0.13437500000000008 0.659375 0.13437500000000008
1 0.5843750000000002 0.846875 0.5406250000000001 0.846875 0.5406250000000001 0.928125 0.5843750000000002 0.928125
1 0.709375 0.4875 0.64375 0.4875 0.64375 0.546875 0.709375 0.546875
1 0.784375 0.2640625000000001 0.69375 0.2640625000000001 0.69375 0.3734375000000001 0.784375 0.3734375000000001
1 0.84375 0.3468750000000001 0.7921875 0.3468750000000001 0.7921875 0.4187500000000002 0.84375 0.4187500000000002
1 0.5375 0.2234375000000001 0.4875 0.2234375000000001 0.4875 0.34062500000000007 0.5375 0.34062500000000007
1 0.6375 0.22031250000000008 0.575 0.22031250000000008 0.575 0.32500000000000007 0.6375 0.32500000000000007
1 0.5828125 0.24218750000000008 0.534375 0.24218750000000008 0.534375 0.3359375000000001 0.5828125 0.3359375000000001
1 0.6359375000000002 0.925 0.5796875000000001 0.925 0.5796875000000001 1 0.6359375000000002 1
1 0.4109375 0.0015625000000000471 0.3578125 0.0015625000000000437 0.3578125 0.06562500000000004 0.4109375 0.06562500000000004
1 0.778125 0.0015625000000000916 0.7203125 0.0015625000000000881 0.7203125 0.06562500000000009 0.778125 0.06562500000000009
1 0.7515625000000001 0.7000000000000001 0.709375 0.7 0.7093750000000001 0.7906250000000001 0.7515625000000001 0.7906250000000001
1 0.26875000000000004 0.3328125 0.2296875 0.3328125 0.22968750000000004 0.403125 0.2687500000000001 0.403125
1 0.734375 0.09531250000000009 0.678125 0.09531250000000009 0.678125 0.2218750000000001 0.734375 0.2218750000000001
1 0.559375 0.3343750000000001 0.5046875 0.3343750000000001 0.5046875 0.4234375 0.559375 0.4234375
1 0.47968750000000016 0.9421875 0.42187500000000017 0.9421875 0.42187500000000017 1 0.47968750000000016 1
1 0.8078125 0.2578125000000001 0.7421875 0.2578125000000001 0.7421875 0.3437500000000001 0.8078125 0.3437500000000001
1 0.6203125 0.09062500000000007 0.58125 0.09062500000000007 0.58125 0.19531250000000008 0.6203125 0.19531250000000008
1 0.896875 0.89375 0.8609375 0.89375 0.8609375 0.990625 0.896875 0.990625
1 0.8265625 9.816309499415503e-17 0.7765625 9.510147799628666e-17 0.7765625 0.0609375000000001 0.8265625 0.06093750000000011
1 0.7 0.2296875000000001 0.6546875 0.2296875000000001 0.6546875 0.3234375000000001 0.7 0.3234375000000001
1 0.675 0.001562500000000079 0.6203125 0.0015625000000000755 0.6203125 0.06250000000000008 0.675 0.06250000000000008
1 0.7171875 0.08125000000000009 0.6625 0.08125000000000009 0.6625 0.15625000000000008 0.7171875 0.15625000000000008
1 0.590625 0.3281250000000001 0.5515625 0.3281250000000001 0.5515625 0.428125 0.590625 0.428125
1 0.859375 0.8484375 0.815625 0.8484375 0.815625 0.9109375 0.859375 0.9109375
1 0.6984375 0.5828125 0.65625 0.5828125 0.65625 0.653125 0.6984375 0.653125
1 0.6953125 0.3218750000000001 0.6484375 0.3218750000000001 0.6484375 0.4046875 0.6953125 0.4046875
1 0.4421875 0.2953125000000001 0.4046875 0.2953125000000001 0.4046875 0.3703125000000001 0.4421875 0.3703125000000001
1 0.65625 0.565625 0.6125 0.565625 0.6125 0.64375 0.65625 0.64375
1 0.61875 7.319178135529103e-17 0.5765625 7.060854201333958e-17 0.5765625 0.07812500000000007 0.61875 0.07812500000000007