1 0.5453125 0.22656250000000008 0.4875 0.22656250000000008 0.4875 0.3281250000000001 0.5453125 0.3281250000000001
1 0.3859375 0.13593750000000004 0.3421875 0.13593750000000004 0.3421875 0.23906250000000004 0.3859375 0.2390625000000001
1 0.4875 0.01875000000000006 0.4359375 0.018750000000000055 0.4359375 0.09531250000000005 0.4875 0.09531250000000006
1 0.4390625 0.01875000000000005 0.3984375 0.01875000000000005 0.3984375 0.12187500000000004 0.4390625 0.12187500000000004
1 0.471875 0.13593750000000004 0.4296875 0.13593750000000004 0.4296875 0.21093750000000008 0.471875 0.21093750000000008
1 0.559375 0.14843750000000006 0.509375 0.14843750000000006 0.509375 0.2375000000000001 0.559375 0.2375000000000001
1 0.6953125000000001 0.6453125 0.63125 0.6453125 0.6312500000000001 0.7453125 0.6953125000000002 0.7453125
1 0.6078125 0.17187500000000006 0.5359375 0.17187500000000006 0.5359375 0.2828125000000001 0.6078125 0.2828125000000001
1 0.4015625 0.028125000000000046 0.3234375 0.028125000000000046 0.3234375 0.13281250000000006 0.4015625 0.13281250000000006
1 0.49375 0.19062500000000004 0.434375 0.19062500000000004 0.434375 0.27812500000000007 0.49375 0.27812500000000007
1 0.3046875000000001 0.546875 0.2609375000000001 0.546875 0.2609375000000001 0.634375 0.3046875000000001 0.634375
1 0.434375 0.14687500000000003 0.384375 0.14687500000000003 0.384375 0.2640625000000001 0.434375 0.2640625000000001
1 0.24375 0.2046875 0.18593750000000003 0.2046875 0.18593750000000003 0.290625 0.24375 0.290625
1 0.346875 0.12968750000000004 0.28125 0.12968750000000004 0.28125 0.228125 0.346875 0.228125
1 0.1750000000000001 0.8203125 0.10000000000000009 0.8203125 0.10000000000000012 0.925 0.17500000000000013 0.925
1 0.2984375 0.246875 0.225 0.246875 0.22500000000000003 0.3921875 0.2984375000000001 0.3921875
1 0.484375 0.4453125 0.4390625 0.4453125 0.4390625 0.5375 0.484375 0.5375
1 0.490625 0.2734375000000001 0.4484375 0.2734375000000001 0.4484375 0.3343750000000001 0.490625 0.3343750000000001
1 0.2468750000000001 0.8671875 0.1671875000000001 0.8671875 0.1671875000000001 0.9984375 0.2468750000000001 0.9984375
1 0.3046875 3.358211144536883e-17 0.24375 2.985076572921674e-17 0.24375 0.11093750000000005 0.3046875 0.11093750000000005
1 0.2109375 0.14062500000000003 0.1671875 0.140625 0.16718750000000002 0.2359375 0.2109375 0.2359375
1 0.6171875 0.446875 0.559375 0.446875 0.559375 0.540625 0.6171875 0.540625
1 0.18906250000000008 0.45625 0.13750000000000004 0.45625 0.13750000000000007 0.56875 0.18906250000000008 0.56875
1 0.70625 0.5546875 0.640625 0.5546875 0.640625 0.640625 0.70625 0.640625
1 0.24687500000000004 0.2921875 0.16406250000000006 0.2921875 0.16406250000000006 0.4171875 0.2468750000000001 0.4171875
1 0.3734375 0.21718750000000003 0.2828125 0.2171875 0.2828125 0.31562500000000004 0.3734375 0.3156250000000001
1 0.4515625 0.2593750000000001 0.41875 0.2593750000000001 0.41875 0.3187500000000001 0.4515625 0.3187500000000001
1 0.7468750000000001 0.6843750000000001 0.6765625 0.684375 0.6765625000000001 0.7656250000000001 0.7468750000000002 0.7656250000000002
1 0.6765625 0.4546875 0.6171875 0.4546875 0.6171875 0.5375 0.6765625 0.5375
1 0.6734375 0.1828125000000001 0.615625 0.1828125000000001 0.615625 0.2562500000000001 0.6734375 0.2562500000000001
1 0.5046875 0.14687500000000003 0.4671875 0.14687500000000003 0.4671875 0.22656250000000008 0.5046875 0.22656250000000008
1 0.28593750000000007 0.8171875 0.2156250000000001 0.8171875 0.2156250000000001 0.96875 0.28593750000000007 0.96875
1 0.46093750000000017 0.8046875 0.3734375000000001 0.8046875 0.3734375000000001 0.9109375 0.46093750000000017 0.9109375
1 0.215625 0.04687500000000002 0.171875 0.04687500000000002 0.171875 0.10625000000000002 0.215625 0.10625000000000004
1 0.24375 2.4684287045313837e-17 0.159375 1.951780836141094e-17 0.159375 0.05625000000000002 0.24375 0.05625000000000002
1 0.425 0.5625 0.3609375000000001 0.5625 0.3609375000000001 0.7234375 0.425 0.7234375
1 0.6390625 0.2609375000000001 0.5953125 0.2609375000000001 0.5953125 0.3359375000000001 0.6390625 0.3359375000000001
1 0.2531250000000001 0.6453125 0.17343750000000008 0.6453125 0.17343750000000008 0.7734375 0.2531250000000001 0.7734375
1 0.6265625000000001 0.675 0.5625 0.675 0.5625000000000001 0.7765625 0.6265625000000001 0.7765625
1 0.684375 0.2968750000000001 0.634375 0.2968750000000001 0.634375 0.3968750000000001 0.684375 0.3968750000000001
1 0.3062500000000001 0.7015625 0.2312500000000001 0.7015625 0.2312500000000001 0.853125 0.3062500000000001 0.853125
1 0.6609375 0.1218750000000001 0.6015625 0.1218750000000001 0.6015625 0.20468750000000008 0.6609375 0.20468750000000008
1 0.4921875 0.521875 0.434375 0.521875 0.434375 0.6359375 0.4921875 0.6359375
1 0.3750000000000001 0.55625 0.30156250000000007 0.55625 0.30156250000000007 0.64375 0.3750000000000001 0.64375
1 0.2687500000000001 0.4984375 0.18593750000000003 0.4984375 0.18593750000000006 0.6203125 0.2687500000000001 0.6203125
1 0.1640625000000001 0.9046875 0.07812500000000011 0.9046875 0.07812500000000012 1 0.16406250000000014 1
1 0.3750000000000001 0.8109375 0.2765625000000001 0.8109375 0.2765625000000001 0.934375 0.3750000000000001 0.934375
1 0.734375 0.2875000000000001 0.6828125 0.2875000000000001 0.6828125 0.4359375000000001 0.734375 0.4359375000000002
1 0.3609375000000001 0.6328125 0.2515625000000001 0.6328125 0.2515625000000001 0.74375 0.3609375000000001 0.74375
1 0.7578125 0.1671875000000001 0.721875 0.1671875000000001 0.721875 0.22031250000000008 0.7578125 0.22031250000000008
1 0.7859375000000002 0.8390625 0.7359375000000001 0.8390625 0.7359375000000001 0.91875 0.7859375000000002 0.91875
1 0.7390625000000002 0.878125 0.6843750000000002 0.878125 0.6843750000000002 0.9625 0.7390625000000002 0.9625
1 0.5968750000000002 0.79375 0.5140625000000002 0.79375 0.5140625000000002 0.903125 0.5968750000000002 0.903125
1 0.2328125000000001 0.76875 0.1468750000000001 0.76875 0.1468750000000001 0.890625 0.2328125000000001 0.890625
1 0.4984375 0.31718750000000007 0.4453125 0.31718750000000007 0.4453125 0.4109375 0.4984375 0.4109375
1 0.640625 0.30937500000000007 0.5625 0.30937500000000007 0.5625 0.4265625 0.640625 0.4265625
1 0.5390625 0.434375 0.48125 0.434375 0.48125 0.584375 0.5390625 0.584375
1 0.721875 0.12656250000000008 0.65625 0.12656250000000008 0.65625 0.21250000000000008 0.721875 0.21250000000000008
1 0.7593750000000001 0.7921875 0.6843750000000002 0.7921875 0.6843750000000002 0.903125 0.7593750000000001 0.903125
1 0.6281250000000002 0.878125 0.5593750000000002 0.878125 0.5593750000000002 1 0.6281250000000002 1
1 0.5796875 0.6484375 0.5484375 0.6484375 0.5484375 0.71875 0.5796875 0.71875
1 0.3453125 0.0015625000000000396 0.3015625 0.0015625000000000367 0.3015625 0.10312500000000005 0.3453125 0.10312500000000005
1 0.7234375 0.4609375 0.678125 0.4609375 0.678125 0.525 0.7234375 0.525
1 0.2500000000000001 0.4640625 0.18593750000000003 0.4640625 0.18593750000000003 0.528125 0.2500000000000001 0.528125
1 0.19531250000000006 0.184375 0.10468750000000004 0.184375 0.10468750000000004 0.30625 0.19531250000000006 0.30625
1 0.2921875000000001 0.45 0.2468750000000001 0.45 0.2468750000000001 0.546875 0.2921875000000001 0.546875
1 0.4421875 0.4390625 0.3687500000000001 0.4390625 0.3687500000000001 0.5328125 0.4421875 0.5328125
1 0.778125 0.1937500000000001 0.7421875 0.1937500000000001 0.7421875 0.2515625000000001 0.778125 0.2515625000000001
1 0.7703125 0.02343750000000009 0.728125 0.02343750000000009 0.728125 0.08125000000000009 0.7703125 0.08125000000000009
1 0.6921875000000002 0.796875 0.6015625000000002 0.796875 0.6015625000000002 0.9015625 0.6921875000000002 0.9015625
1 0.2671875 0.16250000000000003 0.215625 0.16250000000000003 0.215625 0.2390625 0.2671875 0.2390625
1 0.5562500000000001 0.8671875 0.4421875000000002 0.8671875 0.4421875000000002 0.996875 0.5562500000000001 0.996875
1 0.5078125000000002 0.8125 0.4734375000000002 0.8125 0.4734375000000002 0.88125 0.5078125000000002 0.88125
1 0.3765625000000001 0.4640625 0.2843750000000001 0.4640625 0.2843750000000001 0.565625 0.3765625000000001 0.565625
1 0.8578125 0.7875000000000002 0.7812500000000002 0.7875000000000002 0.7812500000000002 0.859375 0.8578125 0.859375
1 0.7906250000000001 0.7625000000000002 0.7468750000000002 0.7625000000000002 0.7468750000000002 0.8421875 0.7906250000000001 0.8421875
1 0.659375 0.2484375000000001 0.6265625 0.2484375000000001 0.6265625 0.30156250000000007 0.659375 0.30156250000000007
1 0.6515625 0.51875 0.571875 0.51875 0.571875 0.6078125 0.6515625 0.6078125
1 0.565625 0.6984375 0.5265625 0.6984375 0.5265625 0.765625 0.5656250000000002 0.765625
1 0.2062500000000001 0.578125 0.11093750000000009 0.578125 0.11093750000000009 0.7609375 0.2062500000000001 0.7609375
1 0.6125 0.020312500000000074 0.56875 0.020312500000000074 0.56875 0.08750000000000006 0.6125 0.08750000000000006
1 0.3671875000000001 0.71875 0.3046875000000001 0.71875 0.3046875000000001 0.7890625 0.3671875000000001 0.7890625
1 0.4734375000000002 0.9109375 0.3750000000000001 0.9109375 0.3750000000000001 0.9984375 0.4734375000000002 0.9984375
1 0.253125 0.059375000000000025 0.2046875 0.059375000000000025 0.2046875 0.11875000000000005 0.253125 0.11875000000000005
1 0.6734375000000001 0.9234375 0.6156250000000002 0.9234375 0.6156250000000002 1 0.6734375000000001 1
1 0.37187500000000007 0.921875 0.23437500000000008 0.921875 0.23437500000000008 1 0.37187500000000007 1
1 0.7453125000000002 0.7906250000000001 0.7015625000000002 0.790625 0.7015625000000002 0.8265625 0.7453125000000002 0.8265625
1 0.534375 6.276314845630185e-17 0.490625 6.008423358316702e-17 0.490625 0.026562500000000062 0.534375 0.026562500000000065
1 0.2328125000000001 0.559375 0.17968750000000008 0.559375 0.17968750000000008 0.6484375 0.2328125000000001 0.6484375
1 0.4515625 0.0015625000000000528 0.40625 0.00156250000000005 0.40625 0.03125000000000005 0.4515625 0.031250000000000056
1 0.3890625 4.381939328199123e-17 0.3265625 3.999237203465575e-17 0.3265625 0.025000000000000043 0.3890625 0.025000000000000043
1 0.17968750000000008 0.578125 0.1281250000000001 0.578125 0.1281250000000001 0.621875 0.17968750000000008 0.621875