1 0.4320345402463316 0.5742118223645397 0.3796236614334324 0.47750725032729946 0.3056064376840582 0.5176222900019676 0.35801731649695734 0.6143268620392078
1 0.4176623541972556 0.6047093863131814 0.29470834989447275 0.5733707486826513 0.2807653163408858 0.628074843600659 0.40371932064366867 0.6594134812311891
1 0.4098950823486221 0.6520064389568144 0.2991799815381833 0.6445121324847297 0.2933790233360873 0.7302110126325464 0.404094124146526 0.7377053191046311
1 0.4172751638482778 0.8365395425836584 0.37685372752678087 0.7111909741216967 0.26519289972105126 0.7471984937618161 0.3056143360425481 0.8725470622237775
1 0.24958989478215265 0.7430287376793839 0.09735669942498762 0.6802739596963832 0.05809000528534218 0.7755287675710912 0.21032320064250723 0.838283545554092
1 0.3175460403919558 0.7269573542564451 0.28860986435192737 0.6730224549047266 0.23721602742550624 0.7005953461226658 0.2661522034655347 0.7545302454743844
1 0.249619979153948 0.6129598642861749 0.1288528216261194 0.6066693922141405 0.12354158160602498 0.7086368364424434 0.24430873913385356 0.7149273085144777
1 0.32738028120979706 0.6428187230635595 0.257619492233745 0.5827645473317679 0.21496139585597857 0.6323175121883662 0.28472218483203066 0.6923716879201578
1 0.2495898960119285 0.5947394230964114 0.1947869256388495 0.5108058422140779 0.1344663446411031 0.5501911154093289 0.18926931501418207 0.6341246962916623
1 0.32643988965042425 0.5271339200947799 0.2093868430774914 0.526917024654797 0.20927576506452947 0.5868630513000919 0.3263288116374623 0.5870799467400748
1 0.3077363323565212 0.488124974881727 0.14004476796391302 0.4432495903656523 0.12117165737871698 0.5137751462603889 0.2888632217713252 0.5586505307764635
1 0.35769091361336114 0.46452007125038186 0.2813740912860535 0.3895683490187024 0.22590850976815785 0.4460441284130406 0.30222533209546554 0.52099585064472
1 0.42713177548229303 0.3514202748191813 0.3406414345318124 0.35043267558344354 0.3398318939659231 0.4213292873094603 0.4263222349164037 0.42231688654519806
1 0.36575202479384694 0.3440519416781473 0.25838545647375 0.2607836624498462 0.21575999646095978 0.3157451604782975 0.3231265647810567 0.3990134397065986
1 0.43633374460445146 0.43350485278124085 0.3622651538380095 0.40800934014917356 0.3357891874852846 0.4849263076652354 0.4098577782517265 0.5104218202973028
1 0.16429433672493293 0.5539275000329722 0.14080369163064813 0.49479786939441206 0.07096990335558113 0.5225409944273841 0.09446054844986596 0.5816706250659442
1 0.1444404747356493 0.5931861005403862 0.08899733552322027 0.551578260054463 0.03767459198143839 0.6199666691071629 0.09311773119386743 0.6615745095930861
1 0.2777781250000001 0.3686671875 0.13988125000000004 0.3686671875 0.13988125000000004 0.42438906249999997 0.2777781250000001 0.42438906249999997
1 0.2114707339438318 0.2938290229973195 0.11499206248769187 0.28516702768643204 0.1105788328390476 0.3343222763387687 0.20705750429518752 0.34298427164965617
1 0.21913700413663836 0.2419409919528496 0.11780406483229791 0.23101052264980892 0.11199221581142989 0.28489034498404125 0.21332515511577035 0.2958208142870819
1 0.3143051375656726 0.19674683386210592 0.22579714333283998 0.18331565964000301 0.21885098980686699 0.22908903031115885 0.3073589840396996 0.24252020453326173
1 0.39504778473930485 0.29759039129441334 0.31411787807236474 0.28105437389753984 0.3071633685375764 0.3150908528184666 0.3880932752045165 0.3316268702153401
1 0.43561297608635696 0.2382107101452539 0.3938575756726229 0.2101606393562938 0.3740715210914146 0.23961420608210443 0.41582692150514855 0.26766427687106453
1 0.5684153126181908 0.22878966618027013 0.5596475807276998 0.16751909883530378 0.5009832186417913 0.17591388642393527 0.5097509505322824 0.23718445376890163
1 0.5770199686181661 0.2500963813979317 0.5641331310079188 0.22203168886615363 0.5084268437048618 0.24761108466859846 0.521313681315109 0.2756757772003766
1 0.6458767230567178 0.30352577658090735 0.6457720288483415 0.2530707363995147 0.5326788794959701 0.2533054046844208 0.5327835737043465 0.30376044486581344
1 0.6961906184131059 0.3341554591520957 0.5802928348724392 0.2821940414723814 0.5567399601821122 0.3347277500298683 0.6726377437227791 0.3866891677095826
1 0.6357572603401296 0.41890241253075955 0.603030677490106 0.33362215527926936 0.5230120347895564 0.3643295760151539 0.5557386176395802 0.4496098332666441
1 0.6024178549417831 0.4337717790096258 0.48058566587067564 0.42400524869429457 0.4767955313152771 0.4712851295577566 0.5986277203863846 0.4810516598730878
1 0.5896591868281146 0.5267948034876833 0.5786370412910679 0.46902602301668883 0.48349974764447784 0.4871779917448495 0.4945218931815246 0.5449467722158439
1 0.649880000779861 0.5570475186954731 0.5334618889350848 0.5288029430819008 0.5219133403609064 0.576403595254826 0.6383314522056824 0.6046481708683983
1 0.5313214508688207 0.5820777335895315 0.438151641809602 0.5680668522162492 0.4294590089202067 0.6258712775731888 0.5226288179794254 0.6398821589464712
1 0.5268506171722498 0.6492466534815836 0.42810382996709134 0.6153697914174101 0.4093771915004645 0.669955584523896 0.5081239787056229 0.7038324465880695
1 0.5254214195472302 0.7017296970678035 0.44555496904667474 0.6875369627107616 0.429586468472052 0.7773961419659844 0.5094529189726075 0.7915888763230263
1 0.5745280914424823 0.824760968259642 0.5585860743219184 0.7604717241756503 0.41442777598543434 0.7962191356267649 0.4303697931059981 0.8605083797107564
1 0.6702441733346813 0.8308194569905721 0.5477591681319814 0.8244707210393439 0.544099961551752 0.8950671264435475 0.6665849667544519 0.9014158623947756
1 0.7150481907716209 0.8125061397791635 0.6178266013599553 0.7744272245537924 0.5953914124376627 0.8317078669478015 0.6926130018493284 0.8697867821731725
1 0.6300709332102764 0.7825259896555645 0.5473094073174274 0.6886347695177095 0.4997037499384308 0.7305973389681136 0.5824652758312798 0.8244885591059686
1 0.7132233320243531 0.7687829162864839 0.60117858046763 0.6632645233424447 0.558238240126989 0.7088607424563943 0.6702829916837121 0.8143791354004335
1 0.7317303747829234 0.7350877940662001 0.7294134375835293 0.649693151208531 0.6296732760468582 0.6523993126585304 0.6319902132462523 0.7377939555161994
1 0.6947876196541555 0.6235022863263411 0.6435710018753606 0.6176228390846069 0.6388890523385552 0.6584079010176468 0.69010567011735 0.664287348259381
1 0.6590099788678757 0.6587117698842411 0.6232676680667866 0.5753914540923012 0.5077032784848432 0.6249656580630397 0.5434455892859325 0.7082859738549795
1 0.7755511098540812 0.5941443996525866 0.6712675732329607 0.5887417794281005 0.6681616593657909 0.6486933712577604 0.7724451959869112 0.6540959914822465
1 0.7772308807311921 0.5912664756371796 0.7763774190620055 0.5279453734577146 0.6413260503782721 0.5297656381495084 0.6421795120474586 0.5930867403289732
1 0.7138566379649223 0.4802661230468857 0.605144260990496 0.47624691468027613 0.6027185826889945 0.5418571617434237 0.7114309596634206 0.5458763701100333
1 0.615232792177945 0.5069931487252732 0.5769406308016991 0.4948002490912026 0.5650170307968544 0.5322466670290245 0.6033091921731003 0.544439566663095
1 0.7065173199582859 0.4404092549033386 0.6036649749349089 0.41566475451905627 0.5919109304906761 0.4645213091402297 0.6947632755140531 0.4892658095245122
1 0.7403168839553641 0.48405828568835957 0.6945251073187342 0.48330553180526914 0.6938453321399448 0.5246578434299509 0.7396371087765747 0.5254105973130414
1 0.7759515469128417 0.4877520079229388 0.77555224069622 0.43999151218701815 0.7003248313933238 0.440620458175374 0.7007241376099456 0.48838095391129466
1 0.7037167880688777 0.3735662287122787 0.6266888804544269 0.36957491493574246 0.6236404542815708 0.42840614263641397 0.7006683618960217 0.4323974564129502
1 0.7796135921453178 0.37746053410443436 0.7536949235255813 0.309183033750536 0.6747539409413619 0.3391496429191734 0.7006726095610982 0.4074271432730717
1 0.7572232406270285 0.323519312247396 0.7523181837085551 0.28431487620034723 0.6435603754635166 0.2979220924635816 0.6484654323819901 0.3371265285106303
1 0.7716647421274596 0.2540399615072332 0.6968491134841419 0.24107685753438107 0.6887489694615623 0.2878262601789837 0.76356459810488 0.3007893641518357
1 0.6674413742266694 0.2534663041116735 0.592974319052343 0.23086360795280242 0.5841265149869381 0.2600136663741088 0.6585935701612644 0.28261636253297995
1 0.6186712021653162 0.23223494435109218 0.6100960006518048 0.18000048851760714 0.5634332008800691 0.18766100502615207 0.5720084023935805 0.2398954608596371
1 0.6474056409965573 0.1501916381817186 0.5773923639247485 0.10690814128704504 0.551258738243252 0.1491806217241493 0.6212720153150608 0.19246411861882287
1 0.683262433602149 0.11911440785312966 0.6007922334105263 0.08889345483418461 0.5864945482597839 0.12791052209607207 0.6689647484514065 0.15813147511501713
1 0.7855916222097774 0.18359136185757166 0.772168570851768 0.15096412769656337 0.7364636030439577 0.16565337822436543 0.7498866544019671 0.1982806123853737
1 0.9941027464861405 0.3140870484837756 0.8836667762215071 0.2636938554221968 0.8531444250273804 0.33058315661734666 0.9635803952920137 0.38097634967892546
1 0.9036453318326254 0.39881805721024227 0.7270353398013857 0.3706171517100167 0.7170296385637422 0.43327850192208883 0.8936396305949819 0.4614794074223144
1 0.9307119599470992 0.46431816439284007 0.9120454861053912 0.41547892531317776 0.8195608577166805 0.45082677120737935 0.8382273315583888 0.49966601028704155
1 0.954322636363852 0.5106045001164089 0.8420439483139732 0.47181160101360115 0.8175811190825767 0.5426146200096893 0.9298598071324553 0.5814075191124971
1 0.9303644168361712 0.5842973507540283 0.786083699880333 0.5301222854007963 0.7656410361272052 0.5845658225438933 0.9099217530830433 0.6387408878971254
1 1.016540750711422 0.6534260588984496 0.8327256870728285 0.6014864819127801 0.810805712498543 0.6790616520463428 0.9946207761371365 0.7310012290320124
1 1.0199495405940284 0.7459672534469933 0.8783559618171657 0.6935238966376274 0.8563756186364717 0.7528693627375821 0.9979691974133346 0.805312719546948
1 1.0139819355125956 0.8021923175533334 0.8577082441641896 0.7663108473456968 0.8415027429837627 0.8368902710694563 0.9977764343321688 0.872771741277093
1 0.8937474924411279 0.783102009039982 0.8729215049161294 0.7171639808210684 0.809681238712184 0.7371379022533016 0.8305072262371826 0.8030759304722151
1 1 0.5450906250000003 0.9047625 0.5450906250000003 0.9047625 0.5986671875000003 1 0.5986671875000003
1 0.9487409624851628 0.47852723494573607 0.8941093332419838 0.45580554146930086 0.8819437499999999 0.4850562500000001 0.9365753792431789 0.5077779434764353
1 0.9590449319764243 0.380327448268554 0.8940274646021626 0.37648831010762274 0.8914469009175612 0.42019127367329856 0.9564643682918229 0.42403041183422996
1 1 0.34913750000000005 0.9484125000000001 0.34913750000000005 0.9484125000000001 0.38770000000000004 1 0.38770000000000004
1 0.7753238630418469 0.7945566749673647 0.7024306022870841 0.7766236600926331 0.6875474018536536 0.8371201810422747 0.7604406626084165 0.8550531959170063
1 0.8050893875748611 0.784156630193071 0.8007643547375671 0.7137473135674679 0.6978575798077233 0.7200685676582903 0.7021826126450175 0.7904778842838935
1 0.7816183803374844 0.7106877494239529 0.7728465363675439 0.6481451926146564 0.7163641999552139 0.6560670664129629 0.7251360439251545 0.7186096232222592