1 0.22656250000000008 0.434375 0.13125000000000003 0.434375 0.13125000000000006 0.55 0.22656250000000008 0.55
1 0.3671875000000001 0.384375 0.2843750000000001 0.384375 0.2843750000000001 0.4921875 0.3671875000000001 0.4921875
1 0.26406250000000003 0.271875 0.17343750000000005 0.271875 0.17343750000000005 0.3921875 0.2640625000000001 0.3921875
1 0.3578125000000001 0.4890625 0.26250000000000007 0.4890625 0.26250000000000007 0.5875 0.3578125000000001 0.5875
1 0.2250000000000001 0.6203125 0.1359375000000001 0.6203125 0.1359375000000001 0.75 0.2250000000000001 0.75
1 0.2968750000000001 0.6296875 0.2000000000000001 0.6296875 0.2000000000000001 0.7640625 0.2968750000000001 0.7640625
1 0.46875 0.3500000000000001 0.3875 0.3500000000000001 0.38750000000000007 0.43125 0.46875 0.43125
1 0.2484375000000001 0.8453125 0.18125000000000008 0.8453125 0.1812500000000001 0.9375 0.2484375000000001 0.9375
1 0.3921875 0.25625000000000003 0.315625 0.25625 0.31562500000000004 0.38750000000000007 0.3921875000000001 0.38750000000000007
1 0.415625 0.014062500000000044 0.3171875 0.014062500000000039 0.3171875 0.16250000000000003 0.415625 0.16250000000000003
1 0.4609375 0.2718750000000001 0.378125 0.2718750000000001 0.378125 0.3500000000000001 0.4609375 0.3500000000000001
1 0.4203125000000002 0.8015625 0.3500000000000001 0.8015625 0.3500000000000001 0.9265625 0.4203125000000002 0.9265625
1 0.28906250000000006 0.359375 0.2265625 0.359375 0.22656250000000006 0.4828125 0.2890625000000001 0.4828125
1 0.32656250000000003 0.26875 0.265625 0.26875 0.26562500000000006 0.4046875 0.3265625000000001 0.4046875
1 0.4265625 0.4078125 0.3625000000000001 0.4078125 0.3625000000000001 0.55625 0.4265625 0.55625
1 0.3859375000000001 0.7046875 0.3140625000000001 0.7046875 0.3140625000000001 0.8125 0.3859375000000001 0.8125
1 0.525 0.02500000000000006 0.4578125 0.025000000000000057 0.4578125 0.11093750000000005 0.525 0.11093750000000005
1 0.2796875 0.05781250000000003 0.221875 0.057812500000000024 0.221875 0.17656250000000004 0.2796875 0.17656250000000004
1 0.4734375 0.4953125 0.41875 0.4953125 0.41875 0.6046875 0.4734375 0.6046875
1 0.2453125000000001 0.7625 0.1781250000000001 0.7625 0.1781250000000001 0.846875 0.2453125000000001 0.846875
1 0.3531250000000001 0.778125 0.2875000000000001 0.778125 0.2875000000000001 0.93125 0.3531250000000001 0.93125
1 0.3453125000000001 0.63125 0.2828125000000001 0.63125 0.2828125000000001 0.7484375 0.3453125000000001 0.7484375
1 0.5015625 0.6171875 0.4265625 0.6171875 0.4265625 0.7 0.5015625 0.7
1 0.4781250000000002 0.753125 0.4046875000000002 0.753125 0.4046875000000002 0.8625 0.4781250000000002 0.8625
1 0.6984375000000002 0.8125 0.6359375000000002 0.8125 0.6359375000000002 0.90625 0.6984375000000002 0.90625
1 0.5250000000000001 0.775 0.4703125000000002 0.775 0.4703125000000002 0.8984375 0.5250000000000001 0.8984375
1 0.5046875000000001 0.6921875 0.434375 0.6921875 0.43437500000000007 0.7890625 0.5046875000000002 0.7890625
1 0.2328125000000001 0.3765625 0.17656250000000004 0.3765625 0.17656250000000004 0.4578125 0.2328125000000001 0.4578125
1 0.5265625 0.3765625000000001 0.471875 0.3765625000000001 0.471875 0.4859375 0.5265625 0.4859375
1 0.5687500000000001 0.7203125 0.5109375 0.7203125 0.5109375 0.8171875 0.5687500000000002 0.8171875
1 0.521875 0.09687500000000007 0.4703125 0.09687500000000007 0.4703125 0.17187500000000006 0.521875 0.17187500000000006
1 0.646875 0.4734375 0.5734375 0.4734375 0.5734375 0.55625 0.646875 0.55625
1 0.846875 0.7421875000000002 0.7968750000000002 0.7421875000000002 0.7968750000000002 0.8203125 0.846875 0.8203125
1 0.19531250000000006 0.31875 0.15468750000000003 0.31875 0.15468750000000003 0.4125 0.19531250000000006 0.4125
1 0.228125 0.03906250000000003 0.178125 0.03906250000000002 0.178125 0.14687500000000003 0.228125 0.14687500000000003
1 0.5734375 0.12031250000000007 0.515625 0.12031250000000004 0.515625 0.21250000000000008 0.5734375 0.21250000000000008
1 0.4625 0.03593750000000005 0.415625 0.03593750000000005 0.415625 0.13437500000000005 0.4625 0.13437500000000005
1 0.3000000000000001 0.740625 0.2390625000000001 0.740625 0.2390625000000001 0.8796875 0.3000000000000001 0.8796875
1 0.690625 0.61875 0.625 0.61875 0.625 0.721875 0.690625 0.721875
1 0.8078125 0.2531250000000001 0.753125 0.2531250000000001 0.753125 0.3390625000000001 0.8078125 0.3390625000000001
1 0.4328125000000001 0.6203125 0.3750000000000001 0.6203125 0.3750000000000001 0.7734375 0.43281250000000016 0.7734375
1 0.6937500000000001 0.725 0.63125 0.725 0.6312500000000001 0.8171875 0.6937500000000002 0.8171875
1 0.778125 0.16406250000000008 0.7265625 0.16406250000000008 0.7265625 0.2500000000000001 0.778125 0.2500000000000001
1 0.628125 0.6140625 0.5734375 0.6140625 0.5734375 0.73125 0.6281250000000002 0.73125
1 0.7437500000000001 0.7500000000000001 0.6890625000000001 0.75 0.6890625000000001 0.8609375 0.7437500000000001 0.8609375
1 0.578125 0.3656250000000001 0.5234375 0.3656250000000001 0.5234375 0.503125 0.578125 0.503125
1 0.6875 0.24375000000000008 0.6265625 0.24375000000000008 0.6265625 0.35625000000000007 0.6875 0.35625000000000007
1 0.6359375 0.0015625000000000738 0.5703125 0.0015625000000000701 0.5703125 0.08281250000000008 0.6359375 0.0828125000000001
1 0.2546875 2.7650228511998833e-17 0.196875 2.4110233858213517e-17 0.196875 0.06250000000000003 0.2546875 0.06250000000000003
1 0.5484375 0.2687500000000001 0.5 0.2687500000000001 0.5 0.36406250000000007 0.5484375 0.36406250000000007
1 0.7515625 0.34062500000000007 0.6875 0.34062500000000007 0.6875 0.4750000000000001 0.7515625 0.4750000000000002
1 0.5781250000000001 0.6140625 0.5328125 0.6140625 0.5328125000000001 0.734375 0.5781250000000002 0.734375
1 0.7765625 9.18485099360515e-17 0.7234375 8.859554187581634e-17 0.7234375 0.07812500000000008 0.7765625 0.07812500000000008
1 0.5890625 0.05156250000000007 0.53125 0.05156250000000007 0.53125 0.13906250000000006 0.5890625 0.1390625000000001
1 0.6234375 0.1468750000000001 0.5796875 0.1468750000000001 0.5796875 0.2484375000000001 0.6234375 0.2484375000000001
1 0.7843750000000002 0.7687500000000002 0.7390625000000002 0.7687500000000002 0.7390625000000002 0.85 0.7843750000000002 0.85
1 0.840625 0.6171875000000002 0.79375 0.6171875000000002 0.79375 0.6843750000000002 0.840625 0.6843750000000002
1 0.8421875 0.6968750000000001 0.796875 0.6968750000000001 0.7968750000000001 0.7453125000000002 0.8421875 0.7453125000000002
1 0.6312500000000002 0.7640625 0.5875000000000001 0.7640625 0.5875000000000001 0.853125 0.6312500000000002 0.853125
1 0.30625 0.05781250000000003 0.26875 0.057812500000000024 0.26875 0.13750000000000004 0.30625 0.13750000000000004
1 0.803125 0.035937500000000094 0.7515625 0.03593750000000009 0.7515625 0.11093750000000009 0.803125 0.11093750000000009
1 0.7015625 0.415625 0.659375 0.415625 0.659375 0.4953125 0.7015625 0.4953125
1 0.5 0.3046875000000001 0.4640625 0.3046875000000001 0.4640625 0.3843750000000001 0.5 0.3843750000000001
1 0.6890625 0.475 0.6453125 0.475 0.6453125 0.553125 0.6890625 0.553125
1 0.50625 0.4765625 0.4671875 0.4765625 0.4671875 0.5546875 0.50625 0.5546875
1 0.7296875 0.6171875000000001 0.6890625 0.6171875 0.6890625 0.6984375 0.7296875 0.6984375000000002
1 0.7671875000000001 0.84375 0.7265625000000002 0.84375 0.7265625000000002 0.909375 0.7671875000000001 0.909375
1 0.659375 0.06406250000000008 0.6078125 0.06406250000000006 0.6078125 0.1859375000000001 0.659375 0.1859375000000001
1 0.6484375 0.3843750000000001 0.5921875 0.3843750000000001 0.5921875 0.478125 0.6484375 0.478125
1 0.784375 0.43750000000000017 0.7421875 0.43750000000000017 0.7421875 0.4890625000000002 0.784375 0.4890625000000002
1 0.7515625 0.05937500000000009 0.7078125 0.05937500000000009 0.7078125 0.1375000000000001 0.7515625 0.1375000000000001
1 0.5328125 0.6359375 0.496875 0.6359375 0.496875 0.725 0.5328125 0.725
1 0.6468750000000001 0.6984375 0.5921875 0.6984375 0.5921875000000001 0.7703125 0.6468750000000002 0.7703125
1 0.759375 0.5218750000000001 0.7234375 0.521875 0.7234375 0.5718750000000001 0.759375 0.5718750000000001
1 0.8296875 0.34062500000000007 0.7921875 0.34062500000000007 0.7921875 0.40625000000000017 0.8296875 0.40625000000000017
1 0.6734375 0.3500000000000001 0.621875 0.3500000000000001 0.621875 0.4296875 0.6734375 0.4296875
1 0.5015625 5.73096431788488e-17 0.434375 5.319559533796316e-17 0.434375 0.04375000000000006 0.5015625 0.04375000000000007
1 0.6296875 0.2984375000000001 0.5984375 0.2984375000000001 0.5984375 0.3750000000000001 0.6296875 0.3750000000000001
1 0.5796875 0.1921875000000001 0.5515625 0.1921875000000001 0.5515625 0.2578125000000001 0.5796875 0.2578125000000001
1 0.3234375 0.023437500000000035 0.290625 0.023437500000000035 0.290625 0.10781250000000005 0.3234375 0.10781250000000005
1 0.5828125 0.2968750000000001 0.54375 0.2968750000000001 0.54375 0.37187500000000007 0.5828125 0.37187500000000007
1 0.71875 0.10000000000000009 0.6765625 0.10000000000000009 0.6765625 0.17968750000000008 0.71875 0.17968750000000008
1 0.7703125000000002 0.959375 0.7062500000000002 0.959375 0.7062500000000002 1 0.7703125000000002 1
1 0.7046875 0.040625000000000085 0.66875 0.04062500000000008 0.66875 0.1218750000000001 0.7046875 0.1218750000000001
1 0.5546875 0.001562500000000065 0.50625 0.0015625000000000617 0.50625 0.057812500000000065 0.5546875 0.057812500000000065
1 0.1625 1.6647542425909335e-17 0.109375 1.3394574365674177e-17 0.109375 0.04375000000000002 0.1625 0.043750000000000025