1 0.4203125 0.4140625 0.2953125000000001 0.4140625 0.2953125000000001 0.559375 0.4203125 0.559375
1 0.534375 0.4703125 0.5015625 0.4703125 0.5015625 0.521875 0.534375 0.521875
1 0.6390625 0.43125 0.565625 0.43125 0.565625 0.5171875 0.6390625 0.5171875
1 0.5859375 0.22812500000000008 0.5203125 0.22812500000000008 0.5203125 0.3078125000000001 0.5859375 0.3078125000000001
1 0.6984375 0.11718750000000008 0.646875 0.11718750000000008 0.646875 0.1921875000000001 0.6984375 0.1921875000000001
1 0.7625 0.10937500000000008 0.703125 0.10937500000000008 0.703125 0.2093750000000001 0.7625 0.2093750000000001
1 0.321875 0.07968750000000004 0.2203125 0.07968750000000002 0.2203125 0.2421875 0.321875 0.2421875
1 0.3796875 0.12500000000000006 0.3140625 0.12500000000000006 0.3140625 0.28125000000000006 0.3796875 0.2812500000000001
1 0.209375 0.2484375 0.15937500000000004 0.2484375 0.15937500000000004 0.3421875 0.209375 0.3421875
1 0.2015625000000001 0.4140625 0.08281250000000004 0.4140625 0.08281250000000005 0.5640625 0.2015625000000001 0.5640625
1 0.27812500000000007 0.809375 0.1515625000000001 0.809375 0.1515625000000001 0.925 0.27812500000000007 0.925
1 0.6015625000000002 0.7828125 0.5281250000000002 0.7828125 0.5281250000000002 0.8578125 0.6015625000000002 0.8578125
1 0.7468750000000002 0.8828125 0.7000000000000002 0.8828125 0.7000000000000002 0.975 0.7468750000000002 0.975
1 0.825 0.7750000000000001 0.7640625000000002 0.7750000000000001 0.7640625000000002 0.909375 0.825 0.909375
1 0.865625 0.9265625 0.7953125000000002 0.9265625 0.7953125000000002 1 0.865625 1
1 0.4 0.007812500000000045 0.3421875 0.007812500000000042 0.3421875 0.08125000000000004 0.4 0.08125000000000004
1 0.23750000000000004 0.315625 0.18281250000000004 0.315625 0.18281250000000004 0.3921875 0.2375000000000001 0.3921875
1 0.465625 5.376964852506348e-17 0.4125 5.051668046482832e-17 0.4125 0.06250000000000006 0.465625 0.06250000000000007
1 0.6500000000000001 0.80625 0.5828125000000002 0.80625 0.5828125000000002 0.8953125 0.6500000000000001 0.8953125
1 0.7234375 0.5328125 0.684375 0.5328125 0.684375 0.61875 0.7234375 0.61875
1 0.33593750000000006 0.3203125 0.271875 0.3203125 0.27187500000000003 0.3984375 0.3359375000000001 0.3984375
1 0.2890625 3.243400507116818e-17 0.240625 2.9468063604483184e-17 0.240625 0.07031250000000003 0.2890625 0.07031250000000004
1 0.684375 0.5890625 0.6421875 0.5890625 0.6421875 0.6453125 0.684375 0.6453125
1 0.3218750000000001 0.4578125 0.2593750000000001 0.4578125 0.2593750000000001 0.54375 0.3218750000000001 0.54375
1 0.240625 2.516266470123077e-17 0.1703125 2.085726579797836e-17 0.1703125 0.09687500000000002 0.240625 0.09687500000000002
1 0.34375 0.0015625000000000385 0.284375 0.0015625000000000348 0.284375 0.06562500000000004 0.34375 0.06562500000000004
1 0.221875 0.08750000000000002 0.1625 0.08750000000000002 0.16250000000000003 0.2328125 0.221875 0.2328125
1 0.8484375 0.7921875000000002 0.803125 0.7921875000000002 0.803125 0.871875 0.8484375 0.871875
1 0.2671875 0.15000000000000005 0.2109375 0.15000000000000005 0.2109375 0.2828125 0.2671875 0.2828125
1 0.284375 0.05156250000000003 0.2234375 0.051562500000000025 0.2234375 0.12500000000000006 0.284375 0.12500000000000006
1 0.5921875 7.003448882623926e-17 0.5515625 6.754692501547121e-17 0.5515625 0.043750000000000074 0.5921875 0.04375000000000008
1 0.4203125 0.02187500000000005 0.3890625 0.02187500000000005 0.3890625 0.08593750000000004 0.4203125 0.08593750000000004