1 0.19531250000000008 0.6125 0.09531250000000006 0.6125 0.09531250000000008 0.703125 0.19531250000000008 0.703125
1 0.3781250000000001 0.37968750000000007 0.2843750000000001 0.3796875 0.2843750000000001 0.465625 0.3781250000000001 0.465625
1 0.20156250000000003 0.2890625 0.13281250000000006 0.2890625 0.13281250000000006 0.421875 0.2015625000000001 0.421875
1 0.26875000000000004 0.259375 0.18125000000000005 0.259375 0.18125000000000005 0.3734375 0.2687500000000001 0.3734375
1 0.3812500000000001 0.684375 0.2875000000000001 0.684375 0.2875000000000001 0.790625 0.3812500000000001 0.790625
1 0.26250000000000007 0.6796875 0.18125000000000008 0.6796875 0.18125000000000008 0.753125 0.26250000000000007 0.753125
1 0.2750000000000001 0.371875 0.19843750000000004 0.371875 0.19843750000000004 0.45625 0.2750000000000001 0.45625
1 0.4515625 0.00156250000000005 0.3640625 0.0015625000000000443 0.3640625 0.12656250000000005 0.4515625 0.12656250000000005
1 0.453125 0.3656250000000001 0.3781250000000001 0.3656250000000001 0.3781250000000001 0.4671875 0.453125 0.4671875
1 0.2609375000000001 0.6125 0.19531250000000008 0.6125 0.19531250000000008 0.690625 0.2609375000000001 0.690625
1 0.534375 0.403125 0.4671875 0.403125 0.4671875 0.4984375 0.534375 0.4984375
1 0.31718750000000007 0.6140625 0.2578125000000001 0.6140625 0.2578125000000001 0.696875 0.31718750000000007 0.696875
1 0.4390625 0.2578125000000001 0.371875 0.2578125000000001 0.37187500000000007 0.3828125000000001 0.4390625 0.3828125000000001
1 0.503125 0.6015625 0.4109375 0.6015625 0.4109375 0.6921875 0.503125 0.6921875
1 0.6859375 0.3000000000000001 0.5984375 0.3000000000000001 0.5984375 0.4171875 0.6859375 0.4171875
1 0.9140625 0.3765625000000001 0.8484375 0.3765625000000001 0.8484375 0.4625000000000002 0.9140625 0.4625000000000002
1 0.4078125 0.6109375 0.3468750000000001 0.6109375 0.3468750000000001 0.690625 0.4078125 0.690625
1 0.48437500000000017 0.765625 0.4156250000000002 0.765625 0.4156250000000002 0.9078125 0.48437500000000017 0.9078125
1 0.315625 0.11406250000000004 0.2578125 0.11406250000000004 0.2578125 0.228125 0.315625 0.228125
1 0.36250000000000004 0.2609375 0.2875 0.2609375 0.28750000000000003 0.3796875 0.3625000000000001 0.3796875
1 0.628125 0.453125 0.565625 0.453125 0.565625 0.5484375 0.628125 0.5484375
1 0.41718750000000016 0.7609375 0.37187500000000007 0.7609375 0.37187500000000007 0.8703125 0.41718750000000016 0.8703125
1 0.6062500000000002 0.8703125 0.5375000000000002 0.8703125 0.5375000000000002 0.978125 0.6062500000000002 0.978125
1 0.3375000000000001 0.45 0.27812500000000007 0.45 0.27812500000000007 0.515625 0.3375000000000001 0.515625
1 0.50625 0.2593750000000001 0.4375 0.2593750000000001 0.4375 0.4171875 0.50625 0.4171875
1 0.2921875 3.1764276352884476e-17 0.2265625 2.7745904043182222e-17 0.2265625 0.06718750000000004 0.2921875 0.06718750000000004
1 0.44218750000000007 0.6765625 0.3828125000000001 0.6765625 0.3828125000000001 0.775 0.4421875000000002 0.775
1 0.828125 0.3296875000000001 0.7734375 0.3296875000000001 0.7734375 0.42187500000000017 0.828125 0.42187500000000017
1 0.6375000000000002 0.8078125 0.5625000000000002 0.8078125 0.5625000000000002 0.90625 0.6375000000000002 0.90625
1 0.21093750000000008 0.43125 0.16250000000000003 0.43125 0.16250000000000003 0.484375 0.21093750000000008 0.484375
1 0.49687500000000007 0.6890625 0.43125 0.6890625 0.4312500000000001 0.78125 0.4968750000000002 0.78125
1 0.8890625 0.5203125000000002 0.8296875 0.5203125000000002 0.8296875 0.5859375000000002 0.8890625 0.5859375000000002
1 0.5625 0.2687500000000001 0.503125 0.2687500000000001 0.503125 0.41875 0.5625 0.41875
1 0.5609375000000002 0.8203125 0.5046875000000002 0.8203125 0.5046875000000002 0.928125 0.5609375000000002 0.928125
1 0.5281250000000002 0.7375 0.4781250000000002 0.7375 0.4781250000000002 0.8578125 0.5281250000000002 0.8578125
1 0.8328125 0.6609375000000002 0.78125 0.6609375000000002 0.7812500000000001 0.7546875000000002 0.8328125 0.7546875000000002
1 0.7296875 0.7015625000000001 0.653125 0.7015625 0.6531250000000001 0.8359375 0.7296875000000002 0.8359375
1 0.7484375 0.43437500000000007 0.703125 0.434375 0.703125 0.5578125 0.7484375 0.5578125000000002
1 0.64375 0.3656250000000001 0.5703125 0.3656250000000001 0.5703125 0.465625 0.64375 0.465625
1 0.53125 0.057812500000000065 0.4765625 0.057812500000000065 0.4765625 0.2250000000000001 0.53125 0.2250000000000001
1 0.7828125000000001 0.7421875000000001 0.7250000000000002 0.7421875 0.7250000000000002 0.8296875 0.7828125000000001 0.8296875
1 0.678125 0.20468750000000008 0.609375 0.20468750000000008 0.609375 0.3203125000000001 0.678125 0.3203125000000001
1 0.56875 0.4265625 0.5234375 0.4265625 0.5234375 0.509375 0.56875 0.509375
1 0.759375 0.30937500000000007 0.703125 0.30937500000000007 0.703125 0.4218750000000001 0.759375 0.42187500000000017
1 0.7109375 0.415625 0.659375 0.415625 0.659375 0.5109375 0.7109375 0.5109375
1 0.6546875000000001 0.6765625 0.590625 0.6765625 0.5906250000000001 0.821875 0.6546875000000002 0.821875
1 0.490625 0.0015625000000000575 0.446875 0.0015625000000000547 0.446875 0.08437500000000006 0.490625 0.08437500000000006
1 0.6015625000000001 0.678125 0.5578125 0.678125 0.5578125 0.759375 0.6015625000000002 0.759375
1 0.7046875 0.03125000000000008 0.64375 0.031250000000000076 0.64375 0.1390625000000001 0.7046875 0.1390625000000001
1 0.7296875 0.10781250000000009 0.678125 0.10781250000000009 0.678125 0.2015625000000001 0.7296875 0.2015625000000001
1 0.671875 0.1375000000000001 0.61875 0.1375000000000001 0.61875 0.22031250000000008 0.671875 0.22031250000000008
1 0.6046875 0.2671875000000001 0.55625 0.2671875000000001 0.55625 0.36406250000000007 0.6046875 0.36406250000000007
1 0.709375 0.6078125 0.6640625 0.6078125 0.6640625 0.709375 0.709375 0.709375
1 0.30625 0.2765625 0.2640625 0.2765625 0.26406250000000003 0.3953125 0.3062500000000001 0.3953125
1 0.590625 0.6015625 0.55 0.6015625 0.55 0.6875 0.590625 0.6875
1 0.6734375 0.590625 0.6265625 0.590625 0.6265625 0.684375 0.6734375 0.684375
1 0.5734375 0.028125000000000067 0.5203125 0.028125000000000067 0.5203125 0.12968750000000007 0.5734375 0.1296875000000001
1 0.5484375 0.6078125 0.5078125 0.6078125 0.5078125 0.6828125 0.5484375 0.6828125
1 0.6968750000000001 0.946875 0.6531250000000002 0.946875 0.6531250000000002 1 0.6968750000000001 1
1 0.6859375000000002 0.8625 0.6406250000000002 0.8625 0.6406250000000002 0.93125 0.6859375000000002 0.93125
1 0.84375 0.809375 0.8 0.809375 0.8 0.8875 0.84375 0.8875
1 0.23593750000000008 0.9546875 0.17656250000000012 0.9546875 0.17656250000000012 1 0.23593750000000008 1
1 0.6734375000000001 0.78125 0.6265625000000001 0.78125 0.6265625000000001 0.8671875 0.6734375000000001 0.8671875
1 0.3234375000000001 0.9609375 0.2468750000000001 0.9609375 0.2468750000000001 1 0.3234375000000001 1
1 0.6609375 0.4625 0.621875 0.4625 0.621875 0.53125 0.6609375 0.53125
1 0.5593750000000001 0.6671875 0.5234375 0.6671875 0.5234375000000001 0.7375 0.5593750000000002 0.7375
1 0.7125000000000001 0.85625 0.6656250000000001 0.85625 0.6656250000000001 0.9328125 0.7125000000000001 0.9328125
1 0.6296875 0.6078125 0.5859375 0.6078125 0.5859375 0.7015625 0.6296875 0.7015625
1 0.7109375 0.2765625000000001 0.6625 0.2765625000000001 0.6625 0.3703125000000001 0.7109375 0.3703125000000001
1 0.48437500000000017 0.959375 0.4281250000000002 0.959375 0.4281250000000002 1 0.48437500000000017 1
1 0.6390625 0.06718750000000008 0.5859375 0.06718750000000007 0.5859375 0.1531250000000001 0.6390625 0.1531250000000001
1 0.675 7.826258450801054e-17 0.603125 7.386151007357474e-17 0.603125 0.04062500000000008 0.675 0.04062500000000008
1 0.7890625000000002 0.9609375 0.7250000000000002 0.9609375 0.7250000000000002 1 0.7890625000000002 1
1 0.7421875000000001 0.6968750000000001 0.6984375 0.696875 0.6984375 0.7500000000000001 0.7421875000000002 0.7500000000000002
1 0.5234375000000001 0.65625 0.484375 0.65625 0.4843750000000001 0.7453125 0.5234375000000002 0.7453125
1 0.5984375 6.946043563913895e-17 0.5359375 6.563341439180346e-17 0.5359375 0.043750000000000074 0.5984375 0.04375000000000008
1 0.4312500000000002 0.9609375 0.3765625000000001 0.9609375 0.3765625000000001 1 0.4312500000000002 1