1 0.9625 0.48750000000000016 0.8234375 0.48750000000000016 0.8234375 0.5593750000000002 0.9625 0.5593750000000002
1 0.965625 0.5375000000000002 0.884375 0.5375000000000002 0.884375 0.5968750000000002 0.965625 0.5968750000000002
1 0.975 0.3734375000000001 0.8953125 0.3734375000000001 0.8953125 0.4281250000000002 0.975 0.4281250000000002
1 0.9015625 0.7593750000000001 0.8078125 0.7593750000000001 0.8078125 0.8078125 0.9015625 0.8078125
1 0.36406250000000007 0.34687500000000004 0.2703125 0.346875 0.27031250000000007 0.39531250000000007 0.36406250000000007 0.39531250000000007
1 0.3015625 0.28125 0.2109375 0.28125 0.2109375 0.3359375 0.3015625 0.3359375
1 0.9234375 0.5625000000000002 0.803125 0.5625000000000002 0.803125 0.6187500000000001 0.9234375 0.6187500000000001
1 0.80625 0.6843750000000001 0.703125 0.684375 0.7031250000000001 0.7453125 0.80625 0.7453125000000002
1 0.3578125000000001 0.378125 0.2375000000000001 0.378125 0.2375000000000001 0.440625 0.3578125000000001 0.440625
1 0.9171875 0.7875000000000002 0.8453125 0.7875000000000002 0.8453125 0.828125 0.9171875 0.828125
1 0.2765625000000001 0.4734375 0.16406250000000006 0.4734375 0.16406250000000006 0.53125 0.2765625000000001 0.53125
1 0.765625 0.659375 0.684375 0.659375 0.684375 0.7031250000000001 0.765625 0.7031250000000002
1 0.3421875 0.3109375 0.2640625 0.3109375 0.2640625 0.35625 0.3421875 0.35625
1 0.34062500000000007 0.575 0.24375000000000008 0.575 0.24375000000000008 0.6203125 0.34062500000000007 0.6203125
1 0.9625 0.5921875000000002 0.903125 0.5921875000000002 0.903125 0.6671875000000002 0.9625 0.6671875000000002
1 0.721875 0.2562500000000001 0.63125 0.2562500000000001 0.63125 0.3140625000000001 0.721875 0.3140625000000001
1 0.8890625 0.4109375000000002 0.771875 0.4109375000000002 0.771875 0.46875000000000017 0.8890625 0.46875000000000017
1 0.27968750000000003 0.3265625 0.14531250000000004 0.3265625 0.14531250000000004 0.4109375 0.2796875000000001 0.4109375
1 0.70625 0.4109375 0.5921875 0.4109375 0.5921875 0.4875 0.70625 0.4875
1 0.8125 0.7625000000000001 0.7093750000000002 0.7625 0.7093750000000002 0.846875 0.8125 0.846875
1 0.37187500000000007 0.4796875 0.2656250000000001 0.4796875 0.2656250000000001 0.5296875 0.37187500000000007 0.5296875
1 0.3078125 0.15156250000000004 0.215625 0.15156250000000004 0.215625 0.2203125 0.3078125 0.2203125
1 0.2921875000000001 0.5265625 0.16093750000000004 0.5265625 0.16093750000000007 0.6015625 0.2921875000000001 0.6015625
1 0.9265625 0.4500000000000002 0.7828125 0.4500000000000002 0.7828125 0.5078125000000002 0.9265625 0.5078125000000002
1 0.19843750000000004 0.2921875 0.07812500000000004 0.2921875 0.07812500000000004 0.3734375 0.19843750000000004 0.3734375
1 0.73125 0.3203125000000001 0.6375 0.3203125000000001 0.6375 0.3812500000000001 0.73125 0.3812500000000001
1 0.665625 0.3687500000000001 0.5984375 0.3687500000000001 0.5984375 0.415625 0.665625 0.415625
1 0.6078125 0.4140625 0.509375 0.4140625 0.509375 0.490625 0.6078125 0.490625
1 0.9734375 0.4234375000000002 0.9109375 0.4234375000000002 0.9109375 0.4734375000000002 0.9734375 0.4734375000000002
1 0.821875 0.6125000000000002 0.7265625 0.6125000000000002 0.7265625 0.6796875000000002 0.821875 0.6796875000000002
1 0.928125 0.3000000000000001 0.840625 0.3000000000000001 0.840625 0.3593750000000001 0.928125 0.3593750000000001
1 0.884375 0.7031250000000002 0.7640625 0.7031250000000002 0.7640625000000001 0.7859375000000002 0.884375 0.7859375000000002
1 0.35625000000000007 0.425 0.20312500000000008 0.425 0.20312500000000008 0.490625 0.35625000000000007 0.490625
1 0.9296875 0.6046875000000002 0.8046875 0.6046875000000002 0.8046875 0.6953125000000002 0.9296875 0.6953125000000002
1 0.365625 0.2828125 0.3109375 0.2828125 0.3109375 0.32656250000000003 0.365625 0.3265625000000001
1 0.8359375 0.11875000000000009 0.7609375 0.11875000000000009 0.7609375 0.16406250000000008 0.8359375 0.16406250000000008
1 0.3359375000000001 0.6125 0.23437500000000008 0.6125 0.23437500000000008 0.6953125 0.3359375000000001 0.6953125
1 0.38125 0.18593750000000003 0.2921875 0.18593750000000003 0.2921875 0.27187500000000003 0.38125 0.2718750000000001
1 0.3265625000000001 0.51875 0.2531250000000001 0.51875 0.2531250000000001 0.553125 0.3265625000000001 0.553125
1 0.9796875 0.2953125000000001 0.928125 0.2953125000000001 0.928125 0.3687500000000001 0.9796875 0.3687500000000001
1 0.73125 0.14843750000000008 0.640625 0.14843750000000008 0.640625 0.2156250000000001 0.73125 0.2156250000000001
1 0.621875 0.628125 0.53125 0.628125 0.53125 0.725 0.621875 0.725
1 0.65625 0.4734375 0.5546875 0.4734375 0.5546875 0.51875 0.65625 0.51875
1 0.5234375000000002 0.80625 0.43750000000000017 0.80625 0.43750000000000017 0.8796875 0.5234375000000002 0.8796875
1 0.6125 0.575 0.490625 0.575 0.490625 0.640625 0.6125 0.640625
1 0.8375 0.503125 0.6953125 0.503125 0.6953125 0.5703125000000001 0.8375 0.5703125000000002
1 0.5890625 0.4703125 0.446875 0.4703125 0.446875 0.5453125 0.5890625 0.5453125
1 0.2953125 0.2125 0.18750000000000006 0.2125 0.18750000000000006 0.2953125 0.2953125 0.2953125
1 0.20468750000000008 0.6625 0.09531250000000009 0.6625 0.09531250000000009 0.76875 0.20468750000000008 0.76875
1 0.696875 0.5078125 0.5921875 0.5078125 0.5921875 0.596875 0.696875 0.596875
1 0.5203125000000001 0.6671875 0.3750000000000001 0.6671875 0.3750000000000001 0.753125 0.5203125000000002 0.753125
1 0.18281250000000004 0.415625 0.057812500000000044 0.415625 0.05781250000000006 0.475 0.18281250000000004 0.475
1 0.5453125 0.596875 0.4046875 0.596875 0.4046875 0.6921875 0.5453125 0.6921875
1 0.10937500000000008 0.6671875 8.170690363061247e-17 0.6671875 8.783013762634924e-17 0.7671875 0.10937500000000008 0.7671875
1 0.69375 0.5921875 0.59375 0.5921875 0.59375 0.6734375 0.69375 0.6734375
1 0.6765625 0.3031250000000001 0.60625 0.3031250000000001 0.60625 0.3468750000000001 0.6765625 0.3468750000000001
1 0.24375000000000008 0.6 0.1515625000000001 0.6 0.1515625000000001 0.6859375 0.24375000000000008 0.6859375
1 0.2968750000000001 0.678125 0.1750000000000001 0.678125 0.1750000000000001 0.7609375 0.2968750000000001 0.7609375
1 0.1359375000000001 0.775 0.009375000000000095 0.775 0.009375000000000102 0.890625 0.1359375000000001 0.890625
1 0.5703125 0.5359375 0.4234375 0.5359375 0.4234375 0.5921875 0.5703125 0.5921875
1 0.6062500000000001 0.715625 0.4734375 0.715625 0.47343750000000007 0.803125 0.6062500000000002 0.803125
1 0.5390625 0.37187500000000007 0.4734375 0.37187500000000007 0.4734375 0.415625 0.5390625 0.415625
1 0.19687500000000008 0.496875 6.084963783263412e-17 0.496875 6.534638779825331e-17 0.5703125 0.19687500000000008 0.5703125
1 0.9703125 0.4703125000000002 0.93125 0.4703125000000002 0.93125 0.5375000000000002 0.9703125 0.5375000000000002
1 0.7109375000000001 0.6828125 0.59375 0.6828125 0.5937500000000001 0.80625 0.7109375000000002 0.80625
1 0.6687500000000002 0.7703125 0.5546875000000002 0.7703125 0.5546875000000002 0.84375 0.6687500000000002 0.84375
1 0.043750000000000094 0.76875 9.414472268445279e-17 0.76875 9.978957902427261e-17 0.8609375 0.0437500000000001 0.8609375
1 0.3156250000000001 0.7375 0.1921875000000001 0.7375 0.1921875000000001 0.81875 0.3156250000000001 0.81875
1 0.15625000000000008 0.596875 7.309610582410764e-17 0.596875 7.778420685209361e-17 0.6734375 0.15625000000000008 0.6734375
1 0.2250000000000001 0.7609375 0.12031250000000009 0.7609375 0.12031250000000009 0.8859375 0.2250000000000001 0.8859375
1 0.6484375 0.1468750000000001 0.596875 0.1468750000000001 0.596875 0.20312500000000008 0.6484375 0.20312500000000008
1 0.3187500000000001 0.796875 0.2093750000000001 0.796875 0.2093750000000001 0.8921875 0.3187500000000001 0.8921875
1 0.953125 0.7687500000000002 0.9 0.7687500000000002 0.9 0.8390625 0.953125 0.8390625
1 0.9828125 0.2578125000000001 0.9296875 0.2578125000000001 0.9296875 0.2984375000000001 0.9828125 0.2984375000000001
1 0.4281250000000002 0.7640625 0.3343750000000001 0.7640625 0.3343750000000001 0.859375 0.4281250000000002 0.859375
1 0.5625000000000002 0.778125 0.47187500000000016 0.778125 0.47187500000000016 0.8265625 0.5625000000000002 0.8265625
1 0.9875 0.18437500000000012 0.9453125 0.18437500000000012 0.9453125 0.2562500000000001 0.9875 0.2562500000000001
1 0.19531250000000006 0.2078125 0.13281250000000006 0.2078125 0.13281250000000006 0.253125 0.19531250000000006 0.253125
1 0.9578125 0.6703125000000002 0.9109375 0.6703125000000002 0.9109375 0.7687500000000002 0.9578125 0.7687500000000002
1 0.25468750000000007 0.3953125 0.16406250000000006 0.3953125 0.16406250000000006 0.4515625 0.25468750000000007 0.4515625
1 0.484375 0.2468750000000001 0.4125 0.2468750000000001 0.4125 0.29375000000000007 0.484375 0.29375000000000007
1 0.2156250000000001 0.55625 0.040625000000000064 0.55625 0.04062500000000007 0.6125 0.2156250000000001 0.6125
1 0.20468750000000008 0.375 0.14062500000000006 0.375 0.14062500000000006 0.4140625 0.20468750000000008 0.4140625
1 0.934375 0.25468750000000007 0.846875 0.25468750000000007 0.846875 0.3062500000000001 0.934375 0.3062500000000001
1 0.14062500000000008 0.746875 0.08125000000000009 0.746875 0.08125000000000009 0.78125 0.14062500000000008 0.78125