1 0.3 0.19843750000000004 0.19062500000000004 0.19843750000000004 0.19062500000000004 0.3203125 0.3 0.3203125
1 0.403125 0.290625 0.3234375 0.290625 0.32343750000000004 0.4109375 0.403125 0.4109375
1 0.2015625 0.209375 0.13125000000000003 0.209375 0.13125000000000003 0.3078125 0.2015625 0.3078125
1 0.2906250000000001 0.709375 0.2015625000000001 0.709375 0.2015625000000001 0.821875 0.2906250000000001 0.821875
1 0.19531250000000008 0.559375 0.1140625000000001 0.559375 0.1140625000000001 0.6640625 0.19531250000000008 0.6640625
1 0.478125 0.3265625000000001 0.4015625 0.3265625000000001 0.4015625 0.4625 0.478125 0.4625
1 0.36406250000000007 0.6296875 0.2843750000000001 0.6296875 0.2843750000000001 0.7171875 0.36406250000000007 0.7171875
1 0.39531250000000007 0.5515625 0.3125000000000001 0.5515625 0.3125000000000001 0.65625 0.39531250000000007 0.65625
1 0.2171875 0.07187500000000002 0.1046875 0.07187500000000002 0.10468750000000002 0.18750000000000003 0.2171875 0.18750000000000006
1 0.4546875 0.001562500000000051 0.38125 0.0015625000000000465 0.38125 0.07500000000000005 0.4546875 0.07500000000000007
1 0.41406250000000017 0.7625 0.3375000000000001 0.7625 0.3375000000000001 0.86875 0.41406250000000017 0.86875
1 0.4078125 0.21093750000000006 0.3421875 0.2109375 0.3421875 0.32656250000000003 0.4078125 0.3265625000000001
1 0.2875 0.009375000000000033 0.2203125 0.009375000000000027 0.2203125 0.11406250000000004 0.2875 0.11406250000000004
1 0.2593750000000001 0.55625 0.19531250000000008 0.55625 0.19531250000000008 0.728125 0.2593750000000001 0.728125
1 0.47343750000000007 0.696875 0.3984375000000001 0.696875 0.3984375000000001 0.8078125 0.4734375000000002 0.8078125
1 0.51875 0.07031250000000007 0.4640625 0.07031250000000007 0.4640625 0.19531250000000006 0.51875 0.19531250000000006
1 0.2093750000000001 0.7484375 0.15000000000000008 0.7484375 0.15000000000000008 0.8578125 0.2093750000000001 0.8578125
1 0.3140625000000001 0.5515625 0.2484375000000001 0.5515625 0.2484375000000001 0.6734375 0.3140625000000001 0.6734375
1 0.8609375 0.5125000000000002 0.7890625 0.5125000000000002 0.7890625 0.6281250000000002 0.8609375 0.6281250000000002
1 0.55625 0.3125000000000001 0.4875 0.3125000000000001 0.4875 0.4140625 0.55625 0.4140625
1 0.5234375 0.38750000000000007 0.4671875 0.38750000000000007 0.4671875 0.48125 0.5234375 0.48125
1 0.696875 0.446875 0.6296875 0.446875 0.6296875 0.5359375 0.696875 0.5359375
1 0.9296875 0.16093750000000012 0.8578125 0.1609375000000001 0.8578125 0.2687500000000001 0.9296875 0.2687500000000001
1 0.453125 0.2140625000000001 0.3953125 0.2140625000000001 0.3953125 0.3343750000000001 0.453125 0.3343750000000001
1 0.5953125000000001 0.740625 0.5281250000000002 0.740625 0.5281250000000002 0.86875 0.5953125000000001 0.86875
1 0.3218750000000001 0.896875 0.2593750000000001 0.896875 0.2593750000000001 0.9921875 0.3218750000000001 0.9921875
1 0.45 0.575 0.38750000000000007 0.575 0.38750000000000007 0.696875 0.45 0.696875
1 0.221875 0.02031250000000002 0.15 0.020312500000000018 0.15 0.11093750000000002 0.221875 0.11093750000000005
1 0.3781250000000001 0.89375 0.3125000000000001 0.89375 0.3125000000000001 0.9984375 0.3781250000000001 0.9984375
1 0.40312500000000007 0.65625 0.3500000000000001 0.65625 0.3500000000000001 0.7703125 0.4031250000000002 0.7703125
1 0.6687500000000002 0.8984375 0.6031250000000001 0.8984375 0.6031250000000001 0.99375 0.6687500000000002 0.99375
1 0.7546875 0.1828125000000001 0.678125 0.1828125000000001 0.678125 0.2796875000000001 0.7546875 0.2796875000000001
1 0.596875 0.3750000000000001 0.5390625 0.3750000000000001 0.5390625 0.453125 0.596875 0.453125
1 0.496875 0.5984375 0.434375 0.5984375 0.434375 0.7203125 0.496875 0.7203125
1 0.21875000000000008 0.64375 0.1703125000000001 0.64375 0.1703125000000001 0.7625 0.21875000000000008 0.7625
1 0.765625 0.042187500000000086 0.684375 0.042187500000000086 0.684375 0.1921875000000001 0.765625 0.1921875000000001
1 0.2531250000000001 0.9015625 0.1703125000000001 0.9015625 0.17031250000000012 1 0.2531250000000001 1
1 0.48437500000000017 0.890625 0.4281250000000002 0.890625 0.4281250000000002 1 0.48437500000000017 1
1 0.6515625000000002 0.7640625 0.5875000000000001 0.7640625 0.5875000000000001 0.871875 0.6515625000000002 0.871875
1 0.4984375 0.2171875000000001 0.4515625 0.2171875000000001 0.4515625 0.3281250000000001 0.4984375 0.3281250000000001
1 0.7984375000000001 0.6250000000000002 0.7390625 0.6250000000000002 0.7390625000000001 0.7265625000000002 0.7984375000000001 0.7265625000000002
1 0.659375 0.003125000000000077 0.5984375 0.0031250000000000735 0.5984375 0.11718750000000008 0.659375 0.11718750000000008
1 0.51875 0.5421875 0.459375 0.5421875 0.459375 0.646875 0.51875 0.646875
1 0.6375 0.575 0.578125 0.575 0.578125 0.7125 0.6375 0.7125
1 0.6890625 8.15155525682457e-17 0.6421875 7.864528663274409e-17 0.6421875 0.0750000000000001 0.6890625 0.0750000000000001
1 0.6484375 0.37968750000000007 0.596875 0.37968750000000007 0.596875 0.4671875 0.6484375 0.4671875
1 0.721875 0.5484375 0.65625 0.5484375 0.65625 0.628125 0.721875 0.628125
1 0.5765625 0.6265625 0.525 0.6265625 0.525 0.7078125 0.5765625 0.7078125
1 0.7359375 0.30937500000000007 0.671875 0.30937500000000007 0.671875 0.4062500000000001 0.7359375 0.40625000000000017
1 0.6328125 0.2000000000000001 0.575 0.2000000000000001 0.575 0.3078125000000001 0.6328125 0.3078125000000001
1 0.7078125000000002 0.790625 0.6484375000000002 0.790625 0.6484375000000002 0.875 0.7078125000000002 0.875
1 0.5421875 0.2328125000000001 0.4921875 0.2328125000000001 0.4921875 0.3218750000000001 0.5421875 0.3218750000000001
1 0.6781250000000001 0.6921875 0.6140625 0.6921875 0.6140625000000001 0.7890625 0.6781250000000002 0.7890625
1 0.6984375 0.621875 0.64375 0.621875 0.64375 0.725 0.6984375 0.725
1 0.7218750000000002 0.7390625 0.6734375000000001 0.7390625 0.6734375000000001 0.821875 0.7218750000000002 0.821875
1 0.5281250000000001 0.653125 0.478125 0.653125 0.4781250000000001 0.7359375 0.5281250000000002 0.7359375
1 0.628125 0.4515625 0.584375 0.4515625 0.584375 0.5109375 0.628125 0.5109375
1 0.859375 0.19687500000000008 0.809375 0.19687500000000008 0.809375 0.27812500000000007 0.859375 0.27812500000000007
1 0.6046875 0.2843750000000001 0.5578125 0.2843750000000001 0.5578125 0.3859375000000001 0.6046875 0.3859375000000001
1 0.5609375 0.0015625000000000651 0.5015625 0.0015625000000000617 0.5015625 0.05156250000000007 0.5609375 0.05156250000000007
1 0.665625 0.5515625 0.60625 0.5515625 0.60625 0.64375 0.665625 0.64375
1 0.6296875 0.07812500000000007 0.578125 0.07812500000000007 0.578125 0.1609375000000001 0.6296875 0.1609375000000001
1 0.7421875 0.6062500000000001 0.69375 0.60625 0.69375 0.7000000000000001 0.7421875 0.7000000000000002
1 0.6156250000000001 0.6875 0.5640625 0.6875 0.5640625000000001 0.7828125 0.6156250000000002 0.7828125
1 0.5312500000000002 0.8953125 0.4890625000000002 0.8953125 0.4890625000000002 0.9703125 0.5312500000000002 0.9703125
1 0.64375 0.2968750000000001 0.6 0.2968750000000001 0.6 0.37968750000000007 0.64375 0.37968750000000007
1 0.55625 0.5484375 0.5125 0.5484375 0.5125 0.6390625 0.55625 0.6390625
1 0.6140625000000002 0.9328125 0.5625000000000002 0.9328125 0.5625000000000002 1 0.6140625000000002 1
1 0.6984375 0.08437500000000009 0.6515625 0.08437500000000009 0.6515625 0.1765625000000001 0.6984375 0.1765625000000001
1 0.5687500000000002 0.9078125 0.5281250000000002 0.9078125 0.5281250000000002 1 0.5687500000000002 1
1 0.2000000000000001 0.9 0.12343750000000009 0.9 0.12343750000000012 1 0.2000000000000001 1
1 0.5734375 0.16562500000000008 0.5328125 0.16562500000000005 0.5328125 0.30156250000000007 0.5734375 0.30156250000000007
1 0.5828125 0.04531250000000007 0.546875 0.04531250000000007 0.546875 0.1359375000000001 0.5828125 0.1359375000000001
1 0.778125 0.5625000000000002 0.734375 0.5625000000000002 0.734375 0.6218750000000002 0.778125 0.6218750000000002
1 0.678125 0.2000000000000001 0.6296875 0.2000000000000001 0.6296875 0.2828125000000001 0.678125 0.2828125000000001
1 0.5703125 0.12031250000000007 0.5265625 0.12031250000000004 0.5265625 0.18750000000000006 0.5703125 0.18750000000000008
1 0.6046875 0.0015625000000000714 0.5609375 0.0015625000000000686 0.5609375 0.04843750000000007 0.6046875 0.04843750000000008
1 0.6359375 0.1375000000000001 0.5921875 0.1375000000000001 0.5921875 0.2093750000000001 0.6359375 0.2093750000000001
1 0.2421875 0.0015625000000000263 0.1859375 0.0015625000000000229 0.1859375 0.05312500000000002 0.2421875 0.05312500000000002
1 0.5953125 0.546875 0.5515625 0.546875 0.5515625 0.6203125 0.5953125 0.6203125
1 0.4312500000000002 0.95 0.3625000000000001 0.95 0.3625000000000001 1 0.4312500000000002 1
1 0.3140625 0.0015625000000000343 0.25 0.0015625000000000304 0.25 0.039062500000000035 0.3140625 0.039062500000000035