1 0.3359375000000001 0.425 0.2500000000000001 0.425 0.2500000000000001 0.51875 0.3359375000000001 0.51875
1 0.6953125 0.3468750000000001 0.640625 0.3468750000000001 0.640625 0.4171875 0.6953125 0.4171875
1 0.61875 0.18750000000000008 0.575 0.18750000000000008 0.575 0.28593750000000007 0.61875 0.28593750000000007
1 0.715625 0.1546875000000001 0.6515625 0.1546875000000001 0.6515625 0.24375000000000008 0.715625 0.24375000000000008
1 0.6328125 0.05937500000000007 0.5734375 0.05937500000000007 0.5734375 0.17968750000000008 0.6328125 0.17968750000000008
1 0.5484375 0.17187500000000006 0.50625 0.17187500000000006 0.50625 0.2515625000000001 0.5484375 0.2515625000000001
1 0.6421875 0.38750000000000007 0.5953125 0.38750000000000007 0.5953125 0.4890625 0.6421875 0.4890625
1 0.746875 0.07812500000000008 0.7 0.07812500000000008 0.7 0.16406250000000008 0.746875 0.16406250000000008
1 0.5890625 0.440625 0.5328125 0.440625 0.5328125 0.5375 0.5890625 0.5375
1 0.5828125 0.17343750000000008 0.546875 0.17343750000000008 0.546875 0.2609375000000001 0.5828125 0.2609375000000001
1 0.7640625 0.1468750000000001 0.715625 0.1468750000000001 0.715625 0.2468750000000001 0.7640625 0.2468750000000001
1 0.4015625000000001 0.7046875 0.3296875000000001 0.7046875 0.3296875000000001 0.8046875 0.40156250000000016 0.8046875
1 0.540625 0.05468750000000007 0.484375 0.05468750000000007 0.484375 0.17968750000000006 0.540625 0.17968750000000006
1 0.3140625 0.18125000000000005 0.259375 0.18125000000000005 0.259375 0.2859375 0.3140625 0.2859375
1 0.5125 0.16406250000000006 0.425 0.16406250000000006 0.425 0.2750000000000001 0.5125 0.2750000000000001
1 0.37031250000000004 0.290625 0.3109375 0.290625 0.31093750000000003 0.40625 0.3703125000000001 0.40625
1 0.15625000000000008 0.6953125 0.07812500000000008 0.6953125 0.0781250000000001 0.8890625 0.15625000000000008 0.8890625
1 0.409375 0.4640625 0.3359375000000001 0.4640625 0.3359375000000001 0.546875 0.409375 0.546875
1 0.665625 0.2765625000000001 0.590625 0.2765625000000001 0.590625 0.3593750000000001 0.665625 0.3593750000000001
1 0.378125 0.19375000000000003 0.3046875 0.19375000000000003 0.3046875 0.30781250000000004 0.378125 0.3078125000000001
1 0.6843750000000002 0.853125 0.6203125000000002 0.853125 0.6203125000000002 0.9390625 0.6843750000000002 0.9390625
1 0.81875 0.8046875 0.7671875000000001 0.8046875 0.7671875000000001 0.8875 0.81875 0.8875
1 0.4921875 0.440625 0.4046875 0.440625 0.4046875 0.5453125 0.4921875 0.5453125
1 0.690625 0.08593750000000008 0.621875 0.08593750000000007 0.621875 0.1828125000000001 0.690625 0.1828125000000001
1 0.2546875 0.03125000000000003 0.1828125 0.03125000000000002 0.1828125 0.15937500000000004 0.2546875 0.15937500000000004
1 0.690625 0.4625 0.63125 0.4625 0.63125 0.55625 0.690625 0.55625
1 0.5390625000000002 0.7453125 0.4734375000000002 0.7453125 0.4734375000000002 0.8296875 0.5390625000000002 0.8296875
1 0.2453125000000001 0.3859375 0.19218750000000004 0.3859375 0.19218750000000004 0.4828125 0.2453125000000001 0.4828125
1 0.6296875 0.5140625 0.5734375 0.5140625 0.5734375 0.584375 0.6296875 0.584375
1 0.5828125 0.609375 0.49375 0.609375 0.49375 0.7109375 0.5828125 0.7109375
1 0.2625 0.16093750000000004 0.2078125 0.16093750000000004 0.2078125 0.2515625 0.2625 0.2515625
1 0.19218750000000004 0.3703125 0.10000000000000005 0.3703125 0.10000000000000005 0.465625 0.19218750000000004 0.465625
1 0.2406250000000001 0.6796875 0.15625000000000008 0.6796875 0.15625000000000008 0.809375 0.2406250000000001 0.809375
1 0.83125 0.46093750000000017 0.790625 0.46093750000000017 0.790625 0.5203125000000002 0.83125 0.5203125000000002
1 0.2453125 0.19843750000000002 0.16718750000000004 0.1984375 0.16718750000000004 0.3 0.2453125 0.3
1 0.7562500000000002 0.7765625 0.7125000000000001 0.7765625 0.7125000000000001 0.8609375 0.7562500000000002 0.8609375
1 0.19062500000000007 0.4609375 0.10781250000000005 0.4609375 0.10781250000000006 0.546875 0.1906250000000001 0.546875
1 0.5562500000000001 0.8171875 0.4656250000000002 0.8171875 0.4656250000000002 0.9296875 0.5562500000000001 0.9296875
1 0.596875 0.70625 0.540625 0.70625 0.5406250000000001 0.8640625 0.5968750000000002 0.8640625
1 0.6296875000000002 0.840625 0.5781250000000002 0.840625 0.5781250000000002 0.934375 0.6296875000000002 0.934375
1 0.7218750000000002 0.7671875 0.6640625000000002 0.7671875 0.6640625000000002 0.8859375 0.7218750000000002 0.8859375
1 0.22812500000000005 0.2984375 0.15312500000000004 0.2984375 0.15312500000000004 0.4015625 0.22812500000000008 0.4015625
1 0.5312500000000001 0.68125 0.4796875 0.68125 0.4796875000000001 0.7640625 0.5312500000000002 0.7640625
1 0.4875 0.3000000000000001 0.440625 0.3000000000000001 0.440625 0.4234375 0.4875 0.4234375
1 0.7046875 8.362041425428021e-17 0.6609375 8.094149938114538e-17 0.6609375 0.0906250000000001 0.7046875 0.0906250000000001
1 0.5375 0.45 0.4921875 0.45 0.4921875 0.559375 0.5375 0.559375
1 0.415625 0.39062500000000006 0.3234375000000001 0.390625 0.3234375000000001 0.471875 0.415625 0.471875
1 0.6390625 0.3546875000000001 0.6 0.3546875000000001 0.6 0.4046875 0.6390625 0.4046875
1 0.6406250000000002 0.728125 0.5921875000000002 0.728125 0.5921875000000002 0.853125 0.6406250000000002 0.853125
1 0.5578125 0.2921875000000001 0.4953125 0.2921875000000001 0.4953125 0.3906250000000001 0.5578125 0.3906250000000001
1 0.7453125 8.830851528226617e-17 0.696875 8.534257381558118e-17 0.696875 0.0906250000000001 0.7453125 0.0906250000000001
1 0.3109375000000001 0.525 0.24218750000000008 0.525 0.24218750000000008 0.60625 0.3109375000000001 0.60625
1 0.7375 0.6609375000000001 0.646875 0.6609375 0.6468750000000001 0.7796875000000001 0.7375000000000002 0.7796875000000002
1 0.6562500000000001 0.6125 0.6046875 0.6125 0.6046875 0.7359375 0.6562500000000002 0.7359375
1 0.26250000000000007 0.834375 0.18750000000000008 0.834375 0.1875000000000001 0.9265625 0.26250000000000007 0.9265625
1 0.6640625000000002 0.765625 0.6312500000000002 0.765625 0.6312500000000002 0.85625 0.6640625000000002 0.85625
1 0.3921875000000001 0.7953125 0.3140625000000001 0.7953125 0.3140625000000001 0.996875 0.3921875000000001 0.996875
1 0.6546875 0.2140625000000001 0.615625 0.2140625000000001 0.615625 0.2687500000000001 0.6546875 0.2687500000000001
1 0.825 9.854579711888858e-17 0.784375 9.605823330812052e-17 0.784375 0.0531250000000001 0.825 0.05312500000000011
1 0.3296875 0.2921875 0.221875 0.2921875 0.22187500000000004 0.428125 0.3296875000000001 0.428125
1 0.603125 0.30156250000000007 0.5578125 0.30156250000000007 0.5578125 0.4453125 0.603125 0.4453125
1 0.446875 0.07968750000000005 0.3734375 0.07968750000000005 0.3734375 0.19687500000000005 0.446875 0.19687500000000005
1 0.7046875 0.609375 0.6546875 0.609375 0.6546875 0.671875 0.7046875 0.671875
1 0.6171875000000001 0.6734375 0.578125 0.6734375 0.5781250000000001 0.7390625 0.6171875000000002 0.7390625
1 0.2921875 3.224265400880141e-17 0.234375 2.870265935501609e-17 0.234375 0.08437500000000003 0.2921875 0.08437500000000005
1 0.8296875 0.3109375000000001 0.784375 0.3109375000000001 0.784375 0.3734375000000001 0.8296875 0.3734375000000001
1 0.390625 0.050000000000000044 0.3140625 0.050000000000000044 0.3140625 0.16406250000000006 0.390625 0.16406250000000006
1 0.509375 0.3453125000000001 0.4640625 0.3453125000000001 0.4640625 0.4765625 0.509375 0.4765625
1 0.17187500000000008 0.621875 0.10468750000000009 0.621875 0.10468750000000009 0.725 0.17187500000000008 0.725
1 0.5625 6.477233461115298e-17 0.4953125 6.065828677026735e-17 0.4953125 0.09062500000000007 0.5625 0.09062500000000007
1 0.4984375 5.826639849068266e-17 0.453125 5.5491808086364444e-17 0.453125 0.10156250000000004 0.4984375 0.10156250000000004
1 0.4828125 0.10937500000000004 0.4421875 0.10937500000000004 0.4421875 0.16875000000000004 0.4828125 0.16875000000000004
1 0.7375000000000002 0.8640625 0.6953125000000002 0.8640625 0.6953125000000002 0.928125 0.7375000000000002 0.928125
1 0.36875 4.142750500240656e-17 0.3078125 3.769615928625447e-17 0.3078125 0.07500000000000004 0.36875 0.07500000000000004
1 0.4843750000000001 0.615625 0.4171875 0.615625 0.4171875000000001 0.83125 0.48437500000000017 0.83125
1 0.315625 0.28125 0.271875 0.28125 0.271875 0.35 0.315625 0.35
1 0.603125 7.099124413807313e-17 0.55625 6.812097820257152e-17 0.55625 0.1062500000000001 0.603125 0.1062500000000001
1 0.1875000000000001 0.8765625 0.10781250000000009 0.8765625 0.10781250000000012 0.98125 0.18750000000000014 0.98125
1 0.3390625 0.08281250000000004 0.246875 0.08281250000000002 0.246875 0.2046875 0.3390625 0.2046875
1 0.43281250000000016 0.75625 0.3812500000000001 0.75625 0.3812500000000001 0.890625 0.43281250000000016 0.890625
1 0.8203125 0.7687500000000002 0.7765625000000002 0.7687500000000002 0.7765625000000002 0.8203125 0.8203125 0.8203125
1 0.3031250000000001 0.734375 0.2296875000000001 0.734375 0.2296875000000001 0.8796875 0.3031250000000001 0.8796875
1 0.4609375 5.3099919806779773e-17 0.40625 4.975127621536122e-17 0.40625 0.11562500000000005 0.4609375 0.11562500000000005
1 0.290625 0.3625 0.2265625 0.3625 0.22656250000000006 0.44375 0.2906250000000001 0.44375
1 0.8 0.2828125000000001 0.76875 0.2828125000000001 0.76875 0.3390625000000001 0.8 0.3390625000000001
1 0.75 0.47343750000000007 0.7140625 0.4734375 0.7140625 0.5234375000000001 0.75 0.5234375000000002
1 0.6609375 0.02656250000000008 0.625 0.02656250000000008 0.625 0.08750000000000008 0.6609375 0.08750000000000009
1 0.8390625 0.6031250000000001 0.803125 0.6031250000000001 0.803125 0.6500000000000001 0.8390625 0.6500000000000001
1 0.2265625 2.315347854637965e-17 0.1515625 1.8561053049577072e-17 0.1515625 0.08593750000000003 0.2265625 0.08593750000000003
1 0.4203125 0.5953125 0.3546875000000001 0.5953125 0.3546875000000001 0.7125 0.4203125 0.7125
1 0.4078125 0.0015625000000000476 0.365625 0.0015625000000000452 0.365625 0.07968750000000005 0.4078125 0.07968750000000005
1 0.3421875000000001 0.7734375 0.2750000000000001 0.7734375 0.2750000000000001 0.921875 0.3421875000000001 0.921875
1 0.4390625 0.2453125000000001 0.3671875 0.2453125000000001 0.36718750000000006 0.4328125 0.4390625 0.4328125
1 0.36406250000000007 0.61875 0.2078125000000001 0.61875 0.2078125000000001 0.7515625 0.36406250000000007 0.7515625