1 0.3375000000000001 0.4828125 0.22812500000000008 0.4828125 0.22812500000000008 0.55 0.3375000000000001 0.55
1 0.23750000000000004 0.3359375 0.12656250000000005 0.3359375 0.12656250000000005 0.390625 0.2375000000000001 0.390625
1 0.09062500000000005 0.44375 0.023437500000000056 0.44375 0.02343750000000006 0.5015625 0.09062500000000007 0.5015625
1 0.11875000000000005 0.403125 0.02187500000000005 0.403125 0.021875000000000054 0.453125 0.11875000000000005 0.453125
1 0.21250000000000008 0.43125 0.13125000000000003 0.43125 0.13125000000000003 0.48125 0.21250000000000008 0.48125
1 0.24375000000000008 0.5109375 0.14687500000000003 0.5109375 0.14687500000000006 0.5703125 0.24375000000000008 0.5703125
1 0.78125 0.6015625000000001 0.6734375 0.6015625 0.6734375 0.6765625000000001 0.78125 0.6765625000000002
1 0.29375000000000007 0.5359375 0.17343750000000005 0.5359375 0.17343750000000008 0.61875 0.29375000000000007 0.61875
1 0.12656250000000005 0.325 0.01718750000000004 0.325 0.017187500000000043 0.4125 0.12656250000000005 0.4125
1 0.2828125000000001 0.43125 0.18906250000000005 0.43125 0.18906250000000005 0.5 0.2828125000000001 0.5
1 0.6453125 0.2250000000000001 0.5515625 0.2250000000000001 0.5515625 0.2765625000000001 0.6453125 0.2765625000000001
1 0.2656250000000001 0.3796875 0.14062500000000006 0.3796875 0.14062500000000006 0.4390625 0.2656250000000001 0.4390625
1 0.28125 0.17187500000000006 0.190625 0.17187500000000006 0.19062500000000002 0.2375 0.28125 0.2375
1 0.221875 0.2734375 0.11562500000000005 0.2734375 0.11562500000000005 0.35 0.221875 0.35
1 0.940625 0.0375000000000001 0.8265625 0.0375000000000001 0.8265625 0.12343750000000012 0.940625 0.12343750000000013
1 0.390625 0.20468750000000005 0.2359375 0.2046875 0.2359375 0.29218750000000004 0.390625 0.2921875000000001
1 0.5546875 0.4171875 0.4546875 0.4171875 0.4546875 0.4703125 0.5546875 0.4703125
1 0.3390625000000001 0.4421875 0.2750000000000001 0.4421875 0.2750000000000001 0.490625 0.3390625000000001 0.490625
1 1 0.1031250000000001 0.88125 0.10312500000000009 0.88125 0.19375000000000012 1 0.19375000000000014
1 0.09843750000000004 0.24375 0.012500000000000028 0.24375 0.012500000000000034 0.3125 0.09843750000000004 0.3125
1 0.2234375 0.15468750000000003 0.1203125 0.1546875 0.12031250000000002 0.20625 0.2234375 0.20625
1 0.5640625 0.5421875 0.4640625 0.5421875 0.4640625 0.6078125 0.5640625 0.6078125
1 0.5703125 0.10156250000000007 0.45 0.10156250000000004 0.45 0.16250000000000006 0.5703125 0.1625000000000001
1 0.6734375 0.6203125 0.5796875 0.6203125 0.5796875 0.69375 0.6734375 0.69375
1 0.4140625 0.13906250000000003 0.2796875 0.13906250000000003 0.2796875 0.23437500000000006 0.4140625 0.23437500000000008
1 0.31562500000000004 0.26875 0.2078125 0.26875 0.20781250000000004 0.3703125 0.3156250000000001 0.3703125
1 0.3234375000000001 0.4109375 0.2609375000000001 0.4109375 0.2609375000000001 0.45 0.3234375000000001 0.45
1 0.80625 0.6500000000000001 0.7171875 0.65 0.7171875000000001 0.7281250000000001 0.80625 0.7281250000000001
1 0.5640625 0.6046875 0.475 0.6046875 0.475 0.671875 0.5640625 0.671875
1 0.27031250000000007 0.621875 0.1906250000000001 0.621875 0.1906250000000001 0.6875 0.27031250000000007 0.6875
1 0.2296875000000001 0.4671875 0.14375000000000004 0.4671875 0.14375000000000004 0.5125 0.2296875000000001 0.5125
1 0.9921875 0.15468750000000012 0.83125 0.1546875000000001 0.83125 0.2390625000000001 0.9921875 0.2390625000000001
1 0.940625 0.3218750000000001 0.8265625 0.3218750000000001 0.8265625 0.4203125000000002 0.940625 0.4203125000000002
1 0.08906250000000002 0.16875 0.02343750000000002 0.16875 0.023437500000000024 0.2171875 0.08906250000000002 0.2171875
1 0.035937500000000025 0.1578125 0.007812500000000019 0.1578125 0.007812500000000024 0.2484375 0.03593750000000003 0.2484375
1 0.74375 0.3218750000000001 0.571875 0.3218750000000001 0.571875 0.4000000000000001 0.74375 0.4000000000000002
1 0.3515625000000001 0.59375 0.2718750000000001 0.59375 0.2718750000000001 0.6453125 0.3515625000000001 0.6453125
1 0.7875 0.12343750000000009 0.65 0.12343750000000009 0.65 0.2156250000000001 0.7875 0.2156250000000001
1 0.809375 0.5296875000000001 0.7 0.5296875 0.7 0.6031250000000001 0.809375 0.6031250000000001
1 0.415625 0.63125 0.30937500000000007 0.63125 0.30937500000000007 0.690625 0.415625 0.690625
1 0.8734375 0.1781250000000001 0.7125 0.1781250000000001 0.7125 0.2671875000000001 0.8734375 0.2671875000000001
1 0.2156250000000001 0.6109375 0.12656250000000008 0.6109375 0.12656250000000008 0.678125 0.2156250000000001 0.678125
1 0.65625 0.40625 0.534375 0.40625 0.534375 0.4734375 0.65625 0.4734375
1 0.6578125 0.2656250000000001 0.5640625 0.2656250000000001 0.5640625 0.34843750000000007 0.6578125 0.34843750000000007
1 0.628125 0.14687500000000006 0.496875 0.14687500000000003 0.496875 0.24375000000000008 0.628125 0.24375000000000008
1 1 0.007812500000000116 0.9125 0.007812500000000111 0.9125 0.10468750000000013 1 0.10468750000000013
1 0.9609375 0.22031250000000008 0.8265625 0.22031250000000008 0.8265625 0.3312500000000001 0.9609375 0.3312500000000001
1 0.4609375000000001 0.678125 0.3031250000000001 0.678125 0.3031250000000001 0.74375 0.46093750000000017 0.74375
1 0.7609375 0.2062500000000001 0.6390625 0.2062500000000001 0.6390625 0.3296875000000001 0.7609375 0.3296875000000001
1 0.23593750000000008 0.734375 0.17968750000000008 0.734375 0.17968750000000008 0.7765625 0.23593750000000008 0.7765625
1 0.96875 0.7000000000000002 0.8828125 0.7000000000000002 0.8828125 0.7593750000000001 0.96875 0.7593750000000001
1 1 0.6453125000000002 0.9203125 0.6453125000000002 0.9203125 0.7078125000000002 1 0.7078125000000002
1 0.940625 0.4703125000000002 0.8234375 0.4703125000000002 0.8234375 0.5656250000000002 0.940625 0.5656250000000002
1 0.909375 0.0875000000000001 0.7765625 0.08750000000000009 0.7765625 0.18593750000000012 0.909375 0.18593750000000014
1 0.421875 0.43125 0.3218750000000001 0.43125 0.3218750000000001 0.49375 0.421875 0.49375
1 0.4453125 0.5546875 0.3187500000000001 0.5546875 0.3187500000000001 0.64375 0.4453125 0.64375
1 0.6046875 0.4578125 0.4453125 0.4578125 0.4453125 0.528125 0.6046875 0.528125
1 0.22812500000000008 0.665625 0.13281250000000008 0.665625 0.13281250000000008 0.740625 0.22812500000000008 0.740625
1 0.95 0.6484375000000002 0.8296875 0.6484375000000002 0.8296875 0.7343750000000002 0.95 0.7343750000000002
1 1 0.5109375000000002 0.9125 0.5109375000000002 0.9125 0.5890625000000002 1 0.5890625000000002
1 0.746875 0.51875 0.6734375 0.51875 0.6734375 0.5546875000000001 0.746875 0.5546875000000002
1 0.09218750000000005 0.303125 0.01718750000000004 0.303125 0.017187500000000043 0.353125 0.09218750000000005 0.353125
1 0.553125 0.66875 0.484375 0.66875 0.484375 0.7203125 0.553125 0.7203125
1 0.5296875 0.15312500000000004 0.4609375 0.15312500000000004 0.4609375 0.2234375000000001 0.5296875 0.2234375000000001
1 0.296875 0.08437500000000003 0.1640625 0.08437500000000002 0.16406250000000003 0.18750000000000003 0.296875 0.18750000000000006
1 0.553125 0.2171875000000001 0.45 0.2171875000000001 0.45 0.2718750000000001 0.553125 0.2718750000000001
1 0.5453125 0.3437500000000001 0.44375 0.3437500000000001 0.44375 0.4265625 0.5453125 0.4265625
1 0.27031250000000007 0.753125 0.2093750000000001 0.753125 0.2093750000000001 0.7953125 0.27031250000000007 0.7953125
1 0.09375000000000008 0.75 0.04062500000000009 0.75 0.04062500000000009 0.796875 0.09375000000000008 0.796875
1 0.94375 0.5625000000000002 0.8296875 0.5625000000000002 0.8296875 0.6640625000000002 0.94375 0.6640625000000002
1 0.23125 0.20625 0.14843750000000006 0.20625 0.14843750000000006 0.265625 0.23125 0.265625
1 1 0.3859375000000001 0.89375 0.3859375000000001 0.89375 0.5140625000000002 1 0.5140625000000002
1 0.9125 0.42968750000000017 0.8390625 0.42968750000000017 0.8390625 0.46875000000000017 0.9125 0.46875000000000017
1 0.5765625 0.2531250000000001 0.465625 0.2531250000000001 0.465625 0.3578125000000001 0.5765625 0.3578125000000001
1 0.909375 0.7531250000000002 0.8296875 0.7531250000000002 0.8296875 0.8359375 0.909375 0.8359375
1 0.8890625 0.7171875000000002 0.8046875 0.7171875000000002 0.8046875 0.7687500000000002 0.8890625 0.7687500000000002
1 0.3156250000000001 0.6296875 0.2593750000000001 0.6296875 0.2593750000000001 0.665625 0.3156250000000001 0.665625
1 0.6375 0.5515625 0.5390625 0.5515625 0.5390625 0.6390625 0.6375 0.6390625
1 0.796875 0.4921875000000001 0.725 0.4921875 0.725 0.5375000000000001 0.796875 0.5375000000000002
1 0.7734375 0.05937500000000008 0.5765625 0.05937500000000007 0.5765625 0.17187500000000008 0.7734375 0.17187500000000008
1 0.09062500000000007 0.584375 0.03125000000000007 0.584375 0.03125000000000007 0.634375 0.09062500000000007 0.634375
1 0.8078125 0.2593750000000001 0.7328125 0.2593750000000001 0.7328125 0.3296875000000001 0.8078125 0.3296875000000001
1 1 0.31718750000000007 0.9359375 0.31718750000000007 0.9359375 0.42500000000000016 1 0.42500000000000016
1 0.10312500000000005 0.2015625 0.03750000000000002 0.2015625 0.037500000000000026 0.25625 0.10312500000000005 0.25625
1 1 0.5703125000000002 0.9640625 0.5703125000000002 0.9640625 0.6343750000000001 1 0.6343750000000001
1 1 0.17343750000000013 0.940625 0.17343750000000013 0.940625 0.3203125000000001 1 0.3203125000000001
1 0.86875 0.6718750000000002 0.828125 0.6718750000000002 0.828125 0.7218750000000002 0.86875 0.7218750000000002
1 0.65625 0.1390625000000001 0.5609375 0.1390625000000001 0.5609375 0.2015625000000001 0.65625 0.2015625000000001
1 0.625 0.08593750000000007 0.5765625 0.08593750000000007 0.5765625 0.14218750000000008 0.625 0.14218750000000008