1 0.45625 0.5078125 0.3750000000000001 0.5078125 0.3750000000000001 0.609375 0.45625 0.609375
1 0.2890625000000001 0.4875 0.19843750000000004 0.4875 0.19843750000000007 0.61875 0.2890625000000001 0.61875
1 0.5000000000000002 0.8265625 0.4187500000000002 0.8265625 0.4187500000000002 0.940625 0.5000000000000002 0.940625
1 0.5171875 0.5234375 0.459375 0.5234375 0.459375 0.6546875 0.5171875 0.6546875
1 0.4484375 0.596875 0.3546875000000001 0.596875 0.3546875000000001 0.6984375 0.4484375 0.6984375
1 0.7 0.528125 0.6328125 0.528125 0.6328125 0.6109375 0.7 0.6109375
1 0.6390625 0.5296875 0.58125 0.5296875 0.58125 0.6234375 0.6390625 0.6234375
1 0.3390625000000001 0.565625 0.2718750000000001 0.565625 0.2718750000000001 0.6875 0.3390625000000001 0.6875
1 0.5921875 0.5265625 0.5375 0.5265625 0.5375 0.6296875 0.5921875 0.6296875
1 0.5078125000000001 0.6453125 0.421875 0.6453125 0.4218750000000001 0.7546875 0.5078125000000002 0.7546875
1 0.2734375000000001 0.621875 0.1937500000000001 0.621875 0.1937500000000001 0.740625 0.2734375000000001 0.740625
1 0.5703125000000001 0.7125 0.490625 0.7125 0.4906250000000001 0.8296875 0.5703125000000002 0.8296875
1 0.7234375 0.3031250000000001 0.653125 0.3031250000000001 0.653125 0.4015625 0.7234375 0.4015625
1 0.3890625 0.14218750000000005 0.2984375 0.14218750000000005 0.2984375 0.25781250000000006 0.3890625 0.2578125000000001
1 0.6390625 0.1765625000000001 0.56875 0.1765625000000001 0.56875 0.2843750000000001 0.6390625 0.2843750000000001
1 0.275 0.2890625 0.17968750000000006 0.2890625 0.17968750000000006 0.4140625 0.2750000000000001 0.4140625
1 0.8234375 0.5968750000000002 0.75625 0.5968750000000002 0.75625 0.6828125000000002 0.8234375 0.6828125000000002
1 0.5531250000000002 0.8375 0.49218750000000017 0.8375 0.49218750000000017 0.9546875 0.5531250000000002 0.9546875
1 0.55625 0.3125000000000001 0.4703125 0.3125000000000001 0.4703125 0.4390625 0.55625 0.4390625
1 0.7875000000000002 0.7406250000000001 0.6953125000000002 0.740625 0.6953125000000002 0.8484375 0.7875000000000002 0.8484375
1 0.3015625 0.15312500000000004 0.2328125 0.15312500000000004 0.2328125 0.2484375 0.3015625 0.2484375
1 0.8640625 0.4781250000000002 0.790625 0.4781250000000002 0.790625 0.6203125000000002 0.8640625 0.6203125000000002
1 0.2578125 0.2078125 0.16562500000000005 0.2078125 0.16562500000000005 0.3015625 0.2578125 0.3015625
1 0.2328125000000001 0.5 0.15156250000000004 0.5 0.15156250000000007 0.6515625 0.2328125000000001 0.6515625
1 0.4265625000000002 0.85625 0.34843750000000007 0.85625 0.34843750000000007 1 0.4265625000000002 1
1 0.6546875000000001 0.7109375 0.59375 0.7109375 0.5937500000000001 0.815625 0.6546875000000002 0.815625
1 0.6187500000000001 0.603125 0.5671875 0.603125 0.5671875000000001 0.73125 0.6187500000000001 0.73125
1 0.721875 0.603125 0.6625 0.603125 0.6625000000000001 0.7453125 0.7218750000000002 0.7453125
1 0.6687500000000001 0.6015625 0.615625 0.6015625 0.6156250000000001 0.7359375 0.6687500000000002 0.7359375
1 0.2296875000000001 0.8171875 0.1625000000000001 0.8171875 0.16250000000000012 0.9109375 0.2296875000000001 0.9109375
1 0.5703125 0.584375 0.5125 0.584375 0.5125 0.71875 0.5703125 0.71875
1 0.45 0.3750000000000001 0.3828125000000001 0.3750000000000001 0.3828125000000001 0.4625 0.45 0.4625
1 0.5125 0.14843750000000006 0.45 0.14843750000000006 0.45 0.30156250000000007 0.5125 0.30156250000000007
1 0.2468750000000001 0.7171875 0.15781250000000008 0.7171875 0.15781250000000008 0.8140625 0.2468750000000001 0.8140625
1 0.6390625000000002 0.8390625 0.5890625000000002 0.8390625 0.5890625000000002 0.9703125 0.6390625000000002 0.9703125
1 0.65 0.3265625000000001 0.5859375 0.3265625000000001 0.5859375 0.415625 0.65 0.415625
1 0.3921875 0.23906250000000004 0.2859375 0.2390625 0.28593750000000007 0.3921875 0.3921875000000001 0.3921875000000001
1 0.5125000000000002 0.925 0.4437500000000002 0.925 0.4437500000000002 1 0.5125000000000002 1
1 0.875 0.5984375000000002 0.8203125 0.5984375000000002 0.8203125 0.7015625000000002 0.875 0.7015625000000002
1 0.4515625 0.19375000000000003 0.38125 0.19375000000000003 0.38125000000000003 0.37187500000000007 0.4515625 0.37187500000000007
1 0.321875 0.2296875 0.2515625 0.2296875 0.2515625 0.325 0.321875 0.325
1 0.5718750000000001 0.928125 0.5078125000000002 0.928125 0.5078125000000002 1 0.5718750000000001 1
1 0.3046875 0.012500000000000034 0.20625 0.012500000000000028 0.20625 0.14843750000000006 0.3046875 0.14843750000000006
1 0.7296875 0.2593750000000001 0.678125 0.2593750000000001 0.678125 0.3343750000000001 0.7296875 0.3343750000000001
1 0.2359375 0.13281250000000003 0.153125 0.1328125 0.153125 0.221875 0.2359375 0.221875
1 0.3546875000000001 0.88125 0.3062500000000001 0.88125 0.3062500000000001 1 0.3546875000000001 1
1 0.559375 0.16875000000000007 0.5078125 0.16875000000000004 0.5078125 0.3156250000000001 0.559375 0.3156250000000001
1 0.90625 0.8765625 0.8546875 0.8765625 0.8546875 0.96875 0.90625 0.96875
1 0.7375 0.1843750000000001 0.6953125 0.1843750000000001 0.6953125 0.2671875000000001 0.7375 0.2671875000000001
1 0.7296875 0.03906250000000008 0.6671875 0.039062500000000076 0.6671875 0.11093750000000009 0.7296875 0.11093750000000009
1 0.809375 0.1921875000000001 0.7625 0.1921875000000001 0.7625 0.2593750000000001 0.809375 0.2593750000000001
1 0.6031250000000001 0.9 0.5484375000000001 0.9 0.5484375000000001 1 0.6031250000000001 1
1 0.36406250000000007 0.515625 0.3125000000000001 0.515625 0.3125000000000001 0.575 0.36406250000000007 0.575
1 0.60625 0.2140625000000001 0.54375 0.2140625000000001 0.54375 0.3609375000000001 0.60625 0.3609375000000001
1 0.21093750000000008 0.903125 0.1468750000000001 0.903125 0.14687500000000012 1 0.21093750000000008 1
1 0.7734375 0.2171875000000001 0.725 0.2171875000000001 0.725 0.3390625000000001 0.7734375 0.3390625000000001
1 0.6609375 0.2750000000000001 0.603125 0.2750000000000001 0.603125 0.34062500000000007 0.6609375 0.34062500000000007
1 0.221875 0.009375000000000024 0.159375 0.009375000000000019 0.159375 0.11875000000000002 0.221875 0.11875000000000005
1 0.6937500000000001 0.721875 0.6453125 0.721875 0.6453125000000001 0.815625 0.6937500000000002 0.815625
1 0.7515625 0.3937500000000001 0.7046875 0.3937500000000001 0.7046875 0.4625000000000001 0.7515625 0.4625000000000002
1 0.4890625 0.2687500000000001 0.44375 0.2687500000000001 0.44375 0.3687500000000001 0.4890625 0.3687500000000001
1 0.803125 0.8515625 0.7421875000000002 0.8515625 0.7421875000000002 0.9828125 0.803125 0.9828125
1 0.753125 0.5437500000000001 0.7203125 0.54375 0.7203125 0.6171875000000001 0.753125 0.6171875000000002
1 0.37968750000000007 0.996875 0.3078125000000001 0.996875 0.3078125000000001 1 0.37968750000000007 1
1 0.8296875 0.903125 0.7843750000000002 0.903125 0.7843750000000002 1 0.8296875 1
1 0.446875 0.17187500000000006 0.3921875 0.17187500000000006 0.3921875 0.2500000000000001 0.446875 0.2500000000000001
1 0.7 0.18906250000000008 0.6640625 0.18906250000000008 0.6640625 0.2765625000000001 0.7 0.2765625000000001
1 0.7468750000000002 0.896875 0.6375000000000002 0.896875 0.6375000000000002 1 0.7468750000000002 1
1 0.2078125000000001 0.6296875 0.16406250000000008 0.6296875 0.16406250000000008 0.7078125 0.2078125000000001 0.7078125
1 0.6703125000000002 0.9703125 0.5968750000000002 0.9703125 0.5968750000000002 1 0.6703125000000002 1
1 0.32500000000000007 0.809375 0.19687500000000008 0.809375 0.1968750000000001 1 0.32500000000000007 1
1 0.59375 0.440625 0.5625 0.440625 0.5625 0.496875 0.59375 0.496875