1 0.7140625 0.609375 0.615625 0.609375 0.6156250000000001 0.7359375 0.7140625000000002 0.7359375
1 0.7296875 0.4468750000000001 0.65 0.446875 0.65 0.5781250000000001 0.7296875 0.5781250000000002
1 0.5734375 0.5265625 0.5421875 0.5265625 0.5421875 0.6140625 0.5734375 0.6140625
1 0.546875 0.409375 0.5015625 0.409375 0.5015625 0.5 0.546875 0.5
1 0.3156250000000001 0.6671875 0.2093750000000001 0.6671875 0.2093750000000001 0.8609375 0.3156250000000001 0.8609375
1 0.3984375000000001 0.7984375 0.2890625000000001 0.7984375 0.2890625000000001 0.9703125 0.3984375000000001 0.9703125
1 0.5453125000000001 0.6765625 0.50625 0.6765625 0.5062500000000001 0.7484375 0.5453125000000002 0.7484375
1 0.5078125000000001 0.6640625 0.4421875 0.6640625 0.44218750000000007 0.746875 0.5078125000000002 0.746875
1 0.465625 0.4671875 0.415625 0.4671875 0.415625 0.5578125 0.465625 0.5578125
1 0.484375 0.06875000000000006 0.425 0.06875000000000005 0.425 0.2171875000000001 0.484375 0.2171875000000001
1 0.3984375 0.059375000000000046 0.3234375 0.059375000000000046 0.3234375 0.16875000000000004 0.3984375 0.16875000000000004
1 0.6390625 0.07656250000000007 0.55 0.07656250000000006 0.55 0.1984375000000001 0.6390625 0.1984375000000001
1 0.7078125 0.21093750000000008 0.6296875 0.21093750000000008 0.6296875 0.3812500000000001 0.7078125 0.3812500000000001
1 0.6328125 0.20312500000000008 0.58125 0.20312500000000008 0.58125 0.3218750000000001 0.6328125 0.3218750000000001
1 0.8234375 0.1531250000000001 0.759375 0.1531250000000001 0.759375 0.25468750000000007 0.8234375 0.25468750000000007
1 0.84375 0.21875000000000008 0.796875 0.21875000000000008 0.796875 0.2812500000000001 0.84375 0.2812500000000001
1 0.7921875 0.4390625000000002 0.734375 0.4390625000000002 0.734375 0.5640625000000001 0.7921875 0.5640625000000001
1 0.3078125000000001 0.3890625 0.2218750000000001 0.3890625 0.2218750000000001 0.55625 0.3078125000000001 0.55625
1 0.409375 0.34218750000000003 0.3265625 0.3421875 0.32656250000000003 0.43125 0.409375 0.43125
1 0.41875 0.41875 0.3593750000000001 0.41875 0.3593750000000001 0.5671875 0.41875 0.5671875
1 0.615625 0.4390625 0.5734375 0.4390625 0.5734375 0.5390625 0.615625 0.5390625
1 0.5796875 0.45 0.5515625 0.45 0.5515625 0.5359375 0.5796875 0.5359375
1 0.6546875 0.453125 0.6140625 0.453125 0.6140625 0.5234375 0.6546875 0.5234375
1 0.6796875 0.5171875 0.5984375 0.5171875 0.5984375 0.615625 0.6796875 0.615625
1 0.6968750000000001 0.71875 0.653125 0.71875 0.6531250000000001 0.7625 0.6968750000000001 0.7625
1 0.6796875000000002 0.73125 0.6312500000000002 0.73125 0.6312500000000002 0.81875 0.6796875000000002 0.81875
1 0.6515625000000002 0.7796875 0.5781250000000002 0.7796875 0.5781250000000002 0.871875 0.6515625000000002 0.871875
1 0.5953125000000001 0.6265625 0.540625 0.6265625 0.5406250000000001 0.7921875 0.5953125000000001 0.7921875
1 0.6234375000000002 0.8265625 0.5484375000000001 0.8265625 0.5484375000000001 1 0.6234375000000002 1
1 0.7328125000000002 0.909375 0.6453125000000002 0.909375 0.6453125000000002 1 0.7328125000000002 1
1 0.7921875000000002 0.85625 0.7250000000000002 0.85625 0.7250000000000002 0.9546875 0.7921875000000002 0.9546875
1 0.85625 0.8484375 0.7828125000000001 0.8484375 0.7828125000000001 0.9359375 0.85625 0.9359375
1 0.890625 0.6218750000000002 0.8109375 0.6218750000000002 0.8109375 0.7203125000000001 0.890625 0.7203125000000001
1 0.8375 0.5406250000000001 0.7890625 0.5406250000000001 0.7890625 0.6046875000000002 0.8375 0.6046875000000002
1 0.5484375 0.21875000000000008 0.5015625 0.21875000000000008 0.5015625 0.32500000000000007 0.5484375 0.32500000000000007
1 0.496875 0.3500000000000001 0.409375 0.3500000000000001 0.409375 0.45625 0.496875 0.45625
1 0.2203125 0.02343750000000002 0.15625 0.023437500000000017 0.15625 0.17343750000000002 0.2203125 0.17343750000000005
1 0.3 0.045312500000000026 0.2125 0.04531250000000002 0.2125 0.15781250000000005 0.3 0.15781250000000005
1 0.2734375 0.15312500000000004 0.1890625 0.15312500000000004 0.18906250000000002 0.2484375 0.2734375 0.2484375
1 0.3578125 0.10312500000000005 0.2953125 0.10312500000000005 0.2953125 0.20625 0.3578125 0.20625
1 0.4265625 0.06093750000000005 0.39375 0.06093750000000005 0.39375 0.15468750000000003 0.4265625 0.15468750000000003
1 0.4359375000000001 0.7203125 0.3765625000000001 0.7203125 0.3765625000000001 0.8859375 0.4359375000000002 0.8859375
1 0.2734375000000001 0.91875 0.15937500000000013 0.91875 0.15937500000000013 1 0.2734375000000001 1
1 0.76875 0.3312500000000001 0.7171875 0.3312500000000001 0.7171875 0.4406250000000001 0.76875 0.44062500000000016
1 0.534375 0.10156250000000004 0.4828125 0.10156250000000004 0.4828125 0.2171875000000001 0.534375 0.2171875000000001
1 0.584375 0.15781250000000008 0.528125 0.15781250000000005 0.528125 0.2750000000000001 0.584375 0.2750000000000001
1 0.15625000000000006 0.41875 0.08593750000000004 0.41875 0.08593750000000006 0.5296875 0.15625000000000006 0.5296875
1 0.6296875000000001 0.709375 0.58125 0.709375 0.58125 0.790625 0.6296875000000002 0.790625
1 0.74375 0.4359375000000001 0.6921875 0.4359375 0.6921875 0.5171875000000001 0.74375 0.5171875000000001
1 0.8171875 0.3281250000000001 0.759375 0.3281250000000001 0.759375 0.4312500000000002 0.8171875 0.4312500000000002
1 0.5562500000000001 0.7375 0.4734375000000002 0.7375 0.4734375000000002 0.8859375 0.5562500000000001 0.8859375
1 0.7390625 0.10937500000000008 0.6890625 0.10937500000000008 0.6890625 0.2062500000000001 0.7390625 0.2062500000000001
1 0.70625 0.3843750000000001 0.665625 0.3843750000000001 0.665625 0.4546875 0.70625 0.4546875
1 0.3609375000000001 0.3671875 0.2718750000000001 0.3671875 0.2718750000000001 0.515625 0.3609375000000001 0.515625
1 0.5078125000000002 0.8765625 0.42968750000000017 0.8765625 0.42968750000000017 0.98125 0.5078125000000002 0.98125
1 0.7875 0.2593750000000001 0.746875 0.2593750000000001 0.746875 0.3234375000000001 0.7875 0.3234375000000001
1 0.6921875 0.11250000000000009 0.6265625 0.11250000000000009 0.6265625 0.19687500000000008 0.6921875 0.19687500000000008
1 0.37968750000000007 0.5578125 0.2843750000000001 0.5578125 0.2843750000000001 0.659375 0.37968750000000007 0.659375
1 0.21875000000000008 0.6625 0.15625000000000008 0.6625 0.15625000000000008 0.8078125 0.21875000000000008 0.8078125
1 0.47968750000000016 0.74375 0.43281250000000016 0.74375 0.43281250000000016 0.890625 0.47968750000000016 0.890625
1 0.796875 0.5609375000000002 0.7390625 0.5609375000000002 0.7390625 0.6515625000000002 0.796875 0.6515625000000002
1 0.4703125 0.559375 0.40625 0.559375 0.40625 0.6671875 0.4703125 0.6671875
1 0.58125 0.04531250000000007 0.5171875 0.04531250000000007 0.5171875 0.14062500000000006 0.58125 0.14062500000000008
1 0.23593750000000008 0.3734375 0.17968750000000006 0.3734375 0.17968750000000006 0.475 0.23593750000000008 0.475
1 0.7609375 0.6531250000000001 0.721875 0.653125 0.721875 0.7078125000000001 0.7609375 0.7078125000000002
1 0.5796875000000001 0.734375 0.5359375000000002 0.734375 0.5359375000000002 0.8296875 0.5796875000000001 0.8296875
1 0.18125000000000005 0.359375 0.11250000000000004 0.359375 0.11250000000000004 0.45625 0.18125000000000005 0.45625
1 0.4046875000000001 0.6609375 0.3437500000000001 0.6609375 0.3437500000000001 0.75 0.4046875000000002 0.75
1 0.6046875 0.5359375 0.5703125 0.5359375 0.5703125 0.6234375 0.6046875 0.6234375
1 0.2484375000000001 0.4796875 0.18125000000000005 0.4796875 0.18125000000000008 0.55625 0.2484375000000001 0.55625
1 0.3687500000000001 0.66875 0.3031250000000001 0.66875 0.3031250000000001 0.8 0.3687500000000001 0.8
1 0.7984375000000001 0.809375 0.7546875000000002 0.809375 0.7546875000000002 0.875 0.7984375000000001 0.875
1 0.6203125 0.6515625 0.5890625 0.6515625 0.5890625 0.7140625 0.6203125 0.7140625
1 0.565625 0.3375000000000001 0.5140625 0.3375000000000001 0.5140625 0.43125 0.565625 0.43125
1 0.2484375000000001 0.78125 0.1859375000000001 0.78125 0.18593750000000012 0.9125 0.2484375000000001 0.9125
1 0.51875 0.4109375 0.4625 0.4109375 0.4625 0.54375 0.51875 0.54375
1 0.9078125 0.6921875000000002 0.85625 0.6921875000000002 0.85625 0.7859375000000002 0.9078125 0.7859375000000002
1 0.6484375000000002 0.8671875 0.6062500000000002 0.8671875 0.6062500000000002 0.9421875 0.6484375000000002 0.9421875
1 0.5890625 0.40625 0.5625 0.40625 0.5625 0.4625 0.5890625 0.4625
1 0.7421875 0.5218750000000001 0.675 0.521875 0.675 0.628125 0.7421875 0.6281250000000002
1 0.6609375 0.3078125000000001 0.5640625 0.3078125000000001 0.5640625 0.446875 0.6609375 0.446875
1 0.7406250000000002 0.8140625 0.7015625000000002 0.8140625 0.7015625000000002 0.9203125 0.7406250000000002 0.9203125
1 0.7109375 0.05468750000000009 0.66875 0.05468750000000009 0.66875 0.13281250000000008 0.7109375 0.13281250000000008
1 0.60625 0.2796875000000001 0.559375 0.2796875000000001 0.559375 0.3343750000000001 0.60625 0.3343750000000001
1 0.6796875 0.04375000000000008 0.6421875 0.04375000000000008 0.6421875 0.11875000000000009 0.6796875 0.11875000000000009
1 0.6953125 0.18906250000000008 0.628125 0.18906250000000008 0.628125 0.2609375000000001 0.6953125 0.2609375000000001
1 0.7078125 0.559375 0.6765625 0.559375 0.6765625 0.625 0.7078125 0.625
1 0.64375 0.05156250000000008 0.58125 0.05156250000000007 0.58125 0.11875000000000009 0.64375 0.11875000000000009
1 0.5140625000000002 0.8265625 0.4750000000000002 0.8265625 0.4750000000000002 0.8875 0.5140625000000002 0.8875
1 0.8515625 0.0625000000000001 0.8125 0.06250000000000008 0.8125 0.1750000000000001 0.8515625 0.1750000000000001
1 0.54375 0.509375 0.5140625 0.509375 0.5140625 0.5953125 0.54375 0.5953125