1 0.2593750000000001 0.7765625 0.1906250000000001 0.7765625 0.1906250000000001 0.934375 0.2593750000000001 0.934375
1 0.5203125 0.403125 0.46875 0.403125 0.46875 0.51875 0.5203125 0.51875
1 0.2015625000000001 0.796875 0.12500000000000008 0.796875 0.1250000000000001 0.9171875 0.2015625000000001 0.9171875
1 0.6578125000000001 0.853125 0.5750000000000002 0.853125 0.5750000000000002 0.9625 0.6578125000000001 0.9625
1 0.7296875 8.562960040913134e-17 0.66875 8.189825469297925e-17 0.66875 0.012500000000000086 0.7296875 0.01250000000000009
1 0.8078125 0.40156250000000016 0.734375 0.40156250000000016 0.734375 0.48750000000000016 0.8078125 0.48750000000000016
1 0.36875 0.35156250000000006 0.284375 0.3515625 0.28437500000000004 0.4859375 0.3687500000000001 0.4859375
1 0.47187500000000016 0.875 0.3937500000000001 0.875 0.3937500000000001 0.975 0.47187500000000016 0.975
1 0.31718750000000007 0.8515625 0.2296875000000001 0.8515625 0.2296875000000001 0.9859375 0.31718750000000007 0.9859375
1 0.4671875000000002 0.78125 0.4000000000000002 0.78125 0.4000000000000002 0.9109375 0.4671875000000002 0.9109375
1 0.5781250000000002 0.8328125 0.5156250000000002 0.8328125 0.5156250000000002 0.953125 0.5781250000000002 0.953125
1 0.17812500000000014 0.9140625 0.10937500000000014 0.9140625 0.10937500000000014 0.99375 0.17812500000000014 0.99375
1 0.6296875 0.4375 0.5640625 0.4375 0.5640625 0.5609375 0.6296875 0.5609375
1 0.446875 0.525 0.3765625000000001 0.525 0.3765625000000001 0.6453125 0.446875 0.6453125
1 0.6906250000000002 0.7671875 0.6234375000000002 0.7671875 0.6234375000000002 0.865625 0.6906250000000002 0.865625
1 0.2734375000000001 0.53125 0.21250000000000008 0.53125 0.21250000000000008 0.6578125 0.2734375000000001 0.6578125
1 0.6671875 0.7171875 0.61875 0.7171875 0.6187500000000001 0.7828125 0.6671875000000002 0.7828125
1 0.21406250000000004 0.284375 0.10312500000000005 0.284375 0.10312500000000005 0.428125 0.2140625000000001 0.428125
1 0.5796875 0.16718750000000007 0.4859375 0.16718750000000004 0.4859375 0.2984375000000001 0.5796875 0.2984375000000001
1 0.4796875 0.4359375 0.415625 0.4359375 0.415625 0.58125 0.4796875 0.58125
1 0.3140625000000001 0.74375 0.2468750000000001 0.74375 0.2468750000000001 0.8609375 0.3140625000000001 0.8609375
1 0.5265625000000002 0.7375 0.4625000000000002 0.7375 0.4625000000000002 0.903125 0.5265625000000002 0.903125
1 0.5453125 0.54375 0.4703125 0.54375 0.4703125 0.6578125 0.5453125 0.6578125
1 0.1921875000000001 0.5484375 0.07968750000000006 0.5484375 0.07968750000000008 0.696875 0.1921875000000001 0.696875
1 0.7515625 0.5312500000000001 0.678125 0.53125 0.678125 0.6234375000000001 0.7515625 0.6234375000000002
1 0.421875 0.4140625 0.33281250000000007 0.4140625 0.33281250000000007 0.5484375 0.421875 0.5484375
1 0.565625 6.687719629718749e-17 0.5265625 6.448530801760282e-17 0.5265625 0.08125000000000007 0.565625 0.08125000000000007
1 0.5265625 5.979720698961685e-17 0.45 5.5109105961630896e-17 0.45 0.09218750000000006 0.5265625 0.09218750000000006
1 0.3500000000000001 0.5421875 0.25468750000000007 0.5421875 0.25468750000000007 0.7 0.3500000000000001 0.7
1 0.7515625 0.43437500000000007 0.696875 0.434375 0.696875 0.534375 0.7515625 0.5343750000000002
1 0.1765625 0.128125 0.115625 0.128125 0.11562500000000002 0.25 0.17656250000000004 0.25
1 0.45625 0.02500000000000005 0.3921875 0.025000000000000043 0.3921875 0.15468750000000003 0.45625 0.15468750000000003
1 0.70625 0.453125 0.646875 0.453125 0.646875 0.559375 0.70625 0.559375
1 0.384375 0.09531250000000005 0.303125 0.09531250000000005 0.303125 0.21093750000000006 0.384375 0.21093750000000008
1 0.7203125000000001 0.81875 0.6593750000000002 0.81875 0.6593750000000002 0.909375 0.7203125000000001 0.909375
1 0.83125 0.1937500000000001 0.771875 0.1937500000000001 0.771875 0.2765625000000001 0.83125 0.2765625000000001
1 0.4875 0.11250000000000004 0.415625 0.11250000000000004 0.415625 0.22656250000000008 0.4875 0.22656250000000008
1 0.3265625 0.16562500000000005 0.2015625 0.16562500000000005 0.2015625 0.315625 0.3265625 0.315625
1 0.16406250000000006 0.428125 0.10468750000000004 0.428125 0.10468750000000007 0.5453125 0.16406250000000008 0.5453125
1 0.4390625 0.18906250000000005 0.3234375 0.18906250000000005 0.3234375 0.31093750000000003 0.4390625 0.3109375000000001
1 0.14531250000000004 0.221875 0.07031250000000003 0.221875 0.07031250000000003 0.3328125 0.14531250000000004 0.3328125
1 0.8203125 0.46093750000000017 0.778125 0.46093750000000017 0.778125 0.5203125000000002 0.8203125 0.5203125000000002
1 0.6250000000000002 0.746875 0.5343750000000002 0.746875 0.5343750000000002 0.86875 0.6250000000000002 0.86875
1 0.8375 0.803125 0.7671875000000001 0.803125 0.7671875000000001 0.8921875 0.8375 0.8921875
1 0.12187500000000002 0.1171875 0.039062500000000014 0.1171875 0.03906250000000002 0.2484375 0.12187500000000004 0.2484375
1 0.40156250000000016 0.8046875 0.3234375000000001 0.8046875 0.3234375000000001 0.978125 0.40156250000000016 0.978125
1 0.7421875 0.1843750000000001 0.675 0.1843750000000001 0.675 0.2828125000000001 0.7421875 0.2828125000000001
1 0.6921875 8.132420150587893e-17 0.6359375 7.787988238327699e-17 0.6359375 0.07812500000000008 0.6921875 0.07812500000000008
1 0.53125 0.057812500000000065 0.48125 0.057812500000000065 0.48125 0.16562500000000005 0.53125 0.16562500000000005
1 0.2312500000000001 0.921875 0.16250000000000014 0.921875 0.16250000000000014 0.990625 0.2312500000000001 0.990625
1 0.5484375000000001 0.884375 0.4656250000000002 0.884375 0.4656250000000002 0.971875 0.5484375000000001 0.971875
1 0.27031250000000007 0.65625 0.16406250000000008 0.65625 0.16406250000000008 0.7890625 0.27031250000000007 0.7890625
1 0.6609375 0.528125 0.5859375 0.528125 0.5859375 0.6359375 0.6609375 0.6359375
1 0.28593750000000007 0.4046875 0.14375000000000004 0.4046875 0.14375000000000004 0.5421875 0.28593750000000007 0.5421875
1 0.7453125 0.11875000000000009 0.690625 0.11875000000000009 0.690625 0.19531250000000008 0.7453125 0.19531250000000008
1 0.10468750000000009 0.5859375 0.02187500000000007 0.5859375 0.02187500000000008 0.6828125 0.10468750000000009 0.6828125
1 0.4921875 0.19531250000000006 0.44375 0.19531250000000006 0.44375 0.3046875000000001 0.4921875 0.3046875000000001
1 0.228125 0.050000000000000024 0.15625 0.050000000000000024 0.15625000000000003 0.21875 0.228125 0.21875
1 0.61875 7.175664838754022e-17 0.553125 6.773827607783798e-17 0.553125 0.1296875000000001 0.61875 0.1296875000000001
1 0.309375 0.06406250000000004 0.209375 0.06406250000000002 0.209375 0.18281250000000004 0.309375 0.18281250000000004
1 0.571875 0.434375 0.509375 0.434375 0.509375 0.5671875 0.571875 0.5671875
1 0.2171875 0.2140625 0.16562500000000005 0.2140625 0.16562500000000005 0.3140625 0.2171875 0.3140625
1 0.6578125 0.4625 0.61875 0.4625 0.61875 0.540625 0.6578125 0.540625
1 0.41875000000000007 0.721875 0.3265625000000001 0.721875 0.3265625000000001 0.834375 0.4187500000000002 0.834375
1 0.22031250000000008 0.5015625 0.15781250000000005 0.5015625 0.15781250000000008 0.6109375 0.22031250000000008 0.6109375
1 0.628125 0.08906250000000007 0.565625 0.08906250000000007 0.565625 0.21250000000000008 0.628125 0.21250000000000008
1 0.6203125 0.2015625000000001 0.575 0.2015625000000001 0.575 0.2890625000000001 0.6203125 0.2890625000000001
1 0.734375 0.05625000000000009 0.684375 0.05625000000000009 0.684375 0.13437500000000008 0.734375 0.13437500000000008
1 0.11718750000000007 0.503125 0.018750000000000062 0.503125 0.018750000000000065 0.590625 0.11718750000000008 0.590625
1 0.35 0.02500000000000004 0.296875 0.025000000000000033 0.296875 0.13281250000000006 0.35 0.13281250000000006
1 0.6796875000000002 0.8859375 0.6406250000000002 0.8859375 0.6406250000000002 0.959375 0.6796875000000002 0.959375
1 0.66875 0.2015625000000001 0.6140625 0.2015625000000001 0.6140625 0.2906250000000001 0.66875 0.2906250000000001
1 0.7734375 0.1921875000000001 0.725 0.1921875000000001 0.725 0.2765625000000001 0.7734375 0.2765625000000001
1 0.684375 0.12031250000000009 0.6109375 0.12031250000000009 0.6109375 0.2234375000000001 0.684375 0.2234375000000001
1 0.10937500000000014 0.9171875 0.03125000000000011 0.9171875 0.03125000000000012 1 0.10937500000000014 1
1 0.1296875 9.376202055971923e-18 0.0234375 2.8702659355016093e-18 0.023437500000000007 0.1375 0.1296875 0.1375
1 0.690625 0.0671875000000001 0.6484375 0.0671875000000001 0.6484375 0.1437500000000001 0.690625 0.1437500000000001
1 0.3343750000000001 0.4796875 0.2640625000000001 0.4796875 0.2640625000000001 0.58125 0.3343750000000001 0.58125
1 0.3921875000000001 0.9109375 0.3000000000000001 0.9109375 0.3000000000000001 0.98125 0.3921875000000001 0.98125
1 0.290625 0.01406250000000003 0.2265625 0.014062500000000028 0.2265625 0.09687500000000003 0.290625 0.09687500000000004
1 0.653125 0.05000000000000008 0.6125 0.050000000000000065 0.6125 0.1218750000000001 0.653125 0.1218750000000001
1 0.6281250000000002 0.925 0.5765625000000002 0.925 0.5765625000000002 0.9625 0.6281250000000002 0.9625
1 0.03281250000000001 0.0171875 2.1048616860345133e-18 0.0171875 7.462691432304183e-18 0.1046875 0.03281250000000001 0.1046875
1 0.69375 0.023437500000000083 0.6765625 0.023437500000000083 0.6765625 0.0671875000000001 0.69375 0.0671875000000001