1 1 0.10205312500000012 0.8996812500000001 0.1020531250000001 0.8996812500000001 0.16259062500000013 1 0.16259062500000016
1 0.9484368642046498 0.19559409886881024 0.9444656225647267 0.13494195339404155 0.8640029853273402 0.1402103008358986 0.8679742269672633 0.20086244631066727
1 0.9685577247430942 0.23818025600345627 0.9565653102314757 0.1883396930776154 0.8394835378680678 0.21651138824940022 0.8514759523796863 0.26635195117524113
1 0.8931494363208504 0.1975821692392677 0.8668206292401159 0.1530745154655866 0.7753322005330838 0.20719512136846086 0.8016610076138182 0.25170277514214195
1 0.882965912298569 0.1541967273811516 0.8529317585558154 0.08773332385260213 0.7628300764287214 0.12844938155981017 0.7928642301714751 0.19491278508835963
1 1.0117181695663264 0.18298621687486757 0.9918100529336732 0.14930484950466258 0.9345775859007924 0.18313336413536593 0.9544857025334457 0.21681473150557093
1 1 0.19063750000000013 0.9533859375 0.19063750000000013 0.9533859375 0.25866562500000007 1 0.25866562500000007
1 0.971135680512576 0.28567728408118204 0.955796516435913 0.23452928646036542 0.8509040349697419 0.2659862947199242 0.8662431990464047 0.3171342923407408
1 0.8512864921391128 0.2776988285119416 0.8503995747039419 0.22700078795918993 0.7486651388455309 0.22878054204704718 0.749552056280702 0.27947858259979885
1 0.8959354642435237 0.2767397021450699 0.7345863867997056 0.26869662124530275 0.7304210765915322 0.35225526845169297 0.8917701540353502 0.3602983493514601
1 0.9637437668643949 0.3493075115873772 0.9635651508466865 0.308041996430492 0.8824835114945169 0.30839295483911255 0.8826621275122253 0.34965846999599776
1 0.9786222312918117 0.3522934212397048 0.8845722695312521 0.34419252953622254 0.8792655903915089 0.4058021631959183 0.9733155521520684 0.4139030548994006
1 0.8853355044126727 0.4296347186379036 0.8839525208447474 0.3590620508788215 0.7825335242039848 0.3610495172774062 0.7839165077719104 0.4316221850364884
1 1 0.3415421875000001 0.9591749999999999 0.3415421875000001 0.9591749999999999 0.3908234375000001 1 0.3908234375000001
1 1 0.38952187500000013 0.9342234375 0.38952187500000013 0.9342234375 0.4362250000000002 1 0.4362250000000002
1 0.9906389213617102 0.4232201917153312 0.8610442580432741 0.40751678324141966 0.8547065200524046 0.45981988816871605 0.9843011833708406 0.4755232966426277
1 1 0.4665968750000002 0.939925 0.4665968750000002 0.939925 0.5179046875000001 1 0.5179046875000001
1 0.949411206125745 0.5130256736551634 0.9455477381857609 0.4607998659664438 0.8215947587038018 0.4699694390853198 0.8254582266437861 0.5221952467740394
1 1 0.5288406250000002 0.981453125 0.5288406250000002 0.981453125 0.5551578125000002 1 0.5551578125000002
1 0.9799472245275345 0.5202551726181507 0.9031422944292966 0.5195925170996365 0.9029293775545181 0.5442705967763537 0.9797343076527559 0.5449332522948678
1 1 0.3006015625000001 0.9813812499999999 0.3006015625000001 0.9813812499999999 0.3415578125000001 1 0.3415578125000001
1 1.0268560789117525 0.2769346015331709 0.9958459147972671 0.24253391141116562 0.933351239595314 0.29886912234504026 0.9643614037097992 0.33326981246704557
1 1.0018966652539074 0.5998825036251307 0.9999999999999998 0.5797218749999999 0.9497905494700281 0.5844454638329036 0.9516872147239356 0.6046060924580348
1 1.0006163453993084 0.5901724072214137 0.999732626230321 0.5413953873101705 0.8502138106209249 0.5441042990829423 0.8510975297899124 0.5928813189941857
1 1.0035517352856416 0.5998932504382889 0.8719992283701521 0.5890525482311755 0.8675049610788157 0.6435907245990901 0.9990574679943054 0.6544314268062035
1 0.9856705646862466 0.6640673719133486 0.9256652391794267 0.6594878562407698 0.9231173990678029 0.6928721671959138 0.9831227245746227 0.6974516828684927
1 0.8240061496549078 0.6627708506985147 0.6616899305068936 0.6499557969464456 0.6576294467324699 0.7013861215418375 0.819945665880484 0.7142011752939067
1 0.7455556448232399 0.6497605927151787 0.7424873575807742 0.6106642958388329 0.6318741997236653 0.6193452443740671 0.6349424869661309 0.658441541250413
1 0.7222924348496778 0.6192096443862708 0.7191385361599184 0.5766540981997943 0.6264121656193564 0.5835262830208403 0.6295660643091158 0.6260818292073167
1 0.740079325763946 0.5537270272322098 0.6414177333747231 0.5089372992950045 0.622677163797876 0.5502185153659085 0.7213387561870988 0.5950082433031136
1 0.6419141897449676 0.5523012717880988 0.5726823023960022 0.5522636480343315 0.5726503406210985 0.6110768651653338 0.6418822279700639 0.6111144889191011
1 0.6530670860215799 0.49313555552029253 0.5690138178271846 0.4920070145855001 0.5684371352599573 0.5349580968119574 0.6524904034543526 0.5360866377467498
1 0.759397374648759 0.46592316455957183 0.7376017186160058 0.41408818397569885 0.616546569197145 0.4649896479679114 0.6383422252298983 0.5168246285517843
1 0.7193947882464857 0.4231720038753176 0.7003675402619435 0.37423746320569934 0.5834979954062222 0.4196799212605066 0.6025252433907644 0.4686144619301249
1 0.7434319854672675 0.39292050481088564 0.7402676862812063 0.34514261997598017 0.59063812917764 0.35505249119337673 0.5938024283637012 0.4028303760282822
1 0.7185406481123982 0.3484683152305475 0.7177840766572431 0.3043196960746811 0.6167526342117186 0.30605106405150423 0.6175092056668736 0.35019968320737055
1 0.7620911617667578 0.12408579181811308 0.7562109103169026 0.05881324392744527 0.6474995650714529 0.06860679521589842 0.6533798165213082 0.1338793431065662
1 0.6997553348236665 0.11603421210106898 0.69479962211409 0.02299588086305008 0.5094028305857672 0.032871092766207616 0.5143585432953436 0.1259094240042265
1 0.6523718749999998 0.15050937499999997 0.6428092648698287 0.10877750851504493 0.5758160152474479 0.12412861503032666 0.585378625377619 0.1658604815152817
1 0.6863432877917889 0.2088276160707665 0.6703622784018932 0.14308603801805653 0.5660372422164961 0.1684462352062546 0.5820182516063918 0.23418781325896454
1 0.7029018127424326 0.23839058367725813 0.6807051235392263 0.19745857017134566 0.624790260483163 0.2277801871842981 0.6469869496863693 0.2687122006902106
1 0.6577905979858981 0.24250694707061143 0.5399459153102258 0.20744067216933174 0.5230941867149826 0.26407305226769556 0.6409388693906549 0.29913932716897523
1 0.6382621567028881 0.33810377008326375 0.5890663642554497 0.27773854852306645 0.4866889443241912 0.3611729859701305 0.5358847367716296 0.42153820753032784
1 0.5770272435028299 0.5402107435634518 0.5716348493536612 0.47494551869723206 0.47319188529134476 0.483079149808204 0.4785842794405135 0.5483443746744238
1 0.5931708237581967 0.39555020388657924 0.45931964509860707 0.38749060762969006 0.4552436714310389 0.45518306544022946 0.5890948500906286 0.4632426616971187
1 0.6576957277958213 0.7510465838148549 0.651445500135196 0.7024154264905158 0.5829130833510467 0.7112234259419172 0.5891633110116721 0.7598545832662562
1 0.4087977814473647 0.709122469672247 0.4071911327649789 0.6521026157631463 0.320437298319508 0.6545470789500555 0.32204394700189376 0.7115669328591562
1 0.39521015158086437 0.7713240839105764 0.287730069047449 0.765201615322544 0.2847054946000317 0.8182980921051797 0.39218557713344704 0.824420560693212
1 0.41290109328647284 0.7629769848489465 0.4055937438306473 0.7319926091328817 0.3318275626310089 0.7493896117056342 0.33913491208683455 0.7803739874216991
1 0.39382224177626685 0.7104283917446212 0.31083079815588116 0.7035571129507405 0.30705295644454356 0.7491859612042021 0.39004440006492935 0.7560572399980828
1 0.3376412665836447 0.7052859078326933 0.3090107123515494 0.6676965061547557 0.2519270788943484 0.7111751461571765 0.2805576331264436 0.748764547835114
1 0.2587788428714703 0.7424856464901287 0.24267195821200258 0.6643164441115169 0.14043040717435012 0.6853834733232558 0.15653729183381787 0.7635526757018677
1 0.1926847335417149 0.6467050708463384 0.17263238143903786 0.6148844057188633 0.12125388583149191 0.6472614688726688 0.1413062379341689 0.6790821340001438
1 0.4041737626753976 0.5959208897060928 0.2849813090738654 0.5949671366500231 0.2846746466079425 0.6332913669193072 0.40386710020947475 0.6342451199753769
1 0.34746451217365315 0.65807604800469 0.3332535089416425 0.62029189746397 0.2749493901737051 0.642220669406527 0.28916039340571575 0.680004819947247
1 0.2842152665276383 0.5894832463021539 0.17918436535910137 0.5778353073955022 0.17309073712003348 0.6327823044964107 0.2781216382885704 0.6444302434030623
1 0.281631097788069 0.673181730362226 0.2802671618061684 0.6354825398224974 0.21183189634921434 0.6379584900922861 0.21319583233111486 0.6756576806320147
1 0.4437628808768183 0.5788367886296912 0.42554475151938786 0.5174176980857528 0.2948617906203994 0.5561808752247339 0.3130799199778299 0.6175999657686724
1 0.32039609588317913 0.5522109646752172 0.23503729558733566 0.5231691736260672 0.21504871134816708 0.5819190478118662 0.30040751164401047 0.6109608388610164
1 0.2358681366897631 0.5363615175703196 0.14979959578520186 0.5078363499041495 0.12886702109937642 0.5709958791195177 0.2149355620039377 0.5995210467856877
1 0.40257327456575903 0.5188282640376369 0.37646846553507507 0.4559261663085118 0.2641707214812001 0.502530512887333 0.29027553051188404 0.5654326106164581
1 0.2930116126507408 0.476411010805585 0.17676215329320938 0.4400726253845278 0.15498192108449385 0.5097493649976608 0.2712313804420253 0.546087750418718
1 0.38637844257693327 0.46229934923974714 0.37376320944536373 0.4015134491206659 0.25941583790247424 0.42524458984852903 0.2720310710340438 0.4860304899676103
1 0.26196322480105166 0.45495273800607744 0.2605799139859806 0.39353585783350514 0.17371523679868878 0.3954923370141994 0.17509854761375981 0.4569092171867718
1 0.37470724838274255 0.32601843323364266 0.2273044236133102 0.31621026048282486 0.2234247459414504 0.374516273494203 0.37082757071088274 0.3843244462450208
1 0.36807663340355873 0.2594457574790666 0.1727288306233568 0.24723534572725084 0.16863640686541476 0.31270782981777284 0.3639842096456166 0.3249182415695886
1 0.36052939390838956 0.1881929436536664 0.263368276929763 0.17106018670391818 0.24942870935228606 0.2501124933466393 0.3465898263309126 0.2672452502963875
1 0.46279006767571146 0.24476302847240977 0.4623952006307193 0.1545881705064468 0.3663925398043636 0.15500855694061452 0.3667874068493558 0.24518341490657752
1 0.5660608894056229 0.17248239262626602 0.538510658756946 0.0988635982531306 0.4411244947917389 0.13530824940610306 0.46867472544041594 0.20892704377923846
1 0.5142896573414028 0.10260251012217773 0.46789543656833005 0.032352958372646554 0.38132174975585664 0.08952796716753975 0.4277159705289294 0.15977751891707093
1 0.5720773745123937 0.20479681056088994 0.5270628901398455 0.1652948106219385 0.47388913729946935 0.22588893420965667 0.5189036216720175 0.2653909341486081
1 0.5709310596697937 0.2914225654432713 0.5239102158466926 0.2323473420565228 0.41896414170015356 0.31587902724349626 0.46598498552325474 0.37495425063024473
1 0.247520173367835 0.07532115424810475 0.18185245964595817 0.0020105092970596483 0.11124471397798485 0.065257111917563 0.17691242769986165 0.13856775686860812
1 0.3573807194133927 0.13476417479649894 0.22092036957887257 0.06610270926661307 0.18484533963951613 0.1377995652516145 0.32130568947403626 0.20646103078150038
1 0.2467062302635489 0.16728055144490686 0.15121508954764434 0.11458649040134865 0.12316628493125241 0.16541598229271676 0.21865742564715696 0.21811004333627496
1 0.13302239589740864 0.06591776765317932 0.013396080410236428 0.04032775172506029 0.0006950193560710082 0.0997017333964781 0.12032133484324321 0.12529174932459713
1 0.16156942064012098 0.15852661118586292 0.012745562986783952 0.1508447709747142 0.010024930019338773 0.20355285684278646 0.1588487876726758 0.21123469705393522
1 0.1610522268977646 0.32729623564320415 0.1588337105739352 0.19771306085952567 0.01595357546452627 0.2001592265181486 0.018172091788355643 0.3297424013018271
1 0.2531157286989513 0.36584062479790075 0.16484285700093182 0.2696043217751337 0.10373733679745778 0.3256534381224848 0.19201020849547729 0.42188974114525185
1 0.1849891368115726 0.3959184277861296 0.06993803176285895 0.3104093326401827 0.027449208516641253 0.3675773573789935 0.14250031356535492 0.4530864525249404
1 0.25561632840315607 0.24948275832750885 0.23986857835578893 0.20410307688033305 0.15224518845830778 0.23451032519949036 0.16799293850567495 0.2798900066466662