1 0.7375 0.6218750000000001 0.6796875 0.621875 0.6796875 0.6968750000000001 0.7375 0.6968750000000001
1 0.8078125 0.4703125000000002 0.759375 0.4703125000000002 0.759375 0.5515625000000002 0.8078125 0.5515625000000002
1 0.8453125 0.43281250000000016 0.7984375 0.43281250000000016 0.7984375 0.4984375000000002 0.8453125 0.4984375000000002
1 0.3062500000000001 0.759375 0.1859375000000001 0.759375 0.1859375000000001 0.8734375 0.3062500000000001 0.8734375
1 0.596875 0.640625 0.5484375 0.640625 0.5484375000000001 0.73125 0.5968750000000002 0.73125
1 0.6578125 0.6140625 0.590625 0.6140625 0.590625 0.7078125 0.6578125 0.7078125
1 0.759375 0.4515625000000001 0.7 0.4515625 0.7 0.5312500000000001 0.759375 0.5312500000000002
1 0.734375 0.5218750000000001 0.6875 0.521875 0.6875 0.6078125000000001 0.734375 0.6078125000000002
1 0.8140625 0.5562500000000001 0.78125 0.5562500000000001 0.78125 0.6250000000000002 0.8140625 0.6250000000000002
1 0.7765625000000002 0.8609375 0.7046875000000001 0.8609375 0.7046875000000001 0.9640625 0.7765625000000002 0.9640625
1 0.6718750000000001 0.6859375 0.6203125 0.6859375 0.6203125 0.7828125 0.6718750000000002 0.7828125
1 0.634375 0.48125 0.5828125 0.48125 0.5828125 0.55625 0.634375 0.55625
1 0.2875000000000001 0.553125 0.21093750000000008 0.553125 0.21093750000000008 0.64375 0.2875000000000001 0.64375
1 0.609375 0.5578125 0.5671875 0.5578125 0.5671875 0.653125 0.609375 0.653125
1 0.7140625000000002 0.7515625 0.6578125000000001 0.7515625 0.6578125000000001 0.83125 0.7140625000000002 0.83125
1 0.7125000000000001 0.8265625 0.6609375000000002 0.8265625 0.6609375000000002 0.9015625 0.7125000000000001 0.9015625
1 0.5859375 0.4625 0.5234375 0.4625 0.5234375 0.5671875 0.5859375 0.5671875
1 0.7843750000000002 0.7703125000000001 0.7109375000000002 0.7703125 0.7109375000000002 0.865625 0.7843750000000002 0.865625
1 0.6796875000000002 0.8609375 0.6296875000000002 0.8609375 0.6296875000000002 0.940625 0.6796875000000002 0.940625
1 0.7765625 0.3859375000000001 0.725 0.3859375000000001 0.725 0.4484375000000001 0.7765625 0.44843750000000016
1 0.2140625000000001 0.55625 0.13437500000000008 0.55625 0.13437500000000008 0.64375 0.2140625000000001 0.64375
1 0.2078125000000001 0.634375 0.08437500000000006 0.634375 0.08437500000000007 0.7390625 0.2078125000000001 0.7390625
1 0.31718750000000007 0.46875 0.23437500000000008 0.46875 0.23437500000000008 0.5625 0.31718750000000007 0.5625
1 0.2140625 0.11718750000000003 0.14375 0.1171875 0.14375000000000002 0.2640625 0.2140625 0.2640625
1 0.4765625 0.440625 0.3937500000000001 0.440625 0.3937500000000001 0.58125 0.4765625 0.58125
1 0.3984375 0.12656250000000005 0.271875 0.12656250000000005 0.271875 0.2515625 0.3984375 0.2515625000000001
1 0.690625 0.525 0.6234375 0.525 0.6234375 0.6421875 0.690625 0.6421875
1 0.6640625000000002 0.7515625 0.5968750000000002 0.7515625 0.5968750000000002 0.8703125 0.6640625000000002 0.8703125
1 0.5203125000000002 0.75 0.4656250000000002 0.75 0.4656250000000002 0.8859375 0.5203125000000002 0.8859375
1 0.19531250000000008 0.7609375 0.11250000000000009 0.7609375 0.11250000000000009 0.8984375 0.19531250000000008 0.8984375
1 0.828125 0.7515625000000001 0.7796875000000002 0.7515625000000001 0.7796875000000002 0.825 0.828125 0.825
1 0.35625000000000007 0.403125 0.2953125000000001 0.403125 0.2953125000000001 0.5171875 0.35625000000000007 0.5171875
1 0.5656250000000002 0.771875 0.5093750000000001 0.771875 0.5093750000000001 0.89375 0.5656250000000002 0.89375
1 0.4203125000000002 0.7625 0.3468750000000001 0.7625 0.3468750000000001 0.8921875 0.4203125000000002 0.8921875
1 0.7484375 0.16562500000000008 0.6734375 0.16562500000000008 0.6734375 0.28593750000000007 0.7484375 0.28593750000000007
1 0.2093750000000001 0.38125 0.13750000000000004 0.38125 0.13750000000000004 0.4953125 0.2093750000000001 0.4953125
1 0.6343750000000001 0.8296875 0.5828125000000002 0.8296875 0.5828125000000002 0.975 0.6343750000000001 0.975
1 0.6109375 0.3890625000000001 0.5515625 0.3890625000000001 0.5515625 0.48125 0.6109375 0.48125
1 0.24375000000000008 0.4625 0.17343750000000005 0.4625 0.17343750000000008 0.58125 0.24375000000000008 0.58125
1 0.871875 0.10937500000000008 0.8203125 0.10937500000000008 0.8203125 0.18125000000000008 0.871875 0.18125000000000008
1 0.728125 0.37968750000000007 0.68125 0.37968750000000007 0.68125 0.4390625000000001 0.728125 0.4390625000000002
1 0.6015625000000002 0.74375 0.5546875000000002 0.74375 0.5546875000000002 0.8609375 0.6015625000000002 0.8609375
1 0.6890625 0.403125 0.6390625 0.403125 0.6390625 0.53125 0.6890625 0.53125
1 0.5828125000000002 0.859375 0.5031250000000002 0.859375 0.5031250000000002 0.9796875 0.5828125000000002 0.9796875
1 0.2640625000000001 0.3765625 0.20468750000000008 0.3765625 0.20468750000000008 0.490625 0.2640625000000001 0.490625
1 0.4703125000000002 0.746875 0.4031250000000002 0.746875 0.4031250000000002 0.890625 0.4703125000000002 0.890625
1 0.5437500000000001 0.5984375 0.484375 0.5984375 0.4843750000000001 0.746875 0.5437500000000002 0.746875
1 0.6765625000000002 0.93125 0.6218750000000002 0.93125 0.6218750000000002 0.996875 0.6765625000000002 0.996875
1 0.684375 0.2171875000000001 0.6453125 0.2171875000000001 0.6453125 0.28593750000000007 0.684375 0.28593750000000007
1 0.4890625 0.13125000000000003 0.4046875 0.13125000000000003 0.4046875 0.2984375000000001 0.4890625 0.2984375000000001
1 0.896875 0.031250000000000104 0.8203125 0.0312500000000001 0.8203125 0.11875000000000009 0.896875 0.11875000000000009
1 0.5265625 0.3968750000000001 0.4546875 0.3968750000000001 0.4546875 0.5421875 0.5265625 0.5421875
1 0.41406250000000017 0.85 0.3218750000000001 0.85 0.3218750000000001 0.9984375 0.41406250000000017 0.9984375
1 0.5890625 0.2984375000000001 0.5421875 0.2984375000000001 0.5421875 0.3734375000000001 0.5890625 0.3734375000000001
1 0.921875 0.7390625000000002 0.8546875 0.7390625000000002 0.8546875 0.834375 0.921875 0.834375
1 0.6484375 0.3781250000000001 0.60625 0.3781250000000001 0.60625 0.490625 0.6484375 0.490625
1 0.8859375 0.2453125000000001 0.840625 0.2453125000000001 0.840625 0.3078125000000001 0.8859375 0.3078125000000001
1 0.2171875 0.02343750000000002 0.14375 0.023437500000000017 0.14375 0.12187500000000002 0.2171875 0.12187500000000004
1 0.4078125 0.36562500000000003 0.3468750000000001 0.365625 0.3468750000000001 0.4953125 0.4078125 0.4953125
1 0.73125 0.009375000000000086 0.6734375 0.009375000000000083 0.6734375 0.10468750000000009 0.73125 0.10468750000000009
1 0.8125 0.6343750000000001 0.71875 0.634375 0.7187500000000001 0.76875 0.8125 0.7687500000000002
1 0.521875 0.03750000000000006 0.446875 0.037500000000000054 0.446875 0.14218750000000005 0.521875 0.14218750000000005
1 0.4937500000000002 0.8734375 0.41406250000000017 0.8734375 0.41406250000000017 0.9984375 0.4937500000000002 0.9984375
1 0.7015625 8.22809568177128e-17 0.6421875 7.864528663274409e-17 0.6421875 0.032812500000000085 0.7015625 0.03281250000000009
1 0.6203125000000002 0.925 0.5562500000000001 0.925 0.5562500000000001 0.996875 0.6203125000000002 0.996875
1 0.6 0.035937500000000074 0.5421875 0.03593750000000007 0.5421875 0.12656250000000008 0.6 0.12656250000000008
1 0.36875 0.00781250000000004 0.2953125 0.007812500000000036 0.2953125 0.12968750000000004 0.36875 0.12968750000000004
1 0.6078125 0.1937500000000001 0.553125 0.1937500000000001 0.553125 0.27812500000000007 0.6078125 0.27812500000000007
1 0.2765625 0.18125000000000005 0.2296875 0.18125000000000005 0.2296875 0.246875 0.2765625 0.246875
1 0.6921875 0.07031250000000008 0.625 0.07031250000000007 0.625 0.1687500000000001 0.6921875 0.1687500000000001
1 0.6375 0.09531250000000008 0.5640625 0.09531250000000006 0.5640625 0.2000000000000001 0.6375 0.2000000000000001
1 0.8640625 0.1625000000000001 0.8046875 0.1625000000000001 0.8046875 0.30156250000000007 0.8640625 0.30156250000000007
1 0.7640625 0.09375000000000008 0.690625 0.09375000000000008 0.690625 0.2171875000000001 0.7640625 0.2171875000000001
1 0.5703125 0.12968750000000007 0.4890625 0.12968750000000004 0.4890625 0.27812500000000007 0.5703125 0.27812500000000007
1 0.2484375 0.10312500000000005 0.2 0.10312500000000005 0.2 0.19531250000000006 0.2484375 0.19531250000000006
1 0.4625 0.3687500000000001 0.4109375 0.3687500000000001 0.4109375 0.453125 0.4625 0.453125
1 0.8140625 9.663228649522084e-17 0.7640625 9.357066949735246e-17 0.7640625 0.018750000000000096 0.8140625 0.0187500000000001
1 0.17812500000000006 0.46875 0.13593750000000004 0.46875 0.13593750000000007 0.5546875 0.1781250000000001 0.5546875
1 0.6640625 0.14218750000000008 0.6046875 0.14218750000000008 0.6046875 0.2796875000000001 0.6640625 0.2796875000000001
1 0.4125 0.03906250000000005 0.3609375 0.03906250000000004 0.3609375 0.13750000000000004 0.4125 0.13750000000000004
1 0.734375 0.42656250000000007 0.696875 0.4265625 0.696875 0.4703125000000001 0.734375 0.4703125000000002
1 0.4265625 0.09843750000000004 0.3875 0.09843750000000004 0.3875 0.17968750000000006 0.4265625 0.17968750000000006
1 0.5437500000000002 0.9375 0.4812500000000002 0.9375 0.4812500000000002 0.996875 0.5437500000000002 0.996875
1 0.45625 0.03593750000000005 0.4109375 0.03593750000000005 0.4109375 0.14218750000000005 0.45625 0.14218750000000005
1 0.5625 0.09062500000000007 0.5109375 0.09062500000000007 0.5109375 0.16562500000000008 0.5625 0.16562500000000008
1 0.6546875 7.740150472736006e-17 0.609375 7.462691432304184e-17 0.609375 0.018750000000000076 0.6546875 0.01875000000000008