1 0.256236391693495 0.0032882188602566947 0.20572117648428226 0.002144361477918237 0.20309591885054687 0.11808141481638326 0.2536111340597596 0.11922527219872173
1 0.27161949123051227 0.2584605999443207 0.2215602832683742 0.11543429148106905 0.15591920587416483 0.13840866856904233 0.20597841383630291 0.28143497703229403
1 0.23971821191494494 0.3570087219581656 0.19811905317115322 0.21882933882897232 0.14008216137558832 0.23630145239704844 0.18168132011938004 0.3744808355262417
1 0.29674051670792084 0.29546202042079217 0.23040032487623768 0.2888280012376238 0.22146523824257427 0.3781788675742575 0.28780543007425746 0.3848128867574258
1 0.36247962044575005 0.16039818965807867 0.26155402545503165 0.13537790708447717 0.2222299299477092 0.2940015247384114 0.3231555249384276 0.3190218073120129
1 0.3672591346153846 0.286405889423077 0.30695625000000004 0.27434531250000005 0.2819634615384616 0.3993092548076923 0.34226634615384616 0.41136983173076924
1 0.2795904248005031 0.16704821800787015 0.25826090737320573 0.15194079185218218 0.23656730707849824 0.18256904187825124 0.25789682450579565 0.19767646803393918
1 0.4371595576732917 0.38360435669266857 0.4135346121866448 0.3086581921016169 0.3425585312103113 0.3310316658220041 0.36618347669695817 0.4059778304130558
1 0.4143449782993588 0.29807788343753816 0.3937184242533196 0.20250405668183022 0.33584848530694816 0.21499343231779142 0.3564750393529873 0.31056725907349936
1 0.42711553364057975 0.24280802207342944 0.4094935080382266 0.14953391115419357 0.3680888524845558 0.1573563807873287 0.38571087808690907 0.2506304917065646
1 0.3908458533653848 0.14570895432692293 0.36711868990384566 0.027073137019230566 0.28993569711538436 0.042509735576923245 0.3136628605769235 0.1611455528846156
1 0.4211326415394668 0.10868095550372767 0.380785657648094 -0.0013462708158060055 0.3412496062782764 0.013151599221506017 0.3815965901696491 0.12317882554103969
1 0.3503789689305153 0.032103292690113625 0.31549551066651893 -0.00581661425499449 0.26147122923600374 0.043881655554891943 0.29635468750000005 0.08180156250000006
1 0.5292344545811791 0.002259510060081016 0.4539583619795303 -0.002913491564202719 0.4458242990865588 0.11545114777490588 0.5211003916882075 0.12062414939918961
1 0.7806151103556657 0.03200738351834196 0.7289492138642034 -0.00959901129403784 0.6532083378556898 0.08445432540275699 0.7048742343471519 0.12606072021513678
1 0.7757375145535499 0.06051926371100243 0.734444093746933 0.05895625344928348 0.7310941243974861 0.1474596353041435 0.7723875452041031 0.14902264556586245
1 0.8170217887805894 0.1511352578652343 0.7631459454360987 0.11961929291016551 0.712192072294268 0.20672380933852263 0.7660679156387585 0.23823977429359142
1 0.6893338657549483 0.28277682610947724 0.681707155282942 0.1617042266599404 0.6298878908025902 0.1649684708312955 0.6375146012745965 0.28604107028083237
1 0.644604670388221 0.13368347041269646 0.5936079965247475 0.12812832076861688 0.5832283642977522 0.22341409224500158 0.6342250381612257 0.22896924188908113
1 0.5872381276254918 0.2908435769887411 0.579540227808479 0.14149047124366324 0.5067233359194576 0.1452435712274338 0.5144212357364704 0.29459667697251163
1 0.4703203924928755 0.20547346625781665 0.41363063214689494 0.20003666975220122 0.40375882623304954 0.30297050420046806 0.4604485865790301 0.3084073007060834
1 0.45 0.32904375 0.4375798781961146 0.3096904237807288 0.4175123659271288 0.32256887908385823 0.4299324877310142 0.34192220530312945
1 0.5131308280891544 0.34281629552606124 0.4961725698041023 0.23691426207689953 0.45146405878385315 0.24407350588675003 0.46842231706890536 0.34997553933591175
1 0.5221812973462511 0.41517387801372296 0.501172686472113 0.3238626424286804 0.4582320172643888 0.33374230076732997 0.47924062813852686 0.42505353635237253
1 0.5745542481457715 0.41607728626379625 0.5602237000929832 0.295928595312594 0.5043289746739126 0.302595351664028 0.5186595227267008 0.42274404261523013
1 0.5415149438380201 0.2955678923738277 0.5037956790690422 0.1869642029816327 0.4684134960857474 0.1992528272035206 0.5061327608547252 0.30785651659571567
1 0.5837859645525413 0.1677003133011492 0.5540144906380373 0.13427539971892566 0.5376230807665359 0.14887518111285208 0.5673945546810399 0.18230009469507563
1 0.6422437112933912 0.3367742159407361 0.5976657702803513 0.26302923065782063 0.5376999376322329 0.2992778425509594 0.5822778786452728 0.37302282783387486
1 0.6731629428010827 0.2746005383304237 0.6198137909447957 0.21413541768712308 0.5764890756478602 0.2523613699537493 0.6298382275041472 0.3128264905970499
1 0.6929145030107537 0.40564854023206215 0.6809079266412622 0.2943827953766046 0.6253053823739165 0.3003828108795896 0.637311958743408 0.4116485557350472
1 0.6385421874999999 0.3566171875000001 0.5869796875 0.3566171875000001 0.5869796875 0.42279375 0.6385421874999999 0.42279375
1 0.7150044723181019 0.26437738137872036 0.6789114537021714 0.25824146083540256 0.6663617864904332 0.33206174079164996 0.7024548051063636 0.33819766133496765
1 0.7541671875 0.2711390625000001 0.7078125 0.2711390625000001 0.7078125 0.3483453125000001 0.7541671875 0.3483453125000001
1 0.7410669907130064 0.4277171195858477 0.7190852618883671 0.33535617555866404 0.6734618212128295 0.346214467573106 0.6954435500374687 0.4385754116002897
1 0.8376420126472445 0.30483140447517887 0.7990170845392756 0.28732237088135804 0.772733981710744 0.3453028957210989 0.8113589098187127 0.36281192931491973
1 0.8266097903346763 0.5347711689627155 0.8159101275188643 0.48868731010930133 0.7714909810891288 0.4990004631565778 0.7821906439049409 0.5450843220099919
1 0.7237285807971764 0.6080591282765885 0.7177431710383656 0.5024933705514631 0.6776119115390682 0.5047687488314724 0.683597321297879 0.6103345065565977
1 0.6822125360355401 0.495728484293472 0.6410290826223951 0.4949245631968907 0.6398124926696289 0.5572483109573529 0.6809959460827739 0.5580522320539342
1 0.648114980966502 0.5570555307617655 0.6335640195881412 0.49110216474086654 0.5843126276722234 0.5019682530823159 0.5988635890505841 0.5679216191032148
1 0.6101296191292894 0.6090058133530594 0.5858757384400869 0.4937648958295659 0.5312706607203157 0.5052572118272234 0.5555245414095182 0.6204981293507168
1 0.5352206450977943 0.557493328370096 0.5207885105686628 0.49382851294631314 0.493541791431824 0.5000050535275244 0.5079739259609554 0.5636698689513073
1 0.5182995519140505 0.6411592531742447 0.4982408247880219 0.4877701668415034 0.44592977092158187 0.49461089573733713 0.46598849804761067 0.6479999820700784
1 0.4586416815744686 0.61131987505351 0.44950266623124746 0.49149809994916316 0.39411544870561693 0.495722579434167 0.403254464048838 0.6155443545385139
1 0.4076581835547247 0.6296384391388378 0.3885065331126462 0.47273196682186364 0.31381761967726535 0.48184832729374677 0.33296927011934385 0.6387547996107209
1 0.32363495785590357 0.5841806547980442 0.32186192260548185 0.46377906764272636 0.25344559916299003 0.4647865672615753 0.2552186344134117 0.5851881544168931
1 0.2572921875000001 0.477021875 0.2078125000000001 0.477021875 0.2078125000000001 0.5615812499999999 0.2572921875000001 0.5615812499999999
1 0.31738930376566044 0.6334377299479445 0.2598895660717471 0.5238480462740293 0.1864075299398698 0.5624027501581075 0.24390726763378315 0.6719924338320228
1 0.21329919788708832 0.49733273994927474 0.18385457674139638 0.49306400326305455 0.17566481025897698 0.5495548550237079 0.20510943140466892 0.5538235917099281
1 0.20271780271777456 0.6212718461496969 0.19462468453071619 0.5249188453649429 0.12493815949674017 0.5307721273442481 0.13303127768379858 0.6271251281290021
1 0.24500039825927714 0.6585550780945969 0.20520781250000003 0.6011031250000001 0.1487724772184358 0.640191577142742 0.1885650629777129 0.6976435302373387
1 0.18747081311390462 0.745486910880344 0.17829221664987338 0.658039718893695 0.11401276034578797 0.6647865929434941 0.12319135680981923 0.7522337849301433
1 0.3145391854119247 0.7676478013530034 0.30056373314414936 0.6813284204210883 0.2092799219094701 0.6961076337675918 0.22325537417724545 0.7824270146995068
1 0.2827466088193161 0.65531082900497 0.23585281175800676 0.6415188422470495 0.22378594536860313 0.6825470997100772 0.27067974242991244 0.6963390864679977
1 0.3744900362037485 0.7316823051994915 0.3704158257083483 0.5926783915174292 0.3090914814386924 0.594475810600308 0.3131656919340926 0.7334797242823703
1 0.5122599033164871 0.7353933893823867 0.48421694712984087 0.603423237568032 0.4047954168022344 0.6202998908463166 0.43283837298888067 0.7522700426606714
1 0.579617860312094 0.7297776493141785 0.559186826106759 0.6143533432273838 0.506098371227888 0.6237504284195008 0.5265294054332231 0.7391747345062956
1 0.5997172521344217 0.6665848731438511 0.5972067164597158 0.6111495313537215 0.5501783805451793 0.6132793335922011 0.5526889162198853 0.6687146753823308
1 0.637789178669941 0.5675994233932681 0.6019664320248823 0.5637697664484695 0.5906884125118892 0.6692647602548234 0.6265111591569478 0.6730944171996219
1 0.6865997843387349 0.5609917857558621 0.6322302347586212 0.5598925774497372 0.6295826623667471 0.6908480274994309 0.6839522119468608 0.6919472358055557
1 0.7247919202123819 0.6118195934090627 0.6790740321310093 0.6056169819204053 0.6664434907507734 0.6987135233182874 0.712161378832146 0.7049161348069448
1 0.8750245415006545 0.6885470964584549 0.8330074914978459 0.6593376072428662 0.8101242769642495 0.6922544844325562 0.852141326967058 0.721463973648145
1 0.7125694462628226 0.7914434738225169 0.6888473512116593 0.6815675682480776 0.633679871838902 0.6934781703275028 0.6574019668900652 0.803354075901942
1 0.6234375000000001 0.6617640625 0.5718750000000001 0.6617640625 0.5718750000000001 0.790440625 0.6234375000000002 0.790440625
1 0.6639600493817187 0.7983551518038796 0.6423579599782027 0.7221043132963997 0.6028232278399264 0.7333046205312025 0.6244253172434423 0.8095554590386824
1 0.7301267481435645 0.7948331064356438 0.7240347617574258 0.7339132425742572 0.6886042233910892 0.7374562964108908 0.6946962097772278 0.7983761602722774
1 0.8440212056713772 0.926941880312126 0.8231527575315631 0.9182273986130822 0.8039926967571873 0.9641097297068087 0.8248611448970014 0.9728242114058526
1 0.7698940350068335 0.9684937181768889 0.7609918561985408 0.9057786680693539 0.7243526920106478 0.9109794674058408 0.7332548708189405 0.9736945175133759
1 0.7330908730153161 0.9044472087181388 0.6715496845839792 0.9017646234589375 0.6673163071044413 0.9988825362170107 0.7288574955357783 1.001565121476212
1 0.686042725046995 0.9524204484540082 0.6575386056811604 0.8417810337229745 0.5957748303624502 0.8576932836969009 0.6242789497282847 0.9683326984279346
1 0.7253342207667199 0.9019224234835118 0.7132608605361186 0.8346414083814977 0.6632737025800758 0.8436114419636637 0.6753470628106771 0.9108924570656777
1 0.605207809827684 0.9252270794233437 0.5652555436719481 0.9156478352757642 0.546273599118412 0.9948160545290452 0.5862258652741479 1.004395298676625
1 0.6280742512078223 0.9339043404136034 0.5930545083077059 0.8301659034737648 0.5462297164029473 0.8459728909533147 0.5812494593030637 0.9497113278931533
1 0.5697308905812009 0.9781437905803175 0.5665405135307171 0.8370726965113053 0.4668415990913296 0.8393274258070884 0.47003197614181325 0.9803985198761005
1 0.48897900497236807 0.8738669344777328 0.43955551529326914 0.8276531988036349 0.38500414455470855 0.8859934102007646 0.4344276342338075 0.9322071458748626
1 0.4139068708784815 0.859419949619045 0.31428123367231164 0.8151245178809805 0.2666072615411793 0.9223488899065003 0.3662328987473492 0.9666443216445648
1 0.1755970128558677 0.807700559884791 0.11776220014917449 0.7757071823545401 0.037892815855496795 0.9200880273358528 0.09572762856219001 0.9520814048661036
1 0.1994704705202372 0.8401975995127182 0.15469627542603695 0.8325268025236211 0.1364804254746775 0.938852132302013 0.18125462056887778 0.9465229292911103
1 0.28229218750000007 0.8382359375 0.18385468750000009 0.8382359375 0.1838546875000001 0.9411765624999999 0.28229218750000007 0.9411765624999999
1 0.43802031250000023 0.9025734375000001 0.36458281250000013 0.9025734375000001 0.36458281250000013 0.99908125 0.43802031250000023 0.99908125