1 0.4303070561764069 0.6114303163487028 0.3834454048181474 0.5211225858886166 0.3107620515557099 0.5588387586102747 0.35762370291396944 0.6491464890703609
1 0.4141762373465693 0.6397569177808955 0.2979451200607902 0.6125326645102616 0.28554658492210877 0.6654669205043611 0.4017777022078879 0.692691173774995
1 0.40322635573999027 0.6846644660948404 0.29928321995456236 0.6807007305444767 0.2961520570280192 0.7628108736417147 0.40009519281344713 0.7667746091920785
1 0.40904225367972985 0.8626508569932991 0.37425436363829134 0.7447745353652848 0.2655474761410958 0.776856324114457 0.30033536618253426 0.8947326457424716
1 0.24647628197917074 0.7608133487554907 0.09430144216337957 0.731520430745223 0.07561946030125385 0.8285721343793234 0.227794300117045 0.857865052389591
1 0.31708666358528154 0.7583862687431872 0.2905620130570021 0.7081814342312158 0.24031910341739673 0.734726200938826 0.26684375394567617 0.7849310354507973
1 0.2548274066987168 0.6548300417714221 0.1404658353398441 0.6454984210408136 0.13248600854054726 0.7432933870262903 0.24684757989942 0.7526250077568988
1 0.328195598023556 0.6781194237528417 0.26331562057961894 0.6223179246072416 0.22168051055149357 0.6707267494750517 0.28656048799543066 0.7265282486206519
1 0.2557887009737061 0.6344235025771673 0.20619793689083715 0.5560664375363044 0.14686662001970113 0.5936161509686293 0.19645738410257008 0.6719732160094922
1 0.331262766527889 0.6235972084159791 0.328550014609659 0.5665394216240113 0.21677247162223195 0.5718537662770862 0.219485223540462 0.628911553069054
1 0.31248552645672745 0.5310294487229126 0.15437099822906303 0.491946368797452 0.13749041427492303 0.5602384679157095 0.2956049425025874 0.5993215478411701
1 0.3524006122091155 0.470829438894973 0.25349714837982773 0.45759115342035156 0.2433441720271154 0.5334442184856985 0.34224763585640317 0.5466825039603199
1 0.4297032215510768 0.4664560855490105 0.429636971562995 0.39912200675315807 0.3475159893156352 0.39920280557290055 0.347582239303717 0.46653688436875296
1 0.37293519768120864 0.3927505207753267 0.27294566447355023 0.31570385582295185 0.23151364102601094 0.36947346008718573 0.3315031742336693 0.4465201250395606
1 0.437601638860877 0.47773405186622603 0.3688249746851301 0.45220842480778184 0.34127038817028355 0.5264519503005763 0.4100470523460304 0.5519775773590205
1 0.17634020120865057 0.5967267366934286 0.15357782390908442 0.5417929961566765 0.08711926345882315 0.5693308046687839 0.10988164075838931 0.624264545205536
1 0.1553583270420485 0.6350312973699692 0.10431116912820122 0.5958409910228655 0.053266932378027 0.6623284328637101 0.10431409029187426 0.7015187392108139
1 0.2886862658732888 0.47187985366073154 0.2879503246243042 0.41888720995072487 0.15619907945062111 0.42071692006028283 0.15693502069960574 0.4737095637702895
1 0.2272136923154388 0.35120605698745505 0.1361938888925549 0.34105417292359 0.1309670007996817 0.38791742744204283 0.22198680422256561 0.39806931150590785
1 0.23605802099124934 0.30113949251892136 0.14033796294821144 0.2887309622337024 0.13354373994429664 0.34114195735910896 0.2292637979873345 0.3535504876443279
1 0.326526999992696 0.2516318254664425 0.24298982487941756 0.24399008930141802 0.2389419002113357 0.2882407915686075 0.3224790753246142 0.295882527733632
1 0.401561501864388 0.3480095206187377 0.32508105611679017 0.3340074373472284 0.3190695557571944 0.36684271037043803 0.39555000150479225 0.38084479364194734
1 0.44255336406611445 0.29092163811459315 0.40383059976143193 0.2645890421560265 0.3843626008309001 0.29321723875528927 0.4230853651355826 0.3195498347138559
1 0.5696746854192392 0.280017217945989 0.5631518339541941 0.22274331725630048 0.5067240483565195 0.22916980575320328 0.5132468998215645 0.2864437064428918
1 0.5776027794321543 0.29890876495222446 0.5652471824146582 0.2728822642774822 0.5113938859794243 0.29844811491307077 0.5237494829969204 0.324474615587813
1 0.6422738314707401 0.3484938883465437 0.6411067613753275 0.3005294476830823 0.5334418639017549 0.30314914845367413 0.5346089339971675 0.3511135891171355
1 0.6872503909505505 0.37615948948331385 0.5780912807164666 0.32905815213350276 0.5559668279288208 0.3803323986114556 0.6651259381629047 0.42743373596126666
1 0.62663250796345 0.39966358861282936 0.5421825311635688 0.38915896844800135 0.5319590198830829 0.4713490216725013 0.6164089966829641 0.48185364183732926
1 0.5948066277216404 0.4733386275509819 0.47953805961225016 0.4666514074551281 0.47691468952174887 0.5118708124722546 0.5921832576311392 0.5185580325681084
1 0.5826547494397917 0.561964644852006 0.5711758369043676 0.5077629133654107 0.48031310730750504 0.5270059393198532 0.4917920198429292 0.5812076708064485
1 0.6371932294296074 0.5918055152518413 0.5281430760837964 0.5631446684868889 0.5161240673544814 0.6088751647190936 0.6251742207002923 0.6375360114840462
1 0.522511374281253 0.615862945478523 0.4347747404705081 0.6045837884524417 0.427631750971967 0.6601466157540158 0.5153683847827119 0.6714257727800972
1 0.5168372008621285 0.6797092559397979 0.423808670407442 0.6495715644745971 0.40661801728435776 0.7026353898655817 0.49964654773904427 0.7327730813307826
1 0.5137998570612814 0.7298799411058579 0.43852874269254016 0.7181238263559239 0.4250136473964877 0.8046572011462054 0.500284761765229 0.8164133158961395
1 0.5596238105788959 0.8458989440324173 0.5435045484902675 0.7857790021779995 0.40583092751025795 0.8226918319448862 0.4219501895988863 0.882811773799304
1 0.6471084883803042 0.849850991894994 0.5320139450137078 0.8464371462172193 0.5300153781984435 0.9138169157504533 0.6451099215650398 0.917230761428228
1 0.6915460149837009 0.8310860394733997 0.600214249729369 0.7969726288266032 0.5793724107415863 0.8527724421495645 0.6707041759959183 0.8868858527963608
1 0.6127408089025959 0.8048848240015062 0.5366030897767912 0.7173130357327017 0.4898315558040019 0.7579777062516183 0.5659692749298066 0.8455494945204229
1 0.6922005861901269 0.7899108104199113 0.588393769211088 0.6917801157581445 0.5463666375642529 0.7362382007442356 0.6501734545432918 0.8343688954060025
1 0.7110222169459307 0.6786718148704791 0.6159645105344154 0.6784327082110417 0.6157608690567328 0.7593911049546185 0.7108185754682481 0.7596302116140559
1 0.6778039200461636 0.6519702306000172 0.6281958259364722 0.6473652019524823 0.624565625 0.6864718750000001 0.6741737191096915 0.691076903647535
1 0.6454179234000577 0.6855779832688551 0.6109815011784132 0.6082467358028836 0.499100728999308 0.6580684267168785 0.5335371512209525 0.7353996741828499
1 0.7540152594273665 0.6780021475464045 0.753803652995156 0.620790450585087 0.6548315843433332 0.6211565143001707 0.6550431907755436 0.6783682112614883
1 0.7598428111752928 0.6195726084293686 0.7576957303824674 0.5594294913323898 0.6285410612505667 0.5640402518446805 0.6306881420433921 0.6241833689416593
1 0.698912363913696 0.515283539127291 0.596258525447153 0.5137719508463073 0.595337434137023 0.5763244062685506 0.6979912726035661 0.5778359945495344
1 0.6053839981866499 0.5425666156814094 0.5688172945262173 0.5316429279140481 0.5579553580243725 0.5680029211416222 0.594522061684805 0.5789266089089836
1 0.6944501596045096 0.47982913057809623 0.5983431234828951 0.45419053326044256 0.5858620696154782 0.5009761307722733 0.6819691057370927 0.526614728089927
1 0.7262721108343102 0.5568300387126173 0.7249572110624343 0.517281340601616 0.682121206038133 0.5187055354784346 0.6834361058100089 0.5582542335894358
1 0.7605583484618703 0.5216203232894382 0.7599265481818593 0.4764810651021117 0.6889250700835442 0.4774748509006631 0.6895568703635553 0.5226141090879896
1 0.6930714573398463 0.4139298668824326 0.6204305122857411 0.41177626518784544 0.6187658632495043 0.46792484618105695 0.6914068083036095 0.4700784478756441
1 0.7674393695754872 0.4156962960795255 0.7422297471804284 0.3522261723688801 0.6665227643603018 0.3822961381730351 0.6917323867553605 0.4457662618836805
1 0.7475673401889893 0.3650681549715819 0.7421466461847926 0.32812628383280734 0.638697603473563 0.34330595904357514 0.6441182974777595 0.3802478301823497
1 0.7613948549535396 0.2990998172031659 0.691134137080926 0.28702821035752735 0.6834646537387096 0.3316671231573477 0.7537253716113232 0.34373873000298627
1 0.6627969648797197 0.30030552162821655 0.592108896241047 0.28025123922191764 0.5840853797669341 0.30853282376106234 0.6547734484056067 0.3285871061673612
1 0.6174410213122148 0.28206370372376305 0.6108007311586904 0.2329157323520831 0.565843646163463 0.23898979971424045 0.5724839363169875 0.2881377710859204
1 0.6467668145698756 0.20238554349967286 0.5808102807716913 0.1623671805035447 0.5557014972325538 0.20375039076356077 0.6216580310307381 0.24376875375968893
1 0.6813298785704953 0.1719452554908299 0.6034406743099169 0.1448600684241173 0.5902371792825064 0.1828295208266599 0.6681263835430848 0.20991470789337247
1 0.7779911361589615 0.23220914351126373 0.7661714721754944 0.20156057788627862 0.7312607913609123 0.21502393280185267 0.7430804553443794 0.24567249842683778
1 0.9603985267842201 0.3292745493757697 0.8490251933048565 0.3274435551357631 0.8478290909419031 0.40019851221536573 0.9592024244212667 0.40202950645537233
1 0.8823067607067211 0.4335258107383909 0.7146090228814189 0.4103859377446947 0.7062926661233806 0.47065568147453724 0.8739904039486828 0.49379555446823364
1 0.9085688441235018 0.4964569275151291 0.8915534996055312 0.4497054600421603 0.8014287919646422 0.4825066325610285 0.8184441364826129 0.5292581000339973
1 0.9277841760625882 0.538652429647596 0.8216197598910471 0.5039978940470469 0.7991500678719718 0.5728339552846322 0.9053144840435129 0.6074884908851812
1 0.9031666374644349 0.6093604904556734 0.7674234687966826 0.560904414526734 0.7485032953237065 0.6139067315680833 0.8842464639914589 0.6623628074970227
1 0.9831357751122278 0.6734040521264207 0.8090629993542274 0.6277301082462479 0.7893366127841389 0.7029114167607791 0.9634093885421393 0.7485853606409518
1 0.9927596352588649 0.7644678461262575 0.8506758455750928 0.7144835127785989 0.8303560630213866 0.7722438452151625 0.9724398527051588 0.8222281785628212
1 0.9857056535316732 0.8164901023169098 0.8283237778183375 0.7848334501115697 0.8145751743382267 0.85318499246998 0.9719570500515623 0.8848416446753202
1 0.8640235077035416 0.8006193505609576 0.8462035173643658 0.7388265829660321 0.7846582234455124 0.7565752060774814 0.8024782137846882 0.8183679736724068
1 0.9846660301372324 0.6211690160552509 0.9831552004664094 0.570232472867521 0.8791755722486319 0.5733166143824564 0.8806864019194549 0.6242531575701863
1 0.9243730811178917 0.5085374611804829 0.8723026573370285 0.48779522468035685 0.8609421875000001 0.5163140625000002 0.9130126112808632 0.5370562990001264
1 0.937170101481992 0.4167711492946976 0.8756351537419305 0.41132005343635836 0.8719348155409502 0.4530914923791398 0.9334697632810117 0.458542588237479
1 0.9884310732993228 0.40887466912265424 0.9681434492369085 0.3776551455238336 0.9251660366720117 0.40558348935432226 0.9454536607344259 0.43680301295314283
1 0.7489532634975105 0.8127932277497484 0.6810201914990618 0.7974864613127827 0.6678373873518104 0.8559931607495704 0.7357704593502591 0.8712999271865363
1 0.781300094932676 0.802478965122823 0.7757337024377691 0.7358362660434935 0.6777605811928024 0.7440195607529623 0.6833269736877093 0.8106622598322918
1 0.7591689369132079 0.7344894683787007 0.752696317410358 0.6761951845542964 0.698377221546145 0.6822264249470411 0.7048498410489948 0.7405207087714454