1 0.2234375000000001 0.621875 0.12343750000000009 0.621875 0.12343750000000009 0.74375 0.2234375000000001 0.74375
1 0.25468750000000007 0.71875 0.16562500000000008 0.71875 0.16562500000000008 0.815625 0.25468750000000007 0.815625
1 0.3156250000000001 0.6234375 0.2218750000000001 0.6234375 0.2218750000000001 0.7390625 0.3156250000000001 0.7390625
1 0.2546875 0.2625 0.16562500000000005 0.2625 0.16562500000000005 0.3625 0.2546875 0.3625
1 0.26875 0.10312500000000002 0.159375 0.103125 0.15937500000000002 0.2390625 0.26875 0.2390625
1 0.75 0.2671875000000001 0.6625 0.2671875000000001 0.6625 0.3531250000000001 0.75 0.3531250000000001
1 0.24218750000000006 0.3625 0.17343750000000005 0.3625 0.17343750000000005 0.46875 0.24218750000000008 0.46875
1 0.475 0.3593750000000001 0.4015625 0.3593750000000001 0.4015625 0.471875 0.475 0.471875
1 0.4203125000000001 0.6203125 0.3281250000000001 0.6203125 0.3281250000000001 0.7453125 0.4203125000000002 0.7453125
1 0.34375000000000006 0.2921875 0.2484375 0.2921875 0.24843750000000003 0.3953125 0.3437500000000001 0.3953125
1 0.4 0.35625000000000007 0.3375 0.35625 0.3375 0.425 0.4 0.425
1 0.6765625 0.1390625000000001 0.6046875 0.1390625000000001 0.6046875 0.2296875000000001 0.6765625 0.2296875000000001
1 0.365625 0.040625000000000036 0.278125 0.040625000000000036 0.278125 0.17187500000000006 0.365625 0.17187500000000006
1 0.32812500000000006 0.35625 0.2421875 0.35625 0.24218750000000006 0.496875 0.3281250000000001 0.496875
1 0.571875 0.4265625 0.5046875 0.4265625 0.5046875 0.5171875 0.571875 0.5171875
1 0.646875 0.4015625 0.575 0.4015625 0.575 0.4828125 0.646875 0.4828125
1 0.48125 0.2718750000000001 0.4140625 0.2718750000000001 0.4140625 0.3687500000000001 0.48125 0.3687500000000001
1 0.4375 0.06250000000000004 0.3765625 0.06250000000000004 0.3765625 0.14687500000000003 0.4375 0.14687500000000003
1 0.640625 0.4828125 0.5703125 0.4828125 0.5703125 0.5484375 0.640625 0.5484375
1 0.34843750000000007 0.6875 0.29375000000000007 0.6875 0.29375000000000007 0.765625 0.34843750000000007 0.765625
1 0.7640625 0.45000000000000007 0.7046875 0.45 0.7046875 0.5546875000000001 0.7640625 0.5546875000000002
1 0.2921875 0.01718750000000003 0.20625 0.01718750000000003 0.20625 0.14375000000000004 0.2921875 0.14375000000000004
1 0.6046875000000002 0.790625 0.5250000000000001 0.790625 0.5250000000000001 0.9109375 0.6046875000000002 0.9109375
1 0.4453125 0.18593750000000003 0.3875 0.18593750000000003 0.3875 0.2750000000000001 0.4453125 0.2750000000000001
1 0.7078125 0.421875 0.646875 0.421875 0.646875 0.55 0.7078125 0.55
1 0.721875 0.04375000000000008 0.671875 0.04375000000000008 0.671875 0.1671875000000001 0.721875 0.1671875000000001
1 0.45781250000000007 0.7234375 0.3906250000000001 0.7234375 0.3906250000000001 0.86875 0.4578125000000002 0.86875
1 0.17343750000000002 0.1328125 0.121875 0.1328125 0.12187500000000002 0.2125 0.17343750000000005 0.2125
1 0.6109375 0.1750000000000001 0.559375 0.1750000000000001 0.559375 0.2796875000000001 0.6109375 0.2796875000000001
1 0.4765625 0.603125 0.4171875 0.603125 0.4171875 0.715625 0.4765625 0.715625
1 0.4078125 0.28125000000000006 0.35625 0.28125 0.35625 0.35468750000000004 0.4078125 0.3546875000000001
1 0.53125 0.29375000000000007 0.4796875 0.29375000000000007 0.4796875 0.4234375 0.53125 0.4234375
1 0.59375 0.34843750000000007 0.54375 0.34843750000000007 0.54375 0.45 0.59375 0.45
1 0.6453125 0.05156250000000008 0.578125 0.05156250000000007 0.578125 0.14218750000000008 0.6453125 0.14218750000000008
1 0.553125 0.12187500000000007 0.5015625 0.12187500000000004 0.5015625 0.2687500000000001 0.553125 0.2687500000000001
1 0.5093750000000001 0.815625 0.45312500000000017 0.815625 0.45312500000000017 0.9125 0.5093750000000001 0.9125
1 0.4296875 0.14531250000000004 0.3703125 0.14531250000000004 0.3703125 0.2312500000000001 0.4296875 0.2312500000000001
1 0.6046875 0.08125000000000007 0.5546875 0.08125000000000007 0.5546875 0.1859375000000001 0.6046875 0.1859375000000001
1 0.484375 0.14375000000000004 0.4328125 0.14375000000000004 0.4328125 0.2484375000000001 0.484375 0.2484375000000001
1 0.7250000000000002 0.78125 0.6625000000000002 0.78125 0.6625000000000002 0.8625 0.7250000000000002 0.8625
1 0.5312500000000001 0.7234375 0.471875 0.7234375 0.4718750000000001 0.8734375 0.5312500000000002 0.8734375
1 0.5015625 0.02812500000000006 0.4359375 0.028125000000000056 0.4359375 0.16718750000000004 0.5015625 0.16718750000000004
1 0.4843750000000001 0.7 0.4296875 0.7 0.4296875000000001 0.778125 0.48437500000000017 0.778125
1 0.6703125000000002 0.7875 0.6140625000000002 0.7875 0.6140625000000002 0.903125 0.6703125000000002 0.903125
1 0.6484375000000001 0.61875 0.5890625 0.61875 0.5890625 0.7328125 0.6484375000000002 0.7328125
1 0.53125 0.0015625000000000617 0.475 0.0015625000000000582 0.475 0.07968750000000006 0.53125 0.07968750000000006
1 0.5984375000000001 0.61875 0.546875 0.61875 0.5468750000000001 0.759375 0.5984375000000002 0.759375
1 0.7375000000000002 0.859375 0.6796875000000002 0.859375 0.6796875000000002 0.95 0.7375000000000002 0.95
1 0.5703125 0.2796875000000001 0.5265625 0.2796875000000001 0.5265625 0.3828125000000001 0.5703125 0.3828125000000001
1 0.5125 0.6078125 0.471875 0.6078125 0.471875 0.71875 0.5125 0.71875
1 0.55 0.6140625 0.5078125 0.6140625 0.5078125000000001 0.7390625 0.5500000000000002 0.7390625
1 0.696875 0.0015625000000000825 0.65 0.0015625000000000799 0.65 0.0828125000000001 0.696875 0.0828125000000001
1 0.8125 0.8 0.7640625000000002 0.8 0.7640625000000002 0.875 0.8125 0.875
1 0.2171875000000001 0.9640625 0.14375000000000013 0.9640625 0.14375000000000013 1 0.2171875000000001 1
1 0.3421875000000001 0.965625 0.2718750000000001 0.965625 0.2718750000000001 1 0.3421875000000001 1
1 0.7546875000000001 0.6671875 0.7125 0.6671875 0.7125000000000001 0.7750000000000001 0.7546875000000002 0.7750000000000001
1 0.81875 0.0796875000000001 0.7828125 0.07968750000000009 0.7828125 0.1359375000000001 0.81875 0.1359375000000001
1 0.4015625 0.001562500000000047 0.3625 0.0015625000000000443 0.3625 0.07500000000000004 0.4015625 0.07500000000000004
1 0.7796875 0.6187500000000001 0.7328125 0.6187500000000001 0.7328125 0.6703125000000002 0.7796875 0.6703125000000002
1 0.571875 0.040625000000000064 0.5171875 0.040625000000000064 0.5171875 0.14531250000000007 0.571875 0.1453125000000001
1 0.453125 5.223884002612929e-17 0.4 4.898587196589413e-17 0.4 0.06875000000000005 0.453125 0.06875000000000005
1 0.834375 0.8625 0.7968750000000002 0.8625 0.7968750000000002 0.9203125 0.834375 0.9203125
1 0.2671875 0.346875 0.2265625 0.346875 0.22656250000000006 0.43125 0.2671875000000001 0.43125
1 0.6265625000000001 0.734375 0.5765625000000002 0.734375 0.5765625000000002 0.8125 0.6265625000000001 0.8125
1 0.5640625000000001 0.725 0.5234375 0.725 0.5234375000000001 0.80625 0.5640625000000001 0.80625
1 0.6578125 7.7879882383277e-17 0.6140625 7.520096751014216e-17 0.6140625 0.06250000000000008 0.6578125 0.06250000000000008
1 0.68125 0.6359375 0.6421875 0.6359375 0.6421875 0.715625 0.68125 0.715625
1 0.490625 0.3687500000000001 0.4609375 0.3687500000000001 0.4609375 0.43125 0.490625 0.43125
1 0.7859375 0.4859375000000002 0.75625 0.4859375000000002 0.75625 0.5312500000000002 0.7859375 0.5312500000000002
1 0.7171875 0.4328125 0.6890625 0.4328125 0.6890625 0.4828125 0.7171875 0.4828125
1 0.2671875000000001 0.965625 0.2156250000000001 0.965625 0.2156250000000001 1 0.2671875000000001 1
1 0.240625 2.6502122137798194e-17 0.1921875 2.3536180671113197e-17 0.1921875 0.05625000000000002 0.240625 0.05625000000000002
1 0.6578125000000001 0.7171875 0.6125 0.7171875 0.6125 0.7984375 0.6578125000000001 0.7984375
1 0.7828125 0.08906250000000009 0.75625 0.08906250000000009 0.75625 0.1359375000000001 0.7828125 0.1359375000000001
1 0.7156250000000001 0.6765625 0.6796875 0.6765625 0.6796875000000001 0.753125 0.7156250000000002 0.753125