1 0.3937500000000001 0.4390625 0.2687500000000001 0.4390625 0.2687500000000001 0.55625 0.3937500000000001 0.55625
1 0.5015625 0.5515625 0.4390625 0.5515625 0.4390625 0.625 0.5015625 0.625
1 0.6390625 0.5359375 0.584375 0.5359375 0.584375 0.625 0.6390625 0.625
1 0.8203125 0.5375000000000002 0.759375 0.5375000000000002 0.759375 0.6031250000000001 0.8203125 0.6031250000000001
1 0.8 0.7125000000000001 0.75 0.7125000000000001 0.7500000000000001 0.7718750000000002 0.8 0.7718750000000002
1 0.6921875000000001 0.6828125 0.6234375 0.6828125 0.6234375000000001 0.7796875 0.6921875000000002 0.7796875
1 0.58125 0.703125 0.521875 0.703125 0.5218750000000001 0.853125 0.5812500000000002 0.853125
1 0.48125000000000007 0.6953125 0.43125 0.6953125 0.4312500000000001 0.7859375 0.4812500000000002 0.7859375
1 0.43437500000000007 0.696875 0.3812500000000001 0.696875 0.3812500000000001 0.846875 0.4343750000000002 0.846875
1 0.3390625000000001 0.7078125 0.2578125000000001 0.7078125 0.2578125000000001 0.8140625 0.3390625000000001 0.8140625
1 0.16093750000000012 0.7484375 0.057812500000000086 0.7484375 0.0578125000000001 0.928125 0.16093750000000012 0.928125
1 0.29375000000000007 0.825 0.20468750000000008 0.825 0.20468750000000008 1 0.29375000000000007 1
1 0.3937500000000001 0.88125 0.3109375000000001 0.88125 0.3109375000000001 0.9890625 0.3937500000000001 0.9890625
1 0.29375 0.04218750000000003 0.184375 0.042187500000000024 0.184375 0.17968750000000006 0.29375 0.17968750000000006
1 0.3078125 0.19062500000000004 0.2125 0.19062500000000004 0.2125 0.315625 0.3078125 0.315625
1 0.4828125 0.03437500000000005 0.4 0.034375000000000044 0.4 0.14843750000000006 0.4828125 0.14843750000000006
1 0.65625 0.10781250000000009 0.571875 0.10781250000000009 0.571875 0.2140625000000001 0.65625 0.2140625000000001
1 0.45625 0.18437500000000004 0.3796875 0.18437500000000004 0.3796875 0.29375000000000007 0.45625 0.29375000000000007
1 0.5828125 0.3781250000000001 0.5171875 0.3781250000000001 0.5171875 0.4703125 0.5828125 0.4703125
1 0.471875 0.4328125 0.4046875 0.4328125 0.4046875 0.55625 0.471875 0.55625
1 0.684375 0.3500000000000001 0.6484375 0.3500000000000001 0.6484375 0.43125 0.684375 0.43125
1 0.7984375 0.3421875000000001 0.740625 0.3421875000000001 0.740625 0.4343750000000002 0.7984375 0.4343750000000002
1 0.721875 0.4046875 0.6703125 0.4046875 0.6703125 0.5015625 0.721875 0.5015625
1 0.2218750000000001 0.5078125 0.12031250000000004 0.5078125 0.12031250000000007 0.6140625 0.2218750000000001 0.6140625
1 0.2656250000000001 0.6421875 0.1609375000000001 0.6421875 0.1609375000000001 0.784375 0.2656250000000001 0.784375
1 0.490625 0.55 0.4375 0.55 0.4375 0.621875 0.490625 0.621875
1 0.5484375 0.12968750000000007 0.48125 0.12968750000000004 0.48125 0.21250000000000008 0.5484375 0.21250000000000008
1 0.6328125 0.43125 0.56875 0.43125 0.56875 0.5078125 0.6328125 0.5078125
1 0.7562500000000001 0.6875000000000001 0.684375 0.6875 0.6843750000000001 0.7796875000000001 0.7562500000000002 0.7796875000000002
1 0.5062500000000002 0.9109375 0.4437500000000002 0.9109375 0.4437500000000002 0.9984375 0.5062500000000002 0.9984375
1 0.6875 0.22656250000000008 0.6421875 0.22656250000000008 0.6421875 0.3031250000000001 0.6875 0.3031250000000001
1 0.4109375 0.28437500000000004 0.3546875 0.284375 0.3546875 0.34687500000000004 0.4109375 0.3468750000000001
1 0.8234375 0.7609375000000002 0.7796875000000002 0.7609375000000002 0.7796875000000002 0.8125 0.8234375 0.8125
1 0.4640625 0.27812500000000007 0.4140625 0.27812500000000007 0.4140625 0.34062500000000007 0.4640625 0.34062500000000007
1 0.384375 0.20312500000000006 0.3015625 0.203125 0.3015625 0.3140625 0.384375 0.3140625000000001
1 0.390625 0.12968750000000004 0.3359375 0.12968750000000004 0.3359375 0.21718750000000003 0.390625 0.2171875000000001
1 0.5140625000000001 0.70625 0.4703125 0.70625 0.4703125000000001 0.79375 0.5140625000000002 0.79375
1 0.5484375 0.04531250000000006 0.48125 0.045312500000000054 0.48125 0.13593750000000007 0.5484375 0.1359375000000001
1 0.503125 0.16875000000000004 0.4390625 0.16875000000000004 0.4390625 0.2796875000000001 0.503125 0.2796875000000001
1 0.653125 0.3828125000000001 0.6109375 0.3828125000000001 0.6109375 0.4578125 0.653125 0.4578125
1 0.6453125 0.23437500000000008 0.603125 0.23437500000000008 0.603125 0.3078125000000001 0.6453125 0.3078125000000001
1 0.39531250000000007 0.578125 0.30937500000000007 0.578125 0.30937500000000007 0.6984375 0.39531250000000007 0.6984375
1 0.3578125 0.06718750000000004 0.2859375 0.06718750000000004 0.2859375 0.16406250000000006 0.3578125 0.16406250000000006
1 0.2875000000000001 0.5203125 0.2171875000000001 0.5203125 0.2171875000000001 0.6515625 0.2875000000000001 0.6515625
1 0.6296875000000002 0.7328125 0.5578125000000002 0.7328125 0.5578125000000002 0.8640625 0.6296875000000002 0.8640625
1 0.415625 0.4234375 0.3687500000000001 0.4234375 0.3687500000000001 0.503125 0.415625 0.503125
1 0.384375 0.353125 0.30625 0.353125 0.30625 0.4578125 0.3843750000000001 0.4578125
1 0.6359375 0.3265625000000001 0.56875 0.3265625000000001 0.56875 0.421875 0.6359375 0.421875
1 0.2218750000000001 0.86875 0.1359375000000001 0.86875 0.1359375000000001 1 0.2218750000000001 1
1 0.83125 0.3781250000000001 0.7921875 0.3781250000000001 0.7921875 0.44062500000000016 0.83125 0.44062500000000016
1 0.4421875 0.3687500000000001 0.3828125000000001 0.3687500000000001 0.3828125000000001 0.45 0.4421875 0.45
1 0.409375 0.06875000000000005 0.35625 0.06875000000000005 0.35625 0.17187500000000006 0.409375 0.17187500000000006
1 0.4375 0.553125 0.3921875000000001 0.553125 0.3921875000000001 0.6625 0.4375 0.6625
1 0.3812500000000001 0.7046875 0.3312500000000001 0.7046875 0.3312500000000001 0.815625 0.3812500000000001 0.815625
1 0.5625 0.4546875 0.4875 0.4546875 0.4875 0.5515625 0.5625 0.5515625
1 0.7328125 0.1515625000000001 0.6921875 0.1515625000000001 0.6921875 0.2234375000000001 0.7328125 0.2234375000000001
1 0.22031250000000008 0.4265625 0.14218750000000005 0.4265625 0.14218750000000005 0.5109375 0.22031250000000008 0.5109375
1 0.3656250000000001 0.8 0.2671875000000001 0.8 0.2671875000000001 0.915625 0.3656250000000001 0.915625
1 0.30000000000000004 0.3578125 0.2390625 0.3578125 0.23906250000000004 0.4375 0.3000000000000001 0.4375
1 0.51875 0.3609375000000001 0.440625 0.3609375000000001 0.440625 0.45 0.51875 0.45
1 0.79375 0.4296875000000001 0.7234375 0.4296875 0.7234375 0.5078125000000001 0.79375 0.5078125000000002
1 0.4515625000000002 0.828125 0.4156250000000002 0.828125 0.4156250000000002 0.903125 0.4515625000000002 0.903125
1 0.603125 0.05468750000000007 0.54375 0.05468750000000007 0.54375 0.14062500000000006 0.603125 0.14062500000000008
1 0.6875 0.45625 0.64375 0.45625 0.64375 0.534375 0.6875 0.534375
1 0.5593750000000002 0.7953125 0.49218750000000017 0.7953125 0.49218750000000017 0.9140625 0.5593750000000002 0.9140625
1 0.34062500000000007 0.5421875 0.28593750000000007 0.5421875 0.28593750000000007 0.6375 0.34062500000000007 0.6375
1 0.23125000000000004 0.3578125 0.16250000000000003 0.3578125 0.16250000000000003 0.4375 0.2312500000000001 0.4375
1 0.7359375 0.3968750000000001 0.696875 0.3968750000000001 0.696875 0.4515625000000001 0.7359375 0.4515625000000002
1 0.5000000000000002 0.771875 0.4343750000000002 0.771875 0.4343750000000002 0.8640625 0.5000000000000002 0.8640625
1 0.6937500000000002 0.7640625 0.6218750000000002 0.7640625 0.6218750000000002 0.84375 0.6937500000000002 0.84375
1 0.7671875000000001 0.878125 0.7078125000000002 0.878125 0.7078125000000002 0.9984375 0.7671875000000001 0.9984375
1 0.6640625000000002 0.8265625 0.6125000000000002 0.8265625 0.6125000000000002 0.9265625 0.6640625000000002 0.9265625
1 0.4968750000000002 0.8515625 0.4500000000000002 0.8515625 0.4500000000000002 0.9140625 0.4968750000000002 0.9140625
1 0.7171875000000002 0.875 0.6578125000000001 0.875 0.6578125000000001 0.9984375 0.7171875000000002 0.9984375
1 0.2218750000000001 0.78125 0.1531250000000001 0.78125 0.1531250000000001 0.8765625 0.2218750000000001 0.8765625
1 0.1781250000000001 0.715625 0.1359375000000001 0.715625 0.1359375000000001 0.8109375 0.1781250000000001 0.8109375
1 0.2890625000000001 0.434375 0.22812500000000008 0.434375 0.22812500000000008 0.53125 0.2890625000000001 0.53125
1 0.6656250000000001 0.871875 0.5765625000000002 0.871875 0.5765625000000002 0.9984375 0.6656250000000001 0.9984375
1 0.58125 0.17656250000000007 0.5328125 0.17656250000000004 0.5328125 0.2875000000000001 0.58125 0.2875000000000001
1 0.31875 3.4538866757202695e-17 0.2453125 3.004211679158351e-17 0.2453125 0.06250000000000003 0.31875 0.06250000000000004
1 0.7125 0.06406250000000009 0.684375 0.06406250000000009 0.684375 0.11562500000000009 0.7125 0.11562500000000009
1 0.653125 0.09531250000000008 0.625 0.09531250000000006 0.625 0.1515625000000001 0.653125 0.1515625000000001
1 0.1921875000000001 0.590625 0.1375000000000001 0.590625 0.1375000000000001 0.65625 0.1921875000000001 0.65625
1 0.4515625 0.11718750000000004 0.4 0.11718750000000004 0.4 0.20312500000000008 0.4515625 0.20312500000000008
1 0.2312500000000001 0.6015625 0.18125000000000008 0.6015625 0.18125000000000008 0.6765625 0.2312500000000001 0.6765625
1 0.378125 4.305398903252414e-17 0.325 3.980102097228898e-17 0.325 0.06250000000000004 0.378125 0.06250000000000004