1 0.209375 0.15468750000000003 0.1015625 0.1546875 0.10156250000000003 0.2625 0.209375 0.2625
1 0.615625 0.2093750000000001 0.4953125 0.2093750000000001 0.4953125 0.3078125000000001 0.615625 0.3078125000000001
1 0.48125 0.36250000000000004 0.3578125 0.3625 0.35781250000000003 0.4625 0.48125 0.4625
1 0.515625 0.18750000000000006 0.3828125 0.18750000000000006 0.3828125 0.27812500000000007 0.515625 0.27812500000000007
1 0.2406250000000001 0.4140625 0.09531250000000005 0.4140625 0.09531250000000005 0.4890625 0.2406250000000001 0.4890625
1 0.5359375 0.10625000000000004 0.4109375 0.10625000000000004 0.4109375 0.17968750000000006 0.5359375 0.17968750000000006
1 0.11250000000000002 0.1125 1.3777276490407724e-17 0.1125 2.076159026679497e-17 0.2265625 0.11250000000000004 0.2265625
1 0.12187500000000004 0.34375 4.209723372069027e-17 0.34375 4.831614324761042e-17 0.4453125 0.12187500000000004 0.4453125
1 0.75625 0.1531250000000001 0.6546875 0.1531250000000001 0.6546875 0.2328125000000001 0.75625 0.2328125000000001
1 0.4625 0.275 0.3421875 0.275 0.34218750000000003 0.36718750000000006 0.4625 0.3671875000000001
1 0.6625 0.1296875000000001 0.5625 0.1296875000000001 0.5625 0.2093750000000001 0.6625 0.2093750000000001
1 0.56875 0.2750000000000001 0.4484375 0.2750000000000001 0.4484375 0.37968750000000007 0.56875 0.37968750000000007
1 0.12656250000000005 0.225 2.7554552980815448e-17 0.225 3.348643591418544e-17 0.321875 0.12656250000000005 0.321875
1 0.30156250000000007 0.559375 0.1703125000000001 0.559375 0.1703125000000001 0.65 0.30156250000000007 0.65
1 0.9453125 0.20468750000000008 0.7765625 0.20468750000000008 0.7765625 0.2875000000000001 0.9453125 0.2875000000000001
1 0.965625 0.1109375000000001 0.7875 0.11093750000000009 0.7875 0.18437500000000012 0.965625 0.18437500000000012
1 0.640625 0.3390625000000001 0.540625 0.3390625000000001 0.540625 0.4125 0.640625 0.4125
1 0.95625 0.32500000000000007 0.828125 0.32500000000000007 0.828125 0.40156250000000016 0.95625 0.40156250000000016
1 0.9921875 0.16718750000000013 0.9421875 0.16718750000000013 0.9421875 0.2453125000000001 0.9921875 0.2453125000000001
1 0.6828125 0.4484375 0.5484375 0.4484375 0.5484375 0.528125 0.6828125 0.528125
1 0.45 0.13593750000000004 0.36875 0.13593750000000004 0.36875 0.2171875000000001 0.45 0.2171875000000001
1 0.875 0.2828125000000001 0.7671875 0.2828125000000001 0.7671875 0.3578125000000001 0.875 0.3578125000000001
1 0.953125 0.4312500000000002 0.8296875 0.4312500000000002 0.8296875 0.5171875000000001 0.953125 0.5171875000000001
1 0.9734375 0.6015625000000002 0.8625 0.6015625000000002 0.8625 0.6921875000000002 0.9734375 0.6921875000000002
1 0.671875 0.525 0.5578125 0.525 0.5578125 0.6078125 0.671875 0.6078125
1 0.22812500000000008 0.7171875 0.12500000000000008 0.7171875 0.12500000000000008 0.7875 0.22812500000000008 0.7875
1 0.4796875 0.546875 0.3593750000000001 0.546875 0.3593750000000001 0.628125 0.4796875 0.628125
1 0.4437500000000002 0.76875 0.3343750000000001 0.76875 0.3343750000000001 0.84375 0.4437500000000002 0.84375
1 0.6140625 0.4234375 0.4515625 0.4234375 0.4515625 0.4875 0.6140625 0.4875
1 0.08125000000000006 0.4390625 5.376964852506348e-17 0.4390625 5.788369636594911e-17 0.50625 0.08125000000000007 0.50625
1 0.2968750000000001 0.484375 0.20312500000000008 0.484375 0.20312500000000008 0.5484375 0.2968750000000001 0.5484375
1 0.5203125 0.484375 0.3687500000000001 0.484375 0.3687500000000001 0.546875 0.5203125 0.546875
1 0.2328125000000001 0.503125 0.09843750000000007 0.503125 0.09843750000000007 0.5703125 0.2328125000000001 0.5703125
1 0.7046875 0.60625 0.5453125 0.60625 0.5453125 0.6671875 0.7046875 0.6671875
1 0.15781250000000005 0.303125 0.06093750000000005 0.303125 0.06093750000000005 0.365625 0.15781250000000005 0.365625
1 0.871875 0.3734375000000001 0.7625 0.3734375000000001 0.7625 0.4437500000000002 0.871875 0.4437500000000002
1 0.5671875 0.55 0.4671875 0.55 0.4671875 0.628125 0.5671875 0.628125
1 0.878125 0.1703125000000001 0.775 0.1703125000000001 0.775 0.2390625000000001 0.878125 0.2390625000000001
1 0.2812500000000001 0.6609375 0.1531250000000001 0.6609375 0.1531250000000001 0.725 0.2812500000000001 0.725
1 0.9453125 0.8828125 0.8046875 0.8828125 0.8046875 0.9515625 0.9453125 0.9515625
1 0.5468750000000001 0.7234375 0.44375 0.7234375 0.4437500000000001 0.790625 0.5468750000000002 0.790625
1 0.63125 0.6578125 0.4875 0.6578125 0.4875 0.725 0.63125 0.725
1 0.98125 0.4187500000000002 0.93125 0.4187500000000002 0.93125 0.48437500000000017 0.98125 0.48437500000000017
1 0.9453125 0.8234375 0.8109375 0.8234375 0.8109375 0.890625 0.9453125 0.890625
1 0.5484375 0.621875 0.4453125 0.621875 0.4453125 0.6890625 0.5484375 0.6890625
1 0.978125 0.5000000000000002 0.93125 0.5000000000000002 0.93125 0.5578125000000002 0.978125 0.5578125000000002
1 0.15312500000000004 0.4578125 0.05937500000000007 0.4578125 0.05937500000000007 0.515625 0.15312500000000004 0.515625
1 0.6390625000000001 0.7171875 0.5421875 0.7171875 0.5421875 0.771875 0.6390625000000002 0.771875
1 0.3203125000000001 0.628125 0.2250000000000001 0.628125 0.2250000000000001 0.6859375 0.3203125000000001 0.6859375
1 0.7093750000000002 0.73125 0.6343750000000001 0.73125 0.6343750000000001 0.7859375 0.7093750000000002 0.7859375
1 0.85 0.4359375000000002 0.753125 0.4359375000000002 0.753125 0.5000000000000002 0.85 0.5000000000000002
1 0.3234375000000001 0.734375 0.2328125000000001 0.734375 0.2328125000000001 0.7984375 0.3234375000000001 0.7984375
1 0.4546875000000001 0.7109375 0.3500000000000001 0.7109375 0.3500000000000001 0.778125 0.4546875000000002 0.778125
1 0.8703125 0.5984375000000002 0.7484375 0.5984375000000002 0.7484375 0.6593750000000002 0.8703125 0.6593750000000002
1 0.965625 0.7859375000000002 0.846875 0.7859375000000002 0.846875 0.84375 0.965625 0.84375
1 0.6484375000000002 0.8703125 0.5828125000000002 0.8703125 0.5828125000000002 0.9171875 0.6484375000000002 0.9171875
1 0.5625000000000002 0.7828125 0.46093750000000017 0.7828125 0.46093750000000017 0.834375 0.5625000000000002 0.834375
1 0.9765625 0.5328125000000001 0.8578125 0.5328125000000001 0.8578125 0.5968750000000002 0.9765625 0.5968750000000002
1 0.728125 0.49687500000000007 0.640625 0.496875 0.640625 0.5437500000000001 0.728125 0.5437500000000002
1 0.09218750000000006 0.5 6.123233995736766e-17 0.5 6.429395695523605e-17 0.55 0.09218750000000006 0.55
1 0.2562500000000001 0.83125 0.1781250000000001 0.83125 0.1781250000000001 0.884375 0.2562500000000001 0.884375
1 0.1375000000000001 0.5875 7.1947999449907e-17 0.5875 7.54879941036923e-17 0.6453125 0.1375000000000001 0.6453125
1 0.07343750000000009 0.6375 7.807123344564376e-17 0.6375 8.170690363061247e-17 0.696875 0.07343750000000009 0.696875
1 0.8296875 0.7921875000000002 0.7421875000000002 0.7921875000000002 0.7421875000000002 0.865625 0.8296875 0.865625
1 0.890625 0.5000000000000002 0.753125 0.5000000000000002 0.753125 0.5593750000000002 0.890625 0.5593750000000002
1 0.9625 0.85625 0.928125 0.85625 0.928125 0.909375 0.9625 0.909375
1 0.11718750000000007 0.5421875 6.639881864127056e-17 0.5421875 6.946043563913895e-17 0.5921875 0.11718750000000008 0.5921875
1 0.14062500000000008 0.7703125 0.017187500000000095 0.7703125 0.0171875000000001 0.81875 0.14062500000000008 0.81875
1 0.0312500000000001 0.790625 9.682363755758761e-17 0.790625 1.0017228114900615e-16 0.8453125 0.0312500000000001 0.8453125
1 0.1593750000000001 0.6578125 0.06875000000000009 0.6578125 0.06875000000000009 0.7109375 0.1593750000000001 0.7109375
1 0.2765625000000001 0.7734375 0.1859375000000001 0.7734375 0.1859375000000001 0.8296875 0.2765625000000001 0.8296875
1 0.3031250000000001 0.8671875 0.24218750000000008 0.8671875 0.24218750000000008 0.909375 0.3031250000000001 0.909375
1 0.9703125 0.6843750000000002 0.915625 0.6843750000000002 0.915625 0.7234375000000002 0.9703125 0.7234375000000002
1 0.5796875 0.4921875 0.496875 0.4921875 0.496875 0.5515625 0.5796875 0.5515625
1 0.1921875000000001 0.61875 0.10937500000000008 0.61875 0.10937500000000008 0.6765625 0.1921875000000001 0.6765625
1 0.18750000000000008 0.5609375 0.09218750000000006 0.5609375 0.09218750000000006 0.609375 0.18750000000000008 0.609375
1 0.83125 0.5406250000000001 0.746875 0.5406250000000001 0.746875 0.5953125000000001 0.83125 0.5953125000000001
1 0.45625 0.621875 0.35625000000000007 0.621875 0.35625000000000007 0.66875 0.45625 0.66875
1 0.9078125 0.5718750000000001 0.8140625 0.5718750000000001 0.8140625 0.6171875000000002 0.9078125 0.6171875000000002
1 0.46875 0.6625 0.37968750000000007 0.6625 0.37968750000000007 0.71875 0.46875 0.71875
1 0.83125 0.7578125000000002 0.7437500000000001 0.7578125000000002 0.7437500000000001 0.8078125 0.83125 0.8078125
1 0.0828125000000001 0.690625 8.457716956611408e-17 0.690625 8.735175997043229e-17 0.7359375 0.0828125000000001 0.7359375