1 0.22028086417942472 0.13772840592557478 0.17364371151993416 -0.0026851463543845987 0.112549482496445 0.01760677589469737 0.15918663515593554 0.15802032817465675
1 0.31734801109571614 0.0533006166184551 0.20469498978860173 -0.00678850494675981 0.16500241942198624 0.06762576270718743 0.27765544072910064 0.12771488427240235
1 0.38420235175718587 0.08721649149715853 0.34566048963685714 -0.003472510071974999 0.27452484590132087 0.026759382718308144 0.31306670802164965 0.11744838428744168
1 0.4324430593515382 0.19161138571173725 0.37977250058427137 0.08538998028694278 0.31032331045806505 0.1198268024627827 0.3629938692253319 0.22604820788757718
1 0.3306204049353156 0.18755608524666995 0.32710514532717977 0.09036970286053896 0.284552698123372 0.09190883720436678 0.28806795773150784 0.18909521959049777
1 0.261654250137915 0.1223499931743666 0.21243979823260037 0.0853099625093722 0.18435208495602867 0.12262962422030328 0.23356653686134332 0.15966965488529766
1 0.24670707583687418 0.22236679928055564 0.22393702051984432 0.13698976397110754 0.14982645584727727 0.15675505156928118 0.17259651116430708 0.24213208687872925
1 0.2877078254911612 0.18197845799970994 0.28076587763860905 0.12073773507251721 0.24260982663646485 0.12506291778845463 0.24955177448901705 0.18630364071564734
1 0.33613296361659256 0.2839015644759074 0.2890641968608977 0.16161690844461213 0.23723885200537342 0.1815650781349602 0.28430761876106836 0.3038497341662555
1 0.411375719665047 0.23614810256174285 0.3234976874117067 0.1668586832456318 0.2832692610739701 0.2178793871583105 0.3711472933273103 0.28716880647442156
1 0.4322921875 4.876266095164328e-17 0.3604171875 4.436158651720749e-17 0.3604171875 0.07077187500000004 0.4322921875 0.07077187500000004
1 0.4639152991623363 0.2103430032843649 0.4105166882597593 0.06506874491072275 0.36781894529615833 0.08076319889352997 0.42121755619873535 0.22603745726717211
1 0.4770392321560758 0.14079903452660097 0.44535994786684957 0.047626299521450324 0.4088504778182263 0.06003973657313064 0.44052976210745254 0.15321247157828127
1 0.5135948129109724 0.1377902107054275 0.44581123699967806 0.13587164455341227 0.4432521382426179 0.22628544898829522 0.5110357141539124 0.22820401514031047
1 0.49460815237042033 0.11954313782672624 0.47693914465289594 -0.0026895860292830754 0.44675023937996344 0.0016742862908610268 0.46441924709748783 0.12390701014687033
1 0.5651046875 6.340101722270148e-17 0.46822968749999994 5.74691342893315e-17 0.46822968749999994 0.10202187500000004 0.5651046875 0.10202187500000007
1 0.5369796874999999 0.09650781250000007 0.49270781250000006 0.09650781250000007 0.49270781250000006 0.17187500000000006 0.5369796874999999 0.17187500000000006
1 0.6010341772994703 0.03804446531189687 0.5568729145385738 0.03203817319888798 0.5446457385704317 0.12193848450464902 0.5888070013313282 0.1279447766176579
1 0.6369736859397488 0.0032768321537370417 0.588427509094798 -0.017100764082822996 0.556755042104966 0.05835353218229011 0.6053012189499167 0.07873112841885015
1 0.7107025331217267 0.023394738222140176 0.6561168930197268 -0.013807011947996096 0.5797067429343725 0.09830859910858117 0.6342923830363726 0.13551034927871744
1 0.6226351751397903 0.17098282643781462 0.6193430833794463 0.1071103234833791 0.577220130737759 0.10928140836182795 0.580512222498103 0.17315391131626348
1 0.5971923210265245 0.13744668185900052 0.553201366128938 0.11536573529247358 0.498753949042195 0.22383906826923675 0.5427449039397815 0.2459200148357637
1 0.6136972798017116 0.265873277918722 0.5887874570313637 0.20817385157668067 0.52521605503962 0.23561870601058107 0.5501258778099678 0.2933181323526224
1 0.648343922526611 0.21974644735402632 0.6053663115096206 0.1607560947656217 0.5651706374983408 0.19004078228522298 0.6081482485153314 0.2490311348736276
1 0.7024126982244212 0.09108264167967427 0.6521238009693121 0.08158401473480678 0.6340448831386923 0.17729983203604965 0.6843337803938014 0.18679845898091715
1 0.7292904220254759 0.19946589924400407 0.7233462619955187 0.15487355093224736 0.6834305204168976 0.16019431928467767 0.6893746804468548 0.20478666759643435
1 0.7181262542127456 0.06827011980222386 0.7160819622933422 -0.0003395093006159533 0.686256597769775 0.0005491670045335046 0.6883008896891784 0.06915879610737333
1 0.8634774272976979 0.281723277484568 0.8167519502661806 0.25607248369461466 0.7466358182647705 0.3837960053212214 0.7933612952962881 0.4094467991111747
1 0.7818951573653635 0.3677940667954666 0.7681971542849596 0.28242407592609514 0.7222480485119772 0.2897968188069419 0.735946051592381 0.3751668096763134
1 0.7376332635626294 0.3803879733676515 0.7244006301576098 0.28179162186684886 0.6680429370788776 0.28935539761221607 0.6812755704838971 0.3879517491130188
1 0.862688138167026 0.36904748692135075 0.8282986524442553 0.3479304521916127 0.7946539553818777 0.4027214701579848 0.8290434411046486 0.42383850488772284
1 0.6212188100203153 0.43780890966527847 0.6010437792550044 0.3106906566941261 0.5562342661835424 0.31780240723871944 0.5764092969488535 0.44492066020987175
1 0.6369209020793577 0.34987160248312116 0.6269821387353154 0.29725578933975916 0.5956346091714464 0.30317712095363675 0.6055733725154888 0.35579293409699875
1 0.645574603025156 0.34324673676721484 0.6134053396912648 0.3423769453033177 0.6123314419181003 0.3820950865964256 0.6445007052519915 0.38296487806032276
1 0.6837401450481618 0.5087916320565649 0.6739448607300861 0.428340473600464 0.6054659651688428 0.43667808196661584 0.6152612494869185 0.5171292404227167
1 0.5796493636373603 0.3781105045851624 0.5441211475480606 0.2840746300540903 0.4830463308031602 0.307149645815338 0.51857454689246 0.40118552034641014
1 0.5895139129392833 0.40959676625721136 0.5307217656356099 0.37361625995141357 0.4761420930523418 0.4627994449524734 0.5349342403560152 0.49877995125827124
1 0.48917138198527577 0.4656746342285314 0.4697536257990687 0.3005576598560293 0.4155122325004542 0.3069364477079466 0.4349299886866612 0.47205342208044876
1 0.4399677699314587 0.45255653348470365 0.41706288184704954 0.34231133712043027 0.35453590489737263 0.355302138139611 0.37744079298178174 0.46554733450388436
1 0.5085672051009146 0.3469499489381654 0.4767155465820624 0.3459995147131364 0.4740469341479246 0.4354320390613863 0.5058985926667768 0.43638247328641533
1 0.44166718749999995 0.3023890625 0.41337716837278216 0.29198258782314046 0.392727832708316 0.3481178419847711 0.4210178518355338 0.35852431666163065
1 0.4893917424723414 0.34600353752550067 0.45767327978747446 0.3005223666739766 0.446406537315133 0.308379766648476 0.478125 0.35386093750000003
1 0.3773311671706728 0.3101007930673513 0.3319922346844985 0.3025427930219059 0.31833592974095887 0.38446423839406785 0.36367486222713313 0.3920222384395132
1 0.33177031250000005 0.31341874999999997 0.27447968750000007 0.31341874999999997 0.27447968750000007 0.44025781249999996 0.3317703125000001 0.44025781249999996
1 0.29517818254214717 0.4269227375468412 0.2398347440964174 0.30053088421123947 0.17475654214777164 0.3290267988501393 0.23009998059350142 0.45541865218574096
1 0.1921048800210533 0.3206858558341846 0.14286436947727854 0.2873395891988303 0.10546504430003475 0.34256501775603143 0.15470555484380952 0.3759112843913857
1 0.20265033024749712 0.40563741706675643 0.19363531128867506 0.33178071042639606 0.15401683197302538 0.3366165792106549 0.16303185093184747 0.4104732858510153
1 0.6094787445166271 0.4465877283044481 0.5694871734040645 0.4310087763830485 0.5378353301972106 0.5122598736864452 0.5778269013097732 0.5278388256078447
1 0.4181080049932528 0.5112139022440164 0.4002178667881858 0.4291221609574 0.353287890604668 0.43934954493933187 0.371178028809735 0.5214412862259483
1 0.3091040728584855 0.4156193747835458 0.2455087499317084 0.41377044790741657 0.24137738276470447 0.5558721353817916 0.3049727056914816 0.5577210622579208
1 0.4000966517086774 0.4703338025195106 0.32455138916306703 0.45289351130156064 0.2916719144482588 0.5953159352537175 0.3672171769938693 0.6127562264716675
1 0.46533230812929627 0.61652033315364 0.4635555824914773 0.5255018266805112 0.4286914893827518 0.5261823907818772 0.4304682150205708 0.6172008972550062
1 0.5119535956410177 0.633960699126035 0.41510690182174625 0.617252872725402 0.3991469888925983 0.7097642960409365 0.4959936827118698 0.7264721224415694
1 0.43912373898172835 0.7487630611088216 0.3658616829120865 0.6294099907659627 0.29691949059135203 0.6717285230404689 0.3701815466609939 0.7910815933833278
1 0.3184292055686884 0.641116779882817 0.25614173110116806 0.6335534899225814 0.2441167241218983 0.732585434900358 0.3064041985894187 0.7401487248605936
1 0.25073182147519163 0.646893503059109 0.20107869806264303 0.6444474550340923 0.19525795614595493 0.7626045859595721 0.24491107955850352 0.7650506339845888
1 0.19729730879022228 0.6532538940054986 0.12041396817016577 0.6492054093160621 0.11572804793972465 0.7381940628079352 0.19261138855978116 0.7422425474973717
1 0.22498216303247148 0.7940705452313939 0.1962927587586461 0.7181261059430435 0.13308933446755736 0.7420023582133701 0.16177873874138277 0.8179467975017205
1 0.7512100693159257 0.48782766179334913 0.7187759048199907 0.4807593297503942 0.7079540053057076 0.5304173349023423 0.7403881698016427 0.5374856669452972
1 0.8521974708893438 0.5538134579745113 0.8192250765975695 0.5161689562861784 0.7916522311025554 0.5403197005551496 0.8246246253943299 0.5779642022434824
1 0.8353703672096376 0.6664693033244152 0.7887394530784435 0.6092146275152722 0.7507169058239802 0.6401819871416281 0.7973478199551741 0.697436662950771
1 0.8554109215728924 0.730871896996377 0.8482126142503242 0.6377114036276985 0.8045105598573026 0.6410881656732109 0.8117088671798708 0.7342486590418893
1 0.8632700496598 0.7723423126813682 0.8206188919692462 0.732721791491801 0.7903929688892763 0.7652597433642213 0.8330441265798303 0.8048802645537885
1 0.8180397408385394 0.748431765404834 0.815868694920123 0.6985759451702105 0.7819598461479519 0.7000525564741379 0.7841308920663682 0.7499083767087614
1 0.8027020573918213 0.7061047353905282 0.7461153642116358 0.6788526993889185 0.7029947506291383 0.7683892364164635 0.7595814438093238 0.7956412724180731
1 0.7747462470451879 0.665342930671326 0.7195055241541669 0.613170267198453 0.6611660659177785 0.674940428649464 0.7164067888087995 0.727113092122337
1 0.7960438139779981 0.6922965234446474 0.76061096361154 0.6586259115397567 0.742251693825902 0.6779460611405265 0.77768454419236 0.7116166730454172
1 0.7386584650439995 0.7555528482220513 0.6622130779240789 0.6701136613074721 0.5976157404626845 0.7279111269374944 0.674061127582605 0.8133503138520736
1 0.7485460998208879 0.8398953006606587 0.7436059275319302 0.7643403056733404 0.706465473667434 0.7667687386447343 0.7114056459563916 0.8423237336320524
1 0.7177078125000003 0.8253671875 0.6786453125000003 0.8253671875 0.6786453125000003 0.8887875 0.7177078125000003 0.8887875
1 0.6244895226570062 0.8877902100969663 0.6156622005440265 0.8228829106002274 0.5721544244943428 0.8287999208069028 0.5809817466073225 0.8937072203036418
1 0.5643049670887379 0.7590419040869331 0.5274560883342243 0.7472966176160936 0.5046402003265457 0.8188776635921842 0.5414890790810593 0.8306229500630236
1 0.6428535318810467 0.8193742545070355 0.6286785222908009 0.7318223077728809 0.5715451531464536 0.7410724282528204 0.5857201627366992 0.8286243749869749
1 0.6517605709097907 0.6305334335561127 0.572648158243251 0.6219900871222779 0.5631093375651816 0.710320710687643 0.6422217502317212 0.7188640571214778
1 0.5841665817654501 0.7485893583715432 0.5629634830321968 0.641027556979887 0.521176455272801 0.6492648165263825 0.5423795540060544 0.7568266179180386
1 0.5400228406523946 0.7042993974328948 0.5288393007394336 0.625512363255644 0.4927224255574048 0.6306390255211753 0.5039059654703657 0.7094260596984262
1 0.5501553026807262 0.7639853972208336 0.5087199994882146 0.6896483504451453 0.44190775121517395 0.7268893478245595 0.48334305440768555 0.8012263946002477
1 0.4710887959725632 0.741741137222473 0.41875426277369066 0.7221947966733289 0.36819896638292343 0.8575545501110275 0.42053349958179603 0.8771008906601718
1 0.35400886243185614 0.7856145743789197 0.30151476759118995 0.7115182305516312 0.1928773240982531 0.7884832192055717 0.24537141893891926 0.8625795630328602
1 0.3426928405107138 0.84963219036322 0.27022197941508613 0.8131332667422001 0.19454551791139343 0.9633935425461765 0.2670163790070211 0.9998924661671964