1 0.9640625 0.5453125000000002 0.8390625 0.5453125000000002 0.8390625 0.6109375000000001 0.9640625 0.6109375000000001
1 0.9609375 0.5937500000000002 0.9 0.5937500000000002 0.9 0.6515625000000002 0.9609375 0.6515625000000002
1 0.971875 0.4281250000000002 0.9125 0.4281250000000002 0.9125 0.4812500000000002 0.971875 0.4812500000000002
1 0.9171875 0.8171875 0.821875 0.8171875 0.821875 0.8609375 0.9171875 0.8609375
1 0.3765625000000001 0.37343750000000003 0.2812500000000001 0.3734375 0.2812500000000001 0.41875 0.3765625000000001 0.41875
1 0.3125 0.30625 0.221875 0.30625 0.221875 0.35625 0.3125 0.35625
1 0.9390625 0.6171875000000002 0.8171875 0.6171875000000002 0.8171875 0.6687500000000002 0.9390625 0.6687500000000002
1 0.821875 0.7375 0.7156250000000002 0.7375 0.7156250000000002 0.7953125000000001 0.821875 0.7953125000000002
1 0.3703125000000001 0.40625 0.2468750000000001 0.40625 0.2468750000000001 0.4625 0.3703125000000001 0.4625
1 0.93125 0.8453125 0.859375 0.8453125 0.859375 0.8828125 0.93125 0.8828125
1 0.28593750000000007 0.4984375 0.17187500000000006 0.4984375 0.17187500000000006 0.553125 0.28593750000000007 0.553125
1 0.7796875000000001 0.7093750000000001 0.6984375 0.709375 0.6984375 0.7500000000000001 0.7796875000000002 0.7500000000000002
1 0.35468750000000004 0.3359375 0.2734375 0.3359375 0.27343750000000006 0.3796875 0.3546875000000001 0.3796875
1 0.34843750000000007 0.6046875 0.2515625000000001 0.6046875 0.2515625000000001 0.6453125 0.34843750000000007 0.6453125
1 0.95625 0.6500000000000001 0.91875 0.6500000000000001 0.91875 0.7234375000000002 0.95625 0.7234375000000002
1 0.7390625 0.3000000000000001 0.6453125 0.3000000000000001 0.6453125 0.3546875000000001 0.7390625 0.3546875000000001
1 0.9078125 0.46406250000000016 0.7875 0.46406250000000016 0.7875 0.5171875000000001 0.9078125 0.5171875000000001
1 0.290625 0.35 0.15312500000000004 0.35 0.15312500000000004 0.428125 0.2906250000000001 0.428125
1 0.721875 0.4546875 0.60625 0.4546875 0.60625 0.528125 0.721875 0.528125
1 0.828125 0.815625 0.7218750000000002 0.815625 0.7218750000000002 0.896875 0.828125 0.896875
1 0.3843750000000001 0.5078125 0.2750000000000001 0.5078125 0.2750000000000001 0.5546875 0.3843750000000001 0.5546875
1 0.3203125 0.17500000000000004 0.228125 0.17500000000000004 0.228125 0.240625 0.3203125 0.240625
1 0.3031250000000001 0.5546875 0.1671875000000001 0.5546875 0.1671875000000001 0.6234375 0.3031250000000001 0.6234375
1 0.946875 0.5046875000000002 0.7984375 0.5046875000000002 0.7984375 0.5578125000000002 0.946875 0.5578125000000002
1 0.20937500000000003 0.3125 0.08593750000000004 0.3125 0.08593750000000004 0.3875 0.2093750000000001 0.3875
1 0.746875 0.36406250000000007 0.653125 0.36406250000000007 0.653125 0.4218750000000001 0.746875 0.42187500000000017
1 0.68125 0.4109375 0.6125 0.4109375 0.6125 0.4546875 0.68125 0.4546875
1 0.621875 0.4546875 0.5203125 0.4546875 0.5203125 0.5265625 0.621875 0.5265625
1 0.96875 0.47968750000000016 0.9296875 0.47968750000000016 0.9296875 0.5265625000000002 0.96875 0.5265625000000002
1 0.8359375 0.6625000000000002 0.740625 0.6625000000000002 0.7406250000000001 0.7281250000000001 0.8359375 0.7281250000000001
1 0.9484375 0.3515625000000001 0.8578125 0.3515625000000001 0.8578125 0.4078125000000002 0.9484375 0.4078125000000002
1 0.9 0.7593750000000001 0.7781250000000002 0.7593750000000001 0.7781250000000002 0.8375 0.9 0.8375
1 0.3671875000000001 0.453125 0.21250000000000008 0.453125 0.21250000000000008 0.5125 0.3671875000000001 0.5125
1 0.946875 0.6625000000000002 0.81875 0.6625000000000002 0.81875 0.7468750000000002 0.946875 0.7468750000000002
1 0.378125 0.31093750000000003 0.3234375 0.3109375 0.3234375 0.35156250000000006 0.378125 0.3515625000000001
1 0.8546875 0.16406250000000008 0.778125 0.16406250000000008 0.778125 0.2078125000000001 0.8546875 0.2078125000000001
1 0.34843750000000007 0.6421875 0.24218750000000008 0.6421875 0.24218750000000008 0.7203125 0.34843750000000007 0.7203125
1 0.39375 0.21406250000000004 0.303125 0.2140625 0.303125 0.29531250000000003 0.39375 0.2953125000000001
1 0.3375000000000001 0.546875 0.26250000000000007 0.546875 0.26250000000000007 0.578125 0.3375000000000001 0.578125
1 0.9765625 0.34843750000000007 0.946875 0.34843750000000007 0.946875 0.4203125000000002 0.9765625 0.4203125000000002
1 0.7484375 0.1906250000000001 0.6578125 0.1906250000000001 0.6578125 0.2531250000000001 0.7484375 0.2531250000000001
1 0.6343750000000001 0.671875 0.5421875 0.671875 0.5421875 0.765625 0.6343750000000001 0.765625
1 0.671875 0.5171875 0.565625 0.5171875 0.565625 0.559375 0.671875 0.559375
1 0.5328125000000001 0.846875 0.4468750000000002 0.846875 0.4468750000000002 0.9171875 0.5328125000000001 0.9171875
1 0.6265625 0.615625 0.5046875 0.615625 0.5046875 0.6765625 0.6265625 0.6765625
1 0.853125 0.5531250000000001 0.7109375 0.553125 0.7109375 0.6156250000000001 0.853125 0.6156250000000002
1 0.6046875 0.5109375 0.459375 0.5109375 0.459375 0.58125 0.6046875 0.58125
1 0.309375 0.2359375 0.2 0.2359375 0.2 0.3140625 0.309375 0.3140625
1 0.21250000000000008 0.6859375 0.10156250000000008 0.6859375 0.10156250000000008 0.7890625 0.21250000000000008 0.7890625
1 0.7109375 0.553125 0.6046875 0.553125 0.6046875 0.6375 0.7109375 0.6375
1 0.5328125000000001 0.70625 0.3828125000000001 0.70625 0.3828125000000001 0.7875 0.5328125000000001 0.7875
1 0.19531250000000006 0.4359375 0.06562500000000004 0.4359375 0.06562500000000006 0.4890625 0.19531250000000006 0.4890625
1 0.5562500000000001 0.6359375 0.415625 0.6359375 0.4156250000000001 0.7265625 0.5562500000000001 0.7265625
1 0.11718750000000008 0.6875 8.419446744138054e-17 0.6875 9.003067484356715e-17 0.7828125 0.11718750000000008 0.7828125
1 0.7078125 0.6375 0.60625 0.6375 0.60625 0.715625 0.7078125 0.715625
1 0.69375 0.3437500000000001 0.621875 0.3437500000000001 0.621875 0.3843750000000001 0.69375 0.3843750000000001
1 0.25468750000000007 0.6265625 0.15781250000000008 0.6265625 0.15781250000000008 0.7078125 0.25468750000000007 0.7078125
1 0.3062500000000001 0.7078125 0.18125000000000008 0.7078125 0.18125000000000008 0.7859375 0.3062500000000001 0.7859375
1 0.1421875000000001 0.7984375 0.0125000000000001 0.7984375 0.012500000000000105 0.9078125 0.14218750000000013 0.9078125
1 0.58125 0.5765625 0.434375 0.5765625 0.434375 0.6265625 0.58125 0.6265625
1 0.6187500000000001 0.7578125 0.4828125000000002 0.7578125 0.4828125000000002 0.840625 0.6187500000000001 0.840625
1 0.553125 0.4078125 0.4859375 0.4078125 0.4859375 0.4484375 0.553125 0.4484375
1 0.20468750000000008 0.5203125 6.371990376813572e-17 0.5203125 6.773827607783798e-17 0.5859375 0.20468750000000008 0.5859375
1 0.7234375000000002 0.73125 0.6046875000000002 0.73125 0.6046875000000002 0.85 0.7234375000000002 0.85
1 0.6812500000000001 0.8171875 0.5640625000000001 0.8171875 0.5640625000000001 0.8859375 0.6812500000000001 0.8859375
1 0.046875000000000104 0.7890625 9.663228649522084e-17 0.7890625 1.0199011624149052e-16 0.8765625 0.04687500000000011 0.8765625
1 0.3265625000000001 0.76875 0.1984375000000001 0.76875 0.1984375000000001 0.8453125 0.3265625000000001 0.8453125
1 0.16406250000000008 0.61875 7.577502069724248e-17 0.61875 7.998474406931151e-17 0.6875 0.16406250000000008 0.6875
1 0.2312500000000001 0.7890625 0.12656250000000008 0.7890625 0.1265625000000001 0.9109375 0.2312500000000001 0.9109375
1 0.6640625 0.1859375000000001 0.6125 0.1859375000000001 0.6125 0.2390625000000001 0.6640625 0.2390625000000001
1 0.3265625000000001 0.8296875 0.2156250000000001 0.8296875 0.2156250000000001 0.9203125 0.3265625000000001 0.9203125
1 0.9453125 0.8265625 0.9140625 0.8265625 0.9140625 0.896875 0.9453125 0.896875
1 0.9796875 0.3125000000000001 0.9484375 0.3125000000000001 0.9484375 0.3500000000000001 0.9796875 0.3500000000000001
1 0.43750000000000017 0.8 0.3437500000000001 0.8 0.3437500000000001 0.890625 0.43750000000000017 0.890625
1 0.5734375000000002 0.821875 0.4828125000000002 0.821875 0.4828125000000002 0.865625 0.5734375000000002 0.865625
1 0.20625 0.225 0.14375000000000004 0.225 0.14375000000000004 0.26875 0.20625 0.26875
1 0.953125 0.7265625000000002 0.9265625 0.7265625000000002 0.9265625 0.8265625 0.953125 0.8265625
1 0.26250000000000007 0.41875 0.17187500000000006 0.41875 0.17187500000000006 0.471875 0.26250000000000007 0.471875
1 0.4984375 0.27812500000000007 0.4265625 0.27812500000000007 0.4265625 0.3234375000000001 0.4984375 0.3234375000000001
1 0.2250000000000001 0.5796875 0.04687500000000007 0.5796875 0.04687500000000007 0.6296875 0.2250000000000001 0.6296875
1 0.2156250000000001 0.3953125 0.14843750000000006 0.3953125 0.14843750000000006 0.43125 0.2156250000000001 0.43125
1 0.953125 0.3078125000000001 0.865625 0.3078125000000001 0.865625 0.35625000000000007 0.953125 0.35625000000000007
1 0.14843750000000008 0.7703125 0.08593750000000008 0.7703125 0.08593750000000008 0.8015625 0.14843750000000008 0.8015625