1 0.26250000000000007 0.709375 0.1468750000000001 0.709375 0.1468750000000001 0.834375 0.26250000000000007 0.834375
1 0.5046875 0.04531250000000006 0.434375 0.045312500000000054 0.434375 0.14843750000000006 0.5046875 0.14843750000000006
1 0.2421875 0.03906250000000002 0.125 0.039062500000000014 0.125 0.17500000000000002 0.2421875 0.17500000000000004
1 0.34843750000000007 0.625 0.2656250000000001 0.625 0.2656250000000001 0.75 0.34843750000000007 0.75
1 0.8390625 0.2484375000000001 0.7671875 0.2484375000000001 0.7671875 0.3281250000000001 0.8390625 0.3281250000000001
1 0.728125 0.3296875000000001 0.665625 0.3296875000000001 0.665625 0.4093750000000001 0.728125 0.40937500000000016
1 0.2812500000000001 0.59375 0.1906250000000001 0.59375 0.1906250000000001 0.709375 0.2812500000000001 0.709375
1 0.8484375 0.1609375000000001 0.78125 0.1609375000000001 0.78125 0.2484375000000001 0.8484375 0.2484375000000001
1 0.2453125000000001 0.8625 0.1531250000000001 0.8625 0.15312500000000012 0.990625 0.2453125000000001 0.990625
1 0.36250000000000004 0.3203125 0.2859375 0.3203125 0.28593750000000007 0.4515625 0.3625000000000001 0.4515625
1 0.3359375000000001 0.8765625 0.24218750000000008 0.8765625 0.24218750000000008 0.9953125 0.3359375000000001 0.9953125
1 0.30625 0.18750000000000006 0.221875 0.18750000000000006 0.221875 0.35 0.30625 0.35
1 0.484375 0.2796875000000001 0.4140625 0.2796875000000001 0.4140625 0.425 0.484375 0.425
1 0.6234375 0.020312500000000074 0.559375 0.020312500000000067 0.559375 0.12031250000000009 0.6234375 0.12031250000000009
1 0.6546875 0.3265625000000001 0.6 0.3265625000000001 0.6 0.4296875 0.6546875 0.4296875
1 0.5671875 0.2640625000000001 0.5046875 0.2640625000000001 0.5046875 0.3765625000000001 0.5671875 0.3765625000000001
1 0.37812500000000004 0.24062500000000003 0.3078125 0.240625 0.30781250000000004 0.37812500000000004 0.3781250000000001 0.3781250000000001
1 0.259375 0.2671875 0.18125000000000005 0.2671875 0.18125000000000005 0.3640625 0.2593750000000001 0.3640625
1 0.3328125 3.568697313140334e-17 0.25 3.061616997868383e-17 0.25 0.09531250000000004 0.3328125 0.09531250000000005
1 0.834375 0.023437500000000097 0.7859375 0.023437500000000094 0.7859375 0.12500000000000008 0.834375 0.12500000000000008
1 0.47968750000000016 0.8578125 0.40625000000000017 0.8578125 0.40625000000000017 0.9625 0.47968750000000016 0.9625
1 0.7546875000000002 0.8640625 0.6640625000000002 0.8640625 0.6640625000000002 0.9546875 0.7546875000000002 0.9546875
1 0.2953125000000001 0.5109375 0.22031250000000008 0.5109375 0.22031250000000008 0.5984375 0.2953125000000001 0.5984375
1 0.6421875000000001 0.6265625 0.571875 0.6265625 0.5718750000000001 0.7296875 0.6421875000000001 0.7296875
1 0.7250000000000001 0.6265625 0.6734375 0.6265625 0.6734375000000001 0.734375 0.7250000000000002 0.734375
1 0.675 0.7203125 0.603125 0.7203125 0.6031250000000001 0.81875 0.6750000000000002 0.81875
1 0.5671875 0.4171875 0.515625 0.4171875 0.515625 0.4890625 0.5671875 0.4890625
1 0.22812500000000008 0.5171875 0.17187500000000006 0.5171875 0.17187500000000006 0.634375 0.22812500000000008 0.634375
1 0.415625 0.17656250000000004 0.3390625 0.17656250000000004 0.3390625 0.27343750000000006 0.415625 0.2734375000000001
1 0.3546875000000001 0.5109375 0.29375000000000007 0.5109375 0.29375000000000007 0.63125 0.3546875000000001 0.63125
1 0.49687500000000007 0.6125 0.4296875 0.6125 0.4296875000000001 0.7453125 0.4968750000000002 0.7453125
1 0.659375 0.2531250000000001 0.6015625 0.2531250000000001 0.6015625 0.3343750000000001 0.659375 0.3343750000000001
1 0.4234375 0.2812500000000001 0.371875 0.2812500000000001 0.37187500000000007 0.409375 0.4234375 0.409375
1 0.609375 0.3187500000000001 0.5640625 0.3187500000000001 0.5640625 0.4015625 0.609375 0.4015625
1 0.4390625000000002 0.7828125 0.37968750000000007 0.7828125 0.37968750000000007 0.8734375 0.4390625000000002 0.8734375
1 0.43437500000000007 0.634375 0.3703125000000001 0.634375 0.3703125000000001 0.7328125 0.4343750000000002 0.7328125
1 0.709375 0.2140625000000001 0.665625 0.2140625000000001 0.665625 0.3281250000000001 0.709375 0.3281250000000001
1 0.390625 0.001562500000000044 0.328125 0.0015625000000000402 0.328125 0.12968750000000004 0.390625 0.12968750000000004
1 0.453125 0.5046875 0.3937500000000001 0.5046875 0.3937500000000001 0.6484375 0.453125 0.6484375
1 0.5281250000000002 0.86875 0.4750000000000002 0.86875 0.4750000000000002 1 0.5281250000000002 1
1 0.4218750000000001 0.7234375 0.3625000000000001 0.7234375 0.3625000000000001 0.809375 0.42187500000000017 0.809375
1 0.653125 0.1859375000000001 0.5984375 0.1859375000000001 0.5984375 0.2593750000000001 0.653125 0.2593750000000001
1 0.6046875000000002 0.7671875 0.5500000000000002 0.7671875 0.5500000000000002 0.8859375 0.6046875000000002 0.8859375
1 0.578125 0.5109375 0.5234375 0.5109375 0.5234375 0.60625 0.578125 0.60625
1 0.4859375000000002 0.7265625 0.42968750000000017 0.7265625 0.42968750000000017 0.83125 0.4859375000000002 0.83125
1 0.5515625000000001 0.7109375 0.496875 0.7109375 0.49687500000000007 0.85 0.5515625000000002 0.85
1 0.571875 0.61875 0.5125 0.61875 0.5125 0.71875 0.571875 0.71875
1 0.6125 0.20312500000000008 0.5578125 0.20312500000000008 0.5578125 0.3218750000000001 0.6125 0.3218750000000001
1 0.7078125 0.5140625 0.653125 0.5140625 0.653125 0.59375 0.7078125 0.59375
1 0.8265625 0.6453125000000002 0.7859375 0.6453125000000002 0.7859375 0.7015625000000002 0.8265625 0.7015625000000002
1 0.5687500000000002 0.85625 0.5218750000000002 0.85625 0.5218750000000002 0.9640625 0.5687500000000002 0.9640625
1 0.88125 0.046875000000000104 0.8390625 0.0468750000000001 0.8390625 0.1296875000000001 0.88125 0.1296875000000001
1 0.4031250000000002 0.859375 0.34843750000000007 0.859375 0.34843750000000007 0.946875 0.4031250000000002 0.946875
1 0.4703125 0.18437500000000004 0.4171875 0.18437500000000004 0.4171875 0.2875000000000001 0.4703125 0.2875000000000001
1 0.6062500000000001 0.6953125 0.5515625 0.6953125 0.5515625000000001 0.7859375 0.6062500000000002 0.7859375
1 0.6609375 0.525 0.6140625 0.525 0.6140625 0.63125 0.6609375 0.63125
1 0.5265625 0.51875 0.4703125 0.51875 0.4703125 0.7 0.5265625 0.7
1 0.5140625 0.18125000000000005 0.465625 0.18125000000000005 0.465625 0.28593750000000007 0.5140625 0.28593750000000007
1 0.2609375 0.16718750000000004 0.1890625 0.16718750000000004 0.18906250000000002 0.2640625 0.2609375 0.2640625
1 0.5765625 0.19218750000000007 0.5140625 0.19218750000000004 0.5140625 0.2890625000000001 0.5765625 0.2890625000000001
1 0.7890625 0.0031250000000000943 0.75 0.0031250000000000917 0.75 0.07812500000000008 0.7890625 0.07812500000000008
1 0.39531250000000007 0.9328125 0.3296875000000001 0.9328125 0.3296875000000001 1 0.39531250000000007 1
1 0.3968750000000001 0.51875 0.3500000000000001 0.51875 0.3500000000000001 0.653125 0.3968750000000001 0.653125
1 0.3453125 0.17031250000000003 0.26875 0.17031250000000003 0.26875 0.2546875 0.3453125 0.2546875
1 0.7015625 0.584375 0.6515625 0.584375 0.6515625 0.6546875 0.7015625 0.6546875
1 0.734375 0.5406250000000001 0.7015625 0.540625 0.7015625 0.6156250000000001 0.734375 0.6156250000000002
1 0.621875 0.5125 0.575 0.5125 0.575 0.596875 0.621875 0.596875
1 0.4640625 5.2525866619679453e-17 0.39375 4.8220467716427034e-17 0.39375 0.053125000000000054 0.4640625 0.05312500000000007
1 0.7359375 0.1781250000000001 0.6921875 0.1781250000000001 0.6921875 0.2375000000000001 0.7359375 0.2375000000000001
1 0.778125 0.6015625000000002 0.7375 0.6015625000000002 0.7375 0.6531250000000002 0.778125 0.6531250000000002
1 0.690625 0.1828125000000001 0.6515625 0.1828125000000001 0.6515625 0.2562500000000001 0.690625 0.2562500000000001
1 0.5078125 5.931882933369991e-17 0.4609375 5.644856339819831e-17 0.4609375 0.05937500000000007 0.5078125 0.05937500000000007
1 0.675 7.969771747576135e-17 0.6265625 7.673177600907635e-17 0.6265625 0.04375000000000008 0.675 0.04375000000000008
1 0.45 0.2515625000000001 0.4109375 0.2515625000000001 0.4109375 0.3140625000000001 0.45 0.3140625000000001
1 0.5984375 0.4203125 0.565625 0.4203125 0.565625 0.471875 0.5984375 0.471875
1 0.5671875 6.534638779825331e-17 0.5 6.123233995736766e-17 0.5 0.04687500000000007 0.5671875 0.04687500000000007
1 0.4578125000000002 0.95 0.3937500000000001 0.95 0.3937500000000001 1 0.4578125000000002 1
1 0.3031250000000001 0.9421875 0.22031250000000008 0.9421875 0.22031250000000008 1 0.3031250000000001 1
1 0.5953125000000001 0.946875 0.5437500000000002 0.946875 0.5437500000000002 1 0.5953125000000001 1