1 0.2646691668371998 0.11244019850252082 0.20379209661124795 0.02618636209907347 0.15933002769440732 0.05756723284876497 0.22020709792035914 0.14382106925221233
1 0.2898691124257103 0.09910782357244804 0.2841921764272799 0.0014764400072360573 0.22618912043396971 0.004849122279709001 0.23186605643240008 0.102480505844921
1 0.3629786373678212 0.003598226563685225 0.2969252084515982 -0.010263760502035157 0.27467728606755415 0.09574929179421096 0.34073071498377716 0.10961127885993134
1 0.4508914133691967 0.005122230732170796 0.37206291312320683 -0.017211952649608443 0.3204773029651784 0.16485945840315303 0.39930580321116815 0.18719364178493225
1 0.5171875 0.059742187500000064 0.48229218749999997 0.059742187500000064 0.48229218749999997 0.12132343750000005 0.5171875 0.12132343750000005
1 0.5984375 7.127827073162329e-17 0.5369796874999999 6.751506506358712e-17 0.5369796874999999 0.08823593750000007 0.5984375 0.08823593750000007
1 0.6614313170058341 0.04223081315809529 0.6156588796081591 0.037367096507614474 0.6065018734532306 0.12354368143164711 0.6522743108509055 0.12840739808212792
1 0.6117176123581752 0.07077892660164112 0.5854764320148056 0.068300537827239 0.5812482168787998 0.11306887968726864 0.6074893972221694 0.11554726846167078
1 0.6451148691633446 0.1320593477695131 0.5934838254748394 0.12425228784610136 0.5853433624473638 0.17808825251647098 0.6369744061358691 0.18589531243988272
1 0.79266743160048 0.034192662153900044 0.7551182959908529 0.025679950094152314 0.7407194799112453 0.08919238817458294 0.7782686155208725 0.09770510023433068
1 0.7828497280039646 0.10243154048705642 0.7521526385126747 0.08669409470478966 0.7298103668944312 0.13027440124200051 0.7605074563857211 0.14601184702426728
1 0.8354931537199477 0.22129166250530083 0.8064541476329081 0.1901806639119436 0.7797158409322273 0.21513819938635895 0.808754847019267 0.24624919797971617
1 0.7759466547938553 0.22949463649723686 0.7518583127014689 0.19001680709722063 0.7208241791704056 0.2089530261446829 0.7449125212627921 0.24843085554469915
1 0.8205977598475214 0.28108477031638757 0.7953790979114874 0.21433097217170824 0.7602831253608731 0.22758974533023318 0.7855017872969069 0.29434354347491254
1 0.7873493574054815 0.24416776855181857 0.7523210094371356 0.2403260984521975 0.7420808664191076 0.33369572249058 0.7771092143874535 0.3375373925902011
1 0.9178792463566475 0.8720270246176322 0.8294738270088693 0.8563674949127389 0.8048432575325737 0.9954186582849115 0.8932486768803519 1.0110781879898048
1 0.8288404523486165 0.9560704734541527 0.8062250667725953 0.8629478541139572 0.7565500378147341 0.8750117322709705 0.7791654233907551 0.968134351611166
1 0.7848030605950896 0.9793399380064779 0.753501668201278 0.8633506026098796 0.6969328256621239 0.8786165193558233 0.7282342180559356 0.9946058547524215
1 0.6614630578584306 0.9320522551834534 0.6566986777523988 0.8703964122312883 0.6227640823861874 0.8730186667221475 0.6275284624922193 0.9346745096743125
1 0.6880658975299914 0.9422443794688267 0.6645080011633796 0.9088762543036539 0.6272883580655096 0.93515332233075 0.6508462544321214 0.9685214474959227
1 0.6024940979145963 0.977605505941604 0.5591907614672283 0.8677516077986379 0.489690864066588 0.8951477902834938 0.532994200513956 1.0050016884264599
1 0.48371365007751327 0.8857159951782556 0.3971383127226074 0.8820798310093497 0.3929398135439089 0.9820440971688444 0.47951515089881475 0.9856802613377503
1 0.16717917761774612 0.8979910652333896 0.10843833710050466 0.8647045889402861 0.051060388193860363 0.9659597928931877 0.10980122871110183 0.9992462691862911
1 0.21154871901975442 0.7954317880329631 0.2080983497651084 0.6948685483904197 0.11939407087852587 0.6979120314535521 0.12284444013317189 0.7984752710960955
1 0.3099306313311471 0.8565048308222666 0.27993905515576617 0.7136039678194293 0.21166856340799284 0.7279323603200638 0.24166013958337382 0.8708332233229011
1 0.3546875 0.8336390624999999 0.313420962561281 0.7300060895952414 0.26768817219599417 0.7482168371294323 0.30895470963471316 0.8518498100341907
1 0.4258707870824107 0.8245846107175403 0.3781197840141374 0.6259682679788803 0.29061120481205416 0.647006931647545 0.3383622078803275 0.8456232743862051
1 0.4629677472131005 0.7524248964070506 0.41049655509310234 0.5915251107151919 0.36200247969317045 0.6073395627733481 0.41447367181316863 0.7682393484652068
1 0.523220684577417 0.6666941090235556 0.44752892937393607 0.6638290765849841 0.4435323374040907 0.7694156859919505 0.5192240926075715 0.7722807184305222
1 0.6137995766367106 0.6685526715610113 0.569357405237864 0.6481664039149686 0.5091418111038651 0.779436717924901 0.5535839825027117 0.7998229855709437
1 0.6378694141712576 0.7781122382519176 0.5682038241010811 0.7513246133633664 0.5428103969589892 0.8173643646708424 0.6124759870291657 0.8441519895593934
1 0.6741662907869972 0.7647781425633158 0.6295302217689372 0.6933947450401988 0.5836815397509922 0.7220639455258906 0.6283176087690522 0.7934473430490077
1 0.5678588268933095 0.6490784531251788 0.5465228593654264 0.5375744460239431 0.45601828306061726 0.5548922335309969 0.47735425058850034 0.6663962406322327
1 0.6125 0.5808828125 0.5619796874999999 0.5808828125 0.5619796874999999 0.6507359375 0.6125 0.6507359375
1 0.6048711754930555 0.5667412957369169 0.5547264938005503 0.49185409628337445 0.5065091210615364 0.5241405861733679 0.5566538027540416 0.5990277856269104
1 0.6614831816153912 0.525010395574579 0.605189999049914 0.49521308924885954 0.5652874418370668 0.5705971495883466 0.6215806244025439 0.600394455914066
1 0.7404573198087936 0.5360904495011021 0.6767687024584894 0.49590089700786244 0.5999140540772049 0.6176929048479884 0.663602671427509 0.6578824573412281
1 0.7335348158711319 0.7074594101435986 0.7259590959703113 0.6138765422087503 0.6605406732177092 0.6191722940708562 0.6681163931185299 0.7127551620057047
1 0.7684205178112798 0.6822730405202759 0.7196600131268307 0.6796665699062343 0.7167026700678931 0.7349910148863564 0.7654631747523423 0.737597485500398
1 0.7560654650034143 0.5658087823878942 0.7429185293417973 0.5008627624878232 0.710934294196211 0.5073372882908216 0.7240812298578281 0.5722833081908926
1 0.7971170582265406 0.48636730961725416 0.7480710106336655 0.48504517460159563 0.7454507479881979 0.5822466894948652 0.7944967955810729 0.5835688245105237
1 0.49908384457129185 0.5137291307817752 0.46579791512152224 0.5071674060539657 0.4431032758473551 0.6222914310784164 0.47638920529712464 0.628853155806226
1 0.4807894889456442 0.6646273313397335 0.44965916334397793 0.5653856729980624 0.40650961222861903 0.5789209121126918 0.4376399378302853 0.6781625704543629
1 0.4380664935645558 0.5887434930056739 0.43077538032857454 0.5143443783528 0.35039993733310304 0.5222211717663557 0.3576910505690843 0.5966202864192296
1 0.39202173814427776 0.567349999790338 0.30579127131631473 0.5115070028755199 0.25232115456829585 0.5940733654144166 0.3385516213962589 0.6499163623292347
1 0.30629974007654537 0.6218970251313883 0.260140715674937 0.5359537270469564 0.14044777394910385 0.6002392448356184 0.1866067983507123 0.6861825429200503
1 0.3179993427658427 0.6250950858420088 0.2683388284194301 0.6215212011780438 0.25989705688849074 0.7388228926535148 0.30955757123490335 0.7423967773174799
1 0.2640625000000001 0.6571687500000001 0.2197921875000001 0.6571687500000001 0.2197921875000001 0.7334562499999999 0.2640625000000001 0.7334562499999999
1 0.22330607276836895 0.5549714004964708 0.2020046495567515 0.5169835074120328 0.14432357678838256 0.5493277319155621 0.16562500000000002 0.5873156250000001
1 0.17390903326550175 0.6922598281329763 0.15947652035668006 0.5319356497012528 0.08372193558072574 0.5387551390220542 0.09815444848954744 0.6990793174537777
1 0.2121361192269105 0.4714346128135878 0.20978950489943854 0.39959948033995185 0.12627559643575909 0.4023276013497653 0.12862221076323105 0.4741627338234012
1 0.2809176326024131 0.26474843319763836 0.2621400626389079 0.17696548819187724 0.15331291460234642 0.20024460449460726 0.17209048456585158 0.2880275495003684
1 0.3159663224922281 0.3492629659908552 0.27592345882947644 0.25436694921481684 0.16269635562190643 0.30214490250203924 0.20273921928465807 0.3970409192780776
1 0.29313247279785876 0.19104005272153912 0.2875686082255672 0.12965806292399826 0.25399136071655726 0.1327016145987915 0.25955522528884883 0.19408360439633238
1 0.3380203125 0.19944843750000008 0.2864578125 0.19944843750000008 0.2864578125 0.3014703125 0.3380203125 0.3014703125
1 0.3610970592785105 0.37872291587668866 0.3548353227518729 0.2953377682669733 0.2831960190193073 0.3007174606676476 0.2894577555459449 0.384102608277363
1 0.39537550625622975 0.4836482813124808 0.37048513502396874 0.3698657421635764 0.22503182734769198 0.4016842167037244 0.24992219857995296 0.5154667558526287
1 0.29352916574013693 0.387957721040373 0.26949039565357075 0.3582792540737528 0.22504388843851403 0.39427974457399795 0.24908265852508019 0.4239582115406182
1 0.4412008123579595 0.4544243723373825 0.43221782120125984 0.3910315499971927 0.3936676848315171 0.3964942431115742 0.40265067598821674 0.4598870654517639
1 0.521043612042327 0.3600279437292601 0.46603656991005565 0.334054271931984 0.419103696404495 0.4334487114420602 0.47411073853676633 0.4594223832393364
1 0.5533581760202657 0.4714381714139041 0.5521032828145068 0.38277035688449434 0.5052636704751996 0.3834332660990378 0.5065185636809585 0.4721010806284475
1 0.61153643119852 0.33471737015621045 0.5637253611436855 0.32221284026086955 0.5422168678610229 0.40445056432712756 0.5900279379158573 0.4169550942224685
1 0.6574653211720818 0.450215698615532 0.6534092929127875 0.3904306698344042 0.5939730874759774 0.39446303268162286 0.5980291157352716 0.45424806146275076
1 0.6822013264404934 0.33550180165824306 0.6359091036330364 0.3262858953212473 0.619532758636733 0.40854556502919664 0.6658249814441899 0.41776147136619235
1 0.70625 0.34650781250000007 0.6708328125 0.34650781250000007 0.6708328125 0.42463281249999996 0.70625 0.42463281249999996
1 0.6995080145479273 0.2714536793190534 0.6503025197098543 0.2656436807431173 0.6428093819253164 0.3291038602524794 0.6920148767633895 0.33491385882841557
1 0.6825300021198512 0.20231830903281986 0.5888947957795497 0.193338586795665 0.5807701821278481 0.2780572290454888 0.6744053884681496 0.28703695128264356
1 0.6219180548943002 0.3380596504333563 0.6184126503743933 0.27623419500278656 0.5759959078192881 0.278639156519639 0.579501312339195 0.3404646119502087
1 0.5910003114015323 0.2876613403836858 0.5802943136772547 0.19858542018396594 0.5398123998983425 0.20345092452924468 0.5505183976226201 0.2925268447289645
1 0.5944858823460215 0.3198640055709207 0.5463074431423565 0.2448437182130207 0.49556776314324597 0.2774290184583836 0.5437462023469111 0.3524493058162836
1 0.5176277648954798 0.30178357596893784 0.5033989318667738 0.19415553633860236 0.427416561936778 0.2042006924017679 0.44164539496548405 0.3118287320321034
1 0.5315836013349935 0.34926965598466325 0.5125757810030116 0.287774605255618 0.46926978204438924 0.3011602783747346 0.4882776023763712 0.36265532910377984
1 0.4823906054328827 0.3234216572899672 0.4347277971916409 0.2694395200198302 0.38621254149172046 0.3122754180804898 0.43387534973296227 0.3662575553506268
1 0.418520447356553 0.37137561403375735 0.3950583478134954 0.2834037372318908 0.34588934838407104 0.29651710937971815 0.3693514479271286 0.38448898618158467
1 0.44521501113130774 0.18421722586825817 0.3978952675175579 0.17835112117345195 0.3831827803701938 0.2970314305021037 0.4305025239839437 0.3028975351969099
1 0.5470822827161222 0.2525988436912931 0.516132759811091 0.18683275167040078 0.4825926645949686 0.20261672047910767 0.5135421874999999 0.26838281249999996