1 0.775 0.3359375000000001 0.69375 0.3359375000000001 0.69375 0.44218750000000007 0.775 0.4421875000000002
1 0.428125 0.4234375 0.3500000000000001 0.4234375 0.3500000000000001 0.5234375 0.428125 0.5234375
1 0.8296875 0.6250000000000002 0.7390625 0.6250000000000002 0.7390625 0.7171875000000002 0.8296875 0.7171875000000002
1 0.4703125 0.3078125000000001 0.4140625 0.3078125000000001 0.4140625 0.3812500000000001 0.4703125 0.3812500000000001
1 0.4234375 0.27812500000000007 0.3609375 0.278125 0.3609375 0.425 0.4234375 0.425
1 0.9140625 0.7031250000000002 0.8234375 0.7031250000000002 0.8234375 0.8109375 0.9140625 0.8109375
1 0.3125000000000001 0.875 0.22031250000000008 0.875 0.22031250000000008 0.9984375 0.3125000000000001 0.9984375
1 0.3781250000000001 0.4078125 0.3031250000000001 0.4078125 0.3031250000000001 0.509375 0.3781250000000001 0.509375
1 0.5171875000000001 0.6296875 0.4203125 0.6296875 0.4203125000000001 0.7734375 0.5171875000000001 0.7734375
1 0.7765625 0.6828125 0.709375 0.6828125 0.7093750000000001 0.8078125 0.7765625000000002 0.8078125
1 0.48125 0.3828125000000001 0.4109375 0.3828125000000001 0.4109375 0.5125 0.48125 0.5125
1 0.8203125 0.028125000000000094 0.759375 0.028125000000000087 0.759375 0.10468750000000009 0.8203125 0.10468750000000009
1 0.7046875000000001 0.640625 0.6375 0.640625 0.6375000000000001 0.7390625 0.7046875000000001 0.7390625
1 0.9015625 0.4203125000000002 0.81875 0.4203125000000002 0.81875 0.5312500000000002 0.9015625 0.5312500000000002
1 0.7234375000000002 0.8875 0.6656250000000001 0.8875 0.6656250000000001 1 0.7234375000000002 1
1 0.7046875 0.27812500000000007 0.6234375 0.27812500000000007 0.6234375 0.4375 0.7046875 0.4375
1 0.321875 0.3265625 0.2421875 0.3265625 0.24218750000000006 0.4984375 0.3218750000000001 0.4984375
1 0.6984375 0.02343750000000008 0.6234375 0.023437500000000076 0.6234375 0.06718750000000008 0.6984375 0.0671875000000001
1 0.7875 0.2234375000000001 0.7171875 0.2234375000000001 0.7171875 0.3078125000000001 0.7875 0.3078125000000001
1 0.8984375 0.7937500000000002 0.8328125 0.7937500000000002 0.8328125 0.8890625 0.8984375 0.8890625
1 0.4234375 0.5953125 0.3218750000000001 0.5953125 0.3218750000000001 0.725 0.4234375 0.725
1 0.68125 0.03593750000000008 0.6 0.03593750000000008 0.6 0.14843750000000008 0.68125 0.14843750000000008
1 0.4359375000000001 0.721875 0.3625000000000001 0.721875 0.3625000000000001 0.85 0.4359375000000002 0.85
1 0.5906250000000001 0.609375 0.5015625 0.609375 0.5015625000000001 0.73125 0.5906250000000002 0.73125
1 0.6171875 0.5421875 0.55 0.5421875 0.55 0.690625 0.6171875 0.690625
1 0.828125 0.37968750000000007 0.75625 0.37968750000000007 0.75625 0.5390625000000002 0.828125 0.5390625000000002
1 0.7140625 0.7234375 0.6421875 0.7234375 0.6421875000000001 0.825 0.7140625000000002 0.825
1 0.6484375000000001 0.6875 0.5875 0.6875 0.5875000000000001 0.80625 0.6484375000000002 0.80625
1 0.3328125 0.020312500000000035 0.2734375 0.020312500000000032 0.2734375 0.11562500000000005 0.3328125 0.11562500000000005
1 0.5578125 0.696875 0.4828125 0.696875 0.4828125000000001 0.80625 0.5578125000000002 0.80625
1 0.903125 0.23593750000000008 0.8390625 0.23593750000000008 0.8390625 0.3078125000000001 0.903125 0.3078125000000001
1 0.2890625 0.03906250000000003 0.2140625 0.03906250000000002 0.2140625 0.13125000000000003 0.2890625 0.13125000000000003
1 0.47968750000000016 0.7640625 0.40937500000000016 0.7640625 0.40937500000000016 0.8765625 0.47968750000000016 0.8765625
1 0.2375 0.004687500000000023 0.1390625 0.004687500000000016 0.1390625 0.1296875 0.2375 0.12968750000000004
1 0.8796875 0.5968750000000002 0.8046875 0.5968750000000002 0.8046875 0.7000000000000002 0.8796875 0.7000000000000002
1 0.64375 0.2734375000000001 0.56875 0.2734375000000001 0.56875 0.4453125 0.64375 0.4453125
1 0.325 0.2171875 0.2734375 0.2171875 0.2734375 0.2875 0.325 0.2875
1 0.7515625 0.03593750000000009 0.684375 0.03593750000000009 0.684375 0.1375000000000001 0.7515625 0.1375000000000001
1 0.5562500000000001 0.796875 0.4703125000000002 0.796875 0.4703125000000002 0.8890625 0.5562500000000001 0.8890625
1 0.8515625 0.0500000000000001 0.80625 0.050000000000000086 0.80625 0.12343750000000009 0.8515625 0.12343750000000009
1 0.2828125 0.15468750000000003 0.2171875 0.15468750000000003 0.2171875 0.2453125 0.2828125 0.2453125
1 0.6 0.18281250000000007 0.5296875 0.18281250000000004 0.5296875 0.3062500000000001 0.6 0.3062500000000001
1 0.22656250000000008 0.890625 0.14843750000000008 0.890625 0.1484375000000001 1 0.22656250000000008 1
1 0.3984375 0.010937500000000044 0.315625 0.01093750000000004 0.315625 0.12656250000000005 0.3984375 0.12656250000000005
1 0.3062500000000001 0.6046875 0.1921875000000001 0.6046875 0.1921875000000001 0.7421875 0.3062500000000001 0.7421875
1 0.2312500000000001 0.6796875 0.11718750000000008 0.6796875 0.11718750000000008 0.828125 0.2312500000000001 0.828125
1 0.6625 0.4171875 0.60625 0.4171875 0.60625 0.515625 0.6625 0.515625
1 0.55 0.02968750000000006 0.446875 0.029687500000000054 0.446875 0.14531250000000007 0.55 0.1453125000000001
1 0.5078125 0.2468750000000001 0.4546875 0.2468750000000001 0.4546875 0.3453125000000001 0.5078125 0.3453125000000001
1 0.75 0.2593750000000001 0.6921875 0.2593750000000001 0.6921875 0.3359375000000001 0.75 0.3359375000000001
1 0.21875000000000008 0.8125 0.1437500000000001 0.8125 0.1437500000000001 0.9109375 0.21875000000000008 0.9109375
1 0.3140625000000001 0.7015625 0.23593750000000008 0.7015625 0.23593750000000008 0.8140625 0.3140625000000001 0.8140625
1 0.3781250000000001 0.6796875 0.3000000000000001 0.6796875 0.3000000000000001 0.7890625 0.3781250000000001 0.7890625
1 0.3671875000000001 0.775 0.2656250000000001 0.775 0.2656250000000001 0.871875 0.3671875000000001 0.871875
1 0.446875 0.02812500000000005 0.3859375 0.028125000000000046 0.3859375 0.13906250000000003 0.446875 0.13906250000000003
1 0.4468750000000002 0.871875 0.3234375000000001 0.871875 0.3234375000000001 1 0.4468750000000002 1
1 0.7421875000000001 0.6265625000000001 0.6875 0.6265625 0.6875000000000001 0.7500000000000001 0.7421875000000002 0.7500000000000002
1 0.7734375 0.026562500000000093 0.7140625 0.02656250000000009 0.7140625 0.050000000000000086 0.7734375 0.050000000000000086
1 0.65625 0.5875 0.60625 0.5875 0.60625 0.7078125 0.65625 0.7078125
1 0.8234375 0.10000000000000009 0.771875 0.10000000000000009 0.771875 0.1531250000000001 0.8234375 0.1531250000000001
1 0.546875 0.3421875000000001 0.484375 0.3421875000000001 0.484375 0.4546875 0.546875 0.4546875
1 0.8421875 0.7656250000000002 0.7875000000000002 0.7656250000000002 0.7875000000000002 0.846875 0.8421875 0.846875
1 0.915625 0.1890625000000001 0.8546875 0.18906250000000008 0.8546875 0.2515625000000001 0.915625 0.2515625000000001
1 0.6796875000000002 0.78125 0.6250000000000002 0.78125 0.6250000000000002 0.8828125 0.6796875000000002 0.8828125
1 0.6796875000000002 0.9046875 0.6156250000000002 0.9046875 0.6156250000000002 1 0.6796875000000002 1
1 0.68125 0.15000000000000008 0.5953125 0.15000000000000008 0.5953125 0.2718750000000001 0.68125 0.2718750000000001
1 0.6015625000000002 0.7296875 0.5406250000000001 0.7296875 0.5406250000000001 0.8734375 0.6015625000000002 0.8734375
1 0.7578125 0.4296875000000001 0.721875 0.4296875 0.721875 0.5203125000000001 0.7578125 0.5203125000000002
1 0.609375 0.4453125 0.5640625 0.4453125 0.5640625 0.5125 0.609375 0.5125
1 0.4828125 0.014062500000000052 0.384375 0.014062500000000044 0.384375 0.06250000000000006 0.4828125 0.06250000000000007
1 0.6343750000000001 0.79375 0.5859375000000002 0.79375 0.5859375000000002 0.9015625 0.6343750000000001 0.9015625
1 0.2609375000000001 0.4 0.16875000000000004 0.4 0.16875000000000004 0.50625 0.2609375000000001 0.50625
1 0.60625 0.02500000000000007 0.5421875 0.025000000000000067 0.5421875 0.14687500000000006 0.60625 0.1468750000000001
1 0.5046875000000002 0.9078125 0.44062500000000016 0.9078125 0.44062500000000016 1 0.5046875000000002 1
1 0.6265625000000001 0.8984375 0.5781250000000002 0.8984375 0.5781250000000002 1 0.6265625000000001 1
1 0.809375 0.815625 0.7421875000000002 0.815625 0.7421875000000002 0.928125 0.809375 0.928125
1 0.5328125 0.2921875000000001 0.4890625 0.2921875000000001 0.4890625 0.3656250000000001 0.5328125 0.3656250000000001
1 0.2734375000000001 0.7890625 0.21250000000000008 0.7890625 0.21250000000000008 0.8578125 0.2734375000000001 0.8578125
1 0.5203125 0.3765625000000001 0.46875 0.3765625000000001 0.46875 0.4984375 0.5203125 0.4984375
1 0.9140625 0.9796875 0.8734375 0.9796875 0.8734375 1 0.9140625 1
1 0.7250000000000002 0.790625 0.6890625000000001 0.790625 0.6890625000000001 0.8609375 0.7250000000000002 0.8609375
1 0.7687500000000002 0.9484375 0.7031250000000002 0.9484375 0.7031250000000002 1 0.7687500000000002 1
1 0.578125 0.3859375000000001 0.5265625 0.3859375000000001 0.5265625 0.48125 0.578125 0.48125
1 0.6296875 0.021875000000000075 0.58125 0.02187500000000007 0.58125 0.06406250000000006 0.6296875 0.06406250000000006
1 0.571875 0.3203125000000001 0.5328125 0.3203125000000001 0.5328125 0.38750000000000007 0.571875 0.38750000000000007