1 0.34062500000000007 0.6328125 0.2968750000000001 0.6328125 0.2968750000000001 0.7078125 0.34062500000000007 0.7078125
1 0.7015625000000001 0.665625 0.65 0.665625 0.6500000000000001 0.7390625 0.7015625000000002 0.7390625
1 0.575 0.5171875 0.5046875 0.5171875 0.5046875 0.6421875 0.575 0.6421875
1 0.7078125000000002 0.86875 0.6531250000000002 0.86875 0.6531250000000002 0.959375 0.7078125000000002 0.959375
1 0.6890625000000001 0.928125 0.6343750000000001 0.928125 0.6343750000000001 0.9921875 0.6890625000000001 0.9921875
1 0.5125 0.525 0.4515625 0.525 0.4515625 0.615625 0.5125 0.615625
1 0.2953125000000001 0.44375 0.2000000000000001 0.44375 0.2000000000000001 0.5703125 0.2953125000000001 0.5703125
1 0.30312500000000003 0.290625 0.215625 0.290625 0.21562500000000004 0.3796875 0.3031250000000001 0.3796875
1 0.7500000000000002 0.8359375 0.6953125000000002 0.8359375 0.6953125000000002 0.9140625 0.7500000000000002 0.9140625
1 0.2500000000000001 0.665625 0.15625000000000008 0.665625 0.15625000000000008 0.7578125 0.2500000000000001 0.7578125
1 0.6015625 0.5015625 0.559375 0.5015625 0.559375 0.578125 0.6015625 0.578125
1 0.3937500000000001 0.890625 0.3109375000000001 0.890625 0.3109375000000001 0.996875 0.3937500000000001 0.996875
1 0.4500000000000002 0.896875 0.3843750000000001 0.896875 0.3843750000000001 0.9953125 0.4500000000000002 0.9953125
1 0.16718750000000002 0.178125 0.07500000000000002 0.178125 0.07500000000000004 0.3046875 0.16718750000000004 0.3046875
1 0.4312500000000002 0.7765625 0.3468750000000001 0.7765625 0.3468750000000001 0.8859375 0.4312500000000002 0.8859375
1 0.2953125000000001 0.5578125 0.2453125000000001 0.5578125 0.2453125000000001 0.6203125 0.2953125000000001 0.6203125
1 0.653125 0.5921875 0.584375 0.5921875 0.584375 0.696875 0.653125 0.696875
1 0.6734375 0.509375 0.5953125 0.509375 0.5953125 0.5953125 0.6734375 0.5953125
1 0.68125 0.2812500000000001 0.63125 0.2812500000000001 0.63125 0.3765625000000001 0.68125 0.3765625000000001
1 0.2453125000000001 0.571875 0.1546875000000001 0.571875 0.1546875000000001 0.66875 0.2453125000000001 0.66875
1 0.525 0.17031250000000003 0.4609375 0.17031250000000003 0.4609375 0.27812500000000007 0.525 0.27812500000000007
1 0.7734375 0.10156250000000008 0.7140625 0.10156250000000008 0.7140625 0.1750000000000001 0.7734375 0.1750000000000001
1 0.3515625 0.08281250000000004 0.2484375 0.08281250000000002 0.2484375 0.2375 0.3515625 0.2375
1 0.2828125 2.659779766898158e-17 0.1515625 1.8561053049577072e-17 0.1515625 0.13281250000000003 0.2828125 0.13281250000000006
1 0.6203125000000002 0.9015625 0.5328125000000001 0.9015625 0.5328125000000001 0.99375 0.6203125000000002 0.99375
1 0.4906250000000002 0.7734375 0.42500000000000016 0.7734375 0.42500000000000016 0.878125 0.4906250000000002 0.878125
1 0.4984375 0.2656250000000001 0.440625 0.2656250000000001 0.440625 0.3890625000000001 0.4984375 0.3890625000000001
1 0.2468750000000001 0.821875 0.1546875000000001 0.821875 0.15468750000000012 0.95625 0.2468750000000001 0.95625
1 0.2703125 0.12343750000000005 0.196875 0.12343750000000005 0.19687500000000002 0.209375 0.2703125 0.209375
1 0.309375 0.17656250000000004 0.2609375 0.17656250000000004 0.2609375 0.25625 0.309375 0.25625
1 0.5984375000000001 0.6265625 0.509375 0.6265625 0.5093750000000001 0.7421875 0.5984375000000002 0.7421875
1 0.19531250000000008 0.784375 0.1140625000000001 0.784375 0.1140625000000001 0.8890625 0.19531250000000008 0.8890625
1 0.6484375 0.07656250000000007 0.5734375 0.07656250000000006 0.5734375 0.18125000000000008 0.6484375 0.18125000000000008
1 0.83125 0.2828125000000001 0.753125 0.2828125000000001 0.753125 0.3843750000000001 0.83125 0.3843750000000001
1 0.5203125000000002 0.8984375 0.4671875000000002 0.8984375 0.4671875000000002 0.9953125 0.5203125000000002 0.9953125
1 0.85 0.6828125000000002 0.7953125 0.6828125000000002 0.7953125000000001 0.7484375000000002 0.85 0.7484375000000002
1 0.5640625 0.18750000000000006 0.4765625 0.18750000000000006 0.4765625 0.3203125000000001 0.5640625 0.3203125000000001
1 0.3109375000000001 0.6125 0.2375000000000001 0.6125 0.2375000000000001 0.7546875 0.3109375000000001 0.7546875
1 0.5796875 0.07656250000000006 0.5140625 0.07656250000000006 0.5140625 0.18125000000000008 0.5796875 0.18125000000000008
1 0.2218750000000001 0.4078125 0.15937500000000004 0.4078125 0.15937500000000004 0.50625 0.2218750000000001 0.50625
1 0.740625 0.19687500000000008 0.665625 0.19687500000000008 0.665625 0.3468750000000001 0.740625 0.3468750000000001
1 0.49687500000000007 0.634375 0.4359375 0.634375 0.4359375000000001 0.7609375 0.4968750000000002 0.7609375
1 0.4703125 0.515625 0.36406250000000007 0.515625 0.36406250000000007 0.6578125 0.4703125 0.6578125
1 0.525 0.060937500000000054 0.4359375 0.06093750000000005 0.4359375 0.18593750000000003 0.525 0.18593750000000003
1 0.22343750000000004 0.275 0.12656250000000005 0.275 0.12656250000000005 0.3796875 0.2234375000000001 0.3796875
1 0.7953125 0.4656250000000002 0.74375 0.4656250000000002 0.74375 0.5437500000000002 0.7953125 0.5437500000000002
1 0.45 0.2671875000000001 0.3859375 0.2671875000000001 0.38593750000000004 0.3906250000000001 0.45 0.3906250000000001
1 0.4703125 0.17343750000000005 0.4140625 0.17343750000000005 0.4140625 0.2656250000000001 0.4703125 0.2656250000000001
1 0.6640625 0.4296875 0.584375 0.4296875 0.584375 0.5125 0.6640625 0.5125
1 0.3437500000000001 0.803125 0.2750000000000001 0.803125 0.2750000000000001 0.9390625 0.3437500000000001 0.9390625
1 0.7640625 0.6515625000000002 0.740625 0.6515625000000002 0.740625 0.7046875000000001 0.7640625 0.7046875000000001
1 0.5703125000000002 0.978125 0.5031250000000002 0.978125 0.5031250000000002 0.99375 0.5703125000000002 0.99375
1 0.4812500000000002 0.8484375 0.41718750000000016 0.8484375 0.41718750000000016 0.953125 0.4812500000000002 0.953125
1 0.4562500000000001 0.6421875 0.3843750000000001 0.6421875 0.3843750000000001 0.740625 0.45625000000000016 0.740625
1 0.1984375 0.05468750000000002 0.1078125 0.05468750000000002 0.1078125 0.1765625 0.1984375 0.17656250000000004
1 0.890625 0.3031250000000001 0.81875 0.3031250000000001 0.81875 0.4156250000000002 0.890625 0.4156250000000002
1 0.7609375000000002 0.9234375 0.7093750000000002 0.9234375 0.7093750000000002 0.9875 0.7609375000000002 0.9875
1 0.2890625000000001 0.771875 0.22812500000000008 0.771875 0.22812500000000008 0.9078125 0.2890625000000001 0.9078125
1 0.3281250000000001 0.5390625 0.2843750000000001 0.5390625 0.2843750000000001 0.6375 0.3281250000000001 0.6375
1 0.5984375 0.571875 0.559375 0.571875 0.559375 0.6453125 0.5984375 0.6453125
1 0.584375 0.29375000000000007 0.5125 0.29375000000000007 0.5125 0.39531250000000007 0.584375 0.39531250000000007
1 0.36875 0.23906250000000004 0.2734375 0.2390625 0.27343750000000006 0.36875 0.3687500000000001 0.3687500000000001
1 0.6265625 0.2296875000000001 0.55625 0.2296875000000001 0.55625 0.3546875000000001 0.6265625 0.3546875000000001
1 0.3937500000000001 0.6578125 0.3078125000000001 0.6578125 0.3078125000000001 0.790625 0.3937500000000001 0.790625
1 0.7937500000000001 0.6718750000000002 0.7546875 0.6718750000000002 0.7546875000000001 0.7390625000000002 0.7937500000000002 0.7390625000000002
1 0.8203125 0.47656250000000017 0.78125 0.47656250000000017 0.78125 0.5562500000000001 0.8203125 0.5562500000000001
1 0.4203125 0.07812500000000004 0.328125 0.07812500000000004 0.328125 0.27031250000000007 0.4203125 0.27031250000000007
1 0.7390625000000002 0.9625 0.6968750000000001 0.9625 0.6968750000000001 0.9921875 0.7390625000000002 0.9921875
1 0.2984375000000001 0.903125 0.18906250000000008 0.903125 0.1890625000000001 0.9984375 0.2984375000000001 0.9984375
1 0.809375 0.0671875000000001 0.7546875 0.0671875000000001 0.7546875 0.1312500000000001 0.809375 0.1312500000000001
1 0.5812500000000002 0.8265625 0.48750000000000016 0.8265625 0.48750000000000016 0.925 0.5812500000000002 0.925
1 0.5625000000000002 0.746875 0.4593750000000002 0.746875 0.4593750000000002 0.85 0.5625000000000002 0.85
1 0.6765625 0.6046875 0.6421875 0.6046875 0.6421875 0.6625 0.6765625 0.6625
1 0.3593750000000001 0.4265625 0.27031250000000007 0.4265625 0.27031250000000007 0.5375 0.3593750000000001 0.5375
1 0.4671875 0.415625 0.34062500000000007 0.415625 0.34062500000000007 0.5609375 0.4671875 0.5609375
1 0.73125 0.13281250000000008 0.659375 0.13281250000000008 0.659375 0.23437500000000008 0.73125 0.23437500000000008
1 0.3609375000000001 0.7421875 0.2906250000000001 0.7421875 0.2906250000000001 0.8875 0.3609375000000001 0.8875
1 0.6234375000000001 0.6890625 0.5875 0.6890625 0.5875000000000001 0.734375 0.6234375000000002 0.734375
1 0.6765625 0.18750000000000008 0.6140625 0.18750000000000008 0.6140625 0.2765625000000001 0.6765625 0.2765625000000001
1 0.3890625000000001 0.5234375 0.30937500000000007 0.5234375 0.30937500000000007 0.6609375 0.3890625000000001 0.6609375
1 0.6546875000000002 0.865625 0.5921875000000002 0.865625 0.5921875000000002 0.9609375 0.6546875000000002 0.9609375
1 0.6421875000000001 0.9734375 0.6062500000000002 0.9734375 0.6062500000000002 0.9921875 0.6421875000000001 0.9921875
1 0.47656250000000017 0.9359375 0.4421875000000002 0.9359375 0.4421875000000002 0.99375 0.47656250000000017 0.99375
1 0.4125000000000002 0.978125 0.3593750000000001 0.978125 0.3593750000000001 0.996875 0.4125000000000002 0.996875
1 0.8515625 1.0007660561782277e-16 0.7828125 9.586688224575374e-17 0.7828125 0.0218750000000001 0.8515625 0.021875000000000106
1 0.80625 9.538850458983681e-17 0.7515625 9.203986099841827e-17 0.7515625 0.007812500000000095 0.80625 0.0078125000000001
1 0.7453125 8.74474355016157e-17 0.6828125 8.362041425428021e-17 0.6828125 0.015625000000000087 0.7453125 0.01562500000000009
1 0.68125 8.055879725641184e-17 0.634375 7.768853132091022e-17 0.634375 0.01562500000000008 0.68125 0.015625000000000083
1 0.6390625 7.433988772949167e-17 0.575 7.041719095097281e-17 0.575 0.014062500000000075 0.6390625 0.014062500000000078
1 0.4078125 4.6689659217492833e-17 0.3546875 4.343669115725768e-17 0.3546875 0.006250000000000047 0.4078125 0.00625000000000005
1 0.453125 5.2525866619679453e-17 0.4046875 4.955992515299445e-17 0.4046875 0.004687500000000053 0.453125 0.004687500000000055
1 0.5703125 6.572908992298685e-17 0.503125 6.161504208210122e-17 0.503125 0.009375000000000066 0.5703125 0.009375000000000069
1 0.50625 5.884045167778298e-17 0.4546875 5.568315914873122e-17 0.4546875 0.009375000000000059 0.50625 0.00937500000000006
1 0.4359375000000001 0.7171875 0.3968750000000001 0.7171875 0.3968750000000001 0.75 0.4359375000000002 0.75
1 0.2828125 0.17187500000000003 0.146875 0.171875 0.14687500000000003 0.2953125 0.2828125 0.2953125