1 0.1333171875 1.0627638003850623e-17 0.0395890625 4.8884455902839745e-18 0.03958906250000001 0.06670000000000001 0.1333171875 0.06670000000000001
1 0.176584375 1.9110900327287995e-17 0.12413437499999999 1.5899264096524064e-17 0.12413437499999999 0.10734999999999999 0.176584375 0.10734999999999999
1 0.13241302888086837 0.15508372609360888 0.126874961158987 0.06233403116266094 0.0551367952099869 0.06661750424108895 0.06067486293186826 0.15936719917203687
1 0.18914422623361293 0.21023057714073395 0.1884710930720622 0.10631717517443459 0.11339938881736514 0.10680347677434135 0.11407252197891586 0.21071687874064074
1 0.29381846475246554 0.011850408124994893 0.21638619093316228 -0.023726806685416445 0.14892732384531046 0.12309450846592936 0.22635959766461372 0.1586717232763407
1 0.2109859375 2.2305984691157203e-17 0.1532984375 1.8773644079866555e-17 0.1532984375 0.03589062500000002 0.2109859375 0.03589062500000002
1 0.316696875 3.590511334250146e-17 0.2675453125 3.289544815806566e-17 0.2675453125 0.07765312500000003 0.316696875 0.07765312500000005
1 0.30687008178939884 0.15731960717811774 0.30432936770405516 0.07153086856432272 0.2503157375177853 0.07313053296354648 0.252856451603129 0.1589192715773415
1 0.4148092868050114 0.07193174568861625 0.35029295284883694 0.047649902503363394 0.3110127615624024 0.15201652407997984 0.37552909551857677 0.17629836726523268
1 0.47666250000000004 5.448204853025498e-17 0.4078765625 5.0270124620968726e-17 0.4078765625 0.07710781250000004 0.47666250000000004 0.07710781250000005
1 0.49503150438524257 0.2107306306292777 0.4861699980245979 0.08064845128178838 0.38364752852792333 0.08763252488903392 0.3925090348885679 0.21771470423652323
1 0.5120208604136711 0.00018027698705539718 0.45852226790847916 -0.0009370528166535011 0.4561293156079187 0.11363930555765649 0.5096279081131107 0.1147566353613654
1 0.5575218750000001 6.503534664637612e-17 0.5045859375 6.179395532541414e-17 0.5045859375 0.06956406250000007 0.5575218750000001 0.06956406250000007
1 0.5758457164267242 0.08838678589799334 0.5225627391197205 0.0691044735153695 0.4740084606993622 0.20327492277960096 0.5272914380063659 0.22255723516222478
1 0.6083718749999999 7.771561172376095e-17 0.5541373257895735 -0.002007604157654513 0.5503332145860492 0.10075879801522492 0.6045677637964756 0.1027664021728795
1 0.6128195120747709 0.0826419217024467 0.5589886684148085 0.08123130295142221 0.5564457690261737 0.17827128581936486 0.6102766126861361 0.17968190457038938
1 0.639002929825082 0.17343885255767183 0.5785677877343605 0.15433981996241056 0.5504962151237878 0.24316680483550304 0.6109313572145092 0.2622658374307643
1 0.6697906250000001 7.771561172376095e-17 0.6117174278478505 -0.007598783708124723 0.5999078598774793 0.08265505103279383 0.6579810570296288 0.09025383474091864
1 0.6653961706200231 0.05323474479764904 0.6137063879056871 0.052132532966768175 0.6109379600863795 0.1819618710586766 0.6626277428007155 0.18306408288955744
1 0.7131013329973903 0.1842096219205999 0.7095001434070829 0.06408963644658042 0.6555884331914852 0.06570590611942409 0.6591896227817926 0.18582589159344357
1 0.8089718479046244 0.2277693551300577 0.7749951273482659 0.2028530933887283 0.7448015083092485 0.24402621026011567 0.778778228865607 0.26894247200144505
1 0.8436532536081186 0.29430166558229653 0.7916835250282258 0.28481304048676626 0.7720089559900049 0.39257175184362614 0.8239786845698978 0.4020603769391564
1 0.8763480631501028 0.33609033903116087 0.8149355465713386 0.331507431933305 0.8038000759701391 0.4807265320168413 0.8652125925489035 0.48530943911469715
1 0.7389507429633032 0.2954199060626895 0.6898754975702267 0.28864734226034494 0.6762226165162416 0.387578634397432 0.7252978619093182 0.3943511981997765
1 0.7225965905490032 0.36343749967656186 0.6568253923470839 0.360996743576513 0.6537034094509971 0.4451250003234383 0.7194746076529164 0.4475657564234872
1 0.7878125792984723 0.4518277034154157 0.7290460180604563 0.43780532125424887 0.7065819749275997 0.531950135683597 0.7653485361656155 0.5459725178447637
1 0.7650277841843283 0.4078832863820857 0.7266012020294998 0.39492735106266025 0.7103955003635922 0.44299255909962465 0.7488220825184208 0.4559484944190501
1 0.8126238762852717 0.49029824164905966 0.7769199882715622 0.47933117707146966 0.752628075904214 0.5584148473340591 0.7883319639179235 0.569381911911649
1 0.6604986218527885 0.3242094542641087 0.5826322978710842 0.3178151456097438 0.5739438106676251 0.4236186962459193 0.6518101346493295 0.4300130049002842
1 0.6021600413558633 0.3415419755156812 0.5547115503491906 0.30199080704844095 0.4941261950800694 0.3746734557798945 0.5415746860867421 0.4142246242471348
1 0.6176134582201257 0.5072649016017498 0.6113663417187778 0.38299714284019365 0.543944325500504 0.38638654323068033 0.5501914420018519 0.5106543019922365
1 0.642816234495405 0.49973787445178963 0.5823817351770427 0.49555117089784284 0.5750740371388349 0.6010368033096574 0.6355085364571973 0.6052235068636042
1 0.5142797542895244 0.30647054769990195 0.44907323431143953 0.2664469484762573 0.3813679516025035 0.37675251707124724 0.4465744715805884 0.41677611629489186
1 0.3690131654188367 0.3912055456555078 0.3044345269306937 0.38275732060422846 0.2910384599757896 0.48515750049914075 0.3556170984639326 0.49360572555042015
1 0.3151308335082545 0.3285169020694146 0.2429844665481303 0.32044162472149895 0.22510550861526962 0.4801763068029434 0.2972518755753938 0.48825158415085906
1 0.1625920391015557 0.31670671996794786 0.1148741143120309 0.31652844360147636 0.11458545252608288 0.3937924223559445 0.16230337731560768 0.393970698722416
1 0.14411344357328404 0.3322990873776335 0.07453767048750105 0.3220532618231839 0.047585486569800384 0.505075998493716 0.11716125965558337 0.5153218240481655
1 0.18398679733322654 0.49737399822430195 0.18352623950556107 0.3998423493674697 0.12914088845093624 0.40009916445705473 0.1296014462786017 0.49763081331388703
1 0.1460441715685128 0.5172702659255874 0.0457703185587516 0.47360081605008775 0.0133206571713391 0.5481117747512979 0.1135945101811003 0.5917812246267976
1 0.1794518265845625 0.5053935823493544 0.13041020955397417 0.5035745767583052 0.12766141853453683 0.5776838357598766 0.17670303556512515 0.5795028413509258
1 0.32582491088384197 0.6534690610596864 0.2433304662961338 0.48074666443603425 0.12963813583075606 0.5350475879929227 0.21213258041846425 0.7077699846165749
1 0.08145837799333884 0.5877206601727044 0.03261816423889106 0.5292673962323269 -0.011735372376417441 0.5663266819424793 0.03710484137803034 0.6247799458828567
1 0.16660875183130414 0.6667995007455287 0.14641257916721767 0.5654183961911654 0.05284838393227768 0.5840573590476794 0.07304455659636416 0.6854384636020427
1 0.06272031250000007 0.6065578125 7.439308332482963e-17 0.6065578125 8.451698965699974e-17 0.77189375 0.06272031250000008 0.77189375
1 0.1305037203882644 0.7266233399394578 0.08279663094653053 0.7069252960710595 0.05512899286813746 0.7739341063501861 0.10283608230987133 0.7936321502185846
1 0.17959337836720118 0.914584889681659 0.07229747554991177 0.847896811221041 0.00787409219593016 0.9515489967251088 0.11516999501321959 1.0182370751857266
1 0.1808986519126346 0.8441969841000025 0.11234854247389214 0.7800421104071704 0.06510536018411668 0.8305219123268864 0.13365546962285912 0.8946767860197186
1 0.2348292928554724 0.7804736085126287 0.19944790107577176 0.6988242428671656 0.09135029232927969 0.7456665399906454 0.12673168410898034 0.8273159056361085
1 0.2521137898266453 0.8044813603287524 0.20145055788756352 0.774680905531292 0.12689602603831074 0.9014297610390354 0.1775592579773925 0.9312302158364959
1 0.2879677156087893 0.8717339247450269 0.21389490785929852 0.8432366146456343 0.15921229932183087 0.9853726385478627 0.2332851070713217 1.0138699486472553
1 0.2901888704943833 0.8762811215734327 0.2673112609105749 0.7242510287993214 0.20318360432449603 0.7339010096954107 0.22606121390830447 0.885931102469522
1 0.33504524915150136 0.8172028337644278 0.3268262601739125 0.7025415691217471 0.2604055194082374 0.707302648095868 0.26862450838582635 0.8219639127385487
1 0.38935868480488744 0.94503564250632 0.33857308512611095 0.8061162643905998 0.2537546653723148 0.8371238485694933 0.3045402650510914 0.9760432266852135
1 0.41747072082061587 0.7878136050336878 0.4162322027986468 0.6961574293418439 0.32835572280508046 0.6973448736505083 0.3295942408270495 0.7890010493423524
1 0.4210911352595558 0.8903751073246788 0.41454096313113087 0.776475354367249 0.3442811129978856 0.7805158733336255 0.35083128512631057 0.8944156262910553
1 0.48336147105800575 0.8814620789209572 0.42462300927126223 0.840081605068099 0.33928027524065113 0.9612233043985196 0.3980187370273947 1.0026037782513775
1 0.4668315354265989 0.8609298480129095 0.45782657765006396 0.6981202114131602 0.405451241832537 0.7010170773322713 0.4144561996090719 0.8638267139320204
1 0.5196905515557748 0.9002974547275369 0.5157393886347381 0.7594398637769828 0.45927488273129746 0.7610237362582227 0.46322604565233416 0.9018813272087767
1 0.48422270333441364 0.9768324206884234 0.4812339662695056 0.909592495276514 0.424242512935092 0.9121256995880905 0.42723125000000006 0.979365625
1 0.5298496184374359 0.9748042858320624 0.5262724069146125 0.8943199732007636 0.48063511744614756 0.8963483714366397 0.48421232896897104 0.9768326840679384
1 0.5933640001100973 0.9659006718094743 0.5474236854716492 0.834361075452313 0.4967197512808686 0.8520694671050201 0.5426600659193166 0.9836090634621814
1 0.6045709357036781 0.9664304094259988 0.5985457586032449 0.8176514327463398 0.5615716567072659 0.8191487915602291 0.5675968338076992 0.9679277682398881
1 0.6507905997769768 0.8243735360228859 0.5897932600997398 0.8234405257677924 0.5876217352771228 0.9654081370556569 0.6486190749543599 0.9663411473107504
1 0.7164239520039095 0.8705688926078509 0.6391620199255272 0.8651388510660347 0.6319018728568562 0.9684406371350797 0.7091638049352385 0.9738706786768958
1 0.7544669555672507 0.964822254201547 0.7515700059410426 0.899619237810386 0.7006905503737919 0.9018797961088392 0.7035875 0.9670828125000002
1 0.8073870495406219 0.7838648019950183 0.7153809110535458 0.7742374913860648 0.7041575955920324 0.8814963052520884 0.7961637340791085 0.8911236158610419
1 0.7347162248521772 0.7173496594901672 0.6827235891544557 0.7074374362602587 0.666568387617364 0.7921763983133797 0.7185610233150856 0.8020886215432881
1 0.791170650229047 0.6859305985346547 0.729099714206977 0.6749520859881362 0.712155429478691 0.7707526426530473 0.7742263655007611 0.7817311551995658
1 0.7323243182837953 0.44470162630871624 0.6972495686716733 0.4321690803902176 0.6723550990196111 0.5018410604851651 0.7074298486317331 0.5143736064036637
1 0.7004190378428442 0.750895967387082 0.6458900906347635 0.6635034247896713 0.5968159938634997 0.6941234153814516 0.6513449410715804 0.7815159579788623
1 0.6147138222763006 0.7145596065284822 0.5731626276992794 0.698921092542791 0.5463429119137806 0.7701804992948202 0.5878941064908018 0.7858190132805115
1 0.597365157564351 0.8366872417137621 0.5768032312462662 0.7492765230077646 0.5093090896183974 0.7651534038708825 0.5298710159364821 0.85256412257688
1 0.5051307023516027 0.759081522091485 0.49089435801755743 0.6842115747846428 0.4505992454765465 0.6918735956320986 0.4648355898105919 0.7667435429389408
1 0.572727801917666 0.6963178941385451 0.5287634594354695 0.6704569980669419 0.4764089827014256 0.7594612668764491 0.5203733251836222 0.7853221629480522
1 0.5426210984944495 0.5200708918757703 0.48416650872908623 0.5154272169030748 0.47031183930572534 0.689829823080136 0.5287664290710886 0.6944734980528314
1 0.4825847018421193 0.543046240141886 0.4365636016475708 0.5397672261137835 0.4294585829562421 0.6394864631391284 0.4754796831507906 0.6427654771672309
1 0.3667422675980851 0.5271794504562692 0.30413276622781005 0.5220348766536851 0.2939382976519126 0.6461016349051196 0.35654779902218764 0.6512462087077038
1 0.4919507804816 0.43129413966347147 0.424270083767471 0.3880237388465924 0.3242020580525721 0.544543520760649 0.3918827547667011 0.5878139215775281
1 0.5949337815020529 0.519965140478893 0.5375417779537535 0.5169639572482316 0.5296562815801931 0.6677592939767267 0.5870482851284925 0.6707604772073881
1 0.6602526647768617 0.6157065593437013 0.6398171875 0.5860921875 0.5963484289800627 0.6160879217224196 0.6167839062569245 0.6457022935661209
1 0.514899965975842 0.44664148295303596 0.4527402904700176 0.43906348023409825 0.4410343780940525 0.5350829383653586 0.5031940535998768 0.5426609410842962
1 0.5534527277308487 0.4291877522704783 0.5054371155085329 0.4271374845930967 0.5007744889793135 0.5363324301284028 0.5487901012016293 0.5383826978057844
1 0.5216143530298315 0.4427242907424341 0.5153070079204696 0.37753463694390055 0.45823441321063046 0.38305662594286344 0.4645417583199924 0.44824627974139697
1 0.6643779546335826 0.5469618809666725 0.6406277332200784 0.5437093014302247 0.6319607296372571 0.6069954568576306 0.6557109510507615 0.6102480363940784
1 0.5247336700623328 0.32973723745012856 0.4893575408978522 0.32009995212342607 0.4737380614745268 0.3774352600270439 0.5091141906390073 0.38707254535374636
1 0.43350662277907726 0.3947678342423414 0.3906329753857944 0.37366882962416714 0.35678852232508057 0.4424415121749668 0.3996621697183634 0.4635405167931411
1 0.42615335548406297 0.2768842790245654 0.37217137758994284 0.26408954583914596 0.33640205996171807 0.4150030885846089 0.3903840378558382 0.42779782177002834
1 0.08645824368870278 0.24342749670315947 0.08564640096164552 0.11922287336183945 0.008525260150125762 0.11972696278770674 0.009337102877183007 0.24393158612902677
1 0.05765561803779079 0.04814162858842073 0.030771805439104443 0.04794568874464355 0.03027567041334956 0.1160176071402036 0.057159483012035904 0.11621354698398076