1 0.2805508505365836 0.09123182406822665 0.2561204182109954 0.01734389699610911 0.19027173020369068 0.039116221377615445 0.21470216252927887 0.11300414844973299
1 0.302847112722059 0.12121246707987425 0.2536053853998189 0.11267067424712376 0.2401778724126004 0.1900776011158411 0.28941959973484044 0.1986193939485916
1 0.2522355453862124 0.10312694873109092 0.17960733499345 0.09899443588892477 0.17510916782711292 0.17804895884288202 0.24773737821987535 0.18218147168504814
1 0.353125 0.133271875 0.2927078125 0.133271875 0.2927078125 0.2132359375 0.353125 0.2132359375
1 0.4083121870452417 0.17320644361100895 0.39669393416733845 0.09701192631603957 0.33720075097073676 0.10608353502790654 0.34881900384864 0.18227805232287594
1 0.4408452405934985 0.11037335989975247 0.41036894969916987 0.10409347304742844 0.3924495237004502 0.19105644741921504 0.4229258145947788 0.19733633427153907
1 0.4816597000703731 0.1337429795441955 0.424653293176423 0.13132016485194548 0.4205806349305705 0.22714574071860563 0.47758704182452066 0.2295685554108556
1 0.5227469202750689 0.1569204591636634 0.5156067682186772 0.07814845905766377 0.4755621807160272 0.08177823160907347 0.4827023327724188 0.1605502317150731
1 0.5292048767421783 0.1574655104427099 0.4845330405134514 0.15465347995097906 0.4789615765433428 0.24316159775369658 0.5236334127720698 0.2459736282454274
1 0.48838925106615505 0.17787063064073524 0.4781711998928607 0.13197717473013837 0.4617246783614348 0.1356389473139719 0.4719427295347292 0.1815324032245688
1 0.5720689180929097 0.22760372478606347 0.5537863042481661 0.10571963248777502 0.5071497669621026 0.11271511308068471 0.5254323808068462 0.23459920537897316
1 0.6086049281793544 0.20104253152285434 0.5974176350846085 0.10724719196780744 0.5564157296121013 0.11213763040686016 0.5676030227068471 0.20593296996190708
1 0.6365265371664375 0.17784243745165434 0.6259633817996232 0.10331438774216979 0.5943063556769023 0.10780126331034992 0.6048695110437166 0.18232931301983446
1 0.6645429807942581 0.13469435696270735 0.6307087288982725 0.1280590842297724 0.6207571883738014 0.17880348350469566 0.6545914402697871 0.1854387562376306
1 0.6888365452176379 0.16173739023881678 0.6530100158481356 0.15421882693516786 0.637162344393177 0.2297341938861579 0.6729888737626794 0.23725275718980682
1 0.6873035386287001 0.15322171864155526 0.6791652653896325 0.11540545135658505 0.6502246104702126 0.12163364293554109 0.6583628837092802 0.1594499102205113
1 0.7642255800216509 0.08886797178551067 0.6992298889859365 0.08305284330419026 0.6922128708886477 0.16148205457758308 0.757208561924362 0.16729718305890348
1 0.7111646002020888 0.015702278482352405 0.6817624813108204 0.012477654782937242 0.673870107400454 0.08444032009765906 0.7032722262917225 0.08766494379707422
1 0.7952391301340466 0.1684302840701232 0.7452791073791294 0.16011068329212091 0.7338396726173514 0.2288056166491339 0.7837996953722686 0.23712521742713624
1 0.7488998500050357 0.16989262361906238 0.691796864200855 0.155185549074179 0.6692120577659317 0.24287531207278037 0.7263150435701125 0.25758238661766375
1 0.677788248421734 0.24148146372804952 0.6183287926157381 0.23867633533201688 0.61471630587497 0.3152491210969208 0.6741757616809657 0.31805424949295347
1 0.6556847763728293 0.1782482022306392 0.6037635648664291 0.16451053654932973 0.5740711441697535 0.2767324009397698 0.6259923556761537 0.2904700666210792
1 0.7495679080737584 0.26068140777589566 0.7195511817667634 0.25567761950051954 0.7130025162858802 0.2949617555586063 0.7430192425928752 0.29996554383398244
1 0.5843925602561992 0.32360042935489997 0.5679240243799277 0.2557912328843527 0.529281148689114 0.2651762664461776 0.5457496845653854 0.3329854629167249
1 0.513639598023215 0.37589835925363263 0.500926626269818 0.22210626094293415 0.45040302958262773 0.2262827112587797 0.46311600133602476 0.3800748095694782
1 0.46084914142140737 0.21571395133642596 0.42097768298589305 0.2134545611604462 0.4146002492050357 0.3259971350912358 0.45447170764055 0.3282565252672155
1 0.42639653371695657 0.24449576308347837 0.4132111969333409 0.16678701011836067 0.34694032297335087 0.17803160945582847 0.36012565975696653 0.25574036242094617
1 0.3782377793313366 0.22525691773178877 0.29241177461070256 0.20598421884257462 0.2770324624014751 0.2744720279375409 0.3628584671221092 0.293744726826755
1 0.3009493390187942 0.2062397783846477 0.19806299628581392 0.16300546736335308 0.17170775818938896 0.22572403499040541 0.27459410092236924 0.26895834601170004
1 0.2863969527907235 0.26805837873957145 0.19481861885154625 0.24112290126971106 0.16985476603853117 0.3259978789595206 0.2614330999777084 0.35293335642938095
1 0.31003066144614727 0.3076475589362027 0.2887524385716061 0.2533894470589185 0.26066437601755893 0.26440464892386384 0.2819425988921001 0.31866276080114797
1 0.37866899038461543 0.37281995192307693 0.3583906250000001 0.27142812499999996 0.28365384615384615 0.28637548076923075 0.30393221153846156 0.3877673076923077
1 0.4329396449446675 0.24803194426637715 0.37772738289913516 0.24512224452309037 0.37008100948819045 0.3902140442653498 0.4252932715337228 0.3931237440086366
1 0.29328126350903116 0.3374172166849759 0.22030709051976208 0.33282014704162066 0.2160579634715937 0.4002710573654659 0.2890321364608628 0.40486812700882113
1 0.27836067819444527 0.4004451506465025 0.21066221593660917 0.3978128087723769 0.20500222432241735 0.5433762450567783 0.2727006865802534 0.5460085869309038
1 0.33882250191085433 0.4046638635026042 0.29066325724158526 0.3919274666718976 0.2508517926729515 0.5424637673452803 0.29901103734222056 0.5552001641759869
1 0.2177748462925378 0.4240570799776477 0.16102052498135236 0.4220940481581786 0.15873930898850555 0.48804757176089664 0.21549363029969096 0.4900106035803658
1 0.21250000000000008 0.46599218750000004 0.12708281250000003 0.46599218750000004 0.12708281250000006 0.6387875000000001 0.21250000000000008 0.6387875000000001
1 0.27252891535362395 0.5224382928110465 0.21176244986116885 0.5190886460772353 0.20578000615124897 0.6276170934474955 0.26654647164370404 0.6309667401813067
1 0.23675367619675355 0.6407382323658445 0.1767889915725377 0.5683375150181881 0.1285966972369005 0.6082519777061385 0.1885613818611164 0.6806526950537949
1 0.28286556485427444 0.6717126560386862 0.24799217949330873 0.6605418317848486 0.2269962299236994 0.7260875626747461 0.26186961528466507 0.7372583869285838
1 0.3676525636053962 0.536740657526185 0.2911176497083006 0.5069246760533117 0.2506911154383169 0.6106959143848807 0.3272260293354125 0.640511895857754
1 0.4331865935517122 0.4466973510280677 0.37977618879468544 0.39716938824271486 0.2954153397303375 0.48814319053094 0.3488257444873643 0.5376711533162928
1 0.4647155848066202 0.49689507507483405 0.3895528855708471 0.46961073773703604 0.30426772031333454 0.704553706890377 0.37943041954910756 0.731838044228175
1 0.5132557759385437 0.5317049243152429 0.46368429083284096 0.47156574846890387 0.42085690707980705 0.5068674795942892 0.47042839218550975 0.5670066554406283
1 0.46974992181183606 0.47388862224090084 0.46797034715016617 0.41730562969507873 0.4320394926980905 0.41843568017982957 0.43381906735976034 0.4750186727256517
1 0.5110154657951373 0.4171785525000038 0.4788661826287942 0.4120779555855475 0.46553547111694166 0.4961020073565675 0.49768475428328474 0.5012026042710238
1 0.5601226603118734 0.46762635773503813 0.5039479244704388 0.4590057907595672 0.49393039208742345 0.5242836590250903 0.550105127928858 0.5329042260005612
1 0.52749980429973 0.6268208742740912 0.5226078625798994 0.5621034923613678 0.485078330457711 0.5649403234952638 0.4899702721775416 0.6296577054079873
1 0.6130203125 0.506434375 0.5458328125 0.506434375 0.5458328125 0.5882359375 0.6130203125 0.5882359375
1 0.5863072355845278 0.47885326096196906 0.5826301613968056 0.41065071225186 0.5318609842131455 0.41338788314187197 0.5355380584008678 0.481590431851981
1 0.6208688343234818 0.5116551318064838 0.6160120021819967 0.42594661500569525 0.5823175746275554 0.42785597226497113 0.5871744067690405 0.5135644890657597
1 0.6698326253636842 0.4126650214579494 0.6324490692564588 0.4013660703997027 0.6088802231207981 0.4793456348170523 0.6462637792280235 0.490644585875299
1 0.7210063953623875 0.4814421587069832 0.6760662453042082 0.4377826865002021 0.6075502823086032 0.5083084510770104 0.6524904323667825 0.5519679232837916
1 0.7125 0.39338281250000007 0.6645828125000001 0.39338281250000007 0.6645828125000001 0.4549625 0.7125 0.4549625
1 0.7593538812501971 0.4018728304298458 0.7202482092998607 0.3915291497485127 0.704571039901354 0.4507987910391842 0.7436767118516904 0.4611424717205173
1 0.7539385433223911 0.46270339106442193 0.7043690528607185 0.45267211530797075 0.683909022696935 0.5537752346591613 0.7334785131586075 0.5638065104156126
1 0.811202002382978 0.3963906907197227 0.7649919690374334 0.38111536802333 0.738699477172321 0.4606539119855613 0.7849095105178656 0.475929234681954
1 0.8307673028095379 0.4313553458205225 0.80606635944443 0.4196907522404752 0.7805689817598014 0.47368399922544463 0.8052699251249094 0.4853485928054919
1 0.8280612420723793 0.5363087358183886 0.7808701401350602 0.5353517916105647 0.7795835892583654 0.5987972391855256 0.8267746911956845 0.5997541833933495
1 0.8175165462951213 0.6452526306668552 0.8102793736196305 0.6001228690849973 0.7661218343193054 0.6072041326600678 0.773359006994796 0.6523338942419256
1 0.684454309986347 0.641492286658558 0.6766111718138108 0.552570040693914 0.6220460187186979 0.5573828075160738 0.629889156891234 0.6463050534807178
1 0.6359950900883206 0.6135700535081672 0.611259522332273 0.5650718503278104 0.5860457417756003 0.5779316499996939 0.6107813095316479 0.6264298531800506
1 0.6774226801292571 0.6748229625855874 0.6174726872609252 0.6409707107931261 0.5892806720623773 0.6908968167567247 0.6492306649307091 0.7247490685491861
1 0.8132253422579463 0.7912711824069116 0.7859037867197298 0.7293355106036858 0.7396363552580567 0.7497453675001584 0.7669579107962732 0.8116810393033841
1 0.8775383461770385 0.7671256117373801 0.841496284620133 0.724232984927054 0.811135625335101 0.7497446132005623 0.8471776868920065 0.7926372400108884
1 0.8599372428074972 0.8419000821431313 0.8326317566175561 0.7556676924701762 0.7980198565610451 0.7666275506230702 0.8253253427509863 0.8528599402960253
1 0.8393195694085869 0.8861731861682698 0.8098013432230238 0.7943925871784441 0.763697197452629 0.8092204769277096 0.793215423638192 0.9010010759175351
1 0.747852858980216 0.8542651618096248 0.7041671874999998 0.8189343750000002 0.6531619757079219 0.8820010974631571 0.696847647188138 0.9173318842727817
1 0.7070080568376492 0.867813571427981 0.6968992635992517 0.7429396485540556 0.5973275297027086 0.7510001791050589 0.6074363229411062 0.8758741019789842
1 0.7343750000000002 0.90625 0.6963546875000002 0.90625 0.6963546875000002 0.99908125 0.7343750000000002 0.99908125
1 0.7052336460069266 0.9975613088110643 0.6968827355101006 0.8944025114437709 0.6456559362806821 0.8985494230627638 0.6540068467775082 1.0017082204300571
1 0.6024099323770029 0.8391228399830941 0.5968070046845287 0.7481752572412468 0.5496579526417814 0.7510799273973966 0.5552608803342556 0.8420275101392439
1 0.6526829056124569 0.8713939889772281 0.6034572894289802 0.8279590952793345 0.5708552576757917 0.8649076167387484 0.6200808738592685 0.9083425104366419
1 0.6139323450275542 0.8791628857228211 0.5481403873569543 0.8049321622230309 0.4987997833194667 0.8486635820344703 0.5645917409900667 0.9228943055342607
1 0.6229171875 0.9007359375 0.5645828125000003 0.9007359375 0.5645828125000003 0.99908125 0.6229171875 0.99908125
1 0.5305243424717434 0.8214865123274373 0.4405849765596811 0.8015443025908384 0.4168107791566702 0.9087659328784193 0.5067501450687325 0.9287081426150181
1 0.5623467267920417 0.7821599828198936 0.49565989676060856 0.7337128892537363 0.4531404429051328 0.7922403959331094 0.5198272729365658 0.8406874894992665
1 0.44554953323919566 0.7537888669150454 0.38525287156132676 0.7515132633179772 0.3809723587191063 0.86493399924389 0.4412690203969752 0.8672096028409584
1 0.3428550898509787 0.7743856073107714 0.29094112108642795 0.7567337988223151 0.25777195860763796 0.8542843056724374 0.3096859273721887 0.8719361141608937
1 0.274162970531494 0.8448798891743723 0.24538024791732868 0.7574063884897522 0.11356621067309783 0.8007791452784951 0.14234893328726317 0.8882526459631152
1 0.3061664124860437 0.8556768069926018 0.22900366666987865 0.8199008642604335 0.14803072591101354 0.9945460019871788 0.22519347172717857 1.0303219447193472
1 0.35644625710345734 0.9814133124133935 0.34705185974638997 0.8515498605479699 0.26782232283799867 0.8572813711573227 0.27721672019506605 0.9871448230227463
1 0.4038422944217115 0.9352363283538214 0.3972129060253972 0.8187372292056585 0.347634945225124 0.8215584661117417 0.3542643336214383 0.9380575652599046
1 0.4583975960103654 0.9286533900607845 0.42883394741534503 0.8526648063016801 0.3860885627840513 0.8692950613713719 0.4156522113790716 0.9452836451304764
1 0.5407861455500205 0.850791913487406 0.5122821761551762 0.8445075737783065 0.4941415398842608 0.9267883168642467 0.5226455092791051 0.933072656573346