1 0.5375 0.3062500000000001 0.4828125 0.3062500000000001 0.4828125 0.4578125 0.5375 0.4578125
1 0.4828125 0.3140625000000001 0.4046875 0.3140625000000001 0.4046875 0.4328125 0.4828125 0.4328125
1 0.3593750000000001 0.4359375 0.2796875000000001 0.4359375 0.2796875000000001 0.596875 0.3593750000000001 0.596875
1 0.32812500000000006 0.325 0.2625 0.325 0.26250000000000007 0.46875 0.3281250000000001 0.46875
1 0.58125 0.3109375000000001 0.5375 0.3109375000000001 0.5375 0.4421875 0.58125 0.4421875
1 0.525 0.08125000000000006 0.4328125 0.08125000000000004 0.4328125 0.2093750000000001 0.525 0.2093750000000001
1 0.70625 0.2843750000000001 0.6203125 0.2843750000000001 0.6203125 0.3843750000000001 0.70625 0.3843750000000001
1 0.2906250000000001 0.4671875 0.2140625000000001 0.4671875 0.2140625000000001 0.5984375 0.2906250000000001 0.5984375
1 0.3906250000000001 0.646875 0.3203125000000001 0.646875 0.3203125000000001 0.753125 0.3906250000000001 0.753125
1 0.2234375000000001 0.6609375 0.1281250000000001 0.6609375 0.1281250000000001 0.853125 0.2234375000000001 0.853125
1 0.3328125 0.13750000000000004 0.2515625 0.13750000000000004 0.2515625 0.2375 0.3328125 0.2375
1 0.3640625 0.24843750000000003 0.278125 0.2484375 0.278125 0.35156250000000006 0.3640625 0.3515625000000001
1 0.409375 0.45 0.34843750000000007 0.45 0.34843750000000007 0.5625 0.409375 0.5625
1 0.6203125 0.69375 0.5453125 0.69375 0.5453125000000001 0.8109375 0.6203125000000002 0.8109375
1 0.41875 0.10781250000000005 0.3265625 0.10781250000000005 0.3265625 0.20937500000000003 0.41875 0.2093750000000001
1 0.5515625 0.4453125 0.509375 0.4453125 0.509375 0.534375 0.5515625 0.534375
1 0.6375 0.09218750000000007 0.56875 0.09218750000000006 0.56875 0.1828125000000001 0.6375 0.1828125000000001
1 0.3921875000000001 0.7421875 0.2968750000000001 0.7421875 0.2968750000000001 0.86875 0.3921875000000001 0.86875
1 0.2796875000000001 0.73125 0.2000000000000001 0.73125 0.2000000000000001 0.8734375 0.2796875000000001 0.8734375
1 0.5531250000000001 0.7140625 0.490625 0.7140625 0.4906250000000001 0.815625 0.5531250000000002 0.815625
1 0.259375 0.17187500000000003 0.178125 0.171875 0.17812500000000003 0.278125 0.259375 0.278125
1 0.45000000000000007 0.7140625 0.3812500000000001 0.7140625 0.3812500000000001 0.8171875 0.4500000000000002 0.8171875
1 0.2312500000000001 0.4125 0.14843750000000006 0.4125 0.14843750000000006 0.5375 0.2312500000000001 0.5375
1 0.46562500000000007 0.6359375 0.3906250000000001 0.6359375 0.3906250000000001 0.7265625 0.4656250000000002 0.7265625
1 0.3125000000000001 0.8 0.24375000000000008 0.8 0.24375000000000008 0.965625 0.3125000000000001 0.965625
1 0.440625 0.04375000000000005 0.3734375 0.043750000000000046 0.3734375 0.15937500000000004 0.440625 0.15937500000000004
1 0.20625 0.19062500000000002 0.14062500000000006 0.190625 0.14062500000000006 0.303125 0.20625 0.303125
1 0.3203125000000001 0.6515625 0.25468750000000007 0.6515625 0.25468750000000007 0.75 0.3203125000000001 0.75
1 0.609375 0.6328125 0.5640625 0.6328125 0.5640625 0.709375 0.609375 0.709375
1 0.3734375 4.11404784088564e-17 0.2984375 3.654805291205382e-17 0.2984375 0.11562500000000005 0.3734375 0.11562500000000005
1 0.253125 0.08593750000000003 0.1703125 0.08593750000000003 0.17031250000000003 0.19062500000000002 0.253125 0.19062500000000004
1 0.525 0.6375 0.4765625 0.6375 0.4765625 0.715625 0.525 0.715625
1 0.26406250000000003 0.3 0.17343750000000005 0.3 0.17343750000000005 0.4171875 0.2640625000000001 0.4171875
1 0.37968750000000007 0.3453125 0.325 0.3453125 0.32500000000000007 0.4453125 0.37968750000000007 0.4453125
1 0.4953125 5.5491808086364444e-17 0.4109375 5.032532940246154e-17 0.4109375 0.10468750000000004 0.4953125 0.10468750000000004
1 0.2718750000000001 0.384375 0.2015625000000001 0.384375 0.2015625000000001 0.4796875 0.2718750000000001 0.4796875
1 0.4109375 0.3078125000000001 0.3640625 0.3078125000000001 0.36406250000000007 0.4171875 0.4109375 0.4171875
1 0.5015625000000001 0.6984375 0.446875 0.6984375 0.4468750000000001 0.778125 0.5015625000000001 0.778125
1 0.6296875 0.3312500000000001 0.58125 0.3312500000000001 0.58125 0.415625 0.6296875 0.415625
1 0.678125 0.634375 0.6265625 0.634375 0.6265625 0.70625 0.678125 0.70625
1 0.2328125000000001 0.5578125 0.1312500000000001 0.5578125 0.1312500000000001 0.6515625 0.2328125000000001 0.6515625
1 0.7328125000000002 0.7859375000000001 0.6671875000000002 0.7859375 0.6671875000000002 0.8765625 0.7328125000000002 0.8765625
1 0.565625 0.6375 0.5234375 0.6375 0.5234375 0.7078125 0.565625 0.7078125
1 0.796875 0.6281250000000002 0.74375 0.6281250000000002 0.74375 0.7062500000000002 0.796875 0.7062500000000002
1 0.2140625000000001 0.8484375 0.11250000000000009 0.8484375 0.11250000000000011 0.98125 0.2140625000000001 0.98125
1 0.19218750000000007 0.4734375 0.13125000000000003 0.4734375 0.13125000000000006 0.575 0.1921875000000001 0.575
1 0.478125 0.4296875 0.421875 0.4296875 0.421875 0.4890625 0.478125 0.4890625
1 0.3046875 3.0329143385133673e-17 0.190625 2.3344829608746423e-17 0.190625 0.13750000000000004 0.3046875 0.13750000000000004
1 0.2578125000000001 0.6515625 0.21875000000000008 0.6515625 0.21875000000000008 0.734375 0.2578125000000001 0.734375
1 0.5078125000000002 0.84375 0.4593750000000002 0.84375 0.4593750000000002 0.9234375 0.5078125000000002 0.9234375
1 0.6171875 0.014062500000000075 0.578125 0.014062500000000071 0.578125 0.08593750000000007 0.6171875 0.08593750000000007
1 0.6515625 0.009375000000000078 0.6078125 0.009375000000000074 0.6078125 0.07343750000000007 0.6515625 0.07343750000000009
1 0.75625 0.3531250000000001 0.7140625 0.3531250000000001 0.7140625 0.4218750000000001 0.75625 0.42187500000000017
1 0.734375 0.21875000000000008 0.6875 0.21875000000000008 0.6875 0.2765625000000001 0.734375 0.2765625000000001
1 0.846875 0.8125 0.7875000000000002 0.8125 0.7875000000000002 0.8890625 0.846875 0.8890625
1 0.6171875 0.4140625 0.5734375 0.4140625 0.5734375 0.46875 0.6171875 0.46875
1 0.7234375 0.14843750000000008 0.6875 0.14843750000000008 0.6875 0.20312500000000008 0.7234375 0.20312500000000008
1 0.1984375 0.014062500000000023 0.159375 0.014062500000000023 0.159375 0.09062500000000002 0.1984375 0.09062500000000002
1 0.7890625 0.007812500000000094 0.753125 0.007812500000000092 0.753125 0.07343750000000009 0.7890625 0.07343750000000009
1 0.646875 0.5421875 0.6125 0.5421875 0.6125 0.59375 0.646875 0.59375
1 0.3359375 0.08593750000000004 0.296875 0.08593750000000004 0.296875 0.16250000000000003 0.3359375 0.16250000000000003