1 0.18880240574321522 0.8128546695467594 0.10095811356524068 0.7949345773031905 0.07139301811866472 0.9398626751823059 0.1592373102966393 0.9577827674258748
1 0.14191876486533186 0.7763789498014363 0.07482148113067022 0.7329260605438959 0.017350331318993995 0.8216694815536305 0.08444761505365564 0.8651223708111709
1 0.2315101713375496 0.9982274285333519 0.22741405786209118 0.8245731282637274 0.16625040431064658 0.8260158409701296 0.17034651778610505 0.999670141239754
1 0.2765535576948184 0.7860058815096599 0.2089352841892024 0.7816247665037591 0.20164216534935964 0.8941870032305379 0.26926043885497564 0.8985681182364388
1 0.19487448475267044 0.8227707139843291 0.17981521236898299 0.7098318180514698 0.114524116629616 0.718537732757357 0.12958338901330343 0.8314766286902163
1 0.15081612670800332 0.70276689596202 0.11624243980770621 0.684893341272794 0.08434855998863937 0.7465872255657046 0.11892224688893646 0.7644607802549306
1 0.26611026780659836 0.7618878653134089 0.20847929421155015 0.7041657539408719 0.1475574717950245 0.7649913865375246 0.2051884453900727 0.8227134979100615
1 0.31800675174399257 0.7566443315508075 0.2728847778048575 0.7562452129670761 0.27142968281130125 0.9207496010223565 0.3165516567504363 0.9211487196060879
1 0.30560492771024345 0.7423112527362773 0.26392581686178107 0.7147561171167801 0.2296755766515377 0.7665620518805027 0.2713546875000001 0.7941171874999999
1 0.30450087667134473 0.9461417383160686 0.2692703125 0.8731625000000001 0.21176134913263134 0.9009248235195578 0.24699191330397605 0.9739040618356263
1 0.4275761548409111 0.9021136350615624 0.35509812652842043 0.8458305650366139 0.26405113500987665 0.9630755274404595 0.3365291633223674 1.0193585974654082
1 0.3995327411890909 0.7630223926626463 0.3414096070028383 0.7415737750262708 0.3031389906519455 0.845282471188632 0.3612621248381981 0.8667310888250075
1 0.3793825074508293 0.7394899823736532 0.2997421375356395 0.6239318056267129 0.23579134610302738 0.6680054041329928 0.31543171601821723 0.7835635808799332
1 0.4309748467128636 0.7105653446221365 0.37428410750536456 0.7091699705253001 0.3723657874719576 0.7871067625131689 0.4290565266794567 0.7885021366100051
1 0.47656566953575014 0.8841968216046412 0.43989924577938444 0.7763608693371696 0.3628671889516649 0.8025533402068465 0.39953361270803056 0.9103892924743182
1 0.5054521410008196 0.8653106124466226 0.44470658381468464 0.8488169249253925 0.40696413158717687 0.9878207885053225 0.46770968877331176 1.0043144760265525
1 0.475115611161067 0.7072110742227069 0.43166840632880865 0.7064876782622498 0.42995838426040134 0.8091917063948106 0.47340558909265973 0.8099151023552679
1 0.5139138384451445 0.7760275861721354 0.4735543987383609 0.7663244383712102 0.45450711312215797 0.8455500454810743 0.49486655282894143 0.8552531932819993
1 0.5507635613853227 0.7760887374014376 0.5379307227717247 0.6951972994882063 0.47375372471306176 0.7053785137185111 0.4865865633266596 0.7862699516317424
1 0.5662776059749647 0.779036063302994 0.5014693422619301 0.7780445102675498 0.4997415442018139 0.8909740141066713 0.5645498079148485 0.8919655671421154
1 0.6110805906916962 0.9975602474074471 0.5925832802323564 0.8818082563415143 0.5173268589545893 0.8938343249699219 0.5358241694139292 1.0095863160358547
1 0.5364578125000002 0.90716875 0.4734375000000002 0.90716875 0.4734375000000002 0.99908125 0.5364578125000002 0.99908125
1 0.636125600702601 0.920053477679741 0.6333102495989495 0.8106436919970287 0.5636130570740844 0.812437151939134 0.5664284081777358 0.9218469376218463
1 0.5940736305250368 0.8036130341271075 0.5752000296755655 0.7224243453801147 0.5391042796821977 0.7308153760550911 0.5579778805316689 0.8120040648020839
1 0.6354052395929475 0.8057260569384143 0.6202015770494737 0.706079682419498 0.5755283213688399 0.7128957568363123 0.5907319839123137 0.8125421313552286
1 0.7102521590092026 0.8017527129863261 0.690213016159453 0.6905882951717274 0.6145710758164451 0.704223950157065 0.6346102186661947 0.8153883679716636
1 0.7177429992275746 0.8624316813083454 0.7023723315258573 0.7888000558328269 0.6315027962345001 0.8035941347371525 0.6468734639362173 0.877225760212671
1 0.7503950513491674 0.9882760982920477 0.7069722291930841 0.8799413900309089 0.6503544416045295 0.9026349862088073 0.6937772637606128 1.0109696944699462
1 0.6615174203128692 0.9053586683617822 0.6216002550312437 0.9035509142425411 0.6174495434195302 0.9952031138849728 0.6573667087011558 0.997010868004214
1 0.8121574748734603 0.7148616605622111 0.7507744311454618 0.6626888559429924 0.6721838615657145 0.7551532807392183 0.7335669052937132 0.8073260853584371
1 0.8282585454685316 0.7292337492639138 0.7874022856605991 0.7101661328115517 0.752577524229846 0.7847852916518192 0.7934337840377784 0.8038529081041814
1 0.8720195583847202 0.7818595278945342 0.8181117130308054 0.7526403520515114 0.7894442389858851 0.8055303365535884 0.8433520843397998 0.8347495123966112
1 0.8609375 0.9347421875 0.8244796875 0.9347421875 0.8244796875 0.99908125 0.8609375 0.99908125
1 0.6909162706310477 0.5899719929724876 0.6292645150612699 0.5449482248608531 0.593730622536204 0.59360534416207 0.6553823781059818 0.6386291122737044
1 0.617020247245863 0.5874112326840315 0.5714778416913531 0.4709621958293654 0.5145588196036598 0.4932228280999359 0.5601012251581697 0.609671864954602
1 0.6385631307050492 0.5440040882309451 0.618561145651033 0.4698935539261277 0.5805321809563889 0.480157341531725 0.6005341660104051 0.5542678758365426
1 0.6633203308526772 0.540151459277765 0.6618511792246403 0.48305749165487155 0.6242105323475069 0.4840260671444077 0.6256796839755437 0.5411200347673011
1 0.7164621683850289 0.5693696488284192 0.7132049522875807 0.5033023675954752 0.6556012294794247 0.5061423175631773 0.6588584455768729 0.5722095987961213
1 0.5158798346118101 0.562292409981784 0.5145924910094537 0.5122638407382623 0.4824398405691195 0.5130911981756034 0.48372718417147587 0.5631197674191252
1 0.49794305944570316 0.5657704664446266 0.46545582211621783 0.5091270330309967 0.40641680726306506 0.5429882305545894 0.4389040445925504 0.5996316639682193
1 0.4377370973232516 0.5790597988519931 0.39192070217720476 0.5489965044079469 0.3566425212504352 0.6027603751767643 0.4024589163964821 0.6328236696208105
1 0.4779015189834306 0.6615684721284566 0.4609860457728138 0.5944013568774001 0.4052074822418893 0.6084487190963574 0.42212295545250617 0.6756158343474139
1 0.5143749334950878 0.5618865646569542 0.4778454049524535 0.5532068954764741 0.4609025817181034 0.624512993907493 0.49743211026073775 0.6331926630879732
1 0.3177323435563114 0.5185935653353837 0.2671150279533486 0.5156263740813265 0.26084005551932016 0.6226711288334205 0.31145737112228294 0.6256383200874776
1 0.2780091218392863 0.5144752444432509 0.23195118777060678 0.5071819705834755 0.21635144173766035 0.6056963124397835 0.2624093758063399 0.6129895862995589
1 0.28970609515327594 0.6201392137704799 0.23602523032298078 0.6014525314847998 0.20489856097897813 0.6908695025729819 0.2585794258092733 0.709556184858662
1 0.20677031250000008 0.6148890625 0.15260468750000009 0.6148890625 0.15260468750000009 0.6773890625 0.20677031250000008 0.6773890625
1 0.22702871004142797 0.3848502862593633 0.16637564958331313 0.3624132939520983 0.1288953869311775 0.46373224996430534 0.18954844738929236 0.4861692422715703
1 0.26692917488931023 0.4088386389402497 0.203943640527592 0.40060254422148966 0.18774611994677887 0.5244730828632599 0.2507316543084971 0.53270917758202
1 0.3206820866978237 0.4925329164785438 0.292306453049608 0.3622877361016545 0.24300655381301053 0.3730283706156044 0.2713821874612262 0.5032735509924937
1 0.38398952216953613 0.44043223822098854 0.37475783049844846 0.3604443892737906 0.3046270112681994 0.36853844491218923 0.31385870293928714 0.44852629385938725
1 0.4268980907530799 0.5145103996619099 0.42520368112076 0.4530332991586666 0.3431764692687118 0.45529410353520217 0.34487087890103163 0.5167712040384455
1 0.47443537420692194 0.47272125992832387 0.46741034871856374 0.37354195008368285 0.4236843865232137 0.3766391283097311 0.43070941201157187 0.4758184381543722
1 0.42975092811511545 0.35196012883007005 0.38144724271891706 0.3489171973832186 0.37556472693599846 0.44229662333455916 0.42386841233219685 0.4453395547814106
1 0.5082835844492479 0.4321212850979569 0.5042979721876343 0.36882179115900804 0.4640638747366538 0.37135510544253536 0.4680494869982675 0.4346545993814842
1 0.5239578125000002 0.4935656250000001 0.5003245583037282 0.4926392014355062 0.499933612297 0.5026123138520424 0.5235668664932719 0.5035387374165363
1 0.5412863840494411 0.46282746781057027 0.5170333605542844 0.41784851997935446 0.46212980914004687 0.4474529724315063 0.4863828326352036 0.49243192026272203
1 0.6381823728182833 0.42940875200657996 0.59989121255521 0.3554028795495624 0.5534123451613452 0.3794513732857625 0.5917035054244183 0.4534572457427801
1 0.5972621038824887 0.44917249981633633 0.5315707377315999 0.3520521769882616 0.48452621660106504 0.383872693775978 0.5502175827519538 0.4809930166040527
1 0.6533502486617672 0.4118975967069196 0.6472422969350646 0.3580340703853812 0.614023907109578 0.36180092961924704 0.6201318588362806 0.41566445594078544
1 0.7257484229375286 0.42009343762386 0.6441773162074778 0.3995316922202635 0.625380881983844 0.4740995808943561 0.7069519887138948 0.49466132629795256
1 0.7682824600589683 0.35866393144513087 0.714217891332619 0.35567354523230443 0.7091480837345039 0.4473329302782913 0.7632126524608531 0.4503233164911178
1 0.8016513777316975 0.4009296817583826 0.7908970698151158 0.34758337628952163 0.7504583849263201 0.35573558224293256 0.7612126928429019 0.4090818877117936
1 0.7067703125 0.3566171875000001 0.6557296874999999 0.3566171875000001 0.6557296874999999 0.40900781249999996 0.7067703125 0.40900781249999996
1 0.764549296323233 0.2895011202353647 0.7334015599523431 0.2711810599598866 0.7083664963926699 0.313745633878289 0.7395142327635598 0.3320656941537671
1 0.7328516772775107 0.2587567783236144 0.6952871997639196 0.2338992795151648 0.6669478651016738 0.276725482902458 0.7045123426152649 0.3015829817109076
1 0.704109383804519 0.1845317639588054 0.6499393001508276 0.16734070041931273 0.6206492189487164 0.2596355223945097 0.6748193026024079 0.27682658593400233
1 0.6886051838069808 0.07119215950013529 0.639307552149287 0.0653078502095697 0.6253302622090691 0.18240694494111492 0.6746278938667628 0.18829125423168053
1 0.7715542663313192 0.07583501317559338 0.7233939444698141 0.0571646477263759 0.6889919360452772 0.14590483885516564 0.7371522579067824 0.16457520430438313
1 0.81780541180682 0.03065881716878165 0.7760676935861429 0.01646810649943662 0.7359930050320744 0.13433578047466144 0.7777307232527516 0.14852649114400646
1 0.7582880276164354 0.266910834833325 0.7514907314152215 0.1829438348597328 0.7036653927102138 0.18681539146177362 0.7104626889114278 0.2707823914353658
1 0.6259320738906039 0.24820602727070112 0.5732044688742108 0.23190944095749072 0.5511696693328996 0.30320303487340444 0.6038972743492926 0.3194996211866149
1 0.6379507920062756 0.08039033178638127 0.6055422492954202 0.07514369350464382 0.592885030353674 0.15332747493704524 0.6252935730645295 0.1585741132187827
1 0.599313589603433 0.059814784339466666 0.561634156116801 0.05035832267124106 0.5297731404006221 0.17730908550551366 0.5674525738872541 0.18676554717373928
1 0.5765111092780856 0.19746030898664804 0.5413005869994654 0.1741597458687714 0.5119552730342616 0.21850476130542287 0.5471657953128817 0.24180532442329952
1 0.5615951604359255 0.3140295618549776 0.5586400259408008 0.24102000901842463 0.5106521450053995 0.2429623663783939 0.5136072795005242 0.3159719192149469
1 0.6563976950531225 0.18198102076603412 0.6160059213403438 0.1542655320367828 0.5775592232044022 0.21029666849917109 0.6179509969171809 0.23801215722842234
1 0.5574295883450168 0.06160824287592485 0.5125877814485558 0.051726803927924205 0.49578319310353897 0.12798574855199937 0.540625 0.13786718750000002
1 0.5610837911953144 0.17326978700776677 0.5057046881250195 0.09117473597844343 0.45787657729192655 0.12343828714594647 0.5132556803622215 0.2055333381752698
1 0.5310581907657976 0.18636804618777117 0.4714785257219746 0.161808700488873 0.4497953349561771 0.21441096680110192 0.5093750000000001 0.2389703125000001
1 0.5217492577516979 0.31356511159711026 0.5061497196097189 0.21721456426317992 0.4424196462126435 0.22753271748864373 0.4580191843546225 0.32388326482257407
1 0.48306358518750675 0.07186546735861707 0.44395866295812764 0.07001963082556287 0.4391173929924076 0.17258423072957504 0.4782223152217867 0.17443006726262925
1 0.467430199658658 0.24054398135351454 0.4606609615102797 0.17605145569511796 0.4201736348056797 0.1803010699512927 0.42694287295405803 0.2447935956096893
1 0.44179157257768586 0.06275129897778507 0.3962543756175875 0.06217672968366421 0.39490842665862996 0.16884922936199928 0.44044562361872835 0.16942379865612014
1 0.4234375 0.16268437500000005 0.353125 0.16268437500000005 0.353125 0.31066250000000006 0.4234375 0.3106625000000001
1 0.36476977503048713 0.19433720629926476 0.3001981007154314 0.18293230952440614 0.28121163956218637 0.2904289059587913 0.34578331387724204 0.3018338027336499
1 0.2936838798111427 0.21165513017076965 0.2487233028412267 0.20910687497531028 0.24559584155474604 0.2642867738103244 0.290556418524662 0.26683502900578376
1 0.3333628880653526 0.28895748392486514 0.23540492200772553 0.23899592354185262 0.19541746039143404 0.3173980066175286 0.29337542644906106 0.36735956700054107
1 0.24136576715438968 0.24100627664244337 0.1917923622125748 0.22423569387350958 0.1608662627425379 0.31565243671556276 0.21043966768435274 0.33242301948449654
1 0.21876446858856427 0.21591842991846422 0.19542665542984308 0.11829635747553355 0.13465858747773818 0.13282374641937886 0.15799640063645934 0.23044581886230947
1 0.31262135029033383 0.1970145867207978 0.27881040937410334 0.10122723619360581 0.1895033489785471 0.1327507695810252 0.2233142898947776 0.2285381201082172
1 0.2570378911833231 0.11808346520165984 0.23708452894356635 0.04415400105375526 0.17318717757241006 0.06139972321290654 0.1931405398121668 0.13532918736081112
1 0.3358367095567353 0.10060551137533011 0.275911619415773 0.052534693611343684 0.2382273397402038 0.09951192348795987 0.2981524298811661 0.1475827412519463
1 0.39313349870473585 0.09724969479826473 0.3352035383978653 0.06551903257090534 0.2850594309905087 0.15706600788826752 0.3429893912973792 0.1887966701156269
1 0.3829785543201 0.6521057831159469 0.3358743961448017 0.5933837202130673 0.2955069069570376 0.6257646772476478 0.34261106513233586 0.6844867401505275