1 0.5257113988269422 0.639787728516292 0.488898111963178 0.4895737823989622 0.4157053647783348 0.5075113019709332 0.4525186516420991 0.6577252480882629
1 0.46119809113998145 0.6759070094575004 0.42405467004810654 0.5465296644605532 0.3692653371852761 0.5622593369307606 0.406408758277151 0.6916366819277078
1 0.5546875 0.6213234375 0.4947921875 0.6213234375 0.49479218750000004 0.7334562499999999 0.5546875000000001 0.7334562499999999
1 0.5723565653417124 0.820860379006439 0.5420154486373271 0.7259393973733699 0.45899317186484173 0.7524771400860957 0.48933428856922695 0.8473981217191648
1 0.43813017488115136 0.7025511984320466 0.3678939333602303 0.6892824071111746 0.34466941595581296 0.8122177049975454 0.41490565747673414 0.8254864963184174
1 0.3468750000000001 0.615809375 0.28697968750000014 0.615809375 0.28697968750000014 0.7454046875 0.3468750000000001 0.7454046875
1 0.6957775724740747 0.716185356498864 0.6908983949626941 0.5697734281753681 0.635812654374574 0.5716091604804674 0.6406918318859546 0.7180210888039632
1 0.8143076209440212 0.8255929996615968 0.751613390891848 0.7549104797969419 0.7039721026438296 0.797167517196322 0.7666663326960028 0.867850037060977
1 0.8903792423318778 0.5020247530818633 0.8306323133382791 0.5007238685941645 0.828041821941729 0.6196997707528507 0.8877887509353277 0.6210006552405496
1 0.365029803778531 0.5377701538364457 0.27363211566477813 0.462678776589736 0.21200645367599344 0.5376866302311644 0.30340414178974634 0.6127780074778741
1 0.4219764757329769 0.2695490019940688 0.3597753719429463 0.21789129539636556 0.27014137126973065 0.3258196984594287 0.3323424750597613 0.37747740505713184
1 0.5386695904825819 0.4225034451337274 0.4739273416351337 0.3099814166368621 0.41521067642863924 0.34376545875797493 0.4799529252760875 0.4562874872548403
1 0.598557020550526 0.2712403816682422 0.5350211618695929 0.22013923891362258 0.45829570583039353 0.3155347128572267 0.5218315645113266 0.36663585561184636
1 0.6350850575813158 0.2002545381394704 0.592076292157824 0.19063418171673252 0.5670284331131998 0.3026131403616293 0.6100371985366916 0.3122334967843671
1 0.7250836665698086 0.29003203533787547 0.6984789915554931 0.18673897752698587 0.658338237349504 0.1970778303319347 0.6849429123638195 0.3003708881428243
1 0.28140569421140943 0.37106460780201334 0.21978051593959722 0.2830286388422819 0.1641818372483221 0.3219477139261747 0.22580701552013432 0.40998368288590603
1 0.3100174360807451 0.2478918794542932 0.262884572714588 0.24303644737793678 0.2501550948231094 0.36660459388814476 0.2972879581892665 0.37146002596450123
1 0.2810095763058317 0.22047935988069223 0.20049673919839087 0.19239936294522147 0.1679108398794747 0.2858318234220687 0.24842367698691548 0.31391182035753945
1 0.31314760263451047 0.23823291924276474 0.3032444971927256 0.14559892033531593 0.2391874929160523 0.15244698125375428 0.24909059835783715 0.2450809801612031
1 0.24567047143135262 0.20830009929236631 0.23195171795261377 0.13057345068761367 0.1730465276363923 0.14097021677842678 0.1867652811151312 0.21869686538317942
1 0.38779368975248085 0.22398516910861632 0.35502628653717794 0.14776145222592166 0.2901016497627677 0.1756715547346748 0.32286905297807067 0.2518952716173694
1 0.4711389466416316 0.17456996266594837 0.4096654329515328 0.13102535287509537 0.3589709493335642 0.20259260419896213 0.42044446302366295 0.2461372139898151
1 0.5194440048504539 0.2806218569038591 0.5012746286588166 0.15238707323112338 0.45212989185437413 0.1593503103908455 0.4702992680460115 0.2875850940635812
1 0.48224514790635026 0.313278622023838 0.4569660963724185 0.21343720234403624 0.42049575008777956 0.2226712032841915 0.44577480162171135 0.32251262296399325
1 0.4388770819256652 0.25233593894621253 0.3887449798471698 0.25128481251426815 0.38633734006624293 0.3661140467505388 0.4364694421447382 0.3671651731824832
1 0.5590503898880534 0.23731149072622268 0.543535692010616 0.14227917435941478 0.49933128628198264 0.14949585628353285 0.5148459841594202 0.2445281726503407
1 0.5875 0.15900781250000012 0.5515625 0.15900781250000012 0.5515625 0.25827187500000015 0.5875 0.25827187500000015
1 0.6608346052630426 0.020768136154502837 0.5793202455239764 0.0017714974674354345 0.556462775970378 0.09985263837923404 0.6379771357094441 0.11884927706630144
1 0.699633469022446 0.2063531563262028 0.6720651320512494 0.13785591525745247 0.5992142252441905 0.16717648811816732 0.6267825622153873 0.23567372918691767
1 0.7245406815731347 0.06691650946062058 0.6915792141294521 0.06401136765683846 0.6851446896609156 0.13701688102253182 0.7181061571045981 0.13992202282631394
1 0.7958328125 0.17187500000000008 0.7567703125 0.17187500000000008 0.7567703125 0.24816250000000012 0.7958328125 0.24816250000000012
1 0.8315988382088231 0.24499961656406785 0.7862567062744434 0.21159887433333643 0.7285382005690664 0.2899528247536514 0.773880332503446 0.32335356698438283
1 0.8968721012510781 0.41453226630456885 0.8370779609067404 0.38742287874853826 0.7990206250335576 0.47136449039982964 0.8588147653778954 0.4984738779558603
1 0.7620283353270356 0.4620359173020991 0.6993856287856713 0.4413285624763744 0.6584764781345767 0.5650845873603154 0.7211191846759408 0.5857919421860401
1 0.6797897125880368 0.6089964865079037 0.6762484835188017 0.49640029015637877 0.6283497795227551 0.49790673787367046 0.6318910085919901 0.6105029342251954
1 0.6313467481698141 0.6036543501727101 0.6243967769374411 0.5251784602465223 0.5569561272766838 0.53115113001141 0.5639060985090568 0.6096270199375978
1 0.5848500472093485 0.54351519921809 0.5775366704778939 0.49619399507721285 0.5488659620409633 0.5006249831673034 0.556179338772418 0.5479461873081806
1 0.5602785023539374 0.625439826045777 0.5572551230032746 0.49479085599458134 0.5076645225273656 0.49593844404986476 0.5106879018780284 0.6265874141010603
1 0.43172581379886044 0.5501604684611445 0.42580638416054706 0.49792742133266693 0.3769558275711026 0.5034635224874091 0.38287525720941595 0.5556965696158866
1 0.3779411950563794 0.5637377992346984 0.37588743154535936 0.4948041212687122 0.33913363219974696 0.49589913917889267 0.341187395710767 0.5648328171448789
1 0.27223954723900634 0.6081162351473288 0.24081544956278603 0.49498495826186006 0.1903194887428668 0.5090110529789397 0.2217435864190871 0.6221423298644083
1 0.20917797479181047 0.49751291615532695 0.15430783601178769 0.49171697514318025 0.1463794486029589 0.566774971163587 0.20124958738298168 0.5725709121757336
1 0.2888756917044567 0.6133553641261218 0.16993875172605652 0.606476794914909 0.1631062562996276 0.7246170757615695 0.2820431962780278 0.7314956449727823
1 0.2878850598468567 0.8072762084373686 0.2788776285398752 0.7217439079228627 0.18713188773410655 0.7314056784241243 0.1961393190410881 0.8169379789386302
1 0.3591028007720634 0.7188331298848564 0.2784702776889846 0.708011425001877 0.26250496820071734 0.8269689459989553 0.34313749128379617 0.8377906508819348
1 0.4015316497422875 0.6868276325966112 0.3840192572159481 0.6051569183613907 0.3352615172234068 0.6156118860868763 0.3527739097497462 0.6972826003220967
1 0.5064834222539005 0.6994975256631133 0.4459939909497169 0.6820684265724132 0.4006960148144347 0.8392795825475237 0.46118544611861817 0.8567086816382237
1 0.6430900439019593 0.7095993619317428 0.6298715871940361 0.610809650099967 0.564505489084838 0.6195558942381585 0.5777239457927612 0.7183456060699343
1 0.7357623976484365 0.6651325237750285 0.7325899684281136 0.5754661459321545 0.6862266879005288 0.577106495742576 0.6893991171208518 0.66677287358545
1 0.7536553459421891 0.5443731520430449 0.726775847295021 0.5398033630856887 0.7191295145517123 0.5847790922818279 0.7460090131988804 0.5893488812391842
1 0.7986234264148853 0.6379891832594011 0.778154960423485 0.6255629654404353 0.7575507074321359 0.6595022909677853 0.7780191734235362 0.6719285087867511
1 0.8518122848418443 0.7311781740287506 0.8104167287487666 0.7077200525338785 0.7795383804685139 0.7622097693927586 0.8209339365615916 0.7856678908876307
1 0.7819041700364917 0.6644297035007658 0.7346973610145007 0.6521682380889768 0.7128520669250289 0.7362729181967406 0.7600588759470199 0.7485343836085295
1 0.746505343176274 0.6805775388540731 0.7177495128065953 0.6538695340799612 0.6882736251426956 0.6856054736541665 0.7170294555123744 0.7123134784282785
1 0.7360404872294872 0.7328279832196365 0.6932296874999999 0.6875000000000001 0.6550566987591839 0.7235531411278652 0.6978674984886715 0.7688811243475016
1 0.7382710620812534 0.8043183167174381 0.6714309173721966 0.7439044506465385 0.6283966340315771 0.791516330385569 0.6952367787406339 0.8519301964564685
1 0.6784507441028502 0.7179200303308364 0.6297684215161482 0.6947842470823383 0.5938751119329082 0.7703109607045837 0.6425574345196103 0.7934467439530818
1 0.620425014030568 0.7487258884921107 0.5786872015681377 0.7475445292443428 0.5756454929239911 0.8550091004106409 0.6173833053864215 0.8561904596584091
1 0.6038734156346482 0.7903039020789895 0.5771359780067179 0.6770601587496535 0.5305983071782643 0.688047945222821 0.5573357448061946 0.8012916885521569
1 0.1937902426074915 0.8516691981827996 0.12238780670951273 0.8432427295133916 0.11167422305276797 0.9340252388064683 0.18307665895074676 0.9424517074758763
1 0.2837454333139121 0.8567265662467491 0.22171326356768692 0.8359565027655348 0.1894405274703237 0.9323427196674455 0.2514726972165489 0.9531127831486597
1 0.3628146617163731 0.8650336754878462 0.3004444207461457 0.8343003128456801 0.22566256839191307 0.9860624940895331 0.28803280936214054 1.0167958567316993
1 0.39749807381723434 0.8471396697091361 0.35684194862015606 0.8393224182672595 0.3426158260249067 0.9133099349285638 0.383271951221985 0.9211271863704404
1 0.4479587449879318 0.8418254942248365 0.39469111253361755 0.8349092859522133 0.3771113686661411 0.9703059220946548 0.4303790011204554 0.9772221303672779
1 0.4880706940430408 0.8440142548185499 0.4409717854597175 0.8430620396186077 0.43886518951066994 0.9472594626719418 0.48596409809399327 0.948211677871884
1 0.5171875000000001 0.8547796875 0.4859375000000002 0.8547796875 0.4859375000000002 0.9466906249999999 0.5171875000000001 0.9466906249999999
1 0.5944533789091575 0.8530787207396937 0.5362212460866409 0.8360779739103084 0.5011587395497913 0.9561764941832556 0.559390872372308 0.9731772410126409
1 0.6031250000000001 0.921875 0.5557296875000002 0.921875 0.5557296875000002 0.99908125 0.6031250000000001 0.99908125
1 0.6614561724019433 0.9968010036027039 0.6240299106972585 0.8685993815431761 0.5738269190598084 0.8832552827181932 0.6112531807644931 1.0114569047777209
1 0.7182749273241722 0.8550470681878585 0.6548659654361195 0.8419732574987304 0.6375593810007399 0.9259114893554852 0.7009683428887926 0.9389853000446132
1 0.7472461641171728 0.8953001915928462 0.7270102231993162 0.8360656370590741 0.6948983475395638 0.847035822008162 0.7151342884574204 0.9062703765419341
1 0.823968296029579 0.9332178220089368 0.8206581807199222 0.8164506509131206 0.7657542661917469 0.8180070668674873 0.7690643815014037 0.9347742379633035
1 0.7625000000000002 0.9503671875 0.7276046875000002 0.9503671875 0.7276046875000002 0.99908125 0.7625000000000002 0.99908125
1 0.732635353653498 0.9159850487999407 0.6531369475804265 0.9139849000165677 0.651006528730415 0.9986610522367672 0.7305049348034865 1.0006612010201401
1 0.610904364856652 0.3237287717850584 0.5753978067998596 0.29263412512269615 0.5029038059013027 0.37541404796997624 0.5384103639580952 0.4065086946323385
1 0.6276046875 0.31158125000000014 0.5807296875 0.31158125000000014 0.5807296875 0.397978125 0.6276046875 0.397978125
1 0.6875421868518335 0.35221324474798366 0.6316333818343706 0.3423464917137008 0.6180578282266064 0.41927078251366573 0.6739666332440694 0.42913753554794853
1 0.6403233162683127 0.39159164350924874 0.6022079705062822 0.38595702960400374 0.5908940183195495 0.46249025917115844 0.6290093640815801 0.46812487307640344
1 0.6977726373514728 0.27880565842816873 0.6612397483907339 0.2707455898012058 0.6450209044623677 0.34425876341419753 0.6815537934231066 0.3523188320411605
1 0.6813192052291527 0.23623310815889703 0.6386613102085519 0.2183271592762966 0.5981027198503235 0.3149511416761387 0.6407606148709242 0.33285709055873913