1 0.1843750000000001 0.584375 0.06250000000000007 0.584375 0.06250000000000008 0.728125 0.1843750000000001 0.728125
1 0.2250000000000001 0.696875 0.11562500000000009 0.696875 0.11562500000000009 0.8125 0.2250000000000001 0.8125
1 0.2906250000000001 0.5828125 0.17343750000000008 0.5828125 0.17343750000000008 0.7203125 0.2906250000000001 0.7203125
1 0.19531250000000003 0.16875 0.08593750000000003 0.16875 0.08593750000000003 0.2875 0.19531250000000006 0.2875
1 0.2046875 1.6838893488276106e-17 0.0703125 8.610797806504827e-18 0.07031250000000001 0.1453125 0.2046875 0.14531250000000004
1 0.7671875 0.15781250000000008 0.6609375 0.15781250000000008 0.6609375 0.2609375000000001 0.7671875 0.2609375000000001
1 0.18906250000000005 0.284375 0.10312500000000005 0.284375 0.10312500000000005 0.4109375 0.18906250000000005 0.4109375
1 0.4578125 0.2718750000000001 0.365625 0.2718750000000001 0.36562500000000003 0.40625 0.4578125 0.40625
1 0.4109375 0.5765625 0.2968750000000001 0.5765625 0.2968750000000001 0.7234375 0.4109375 0.7234375
1 0.3015625 0.2015625 0.18437500000000004 0.2015625 0.18437500000000004 0.3234375 0.3015625 0.3234375
1 0.3671875 0.27187500000000003 0.290625 0.271875 0.290625 0.353125 0.3671875 0.3531250000000001
1 0.675 0.010937500000000077 0.5890625 0.010937500000000072 0.5890625 0.11875000000000009 0.675 0.11875000000000009
1 0.3109375 3.1764276352884476e-17 0.2078125 2.5449691294780934e-17 0.2078125 0.06250000000000003 0.3109375 0.06250000000000004
1 0.28906250000000006 0.275 0.17968750000000006 0.275 0.17968750000000006 0.440625 0.2890625000000001 0.440625
1 0.5734375 0.3500000000000001 0.4890625 0.3500000000000001 0.4890625 0.45625 0.5734375 0.45625
1 0.65625 0.3156250000000001 0.56875 0.3156250000000001 0.56875 0.4125 0.65625 0.4125
1 0.459375 0.17187500000000006 0.375 0.17187500000000006 0.375 0.28593750000000007 0.459375 0.28593750000000007
1 0.396875 4.410641987554139e-17 0.3234375 3.9609669909922206e-17 0.3234375 0.03125000000000004 0.396875 0.03125000000000004
1 0.653125 0.4109375 0.5671875 0.4109375 0.5671875 0.4890625 0.653125 0.4890625
1 0.3296875000000001 0.65625 0.26250000000000007 0.65625 0.26250000000000007 0.7484375 0.3296875000000001 0.7484375
1 0.7953125 0.3671875000000001 0.7203125 0.3671875000000001 0.7203125 0.4921875000000001 0.7953125 0.49218750000000017
1 0.2265625 2.152699451626207e-17 0.125 1.5308084989341915e-17 0.125 0.032812500000000015 0.2265625 0.03281250000000002
1 0.6343750000000001 0.7671875 0.5359375000000002 0.7671875 0.5359375000000002 0.909375 0.6343750000000001 0.909375
1 0.4109375 0.07343750000000004 0.3375 0.07343750000000004 0.3375 0.17968750000000006 0.4109375 0.17968750000000006
1 0.7296875 0.3375000000000001 0.6515625 0.3375000000000001 0.6515625 0.4859375000000001 0.7296875 0.4859375000000002
1 0.7234375 8.486419615966424e-17 0.6625 8.113285044351215e-17 0.6625 0.04375000000000008 0.7234375 0.04375000000000009
1 0.4609375000000001 0.6953125 0.3734375000000001 0.6953125 0.3734375000000001 0.8640625 0.46093750000000017 0.8640625
1 0.0921875 0.023437500000000007 0.028125 0.023437500000000007 0.028125000000000004 0.115625 0.09218750000000002 0.115625
1 0.6015625 0.056250000000000064 0.534375 0.056250000000000064 0.534375 0.17968750000000006 0.6015625 0.17968750000000008
1 0.475 0.5546875 0.3984375000000001 0.5546875 0.3984375000000001 0.6890625 0.475 0.6890625
1 0.3734375 0.18593750000000003 0.309375 0.18593750000000003 0.309375 0.27187500000000003 0.3734375 0.2718750000000001
1 0.51875 0.19531250000000006 0.4515625 0.19531250000000006 0.4515625 0.3468750000000001 0.51875 0.3468750000000001
1 0.5921875 0.2578125000000001 0.5296875 0.2578125000000001 0.5296875 0.3750000000000001 0.5921875 0.3750000000000001
1 0.6328125 0.001562500000000073 0.553125 0.001562500000000068 0.553125 0.018750000000000072 0.6328125 0.01875000000000008
1 0.5359375 6.132801548855104e-17 0.465625 5.702261658529863e-17 0.465625 0.16875000000000004 0.5359375 0.16875000000000004
1 0.5250000000000001 0.7984375 0.45312500000000017 0.7984375 0.45312500000000017 0.9125 0.5250000000000001 0.9125
1 0.3890625 0.02812500000000004 0.3171875 0.028125000000000032 0.3171875 0.12968750000000004 0.3890625 0.12968750000000004
1 0.5875 6.821665373375491e-17 0.5265625 6.448530801760282e-17 0.5265625 0.06875000000000006 0.5875 0.06875000000000006
1 0.4546875 0.02500000000000005 0.3890625 0.025000000000000043 0.3890625 0.14687500000000003 0.4546875 0.14687500000000003
1 0.7703125000000002 0.7515625000000001 0.6937500000000002 0.7515625 0.6937500000000002 0.8484375 0.7703125000000002 0.8484375
1 0.5468750000000001 0.690625 0.46875 0.690625 0.4687500000000001 0.8671875 0.5468750000000002 0.8671875
1 0.4703125 5.281289321322961e-17 0.3921875 4.802911665406026e-17 0.3921875 0.05156250000000005 0.4703125 0.05156250000000007
1 0.4859375000000001 0.66875 0.41875 0.66875 0.41875000000000007 0.759375 0.4859375000000002 0.759375
1 0.7093750000000002 0.7609375 0.6359375000000002 0.7609375 0.6359375000000002 0.896875 0.7093750000000002 0.896875
1 0.671875 0.5671875 0.596875 0.5671875 0.596875 0.7 0.671875 0.7
1 0.6171875000000001 0.56875 0.5484375 0.56875 0.5484375000000001 0.7328125 0.6171875000000002 0.7328125
1 0.7890625000000002 0.8421875 0.7156250000000002 0.8421875 0.7156250000000002 0.95 0.7890625000000002 0.95
1 0.5609375 0.17812500000000006 0.5046875 0.17812500000000003 0.5046875 0.2984375000000001 0.5609375 0.2984375000000001
1 0.5171875 0.559375 0.4625 0.559375 0.4625 0.6890625 0.5171875 0.6890625
1 0.5609375 0.565625 0.5046875 0.565625 0.5046875 0.7125 0.5609375 0.7125
1 0.8703125 0.7703125000000002 0.8109375 0.7703125000000002 0.8109375 0.859375 0.8703125 0.859375
1 0.19062500000000013 0.9796875 0.10625000000000014 0.9796875 0.10625000000000014 0.9984375 0.19062500000000013 0.9984375
1 0.3359375000000001 0.9796875 0.2531250000000001 0.9796875 0.2531250000000001 0.9953125 0.3359375000000001 0.9953125
1 0.7984375000000001 0.6187500000000001 0.7421875 0.6187500000000001 0.7421875000000001 0.7453125000000002 0.7984375000000001 0.7453125000000002
1 0.834375 9.950255243072244e-17 0.790625 9.682363755758761e-17 0.790625 0.0031250000000001 0.834375 0.0031250000000001025
1 0.8203125 0.5625000000000002 0.7640625 0.5625000000000002 0.7640625 0.6234375000000002 0.8203125 0.6234375000000002
1 0.5484375 6.324152611221879e-17 0.484375 5.931882933369991e-17 0.484375 0.023437500000000062 0.5484375 0.023437500000000066
1 0.9 0.8421875 0.853125 0.8421875 0.853125 0.909375 0.9 0.909375
1 0.21406250000000004 0.265625 0.16250000000000003 0.265625 0.16250000000000003 0.3640625 0.2140625000000001 0.3640625
1 0.6515625 0.7 0.590625 0.7 0.5906250000000001 0.7921875 0.6515625000000002 0.7921875
1 0.58125 0.6921875 0.5296875 0.6921875 0.5296875000000001 0.7875 0.5812500000000002 0.7875
1 0.7109375 0.5859375 0.659375 0.5859375 0.659375 0.6796875 0.7109375 0.6796875
1 0.475 0.2843750000000001 0.4359375 0.2843750000000001 0.4359375 0.3578125000000001 0.475 0.3578125000000001
1 0.8203125 0.40937500000000016 0.7828125 0.40937500000000016 0.7828125 0.4625000000000002 0.8203125 0.4625000000000002
1 0.7375 0.34843750000000007 0.703125 0.34843750000000007 0.703125 0.4078125000000001 0.7375 0.4078125000000002
1 0.2468750000000001 0.98125 0.18593750000000014 0.98125 0.18593750000000014 0.9953125 0.2468750000000001 0.9953125
1 0.6890625000000001 0.6796875 0.63125 0.6796875 0.6312500000000001 0.775 0.6890625000000001 0.775
1 0.7921875 9.500580246510326e-17 0.759375 9.299661631025214e-17 0.759375 0.004687500000000095 0.7921875 0.004687500000000097
1 0.753125 0.6312500000000001 0.7078125 0.63125 0.7078125 0.7203125000000001 0.753125 0.7203125000000001