1 0.44843750000000016 0.728125 0.37968750000000007 0.728125 0.37968750000000007 0.8171875 0.44843750000000016 0.8171875
1 0.61875 0.446875 0.5703125 0.446875 0.5703125 0.51875 0.61875 0.51875
1 0.8703125 0.5562500000000001 0.81875 0.5562500000000001 0.81875 0.6468750000000002 0.8703125 0.6468750000000002
1 0.6421875 0.59375 0.5828125 0.59375 0.5828125 0.7078125 0.6421875 0.7078125
1 0.41875 0.5328125 0.3546875000000001 0.5328125 0.3546875000000001 0.625 0.41875 0.625
1 0.6 0.528125 0.553125 0.528125 0.553125 0.6296875 0.6 0.6296875
1 0.34375 0.14375000000000004 0.2265625 0.14375000000000004 0.2265625 0.296875 0.34375 0.296875
1 0.521875 0.5734375 0.478125 0.5734375 0.478125 0.70625 0.521875 0.70625
1 0.6796875 0.3734375000000001 0.628125 0.3734375000000001 0.628125 0.45 0.6796875 0.45
1 0.4437500000000001 0.6234375 0.3781250000000001 0.6234375 0.3781250000000001 0.728125 0.4437500000000002 0.728125
1 0.921875 0.5000000000000002 0.8453125 0.5000000000000002 0.8453125 0.5671875000000002 0.921875 0.5671875000000002
1 0.3468750000000001 0.8890625 0.2968750000000001 0.8890625 0.2968750000000001 1 0.3468750000000001 1
1 0.3593750000000001 0.5359375 0.2968750000000001 0.5359375 0.2968750000000001 0.6109375 0.3593750000000001 0.6109375
1 0.4859375 0.5796875 0.43125 0.5796875 0.43125 0.7140625 0.4859375 0.7140625
1 0.45 0.3984375000000001 0.4046875 0.3984375000000001 0.4046875 0.471875 0.45 0.471875
1 0.41875 0.37812500000000004 0.3312500000000001 0.378125 0.3312500000000001 0.5046875 0.41875 0.5046875
1 0.3125000000000001 0.5328125 0.2453125000000001 0.5328125 0.2453125000000001 0.6640625 0.3125000000000001 0.6640625
1 0.2765625000000001 0.590625 0.2140625000000001 0.590625 0.2140625000000001 0.73125 0.2765625000000001 0.73125
1 0.24375000000000008 0.378125 0.16250000000000003 0.378125 0.16250000000000003 0.525 0.24375000000000008 0.525
1 0.5484375000000001 0.8734375 0.4937500000000002 0.8734375 0.4937500000000002 0.9921875 0.5484375000000001 0.9921875
1 0.8484375 0.3937500000000001 0.8078125 0.3937500000000001 0.8078125 0.43281250000000016 0.8484375 0.43281250000000016
1 0.24375000000000008 0.878125 0.1921875000000001 0.878125 0.19218750000000012 0.9984375 0.24375000000000008 0.9984375
1 0.596875 0.6328125 0.50625 0.6328125 0.5062500000000001 0.746875 0.5968750000000002 0.746875
1 0.3656250000000001 0.6078125 0.3000000000000001 0.6078125 0.3000000000000001 0.7453125 0.3656250000000001 0.7453125
1 0.8203125 0.2500000000000001 0.790625 0.2500000000000001 0.790625 0.3031250000000001 0.8203125 0.3031250000000001
1 0.696875 0.53125 0.625 0.53125 0.625 0.6640625 0.696875 0.6640625
1 0.3375 0.2953125 0.24375 0.2953125 0.24375000000000005 0.428125 0.3375000000000001 0.428125
1 0.728125 0.19687500000000008 0.66875 0.19687500000000008 0.66875 0.3046875000000001 0.728125 0.3046875000000001
1 0.5234375 0.37187500000000007 0.465625 0.37187500000000007 0.465625 0.5046875 0.5234375 0.5046875
1 0.26406250000000003 0.2625 0.18125000000000005 0.2625 0.18125000000000005 0.3796875 0.2640625000000001 0.3796875
1 0.7937500000000002 0.8703125 0.7515625000000001 0.8703125 0.7515625000000001 0.953125 0.7937500000000002 0.953125
1 0.3000000000000001 0.8765625 0.23593750000000008 0.8765625 0.23593750000000008 0.9984375 0.3000000000000001 0.9984375
1 0.646875 0.19687500000000008 0.5890625 0.19687500000000008 0.5890625 0.2984375000000001 0.646875 0.2984375000000001
1 0.653125 0.4359375 0.603125 0.4359375 0.603125 0.5078125 0.653125 0.5078125
1 0.6546875 0.3078125000000001 0.596875 0.3078125000000001 0.596875 0.4109375 0.6546875 0.4109375
1 0.2 0.1765625 0.146875 0.1765625 0.14687500000000003 0.2875 0.2 0.2875
1 0.3906250000000001 0.88125 0.3359375000000001 0.88125 0.3359375000000001 1 0.3906250000000001 1
1 0.5203125000000001 0.7109375 0.4390625 0.7109375 0.4390625000000001 0.825 0.5203125000000002 0.825
1 0.428125 0.19531250000000006 0.3671875 0.19531250000000006 0.3671875 0.3000000000000001 0.428125 0.3000000000000001
1 0.690625 0.17187500000000008 0.6390625 0.17187500000000008 0.6390625 0.2562500000000001 0.690625 0.2562500000000001
1 0.19375000000000012 0.86875 0.1140625000000001 0.86875 0.11406250000000011 0.996875 0.19375000000000014 0.996875
1 0.584375 0.23593750000000008 0.5484375 0.23593750000000008 0.5484375 0.3000000000000001 0.584375 0.3000000000000001
1 0.5828125 0.3609375000000001 0.5265625 0.3609375000000001 0.5265625 0.490625 0.5828125 0.490625
1 0.4953125 0.18750000000000006 0.4265625 0.18750000000000006 0.4265625 0.3031250000000001 0.4953125 0.3031250000000001
1 0.4828125 0.5328125 0.4171875 0.5328125 0.4171875 0.6265625 0.4828125 0.6265625
1 0.5609375 0.5328125 0.5109375 0.5328125 0.5109375 0.6421875 0.5609375 0.6421875
1 0.49531250000000016 0.9140625 0.4125000000000002 0.9140625 0.4125000000000002 1 0.49531250000000016 1
1 0.68125 0.44375 0.653125 0.44375 0.653125 0.4921875 0.68125 0.4921875
1 0.6359375000000002 0.875 0.5453125000000002 0.875 0.5453125000000002 0.9984375 0.6359375000000002 0.9984375
1 0.20781250000000004 0.29375 0.15156250000000004 0.29375 0.15156250000000004 0.3859375 0.2078125000000001 0.3859375
1 0.815625 0.19531250000000008 0.7671875 0.19531250000000008 0.7671875 0.2609375000000001 0.815625 0.2609375000000001
1 0.7593750000000001 0.7406250000000002 0.7312500000000002 0.7406250000000002 0.7312500000000002 0.7828125000000001 0.7593750000000001 0.7828125000000001
1 0.6046875 0.3046875000000001 0.540625 0.3046875000000001 0.540625 0.3906250000000001 0.6046875 0.3906250000000001
1 0.70625 0.029687500000000082 0.665625 0.02968750000000008 0.665625 0.10000000000000009 0.70625 0.10000000000000009
1 0.5781250000000002 0.759375 0.5187500000000002 0.759375 0.5187500000000002 0.8609375 0.5781250000000002 0.8609375
1 0.21875000000000008 0.534375 0.12812500000000004 0.534375 0.12812500000000007 0.6734375 0.21875000000000008 0.6734375
1 0.6765625 7.94106908822112e-17 0.6203125 7.596637175960925e-17 0.6203125 0.09843750000000008 0.6765625 0.0984375000000001
1 0.5515625 0.19375000000000006 0.49375 0.19375000000000003 0.49375 0.3140625000000001 0.5515625 0.3140625000000001
1 0.7453125 0.4078125000000001 0.6796875 0.4078125 0.6796875 0.5484375000000001 0.7453125 0.5484375000000001
1 0.4734375 0.0015625000000000547 0.4171875 0.0015625000000000513 0.4171875 0.10468750000000004 0.4734375 0.10468750000000004
1 0.89375 0.3734375000000001 0.84375 0.3734375000000001 0.84375 0.5015625000000001 0.89375 0.5015625000000001
1 0.4515625000000002 0.875 0.3734375000000001 0.875 0.3734375000000001 0.996875 0.4515625000000002 0.996875
1 0.253125 0.17812500000000003 0.1984375 0.17812500000000003 0.19843750000000002 0.2796875 0.253125 0.2796875
1 0.7265625000000001 0.6968750000000001 0.678125 0.696875 0.6781250000000001 0.7640625000000001 0.7265625000000002 0.7640625000000002
1 0.6218750000000002 0.7640625 0.5750000000000002 0.7640625 0.5750000000000002 0.8546875 0.6218750000000002 0.8546875
1 0.78125 0.6046875000000002 0.75 0.6046875000000002 0.75 0.6718750000000002 0.78125 0.6718750000000002
1 0.7734375 0.534375 0.7125 0.534375 0.7125 0.6031250000000001 0.7734375 0.6031250000000001
1 0.753125 0.5937500000000001 0.69375 0.59375 0.69375 0.7000000000000001 0.753125 0.7000000000000002
1 0.603125 0.3937500000000001 0.575 0.3937500000000001 0.575 0.4546875 0.603125 0.4546875
1 0.7125000000000001 0.8921875 0.6609375000000002 0.8921875 0.6609375000000002 0.978125 0.7125000000000001 0.978125
1 0.7656250000000001 0.6625000000000001 0.7203125 0.6625 0.7203125000000001 0.7359375000000001 0.7656250000000002 0.7359375000000001
1 0.2796875 0.01562500000000003 0.24375 0.015625000000000028 0.24375 0.09062500000000004 0.2796875 0.09062500000000004
1 0.1875 0.007812500000000019 0.125 0.007812500000000017 0.125 0.14687500000000003 0.1875 0.14687500000000003
1 0.14531250000000012 0.86875 0.07343750000000011 0.86875 0.07343750000000013 1 0.14531250000000012 1
1 0.6734375000000001 0.8234375 0.6156250000000002 0.8234375 0.6156250000000002 0.9140625 0.6734375000000001 0.9140625
1 0.5828125 6.668584523482072e-17 0.50625 6.199774420683476e-17 0.50625 0.11250000000000007 0.5828125 0.11250000000000009
1 0.4234375 4.869884537234397e-17 0.371875 4.55415528432922e-17 0.371875 0.051562500000000046 0.4234375 0.051562500000000046
1 0.7453125000000002 0.953125 0.6984375000000002 0.953125 0.6984375000000002 1 0.7453125000000002 1
1 0.378125 0.0015625000000000426 0.31875 0.001562500000000039 0.31875 0.04843750000000004 0.378125 0.04843750000000004
1 0.775 9.079607909303425e-17 0.7078125 8.668203125214859e-17 0.7078125 0.0390625000000001 0.775 0.0390625000000001
1 0.63125 0.528125 0.5953125 0.528125 0.5953125 0.5953125 0.63125 0.5953125
1 0.6421875 7.500961644777537e-17 0.5828125 7.137394626280668e-17 0.5828125 0.043750000000000074 0.6421875 0.04375000000000008