1 0.6265625 0.16093750000000007 0.4734375 0.16093750000000004 0.4734375 0.2515625000000001 0.6265625 0.2515625000000001
1 0.403125 0.5828125 0.3187500000000001 0.5828125 0.3187500000000001 0.634375 0.403125 0.634375
1 0.7078125 0.10781250000000009 0.590625 0.10781250000000009 0.590625 0.2156250000000001 0.7078125 0.2156250000000001
1 0.5703125 0.4890625 0.4640625 0.4890625 0.4640625 0.5390625 0.5703125 0.5390625
1 0.3359375 0.10625000000000004 0.209375 0.10625000000000004 0.209375 0.2 0.3359375 0.2
1 0.415625 0.24218750000000006 0.321875 0.2421875 0.321875 0.31718750000000007 0.415625 0.31718750000000007
1 0.76875 0.03906250000000008 0.678125 0.039062500000000076 0.678125 0.1218750000000001 0.76875 0.1218750000000001
1 0.784375 0.1437500000000001 0.6890625 0.1437500000000001 0.6890625 0.22812500000000008 0.784375 0.22812500000000008
1 0.5171875000000001 0.7859375 0.44531250000000017 0.7859375 0.44531250000000017 0.8421875 0.5171875000000001 0.8421875
1 0.984375 0.09218750000000012 0.8578125 0.09218750000000012 0.8578125 0.1953125000000001 0.984375 0.19531250000000014
1 0.7734375 0.3937500000000001 0.6875 0.3937500000000001 0.6875 0.45000000000000007 0.7734375 0.4500000000000002
1 0.6890625 0.3296875000000001 0.5453125 0.3296875000000001 0.5453125 0.3968750000000001 0.6890625 0.3968750000000001
1 0.3078125000000001 0.65 0.1687500000000001 0.65 0.1687500000000001 0.70625 0.3078125000000001 0.70625
1 0.603125 0.3546875000000001 0.465625 0.3546875000000001 0.465625 0.4234375 0.603125 0.4234375
1 0.69375 0.4234375 0.5640625 0.4234375 0.5640625 0.5140625 0.69375 0.5140625
1 0.2015625 0.259375 0.10000000000000005 0.259375 0.10000000000000005 0.31875 0.2015625 0.31875
1 0.6046875 0.09218750000000006 0.4859375 0.09218750000000006 0.4859375 0.16875000000000007 0.6046875 0.1687500000000001
1 0.7703125 0.4468750000000001 0.684375 0.446875 0.684375 0.5046875000000001 0.7703125 0.5046875000000002
1 0.5125000000000002 0.8375 0.43750000000000017 0.8375 0.43750000000000017 0.8921875 0.5125000000000002 0.8921875
1 0.6109375 0.2484375000000001 0.4578125 0.2484375000000001 0.4578125 0.34843750000000007 0.6109375 0.34843750000000007
1 0.571875 0.5296875 0.4546875 0.5296875 0.4546875 0.6 0.571875 0.6
1 0.39531250000000007 0.7109375 0.29375000000000007 0.7109375 0.29375000000000007 0.7921875 0.39531250000000007 0.7921875
1 0.3468750000000001 0.5515625 0.24375000000000008 0.5515625 0.24375000000000008 0.6109375 0.3468750000000001 0.6109375
1 0.3281250000000001 0.60625 0.18750000000000008 0.60625 0.18750000000000008 0.6625 0.3281250000000001 0.6625
1 0.7515625 0.49687500000000007 0.6421875 0.496875 0.6421875 0.5578125 0.7515625 0.5578125000000002
1 0.5578125 0.584375 0.4578125 0.584375 0.4578125 0.6515625 0.5578125 0.6515625
1 0.2640625000000001 0.5265625 0.16875000000000004 0.5265625 0.16875000000000007 0.59375 0.2640625000000001 0.59375
1 0.24218750000000008 0.5890625 0.11093750000000009 0.5890625 0.11093750000000009 0.6390625 0.24218750000000008 0.6390625
1 0.825 0.3125000000000001 0.671875 0.3125000000000001 0.671875 0.3843750000000001 0.825 0.3843750000000001
1 0.9078125 0.5609375000000002 0.79375 0.5609375000000002 0.79375 0.6546875000000002 0.9078125 0.6546875000000002
1 0.309375 0.2046875 0.240625 0.2046875 0.240625 0.2515625 0.309375 0.2515625
1 0.39531250000000007 0.63125 0.3031250000000001 0.63125 0.3031250000000001 0.7046875 0.39531250000000007 0.7046875
1 0.571875 0.6484375 0.4828125 0.6484375 0.4828125 0.7046875 0.571875 0.7046875
1 0.2531250000000001 0.690625 0.1531250000000001 0.690625 0.1531250000000001 0.7421875 0.2531250000000001 0.7421875
1 0.240625 0.1609375 0.07656250000000002 0.1609375 0.07656250000000002 0.2625 0.240625 0.2625
1 0.8421875 0.6687500000000002 0.734375 0.6687500000000002 0.7343750000000001 0.7546875000000002 0.8421875 0.7546875000000002
1 0.029687500000000096 0.7296875 8.936094612528342e-17 0.7296875 9.347499396616907e-17 0.796875 0.0296875000000001 0.796875
1 0.703125 0.037500000000000075 0.5875 0.03750000000000007 0.5875 0.1218750000000001 0.703125 0.1218750000000001
1 0.99375 0.1718750000000001 0.903125 0.17187500000000008 0.903125 0.2390625000000001 0.99375 0.2390625000000001
1 0.10468750000000004 0.2109375 2.583239341951448e-17 0.2109375 3.109454763460076e-17 0.296875 0.10468750000000004 0.296875
1 0.2062500000000001 0.421875 0.11875000000000005 0.421875 0.11875000000000005 0.46875 0.2062500000000001 0.46875
1 0.7375 0.6703125000000001 0.63125 0.6703125 0.6312500000000001 0.7375 0.7375000000000002 0.7375000000000002
1 0.30312500000000003 0.3421875 0.15156250000000004 0.3421875 0.15156250000000004 0.4265625 0.3031250000000001 0.4265625
1 0.5531250000000002 0.7625 0.4734375000000002 0.7625 0.4734375000000002 0.7984375 0.5531250000000002 0.7984375
1 0.80625 0.5703125000000001 0.6984375 0.5703125 0.6984375 0.6656250000000001 0.80625 0.6656250000000001
1 0.16562500000000008 0.8359375 0.07656250000000012 0.8359375 0.07656250000000012 0.88125 0.16562500000000008 0.88125
1 0.6359375 0.5953125 0.5453125 0.5953125 0.5453125 0.6640625 0.6359375 0.6640625
1 0.1671875000000001 0.634375 0.09531250000000006 0.634375 0.09531250000000008 0.68125 0.1671875000000001 0.68125
1 0.6640625000000002 0.7296875 0.5828125000000002 0.7296875 0.5828125000000002 0.78125 0.6640625000000002 0.78125
1 0.18593750000000006 0.5 0.10156250000000004 0.5 0.10156250000000007 0.546875 0.1859375000000001 0.546875
1 0.9609375 0.49218750000000017 0.83125 0.49218750000000017 0.83125 0.5843750000000002 0.9609375 0.5843750000000002
1 0.6609375 0.5125 0.55625 0.5125 0.55625 0.60625 0.6609375 0.60625
1 0.7015625 0.3750000000000001 0.64375 0.3750000000000001 0.64375 0.4203125 0.7015625 0.4203125
1 0.9484375 0.6296875000000002 0.83125 0.6296875000000002 0.83125 0.6828125000000002 0.9484375 0.6828125000000002
1 0.95 0.2453125000000001 0.8453125 0.2453125000000001 0.8453125 0.3156250000000001 0.95 0.3156250000000001
1 0.3515625000000001 0.409375 0.18593750000000003 0.409375 0.18593750000000003 0.4828125 0.3515625000000001 0.4828125
1 0.010937500000000024 0.153125 1.8752404111943846e-17 0.153125 2.3440505139929808e-17 0.2296875 0.010937500000000027 0.2296875
1 0.9015625 0.7859375000000002 0.825 0.7859375000000002 0.825 0.828125 0.9015625 0.828125
1 0.17343750000000008 0.5453125 0.10468750000000009 0.5453125 0.10468750000000009 0.590625 0.17343750000000008 0.590625
1 0.3781250000000001 0.4765625 0.2093750000000001 0.4765625 0.2093750000000001 0.55625 0.3781250000000001 0.55625
1 0.07031250000000007 0.565625 6.926908457677216e-17 0.565625 7.309610582410764e-17 0.628125 0.07031250000000007 0.628125
1 0.965625 0.3078125000000001 0.834375 0.3078125000000001 0.834375 0.3890625000000001 0.965625 0.3890625000000001
1 0.34375 0.2421875 0.2 0.2421875 0.2 0.3453125 0.34375 0.3453125
1 0.7109375 0.2578125000000001 0.59375 0.2578125000000001 0.59375 0.34062500000000007 0.7109375 0.34062500000000007
1 0.9484375 0.7140625000000002 0.8296875 0.7140625000000002 0.8296875 0.7796875000000002 0.9484375 0.7796875000000002
1 0.9828125 0.3984375000000001 0.8359375 0.3984375000000001 0.8359375 0.46093750000000017 0.9828125 0.46093750000000017
1 0.98125 0.4468750000000002 0.8859375 0.4468750000000002 0.8859375 0.5125000000000002 0.98125 0.5125000000000002
1 0.56875 0.41875 0.465625 0.41875 0.465625 0.490625 0.56875 0.490625
1 0.9765625 0.5468750000000002 0.890625 0.5468750000000002 0.890625 0.6187500000000001 0.9765625 0.6187500000000001
1 0.32500000000000007 0.796875 0.2578125000000001 0.796875 0.2578125000000001 0.8328125 0.32500000000000007 0.8328125
1 0.68125 0.625 0.6 0.625 0.6 0.6859375 0.68125 0.6859375
1 0.7515625 0.6296875000000001 0.6765625 0.6296875 0.6765625 0.6828125 0.7515625 0.6828125000000002
1 0.990625 0.2140625000000001 0.91875 0.2140625000000001 0.91875 0.2812500000000001 0.990625 0.2812500000000001
1 0.65625 0.3921875000000001 0.546875 0.3921875000000001 0.546875 0.440625 0.65625 0.440625
1 0.9734375 0.6078125000000002 0.915625 0.6078125000000002 0.915625 0.6828125000000002 0.9734375 0.6828125000000002
1 0.012500000000000035 0.2265625 2.7745904043182222e-17 0.2265625 3.5112919944303015e-17 0.346875 0.012500000000000044 0.346875
1 0.7140625 0.5546875 0.6265625 0.5546875 0.6265625 0.61875 0.7140625 0.61875
1 0.521875 0.6640625 0.45625 0.6640625 0.45625 0.70625 0.521875 0.70625
1 0.021875000000000068 0.521875 6.39112548305025e-17 0.521875 6.697287182837088e-17 0.571875 0.02187500000000007 0.571875
1 0.22500000000000003 0.30625 0.050000000000000044 0.30625 0.050000000000000044 0.3765625 0.2250000000000001 0.3765625
1 0.2375000000000001 0.64375 0.15625000000000008 0.64375 0.15625000000000008 0.68125 0.2375000000000001 0.68125
1 0.17343750000000008 0.621875 0.10781250000000009 0.621875 0.10781250000000009 0.640625 0.17343750000000008 0.640625
1 0.18906250000000008 0.6703125 0.1281250000000001 0.6703125 0.1281250000000001 0.70625 0.18906250000000008 0.70625