1 0.9409600443383358 0.7896331514324696 0.8693764324693044 0.784330661664393 0.8599908594815826 0.911035896998636 0.931574471350614 0.9163383867667123
1 0.95003125 0.6671812500000001 0.8764011616918307 0.6617263600600485 0.868414844204529 0.7695256499302897 0.9420449325126983 0.7749805398702414
1 0.9444706831346773 0.921370514999919 0.8457441324057633 0.8772315370381598 0.8264669529757706 0.9203491967754196 0.9251935037046846 0.9644881747371787
1 0.8740669949423913 0.9501251360539594 0.7986512739469 0.8794204465117097 0.7548067751077318 0.9261862906593743 0.8302224961032229 0.996890980201624
1 0.8076580251656876 0.8784485612069689 0.7390202325525304 0.7941210466131656 0.674274597182582 0.8468203051474159 0.7429123897957394 0.9311478197412193
1 0.8640945182374882 0.8660824501936266 0.8637336241663661 0.8171600744935656 0.7693355476609007 0.8178564369585656 0.7696964417320229 0.8667788126586267
1 0.803703861884145 0.8877409443642552 0.7536336767482389 0.7968158913849703 0.6759165289682517 0.8396128087369468 0.7259867141041578 0.9305378617162315
1 0.8524652992467306 0.7722483048614723 0.7720339988654443 0.7507964373533446 0.7548217442041263 0.8153317988727619 0.8352530445854125 0.8367836663808896
1 0.769134488960169 0.768528612085161 0.6916488626388919 0.751949521770397 0.6794065000950833 0.8091666013175421 0.7568921264163604 0.8257456916323062
1 0.8999882206439926 0.7206612551944644 0.7918313504661307 0.7016006047973565 0.7816235931141922 0.7595230294638439 0.8897804632920542 0.7785836798609516
1 0.8572808271827757 0.6852074239442091 0.7774074854221458 0.6705135050689714 0.7698746939500967 0.7114603234614753 0.8497480357107264 0.7261542423367129
1 0.789945319701489 0.7044687407573577 0.6621161943721331 0.6950048534806272 0.6577278539793582 0.7542783525886698 0.785556979308714 0.7637422398654004
1 0.6952692133926203 0.7398917512997878 0.5647229290031592 0.6789261722601877 0.5262311815927598 0.761348986629282 0.6567774659822208 0.8223145656688822
1 0.68645765221879 0.7962704907293755 0.6091748611586781 0.7948064579733327 0.6081828343517818 0.8471731827798408 0.6854656254118936 0.8486372155358834
1 0.7250454581552521 0.8741100090616444 0.5933527807007383 0.8252637360827707 0.5692318615816925 0.8902952774416132 0.7009245390362062 0.9391415504204869
1 0.6493811565849371 0.9271372351100069 0.5738037655327786 0.8705549070101528 0.5363026523499157 0.9206453926987365 0.6118800434020742 0.9772277207985904
1 0.5738132295795817 0.9582742964459007 0.5207253222566435 0.8947519847767573 0.47018341321105794 0.9369916972940174 0.5232713205339962 1.000514008963161
1 0.45244831145878595 0.9938401267678065 0.44804591245683456 0.938451353421673 0.3618975733056862 0.9452985778570062 0.36629997230763756 1.0006873512031398
1 0.6013521935009389 0.8412442519801232 0.5891404428827324 0.7978882136916446 0.5061963098464888 0.821250428226618 0.5184080604646953 0.8646064665150964
1 0.5854471959709816 0.8802647878263518 0.5719832185268989 0.8443244641626227 0.5282782918520551 0.8606972200802117 0.5417422692961378 0.8966375437439407
1 0.5022355099737652 0.8617720158045199 0.5015880393019514 0.7744112393395092 0.4262805035414098 0.7749693779315014 0.4269279742132236 0.862330154396512
1 0.4888471610838813 0.8607431843808522 0.4271955980721354 0.8543132793570241 0.4225026031410472 0.8993109071035587 0.48415416615279316 0.9057408121273868
1 0.7444289635115584 0.6870302446587617 0.6056177618005429 0.6171908011060588 0.5732515788407094 0.6815210495001869 0.7120627805517249 0.7513604930528899
1 0.7884156031164303 0.681374878295595 0.703394184511637 0.6167856144108655 0.6754846923447524 0.6535239897049817 0.7605061109495457 0.7181132535897111
1 0.8836125046653134 0.6384821723731514 0.7369311057117744 0.5916504304804615 0.7189046511980595 0.6481109732529865 0.8655860501515983 0.6949427151456764
1 0.8924382668685219 0.5685264366379968 0.7203843658399036 0.51179859700299 0.6981271593950472 0.5793040620352542 0.8701810604236655 0.6360319016702611
1 0.7306785026434179 0.5630873270738195 0.6244521576820924 0.5622914629929103 0.6238402495954471 0.6439646545036514 0.7300665945567727 0.6447605185845605
1 0.8158235826675415 0.5237422966705501 0.7993789996079051 0.455724785396889 0.6864949829950422 0.4830167364332459 0.7029395660546788 0.551034247706907
1 0.898848606879651 0.5139899226903272 0.8815639330435378 0.44092070470818356 0.7923268038240847 0.4620299312090922 0.8096114776601979 0.5350991491912358
1 0.9588625000000002 0.5479531250000002 0.9292062077425601 0.5457566339631947 0.926844492203764 0.5776437325553854 0.956500784461204 0.5798402235921907
1 0.9130019832651604 0.4076027683213722 0.9065368277925021 0.3699966714729686 0.8224388852142892 0.38445460035324014 0.8289040406869473 0.42206069720164374
1 0.8383635396265767 0.40296095459206116 0.7502966439653057 0.3339415198677546 0.7034281122353994 0.39374447406669744 0.7914950078966704 0.46276390879100393
1 0.8708770678205251 0.3403648785406429 0.8201096441001049 0.3047618758972142 0.781255937362397 0.36016457922584044 0.8320233610828172 0.39576758186926914
1 0.9021786162722663 0.33421604737761273 0.8850389997459969 0.29819795798295007 0.8403352255852097 0.31947075615936804 0.8574748421114791 0.3554888455540307
1 0.9044250936514228 0.25786278309686994 0.7820106228983843 0.25694646735788595 0.7816275949133744 0.3081167857031381 0.904042065666413 0.30903310144212215
1 0.8239640341557717 0.3421916849483802 0.8236725228678342 0.3025877942585963 0.7562304273073416 0.30308421346882086 0.756521938595279 0.34268810415860473
1 0.8644572861456954 0.2578670513404926 0.8638089544387988 0.2263512356055815 0.8079001057931035 0.22750137176508894 0.8085484375 0.2590171875
1 0.7890806081984666 0.2258675087575174 0.7620648527211574 0.196269695266965 0.724281233970366 0.23075714163002412 0.7512969894476752 0.2603549551205765
1 0.8373296296075763 0.17870456899466808 0.8170605934388208 0.11887250158689829 0.7188090237867382 0.15215673703446794 0.7390780599554938 0.21198880444223772
1 0.5944083847956423 0.1559182711493848 0.569117458594265 0.11188556014293413 0.50528262533083 0.14855016743695798 0.5305735515322072 0.19258287844340866
1 0.6090671403355197 0.23479246914485108 0.5131574501991905 0.22639456484665374 0.5091734949315369 0.27189400157156096 0.6050831850678661 0.28029190586975833
1 0.5795790323421849 0.32713476694810795 0.571117108252863 0.2579137641793557 0.48656863608531314 0.2682493953423431 0.495030560174635 0.33747039811109536
1 0.5835191292342519 0.40338153762216616 0.5829876191848566 0.331163664244025 0.4943058252514362 0.3318163456713386 0.49483733530083135 0.4040342190494798
1 0.5812488574638447 0.49528407955351267 0.5771502372246449 0.44333854919582294 0.4463455385769833 0.45365933678944453 0.4504441588161831 0.5056048671471343
1 0.5259911171489154 0.44577351507914537 0.5124057293571822 0.39552392446174467 0.43973559372994336 0.41517088996422613 0.45332098152167666 0.46542048058162677
1 0.5804576279465521 0.5559980804037186 0.5800046042123898 0.49484606796015373 0.39665607339537867 0.49620434273746483 0.39710909712954107 0.5573563551810297
1 0.5340560162658772 0.6183361625086031 0.5111989318631798 0.5508595302242355 0.3709085074078174 0.5983816125230782 0.39376559181051485 0.6658582448074458
1 0.521718418469657 0.6765832153705017 0.5066645839547238 0.6279209728220104 0.42552590111098654 0.6530215074525737 0.4405797356259197 0.701683750001065
1 0.4422398556316812 0.8958795079007678 0.41983001887861915 0.7943028057037766 0.3107559435099721 0.8183667117977371 0.33316578026303423 0.9199434139947282
1 0.5046727404743687 0.7720592118672951 0.5043881426582267 0.7336214794683575 0.4294124530791531 0.734176608925436 0.4296970508952951 0.7726143413243736
1 0.31911786048350194 0.9027315495544682 0.3187354504479886 0.8514818364764511 0.24874548079235814 0.852004080703279 0.24912789082787143 0.9032537937812961
1 0.33141572616569187 0.8153324113406576 0.2553779144343904 0.7845819544028731 0.23413602302367584 0.8371075784341707 0.3101738347549773 0.8678580353719549
1 0.3836505426232891 0.7797700512820634 0.2957768445887118 0.7593269366806923 0.2855394074071307 0.803332044565861 0.373413105441708 0.8237751591672323
1 0.4450820208915207 0.654672474497329 0.3323277936134762 0.643436039788592 0.3184251575714119 0.7829447918691741 0.4311793848494565 0.7941812265779111
1 0.339102624282139 0.6883305437114401 0.3359269079171921 0.6516194416985981 0.2750815604245795 0.6568829057508508 0.27825727678952644 0.6935940077636927
1 0.36975783045252636 0.6519325400148579 0.36606557712829724 0.5890647934251384 0.24089766921033653 0.5964159655152237 0.24458992253456566 0.6592837121049431
1 0.3610847527632172 0.5804904876984 0.358593845988145 0.513476542979343 0.2661605203149736 0.5169122875564904 0.26865142709004586 0.5839262322755474
1 0.3777462039508647 0.4453744462312591 0.29530926279256936 0.39579380421805127 0.2633358373014888 0.44895550783486193 0.3457727784597842 0.49853614984806977
1 0.45306636998606375 0.5573252361485296 0.38394072755766134 0.5370975094900203 0.37430014887822777 0.570042941561946 0.44342579130663023 0.5902706682204555
1 0.4547330094662659 0.4148710105787119 0.35246097692240863 0.37591175818153627 0.3315310849847403 0.4308548707332496 0.43380311752859757 0.4698141231304252
1 0.43124392309852216 0.35707011260692884 0.3894122147483981 0.30262031518070176 0.33336338893939965 0.3456804962178416 0.3751950972895237 0.40013029364406866
1 0.5185785377306755 0.38597234165013916 0.46526149461737887 0.3677865118221305 0.4542711990619429 0.4000077559170567 0.5075882421752395 0.4181935857450654
1 0.5097387543710633 0.32391712956962276 0.45609417709218125 0.3010649269742866 0.4323375377641943 0.3568326311594762 0.4859821150430764 0.37968483375481243
1 0.4980744231255043 0.29707360090411566 0.45088426813929106 0.2596919530353713 0.42575993266187095 0.29140862024244735 0.4729500876480842 0.3287902681111917
1 0.467587729648035 0.34075317899308366 0.4672218205505205 0.291250189307393 0.3803107440953113 0.29189260613416784 0.3806766531928259 0.34139559581985857
1 0.4606782815452024 0.2801197680839732 0.43657555804558434 0.20201767366694146 0.2725486913489368 0.25263724083742006 0.2966514148485548 0.3307393352544518
1 0.43128956678661134 0.15425939306384323 0.36963818156375783 0.14310237937043246 0.3602970487051164 0.19471957695674313 0.42194843392797 0.20587659065015385
1 0.35199055128324463 0.3892952892058388 0.3337345105088715 0.2970876733809248 0.2461045623902165 0.3144373889288039 0.26436060316458965 0.4066450047537179
1 0.13466956111676093 0.6323507762636288 0.13015479146447267 0.5928872441038494 0.018476383050892477 0.605663654666393 0.02299115270318073 0.6451271868261724
1 0.1633435719169892 0.6378467598272366 0.01590255858935789 0.6340174660904456 0.014145576360945777 0.7016673404437289 0.16158658968857711 0.7054966341805199
1 0.12908220282010183 0.7432340416740241 0.06926156729059652 0.7004836773898041 0.015423498849172424 0.7758193505184607 0.07524413437867775 0.8185697148026808
1 0.11160476423805299 0.9045742042830465 0.09024414348493066 0.8282178533526029 -0.020876129937258802 0.8593036502723228 0.00048449081586352525 0.9356600012027665
1 0.10549897452575116 0.9484626917174144 0.08115490084958048 0.8964322557019415 -0.01563474540016796 0.9417183316958784 0.008709328276002726 0.9937487677113512
1 0.08004531250000009 0.7913171875 9.717868945380917e-17 0.7913171875 1.0103039498818995e-16 0.8542203125000001 0.0800453125000001 0.8542203125000001
1 0.04082812500000008 0.6730578125 8.242580957192443e-17 0.6730578125 8.894255702741847e-17 0.779484375 0.04082812500000009 0.779484375
1 0.14395571310085759 0.6075676915214494 0.14345218593160033 0.5400093440887591 -0.0005035271692572507 0.5410822775673096 0 0.6086406249999999
1 0.14960333604134668 0.48987150330339 0.04140586217021823 0.4850802222359163 0.038803155827897104 0.543854952313689 0.14700062969902555 0.5486462333811627
1 0.15865507151330055 0.4009011933840655 0.05624223480277303 0.3861392744237578 0.04322648781476607 0.4764378036686655 0.1456393245252936 0.4911997226289732
1 0.16580323070777525 0.28358796253677787 0.06211820683169024 0.28281642629229314 0.061329739039343786 0.38877684287591885 0.1650147629154288 0.3895483791204036
1 0.17534056150880986 0.22280234360667653 0.07423135847242338 0.2186934587849502 0.07145149886832977 0.28709873206901876 0.17256070190471623 0.2912076168907451
1 0.18798738048390812 0.18248256291044507 0.10308705439782925 0.16568482768867845 0.0931316836304326 0.21600198135857074 0.17803200971651148 0.23279971658033735
1 0.016814062500000046 0.3647625 4.4670522807398645e-17 0.3647625 4.7590922721240343e-17 0.41245624999999997 0.01681406250000005 0.41245624999999997
1 0.2807036016101856 0.7795388987025273 0.2792217649449425 0.7316665019457977 0.18431299328676104 0.7346042971518945 0.18579482995200414 0.7824766939086241
1 0.9794359375000002 0.2702062500000001 0.9600055157318174 0.26876738092634467 0.9578320782318173 0.29811738092634466 0.9772625000000001 0.2995562500000001