1 0.30006179865900784 0.7306859720885716 0.2157714230851219 0.6971258608311284 0.17639818203355154 0.7960166317925012 0.2606885576074375 0.8295767430499443
1 0.2642638736143669 0.46731786360510574 0.26296106807331265 0.4164397215236117 0.18629117212488064 0.4184029607691344 0.18759397766593489 0.4692811028506284
1 0.29937503286108447 0.40756984783329947 0.2656213938266472 0.35230555491254145 0.21340009186265516 0.38420063369204144 0.24715373089709244 0.43946492661279934
1 0.29952553172283053 0.2663272813901813 0.29726213145765207 0.20963406438947504 0.20439626735780028 0.21334160882864514 0.20665966762297874 0.2700348258293514
1 0.2896344524769759 0.21554856046182053 0.28882157759891436 0.18791436427968516 0.2203844166553476 0.18992748051039507 0.22119729153340914 0.2175616766925304
1 0.6097488127799545 0.3603846076211488 0.5228236701847527 0.3526276560283376 0.5161288953357972 0.42764994428491965 0.603054037930999 0.4354068958777308
1 0.634518658823767 0.8828859722458535 0.5289998915303068 0.7886672763078468 0.4611203930767359 0.8646878678689094 0.5666391603701961 0.958906563806916
1 0.7019089469047601 0.804714144512278 0.600648999330787 0.7584768287199781 0.5627701508195294 0.8414316920957446 0.6640300983935026 0.8876690078880447
1 0.9740546875 0.7153531250000001 0.9001112198675297 0.7126138175309086 0.8953065400636098 0.8423088917692756 0.9692500076960799 0.845048199238367
1 0.7977402696004368 0.7824475030456375 0.7059666115031471 0.7302975878751994 0.6761536866027307 0.7827625088199213 0.7679273447000203 0.8349124239903594
1 0.5964212907204279 0.6490464275381281 0.5569707233230524 0.6040208850365454 0.5106191108408684 0.6446333310085433 0.550069678238244 0.6896588735101261
1 0.917890736841602 0.7626349237379277 0.8014753320270331 0.7031269029371919 0.7566712679680131 0.7907769908511256 0.8730866727825818 0.8502850116518615
1 0.9698383898952769 0.8291485224114471 0.8996886288498226 0.8265519639709652 0.8966675831958838 0.9081698576517592 0.9668173442413381 0.9107664160922411
1 0.9859288595940446 0.3947208594943922 0.9224141192035387 0.3923696777258223 0.9200340486201044 0.45666481953013455 0.9835487890106105 0.45901600129870435
1 0.9837983421982666 0.35686602163954306 0.8937166477287304 0.3349271683738162 0.8819679908867106 0.3831675619464191 0.9720496853562468 0.40510641521214596
1 0.35731816774519093 0.28367240321681997 0.2883060135825191 0.2764465023896296 0.2827602795397991 0.32941194737072066 0.3517724337024709 0.336637848197911
1 0.401620015509896 0.22208566199445384 0.3891056757570433 0.16567419786453425 0.3092299580681937 0.18339385617475074 0.3217442978210464 0.23980532030467033
1 0.10130912518091155 0.341238579210752 0.04646546866941135 0.3262990395276111 0.036997521353769394 0.3610562583885123 0.0918411778652696 0.3759957980716532
1 0.07390234455978507 0.3030392240594109 0.000345733382101171 0.29322204376060085 -0.003919743658022839 0.3251817334655735 0.06963686751966106 0.33499891376438357
1 0.5980873916708378 0.5401687875994692 0.5215597785976138 0.5393518523264736 0.5208306852425315 0.6076507445598888 0.5973582983157556 0.6084676798328843