1 0.4640625 0.02187500000000005 0.384375 0.021875000000000044 0.384375 0.16250000000000003 0.4640625 0.16250000000000003
1 0.590625 0.20468750000000008 0.5234375 0.20468750000000008 0.5234375 0.31718750000000007 0.590625 0.31718750000000007
1 0.5796875 0.3890625000000001 0.4828125 0.3890625000000001 0.4828125 0.5140625 0.5796875 0.5140625
1 0.9328125 0.2812500000000001 0.8390625 0.2812500000000001 0.8390625 0.3828125000000001 0.9328125 0.3828125000000001
1 0.6921875 0.3609375000000001 0.6203125 0.3609375000000001 0.6203125 0.4609375 0.6921875 0.4609375
1 0.6109375 0.5625 0.5390625 0.5625 0.5390625 0.709375 0.6109375 0.709375
1 0.4359375 0.20468750000000008 0.36875 0.20468750000000008 0.36875 0.3296875000000001 0.4359375 0.3296875000000001
1 0.5359375 0.03906250000000006 0.453125 0.039062500000000056 0.453125 0.18593750000000003 0.5359375 0.18593750000000003
1 0.35 0.10937500000000004 0.2921875 0.10937500000000004 0.2921875 0.19687500000000005 0.35 0.19687500000000005
1 0.809375 0.3390625000000001 0.7125 0.3390625000000001 0.7125 0.4531250000000001 0.809375 0.45312500000000017
1 0.86875 0.5781250000000002 0.80625 0.5781250000000002 0.80625 0.6750000000000002 0.86875 0.6750000000000002
1 0.3656250000000001 0.36875 0.3046875000000001 0.36875 0.3046875000000001 0.44375 0.3656250000000001 0.44375
1 0.4343750000000002 0.9109375 0.3609375000000001 0.9109375 0.3609375000000001 1 0.4343750000000002 1
1 0.55625 0.2375000000000001 0.4859375 0.2375000000000001 0.4859375 0.3781250000000001 0.55625 0.3781250000000001
1 0.64375 0.21875000000000008 0.58125 0.21875000000000008 0.58125 0.3140625000000001 0.64375 0.3140625000000001
1 0.825 0.1218750000000001 0.7671875 0.1218750000000001 0.7671875 0.20312500000000008 0.825 0.20312500000000008
1 0.5187500000000002 0.7359375 0.44531250000000017 0.7359375 0.44531250000000017 0.8515625 0.5187500000000002 0.8515625
1 0.834375 0.21093750000000008 0.7765625 0.21093750000000008 0.7765625 0.2968750000000001 0.834375 0.2968750000000001
1 0.484375 0.19843750000000004 0.41875 0.19843750000000004 0.41875 0.28593750000000007 0.484375 0.28593750000000007
1 0.5359375000000001 0.6796875 0.49375 0.6796875 0.4937500000000001 0.765625 0.5359375000000002 0.765625
1 0.5734375 0.6671875 0.525 0.6671875 0.5250000000000001 0.765625 0.5734375000000002 0.765625
1 0.778125 0.2000000000000001 0.6921875 0.2000000000000001 0.6921875 0.33281250000000007 0.778125 0.33281250000000007
1 0.4609375 0.5890625 0.3781250000000001 0.5890625 0.3781250000000001 0.715625 0.4609375 0.715625
1 0.95625 0.5437500000000002 0.871875 0.5437500000000002 0.871875 0.6734375000000001 0.95625 0.6734375000000001
1 0.8390625 0.2765625000000001 0.7453125 0.2765625000000001 0.7453125 0.3750000000000001 0.8390625 0.3750000000000001
1 0.2531250000000001 0.5484375 0.1921875000000001 0.5484375 0.1921875000000001 0.63125 0.2531250000000001 0.63125
1 0.6484375 0.3000000000000001 0.565625 0.3000000000000001 0.565625 0.3906250000000001 0.6484375 0.3906250000000001
1 0.290625 0.26875 0.2203125 0.26875 0.2203125 0.3546875 0.290625 0.3546875
1 0.3875 0.22812500000000005 0.321875 0.228125 0.321875 0.34062500000000007 0.3875 0.34062500000000007
1 0.3671875000000001 0.753125 0.2921875000000001 0.753125 0.2921875000000001 0.846875 0.3671875000000001 0.846875
1 0.5 0.2640625000000001 0.43125 0.2640625000000001 0.43125 0.36406250000000007 0.5 0.36406250000000007
1 0.37343750000000003 0.33125000000000004 0.3265625 0.33125 0.32656250000000003 0.39843750000000006 0.3734375000000001 0.3984375000000001
1 0.753125 0.6265625000000001 0.659375 0.6265625 0.659375 0.753125 0.7531250000000002 0.7531250000000002
1 0.490625 0.3468750000000001 0.428125 0.3468750000000001 0.428125 0.484375 0.490625 0.484375
1 0.4390625 0.3187500000000001 0.36875 0.3187500000000001 0.36875 0.4140625 0.4390625 0.4140625
1 0.3359375000000001 0.603125 0.24375000000000008 0.603125 0.24375000000000008 0.7046875 0.3359375000000001 0.7046875
1 0.6203125 0.04843750000000007 0.53125 0.048437500000000064 0.53125 0.17187500000000006 0.6203125 0.17187500000000008
1 0.27031250000000007 0.409375 0.2328125000000001 0.409375 0.2328125000000001 0.4671875 0.27031250000000007 0.4671875
1 0.2390625 0.2265625 0.19531250000000006 0.2265625 0.19531250000000006 0.2890625 0.2390625 0.2890625
1 0.85 0.6515625000000002 0.7609375 0.6515625000000002 0.7609375 0.81875 0.85 0.81875
1 0.8453125 0.03281250000000009 0.7546875 0.03281250000000009 0.7546875 0.12500000000000008 0.8453125 0.12500000000000008
1 0.3812500000000001 0.9125 0.3343750000000001 0.9125 0.3343750000000001 0.99375 0.3812500000000001 0.99375
1 0.3578125000000001 0.959375 0.2890625000000001 0.959375 0.2890625000000001 1 0.3578125000000001 1
1 0.5656250000000002 0.93125 0.5156250000000002 0.93125 0.5156250000000002 1 0.5656250000000002 1
1 0.6203125000000002 0.7609375 0.5390625000000002 0.7609375 0.5390625000000002 0.8921875 0.6203125000000002 0.8921875
1 0.7312500000000002 0.7312500000000001 0.6328125000000002 0.73125 0.6328125000000002 0.8703125 0.7312500000000002 0.8703125
1 0.89375 0.2171875000000001 0.8296875 0.2171875000000001 0.8296875 0.30156250000000007 0.89375 0.30156250000000007
1 0.2828125 0.2046875 0.2375 0.2046875 0.2375 0.278125 0.2828125 0.278125
1 0.546875 0.5609375 0.4859375 0.5609375 0.4859375 0.678125 0.546875 0.678125
1 0.4953125 0.5578125 0.4296875 0.5578125 0.4296875 0.671875 0.4953125 0.671875
1 0.3 0.12031250000000004 0.25625 0.12031250000000004 0.25625 0.17500000000000004 0.3 0.17500000000000004
1 0.7734375 0.5750000000000001 0.703125 0.575 0.703125 0.690625 0.7734375 0.6906250000000002
1 0.36406250000000007 0.5984375 0.3218750000000001 0.5984375 0.3218750000000001 0.646875 0.36406250000000007 0.646875
1 0.503125 0.665625 0.440625 0.665625 0.4406250000000001 0.7640625 0.5031250000000002 0.7640625
1 0.8140625 0.5718750000000001 0.7625 0.5718750000000001 0.7625 0.6609375000000002 0.8140625 0.6609375000000002
1 0.6484375000000001 0.69375 0.575 0.69375 0.5750000000000001 0.815625 0.6484375000000002 0.815625
1 0.703125 0.575 0.665625 0.575 0.665625 0.6328125 0.703125 0.6328125
1 0.3750000000000001 0.6546875 0.3234375000000001 0.6546875 0.3234375000000001 0.721875 0.3750000000000001 0.721875
1 0.7078125000000002 0.9265625 0.6421875000000001 0.9265625 0.6421875000000001 1 0.7078125000000002 1
1 0.6468750000000002 0.921875 0.5718750000000001 0.921875 0.5718750000000001 1 0.6468750000000002 1
1 0.4015625 0.01562500000000005 0.353125 0.015625000000000045 0.353125 0.08437500000000005 0.4015625 0.08437500000000005
1 0.2953125000000001 0.5484375 0.2390625000000001 0.5484375 0.2390625000000001 0.625 0.2953125000000001 0.625
1 0.675 0.5671875 0.6171875 0.5671875 0.6171875 0.6421875 0.675 0.6421875
1 0.6796875000000001 0.6375 0.6125 0.6375 0.6125 0.7578125 0.6796875000000002 0.7578125
1 0.709375 0.2015625000000001 0.6359375 0.2015625000000001 0.6359375 0.37187500000000007 0.709375 0.37187500000000007
1 0.5265625000000002 0.9453125 0.4703125000000002 0.9453125 0.4703125000000002 1 0.5265625000000002 1
1 0.7796875000000002 0.925 0.6984375000000002 0.925 0.6984375000000002 1 0.7796875000000002 1
1 0.375 0.014062500000000042 0.3 0.014062500000000039 0.3 0.13906250000000003 0.375 0.13906250000000003
1 0.7125 0.028125000000000084 0.61875 0.028125000000000077 0.61875 0.1296875000000001 0.7125 0.1296875000000001
1 0.5250000000000001 0.9125 0.49218750000000017 0.9125 0.49218750000000017 0.9921875 0.5250000000000001 0.9921875
1 0.4734375000000002 0.9765625 0.41718750000000016 0.9765625 0.41718750000000016 1 0.4734375000000002 1
1 0.8609375 0.9328125 0.7671875000000001 0.9328125 0.7671875000000001 1 0.8609375 1
1 0.925 0.934375 0.85 0.934375 0.85 1 0.925 1
1 0.3812500000000001 0.5578125 0.3468750000000001 0.5578125 0.3468750000000001 0.628125 0.3812500000000001 0.628125
1 0.5625 0.023437500000000066 0.521875 0.023437500000000066 0.521875 0.07343750000000007 0.5625 0.07343750000000007
1 0.76875 0.03125000000000009 0.7046875 0.03125000000000009 0.7046875 0.09375000000000008 0.76875 0.09375000000000008
1 0.490625 0.02031250000000006 0.44375 0.020312500000000056 0.44375 0.07343750000000006 0.490625 0.07343750000000007
1 0.534375 0.02968750000000006 0.4859375 0.029687500000000054 0.4859375 0.11250000000000004 0.534375 0.11250000000000004