1 0.5843750000000001 0.6734375 0.5390625 0.6734375 0.5390625000000001 0.7671875 0.5843750000000002 0.7671875
1 0.5437500000000001 0.675 0.49375 0.675 0.4937500000000001 0.7578125 0.5437500000000002 0.7578125
1 0.7093750000000002 0.8953125 0.6453125000000002 0.8953125 0.6453125000000002 0.9765625 0.7093750000000002 0.9765625
1 0.3218750000000001 0.365625 0.27031250000000007 0.365625 0.27031250000000007 0.4375 0.3218750000000001 0.4375
1 0.7796875 0.565625 0.725 0.565625 0.725 0.6500000000000001 0.7796875 0.6500000000000001
1 0.6484375000000002 0.8953125 0.6015625000000002 0.8953125 0.6015625000000002 0.9734375 0.6484375000000002 0.9734375
1 0.2062500000000001 0.6828125 0.1437500000000001 0.6828125 0.1437500000000001 0.775 0.2062500000000001 0.775
1 0.6 0.3578125000000001 0.5625 0.3578125000000001 0.5625 0.4421875 0.6 0.4421875
1 0.7046875000000001 0.8125 0.6718750000000002 0.8125 0.6718750000000002 0.9015625 0.7046875000000001 0.9015625
1 0.6250000000000001 0.6875 0.571875 0.6875 0.5718750000000001 0.8125 0.6250000000000002 0.8125
1 0.6484375 0.014062500000000075 0.590625 0.014062500000000071 0.590625 0.08593750000000008 0.6484375 0.08593750000000008
1 0.515625 0.32500000000000007 0.45625 0.32500000000000007 0.45625 0.409375 0.515625 0.409375
1 0.7046875 0.3125000000000001 0.628125 0.3125000000000001 0.628125 0.3921875000000001 0.7046875 0.3921875000000001
1 0.3312500000000001 0.9125 0.2578125000000001 0.9125 0.2578125000000001 1 0.3312500000000001 1
1 0.6703125000000001 0.7140625 0.621875 0.7140625 0.6218750000000001 0.7765625 0.6703125000000002 0.7765625
1 0.8625 0.2843750000000001 0.8078125 0.2843750000000001 0.8078125 0.3828125000000001 0.8625 0.3828125000000001
1 0.7406250000000001 0.6640625000000001 0.6640625 0.6640625 0.6640625000000001 0.753125 0.7406250000000002 0.7531250000000002
1 0.690625 8.103717491232877e-17 0.6328125 7.749718025854345e-17 0.6328125 0.03906250000000008 0.690625 0.03906250000000009
1 0.4500000000000002 0.8296875 0.3921875000000001 0.8296875 0.3921875000000001 0.91875 0.4500000000000002 0.91875
1 0.7296875 0.4531250000000001 0.675 0.453125 0.675 0.5609375000000001 0.7296875 0.5609375000000002
1 0.678125 0.4796875 0.6296875 0.4796875 0.6296875 0.5484375 0.678125 0.5484375
1 0.7515625 0.10937500000000008 0.6625 0.10937500000000008 0.6625 0.2156250000000001 0.7515625 0.2156250000000001
1 0.1812500000000001 0.8546875 0.08593750000000011 0.8546875 0.08593750000000011 0.971875 0.18125000000000013 0.971875
1 0.63125 0.32500000000000007 0.5921875 0.32500000000000007 0.5921875 0.3937500000000001 0.63125 0.3937500000000001
1 0.84375 0.42968750000000017 0.7703125 0.42968750000000017 0.7703125 0.5312500000000002 0.84375 0.5312500000000002
1 0.4171875 0.3375000000000001 0.365625 0.3375000000000001 0.36562500000000003 0.446875 0.4171875 0.446875
1 0.17656250000000004 0.2828125 0.13125000000000003 0.2828125 0.13125000000000003 0.3890625 0.17656250000000004 0.3890625
1 0.775 0.4468750000000001 0.7171875 0.446875 0.7171875 0.565625 0.775 0.5656250000000002
1 0.7984375000000001 0.6515625000000002 0.7375 0.6515625000000002 0.7375 0.7671875000000001 0.7984375000000001 0.7671875000000001
1 0.821875 0.3500000000000001 0.7875 0.3500000000000001 0.7875 0.40625000000000017 0.821875 0.40625000000000017
1 0.26250000000000007 0.84375 0.2218750000000001 0.84375 0.2218750000000001 0.9140625 0.26250000000000007 0.9140625
1 0.875 0.4187500000000002 0.8296875 0.4187500000000002 0.8296875 0.49218750000000017 0.875 0.49218750000000017
1 0.6046875 0.23593750000000008 0.5375 0.23593750000000008 0.5375 0.3234375000000001 0.6046875 0.3234375000000001
1 0.8640625 0.834375 0.80625 0.834375 0.80625 0.9171875 0.8640625 0.9171875
1 0.3859375000000001 0.459375 0.3375000000000001 0.459375 0.3375000000000001 0.5546875 0.3859375000000001 0.5546875
1 0.2843750000000001 0.5375 0.2328125000000001 0.5375 0.2328125000000001 0.6078125 0.2843750000000001 0.6078125
1 0.6656250000000001 0.63125 0.603125 0.63125 0.6031250000000001 0.73125 0.6656250000000001 0.73125
1 0.425 0.6140625 0.3390625000000001 0.6140625 0.3390625000000001 0.7125 0.425 0.7125
1 0.2531250000000001 0.4640625 0.18281250000000004 0.4640625 0.18281250000000007 0.5625 0.2531250000000001 0.5625
1 0.2890625 0.26875 0.2234375 0.26875 0.2234375 0.359375 0.2890625 0.359375
1 0.2765625000000001 0.696875 0.2000000000000001 0.696875 0.2000000000000001 0.85625 0.2765625000000001 0.85625
1 0.4890625 0.18281250000000004 0.446875 0.18281250000000004 0.446875 0.2609375000000001 0.4890625 0.2609375000000001
1 0.834375 0.803125 0.7921875000000002 0.803125 0.7921875000000002 0.871875 0.834375 0.871875
1 0.5546875000000002 0.8234375 0.4750000000000002 0.8234375 0.4750000000000002 0.9359375 0.5546875000000002 0.9359375
1 0.45625 0.04687500000000005 0.4 0.04687500000000004 0.4 0.12500000000000006 0.45625 0.12500000000000006
1 0.46875 0.584375 0.4203125 0.584375 0.4203125 0.6546875 0.46875 0.6546875
1 0.49375 0.02031250000000006 0.4546875 0.020312500000000056 0.4546875 0.09843750000000007 0.49375 0.09843750000000007
1 0.6109375 0.1437500000000001 0.5546875 0.1437500000000001 0.5546875 0.2375000000000001 0.6109375 0.2375000000000001
1 0.6453125 0.5546875 0.571875 0.5546875 0.571875 0.6703125 0.6453125 0.6703125
1 0.6578125 0.21093750000000008 0.6 0.21093750000000008 0.6 0.3234375000000001 0.6578125 0.3234375000000001
1 0.2078125000000001 0.5296875 0.11718750000000004 0.5296875 0.11718750000000007 0.66875 0.2078125000000001 0.66875
1 0.578125 0.28593750000000007 0.5015625 0.28593750000000007 0.5015625 0.3937500000000001 0.578125 0.3937500000000001
1 0.721875 0.5671875 0.6359375 0.5671875 0.6359375 0.6671875 0.721875 0.6671875
1 0.3125 0.18281250000000004 0.2671875 0.18281250000000004 0.2671875 0.3015625 0.3125 0.3015625
1 0.2078125 0.05625000000000002 0.15625 0.05625000000000002 0.15625 0.12343750000000002 0.2078125 0.12343750000000005
1 0.534375 0.5578125 0.46875 0.5578125 0.46875 0.6734375 0.534375 0.6734375
1 0.4125 0.003125000000000047 0.359375 0.0031250000000000444 0.359375 0.08437500000000005 0.4125 0.08437500000000005
1 0.5578125000000002 0.9046875 0.49531250000000016 0.9046875 0.49531250000000016 1 0.5578125000000002 1
1 0.5015625 5.922315380251653e-17 0.465625 5.702261658529863e-17 0.465625 0.03906250000000006 0.5015625 0.03906250000000007
1 0.1906250000000001 0.7359375 0.09531250000000009 0.7359375 0.0953125000000001 0.8734375 0.1906250000000001 0.8734375
1 0.4203125 0.12968750000000004 0.365625 0.12968750000000004 0.365625 0.2093750000000001 0.4203125 0.2093750000000001
1 0.6484375000000002 0.9640625 0.5968750000000002 0.9640625 0.5968750000000002 1 0.6484375000000002 1
1 0.18593750000000006 0.4578125 0.08750000000000006 0.4578125 0.08750000000000006 0.5703125 0.1859375000000001 0.5703125
1 0.34062500000000007 0.459375 0.2671875000000001 0.459375 0.2671875000000001 0.5578125 0.34062500000000007 0.5578125
1 0.2703125 0.04687500000000003 0.21875 0.04687500000000002 0.21875 0.13437500000000005 0.2703125 0.13437500000000005
1 0.4890625 0.4546875 0.4375 0.4546875 0.4375 0.565625 0.4890625 0.565625
1 0.6125 0.4515625 0.540625 0.4515625 0.540625 0.5703125 0.6125 0.5703125
1 0.46875000000000017 0.890625 0.40937500000000016 0.890625 0.40937500000000016 1 0.46875000000000017 1
1 0.4796875 0.27812500000000007 0.40625 0.27812500000000007 0.40625 0.3843750000000001 0.4796875 0.3843750000000001
1 0.66875 0.10937500000000008 0.5984375 0.10937500000000008 0.5984375 0.2156250000000001 0.66875 0.2156250000000001
1 0.2734375000000001 0.9 0.1625000000000001 0.9 0.16250000000000012 1 0.2734375000000001 1
1 0.5625 0.45625 0.4828125 0.45625 0.4828125 0.5734375 0.5625 0.5734375
1 0.6109375 7.233070157464055e-17 0.5703125 6.984313776387249e-17 0.5703125 0.012500000000000072 0.6109375 0.012500000000000072
1 0.12812500000000013 0.928125 0.02187500000000011 0.928125 0.021875000000000117 1 0.12812500000000013 1
1 0.265625 2.994644126040012e-17 0.2234375 2.7363201918448673e-17 0.2234375 0.050000000000000024 0.265625 0.050000000000000024
1 0.5640625 0.17187500000000006 0.528125 0.17187500000000006 0.528125 0.2375000000000001 0.5640625 0.2375000000000001
1 0.27656250000000004 0.346875 0.16250000000000003 0.346875 0.16250000000000003 0.459375 0.2765625000000001 0.459375
1 0.446875 0.20468750000000008 0.3671875 0.20468750000000008 0.3671875 0.3078125000000001 0.446875 0.3078125000000001
1 0.5421875 0.2015625000000001 0.4796875 0.2015625000000001 0.4796875 0.2984375000000001 0.5421875 0.2984375000000001
1 0.5265625 0.13125000000000003 0.4625 0.13125000000000003 0.4625 0.21875000000000008 0.5265625 0.21875000000000008
1 0.465625 5.300424427559639e-17 0.4 4.898587196589413e-17 0.4 0.05156250000000005 0.465625 0.05156250000000007
1 0.284375 0.11875000000000005 0.2453125 0.11875000000000005 0.2453125 0.19687500000000005 0.284375 0.19687500000000005
1 0.2734375 0.13437500000000005 0.20625 0.13437500000000005 0.20625 0.2671875 0.2734375 0.2671875
1 0.23437500000000006 0.240625 0.17031250000000003 0.240625 0.17031250000000003 0.3640625 0.23437500000000008 0.3640625
1 0.3000000000000001 0.5890625 0.1906250000000001 0.5890625 0.1906250000000001 0.7359375 0.3000000000000001 0.7359375
1 0.2265625 0.11875000000000005 0.1828125 0.11875000000000005 0.18281250000000002 0.228125 0.2265625 0.228125
1 0.18125000000000013 0.9359375 0.12968750000000012 0.9359375 0.12968750000000012 1 0.18125000000000013 1
1 0.3703125000000001 0.5515625 0.2671875000000001 0.5515625 0.2671875000000001 0.6671875 0.3703125000000001 0.6671875
1 0.459375 0.13750000000000004 0.4203125 0.13750000000000004 0.4203125 0.24375000000000008 0.459375 0.24375000000000008
1 0.12500000000000003 0.128125 0.05625000000000002 0.128125 0.056250000000000036 0.2921875 0.12500000000000006 0.2921875
1 0.703125 0.4125 0.6125 0.4125 0.6125 0.49375 0.703125 0.49375
1 0.5828125 6.697287182837088e-17 0.5109375 6.257179739393508e-17 0.5109375 0.07031250000000007 0.5828125 0.07031250000000007
1 0.4453125 0.459375 0.3765625000000001 0.459375 0.3765625000000001 0.609375 0.4453125 0.609375
1 0.365625 0.02968750000000004 0.265625 0.029687500000000033 0.265625 0.16406250000000006 0.365625 0.16406250000000006
1 0.6078125000000002 0.828125 0.5484375000000001 0.828125 0.5484375000000001 1 0.6078125000000002 1
1 0.4937500000000002 0.8796875 0.4468750000000002 0.8796875 0.4468750000000002 1 0.4937500000000002 1
1 0.38906250000000003 0.26875000000000004 0.284375 0.26875 0.28437500000000004 0.39062500000000006 0.3890625000000001 0.3906250000000001
1 0.5015625000000001 0.671875 0.4 0.671875 0.4000000000000001 0.803125 0.5015625000000001 0.803125
1 0.375 0.16250000000000003 0.3109375 0.16250000000000003 0.3109375 0.275 0.375 0.2750000000000001
1 0.4078125000000002 0.8265625 0.3265625000000001 0.8265625 0.3265625000000001 1 0.4078125000000002 1
1 0.3437500000000001 0.8359375 0.3078125000000001 0.8359375 0.3078125000000001 0.940625 0.3437500000000001 0.940625
1 0.3109375 3.501724441311963e-17 0.2609375 3.195562741525125e-17 0.2609375 0.05312500000000003 0.3109375 0.05312500000000005
1 0.3578125000000001 0.9546875 0.3062500000000001 0.9546875 0.3062500000000001 1 0.3578125000000001 1
1 0.3968750000000001 0.8421875 0.3765625000000001 0.8421875 0.3765625000000001 0.8796875 0.3968750000000001 0.8796875
1 0.2015625 0.11250000000000002 0.09843750000000002 0.1125 0.09843750000000004 0.3015625 0.2015625 0.3015625
1 0.6843750000000002 0.815625 0.5953125000000001 0.815625 0.5953125000000001 0.909375 0.6843750000000002 0.909375