1 0.8154989791764026 0.8407633422317426 0.7732369604286392 0.7379582012318374 0.693593689506786 0.770698639852856 0.7358557082545494 0.8735037808527611
1 0.805619235944186 0.4726189163008702 0.7309080109328859 0.46275325953160473 0.7243383738492777 0.5125041930857817 0.7990495988605779 0.5223698498550471
1 0.7766129056618343 0.4341765086249464 0.7233095827624736 0.40156070605180627 0.6912014130981919 0.4540344151222707 0.7445047359975526 0.4866502176954109
1 0.7875435595131122 0.26936248979810573 0.6943460564396626 0.25811780128822104 0.6877200702822936 0.3130348729992952 0.7809175733557432 0.3242795615091799
1 0.7704394881690841 0.24660656342444423 0.7034797342351994 0.23636223514707436 0.6992113492114918 0.2642615764356496 0.7661711031453765 0.2745059047130195
1 0.4783851749556326 0.4542045057099438 0.47052589589063337 0.377875407061207 0.3859648114208497 0.386582298307826 0.39382409048584893 0.4629113969565628
1 0.5259729130250157 0.8445724793738949 0.38096316004897113 0.8382512995109183 0.3767956198497123 0.9338559157237679 0.5218053728257569 0.9401770955867444
1 0.4319093916943756 0.8637349867211462 0.40596687862120995 0.7760424842198635 0.3027322459330451 0.8065829036596781 0.32867475900621074 0.8942754061609609
1 0.10872883204155963 0.8290179786766899 0.10120268867798306 0.7013404260122937 0.029513802496215956 0.7055662341024387 0.03703994585979252 0.8332437867668349
1 0.3221895422952744 0.7936761874531362 0.2950326613571098 0.7387280146430596 0.20435712940867568 0.783542327825768 0.23151401034684022 0.8384905006358447
1 0.48558987901545575 0.6695387916415333 0.4395739856921324 0.6264367336684528 0.4009450644234896 0.6676770921080217 0.44696095774681294 0.7107791500811023
1 0.24262285997608374 0.7903125643384766 0.1967569738072825 0.7021051630008299 0.08624116439730009 0.7595709250273981 0.13210705056610134 0.8477783263650446
1 0.10600693008234616 0.8961922588876524 0.10368530593638203 0.8193546457058714 0.036678049210027895 0.8213792487450455 0.03899967335599201 0.8982168619268265
1 0.07993072253193916 0.3913631509295942 0.01744042634931497 0.38988801222394887 0.015944723098107766 0.4532494702424801 0.07843501928073195 0.4547246089481253
1 0.11662763270225215 0.350897327108383 0.029283529881588756 0.33346478654542194 0.019394127214729107 0.38301470729560844 0.10673823003539251 0.40044724785856955
1 0.7055688634651719 0.37645355733826846 0.7032224210765391 0.32377527752495316 0.6353124009823018 0.32680018551979895 0.6376588433709346 0.37947846533311425
1 0.6841197718813545 0.23567191626608275 0.6062888182313247 0.20770373193200248 0.5875261859639415 0.25991711643032384 0.6653571396139714 0.2878853007644041
1 0.9456658076964162 0.43064757198831005 0.944016345110733 0.39356546290435845 0.8900608302906358 0.3959654774986077 0.8917102928763191 0.4330475865825593
1 1.00021865466159 0.39295510232931524 0.9983316866942126 0.3611209850437733 0.9145885780279155 0.366084859560052 0.916475545995293 0.3979189768455939
1 0.47438860774981534 0.5632803881670764 0.3992540194832715 0.5630308115541927 0.3990293073675225 0.630679987894165 0.47416389563406647 0.6309295645070487