1 0.28191718853462155 0.12383503416279477 0.2775031320657043 0.0325023504398649 0.16387591847200517 0.03799388881105582 0.1682899749409225 0.1293265725339857
1 0.4113658796894285 0.029746140183240198 0.3353176938531032 -0.010953429616678311 0.2774290751892576 0.0972129331138958 0.35347726102558286 0.13791250291381432
1 0.19859560021254893 0.14267554081888825 0.15846769558258655 0.03055315929469457 0.11611345347001426 0.04571147973940349 0.15624135809997663 0.15783386126359716
1 0.19819795070983354 0.1835297238472164 0.13452907932520042 0.11150553749472288 0.09330548726085044 0.14794690134869737 0.15697435864548354 0.2199710877011909
1 0.27516286822025127 0.23850656902186937 0.19684933941960162 0.1768704420009406 0.15241594874093703 0.23332654638015576 0.23072947754158668 0.2949626734010845
1 0.2569272453160194 0.13072597227305788 0.21309681760722468 0.12595002041110503 0.20405705182686473 0.2089108231982785 0.24788747953565946 0.21368677506023132
1 0.2757981243426907 0.24546194573077154 0.20061081652571464 0.17564007257329545 0.15160003130299965 0.22841707250540644 0.22678733911997573 0.2982389456628825
1 0.31314206658924904 0.214375524909887 0.29379359338050826 0.1424256576450676 0.23729438658258659 0.15761920046316824 0.2566428597913274 0.22956906772798766
1 0.31269137753648046 0.285982793729134 0.297188076285388 0.21486477053351094 0.2469330432688262 0.22582006542544356 0.2624363445199186 0.2969380886210666
1 0.3571310439118597 0.1998224768767558 0.3391748073898163 0.10081069798917852 0.2881652682293686 0.11006150996666489 0.306121504751412 0.20907328885424215
1 0.3849497464026012 0.21444513380590308 0.3714330540009209 0.14287810009269064 0.3353924733920324 0.14968499730210194 0.3489091657937127 0.22125203101531438
1 0.37239678107191343 0.309870898636869 0.3457346732292432 0.19561288345508107 0.29494533887950686 0.20746457462559204 0.3216074467221771 0.32172258980738
1 0.37859277608465475 0.40337292155754156 0.3226574715774341 0.2835201156710613 0.2512343704535789 0.31685327696556476 0.3071696749607996 0.436706082852045
1 0.27616229069628956 0.2914238375535184 0.22957104281751484 0.28482386772683044 0.2199468733820523 0.35276388496475525 0.266538121260827 0.35936385479144317
1 0.2476538088375146 0.36941451001866116 0.20299388007425834 0.24815347565454654 0.14633088493195573 0.26902221836186463 0.190990813695212 0.3902832527259793
1 0.2074279891852587 0.38478734787850943 0.15646313103434367 0.31367193847236263 0.11273085355322214 0.34501267512920836 0.1636957117041372 0.4161280845353551
1 0.1868507501546854 0.43146742276257355 0.12951209972597574 0.3796377470164992 0.09159550117128597 0.42158449969587997 0.14893415159999562 0.4734141754419542
1 0.15263778820520152 0.49482385869566603 0.10035853512959036 0.4837519986430559 0.08429974269484672 0.5595786140261463 0.13657899577045787 0.5706504740787565
1 0.27318004507026417 0.37498543807878615 0.23364620139927617 0.36378495784952036 0.21304636534432259 0.4364952954042075 0.2525802090153106 0.4476957756334733
1 0.22811486096981382 0.3836230658196117 0.19452598182328712 0.37574713425351125 0.18507582381253176 0.4160496956298802 0.21866470295905843 0.4239256271959806
1 0.2964026894973343 0.45553753534125513 0.21712208870463456 0.4514838837528978 0.21371196382385396 0.5181785030198631 0.29299256461655365 0.5222321546082205
1 0.22314950830335936 0.515992968349099 0.21703990164282763 0.46088838934220994 0.1771889155818825 0.4653067853131921 0.18329852224241416 0.5204113643200812
1 0.4313659486581772 0.3747775892901618 0.3744139234551295 0.24333972821689237 0.3176410341535869 0.2679394211512508 0.37459305935663456 0.39937728222452024
1 0.43338149689750943 0.28559699687335827 0.3753842354820289 0.2057676830116833 0.34329563917662076 0.22908055667116795 0.40129290059210126 0.3089098705328429
1 0.4558802955768074 0.25715693851828925 0.41278924801595435 0.1221863669434399 0.36349271870010574 0.1379249021259497 0.4065837662609589 0.27289547370079903
1 0.5274533871736227 0.27498567198293367 0.4744817830389822 0.11918861685093855 0.4154704835734514 0.13925268797288917 0.46844208770809176 0.2950497431048843
1 0.48229218749999997 0.2628671875000001 0.409375 0.2628671875000001 0.409375 0.35845625000000014 0.48229218749999997 0.35845625000000014
1 0.5786230986531722 0.20958436912949882 0.517160225826683 0.19341071455572845 0.4910840490548372 0.29250499961163745 0.5525469218813265 0.30867865418540785
1 0.5904167261119364 0.1351051481441382 0.5238381563394422 0.12001481048038118 0.5061705626277252 0.1979642339364744 0.5727491324002194 0.21305457160023145
1 0.49375 0.034926562500000057 0.46510468749999995 0.034926562500000057 0.46510468749999995 0.08915468750000007 0.49375 0.08915468750000007
1 0.6506427790854042 0.1175157614303125 0.6176517111991451 0.11366735336138031 0.6086527527438141 0.19081230368569094 0.6416438206300733 0.19466071175462313
1 0.6858955118553695 0.2622830562927333 0.6238582025750591 0.17934481354034748 0.5715715867236302 0.2184548893166101 0.6336088960039407 0.3013931320689959
1 0.7111467129854476 0.20186560047713148 0.6796499110697443 0.15422443780806477 0.6313867046303141 0.1861324889108238 0.6628835065460174 0.2337736515798905
1 0.7221220417660347 0.15742526298074813 0.6912772722194341 0.12702735386959246 0.6657356959080649 0.15294440073950272 0.6965804654546656 0.18334230985065836
1 0.7589203698394474 0.23568979421180436 0.7505811962025392 0.1269543447659327 0.7049730221301738 0.13045214134276226 0.713312195767082 0.2391875907886339
1 0.7140625 0.19852968750000008 0.6786453125 0.19852968750000008 0.6786453125 0.25827187500000015 0.7140625 0.25827187500000015
1 0.7828818006995927 0.1687011490701702 0.7543703718784416 0.16660555905181554 0.7507532673800461 0.21581786515243348 0.7792646962011972 0.21791345517078814
1 0.8088529347318996 0.2591942495064724 0.7807324316173656 0.2352909681704991 0.7521361928110586 0.26893240053763307 0.7802566959255925 0.29283568187360637
1 0.8700303743265912 0.20811432362841806 0.810119188601987 0.20471774386825542 0.8052554712761595 0.29050730059742447 0.8651666570007638 0.2939038803575871
1 0.8870934477149512 0.4396801877967845 0.8468688953188194 0.4144881088155799 0.8130448304470633 0.46849547639723943 0.8532693828431954 0.493687555378444
1 0.7840597819193096 0.4801591218640885 0.7759790886917429 0.3945231867287188 0.735625289679548 0.3983310119117914 0.7437059829071148 0.48396694704716114
1 0.7542823016545016 0.4254359969258978 0.6890782908647789 0.4224092377607949 0.6857363030551716 0.4944040669857852 0.7509403138448943 0.4974308261508881
1 0.6914347619729961 0.4115973230097417 0.6270129853145967 0.4087877686072864 0.6235703049807341 0.4877268286164281 0.6879920816391334 0.49053638301888336
1 0.5912533675323199 0.4098962240785767 0.54538381606058 0.4046976575832245 0.5322864522459496 0.5202622472016152 0.5781560037176895 0.5254608136969674
1 0.6268226088257864 0.46321429954539745 0.5782911664073509 0.45949231074377506 0.5732029692147786 0.5258379023686959 0.6217344116332143 0.5295598911703182
1 0.54375 0.40165468750000005 0.4890625 0.40165468750000005 0.4890625 0.5661765625 0.54375 0.5661765625
1 0.4957011616426844 0.4615097461234311 0.4341388113872859 0.43914539291178 0.38995470837900337 0.5607709637196774 0.4515170586344019 0.5831353169313285
1 0.4238655911553072 0.4577914010061702 0.3799877297320414 0.4459503282634496 0.3600688365610358 0.5197610760945125 0.40394669798430155 0.531602148837233
1 0.27973842603958543 0.5288136721919924 0.1894350055784701 0.5022554362343775 0.16181909682760284 0.5961551599707475 0.2521225172887182 0.6227133959283624
1 0.33072968750000004 0.4549625 0.2963546875000001 0.4549625 0.2963546875000001 0.5211390625 0.33072968750000004 0.5211390625
1 0.22673852016816315 0.6125628272170938 0.18103193246952728 0.6119159534143972 0.18013675299189 0.6751672384874539 0.22584334069052586 0.6758141122901503
1 0.28615625000000006 0.6740296875 0.258472952586207 0.6048214439655173 0.2127547413793104 0.6231087284482759 0.24043803879310346 0.6923169719827587
1 0.3086452546048637 0.6391851861912017 0.29012789675108974 0.5607724512843084 0.25152511300206964 0.5698885924529749 0.27004247085584365 0.648301327359868
1 0.4105762375941146 0.6111656358447083 0.4022768978778252 0.5105153299416497 0.27846855793385694 0.5207242156840786 0.2867678976501463 0.6213745215871371
1 0.4053580526742051 0.6116144552273161 0.37251829057561464 0.6084465293938824 0.3673065302551624 0.6624733526333063 0.40014629235375293 0.66564127846674
1 0.461118603542053 0.588035263900187 0.40463634520005975 0.5849900777870347 0.3986531966101735 0.6959658053108455 0.4551354549521668 0.6990109914239978
1 0.5285483958290643 0.5991114229298267 0.468466629318346 0.5974057442205548 0.46612098878185515 0.6800298786870497 0.5262027552925735 0.6817355573963215
1 0.6340493219348031 0.6626199688026435 0.5877136381600255 0.5882123972663261 0.5419885182105256 0.616686713183352 0.5883242019853032 0.6910942847196694
1 0.5069209296141637 0.5759412810841329 0.48848233218401677 0.5131939478110248 0.45968114369206764 0.5216573117886047 0.47811974112221456 0.5844046450617129
1 0.6510658886031727 0.6144962887663636 0.6156064573330748 0.5206293334420107 0.567748678484093 0.5387082155573524 0.6032081097541909 0.6325751708817052
1 0.7080449305089387 0.6119423938465177 0.674874206344658 0.5450465363971853 0.6282618871342992 0.5681595428244561 0.6614326112985799 0.6350554002737885
1 0.6575274449993735 0.5138663407431577 0.6412796414257929 0.46608155043325644 0.6131740333646248 0.4756380305628613 0.6294218369382054 0.5234228208727625
1 0.7171261526695492 0.5201098726964115 0.6927237280818987 0.47517332117142674 0.6444587094777772 0.5013832424212532 0.6688611340654276 0.546319793946238
1 0.754475710697253 0.5351068946211163 0.7210101907512336 0.4908125228113768 0.6932698674253259 0.5117710397886525 0.7267353873713454 0.556065411598392
1 0.7420595151282642 0.578052573511578 0.7012583831136829 0.512907737517154 0.6629433339942873 0.5369049946044149 0.7037444660088686 0.6020498305988389
1 0.8038596339414108 0.5462299834358674 0.7321939277584588 0.5277708586205593 0.6946860123092934 0.6733915895603992 0.7663517184922453 0.6918507143757073
1 0.8574298913500957 0.6164554269764182 0.8523273169674571 0.5600973411868693 0.8068278674979112 0.564216791342689 0.8119304418805496 0.6205748771322379
1 0.725095518508567 0.6386737145930954 0.6424124544504146 0.6162220825834588 0.6218682970210456 0.6918804527199456 0.7045513610791981 0.7143320847295822
1 0.4573885809738414 0.7987203546451139 0.42160747267492144 0.7958512299103849 0.4136821480123638 0.89468865465618 0.44946325631128375 0.8975577793909089
1 0.42293600864562314 0.8967981059121006 0.41857332187031415 0.7657864910379685 0.35825517743249985 0.7677950852477479 0.36261786420780884 0.89880670012188
1 0.3621756373864257 0.8477395243693723 0.324931800894812 0.7907578790783354 0.2585800942455013 0.8341260917855097 0.29582393073711505 0.8911077370765467
1 0.25203290169132153 0.8209210290991656 0.18509191043277204 0.798283704032215 0.12209907161678135 0.9845602654219159 0.18904006287533087 1.0071975904888666
1 0.1877190388408559 0.8212566929655963 0.13778765977629237 0.8004873198241171 0.09280318072792584 0.9086339191502206 0.14273455979248934 0.9294032922917002
1 0.29836398551041865 0.8372834012102235 0.23329967134495871 0.8236988642706538 0.1967772861161871 0.99862598598026 0.2618416002816471 1.0122105229198297
1 0.40841647977526885 0.9038129247827816 0.3210134013817715 0.8539068698737265 0.2630897807059228 0.9553515296047408 0.3504928590994202 1.0052575845137959
1 0.5062500000000002 0.7895218749999999 0.44583281250000023 0.7895218749999999 0.44583281250000023 0.9917281250000001 0.5062500000000002 0.9917281250000001
1 0.5583641769012898 0.8834234887886737 0.5487338009940039 0.7851543468775878 0.4973631491097006 0.7901886707622492 0.5069935250169865 0.8884578126733352
1 0.6380203125000002 0.7886031250000001 0.5588546875000002 0.7886031250000001 0.5588546875000002 0.8823531250000001 0.6380203125000002 0.8823531250000001
1 0.7398215194283054 0.8728485334685268 0.7325628878337153 0.7823962398424844 0.6371368722934321 0.790054003549508 0.6443955038880222 0.8805062971755504
1 0.7979125628441588 0.8694312600181565 0.7849824274106731 0.7782030480991454 0.7254974253400499 0.7866340928040131 0.7384275607735354 0.8778623047230243
1 0.8410102758345523 0.8515397209331171 0.8253393650038893 0.7741020067473914 0.7810947853255304 0.7830556912688225 0.7967656961561936 0.8604934054545481
1 0.5867053524620831 0.9803395415410291 0.5844153915327894 0.9156223574401847 0.5519362496560405 0.9167716034549503 0.5542262105853342 0.9814887875557947
1 0.6803979692146216 0.9880588292471281 0.6586020856501902 0.9079317122933862 0.6110965867603368 0.9208539833276881 0.6328924703247683 1.00098110028143
1 0.33281250000000007 0.65625 0.28958281250000006 0.65625 0.28958281250000006 0.7398890625 0.33281250000000007 0.7398890625
1 0.7433694424183718 0.0796109538174682 0.7413418626880868 0.01872267362873666 0.7122696643081483 0.019690777834788696 0.7142972440384332 0.08057905802352024
1 0.7099799896385228 0.04360293774230673 0.7086755101928055 0.009040108464331398 0.6896404259671878 0.009758535648637202 0.6909449054129051 0.04432136492661253