1 0.276256133636552 0.13451470801203977 0.22700326547039257 -0.016455870993405942 0.16957352698294004 0.00228009304126523 0.2188263951490995 0.15325067204671097
1 0.34375 0.180146875 0.2484375 0.180146875 0.2484375 0.28676406249999997 0.34375 0.28676406249999997
1 0.2623660334625606 0.33670327371368797 0.1913007590033918 0.3204534240483599 0.17152088906206137 0.40695649423654423 0.24258616352123016 0.4232063439018722
1 0.27733468298313013 0.4203748519184033 0.17421437221862351 0.41745310004090275 0.17104555547839734 0.5292933180704481 0.27416586624290396 0.5322150699479486
1 0.3267253317871276 0.4402727902350825 0.28450678602815593 0.34522319574886584 0.22887135589968782 0.36993499978543554 0.2710899016586595 0.4649845942716522
1 0.34587442102614696 0.5589724441626656 0.3396124442277003 0.4411032548855018 0.27155798911897355 0.44471874949893886 0.27781996591742014 0.5625879387761026
1 0.444652149057699 0.5636077334970266 0.356162494058744 0.49842145755168926 0.3079623824335612 0.5638525806948519 0.3964520374325162 0.6290388566401892
1 0.2885421875000001 0.5349265625 0.2036453125000001 0.5349265625 0.2036453125000001 0.6066171875 0.2885421875000001 0.6066171875
1 0.18772656250000005 0.6840250000000001 0.10315625000000002 0.650196875 0.06911325431034485 0.7353043642241379 0.1536835668103449 0.7691324892241379
1 0.21999567890200603 0.9472350655106384 0.19769726278233496 0.78979118515179 0.12940541217087972 0.7994632035182445 0.1517038282905508 0.9569070838770928
1 0.2411453125000001 0.7729781250000001 0.16197968750000008 0.7729781250000001 0.16197968750000008 0.8630515624999999 0.2411453125000001 0.8630515624999999
1 0.32327514085315767 0.7990774043122802 0.2508401208125422 0.737160978632114 0.20870659125321872 0.7864523100435313 0.2811416112938342 0.8483687357236975
1 0.32206486085803815 0.6921221872672877 0.26369734510422166 0.6797187413226845 0.24642146006355564 0.7610147373527983 0.3047889758173721 0.7734181832974015
1 0.25607713547465316 0.7465439892412168 0.1965178567913232 0.6727876593391076 0.14504364228318076 0.7143538149621558 0.20460292096651073 0.7881101448642649
1 0.29681009313017304 0.8443774470197681 0.2367631484868923 0.8184982418580524 0.1712607587187902 0.9704819812283185 0.23130770336207096 0.996361186390034
1 0.322934961802413 0.877219531067577 0.2778607561709121 0.865432343402435 0.24359783068859547 0.9964537704468086 0.28867203632009636 1.0082409581119505
1 0.36979218750000004 0.693934375 0.3031250000000001 0.693934375 0.3031250000000001 0.8786765624999999 0.36979218750000004 0.8786765624999999
1 0.4192960045638598 0.7594208033452359 0.3975705628735544 0.6772589636394648 0.35080587955024445 0.6896245996128619 0.37253132124054983 0.7717864393186329
1 0.44739531250000003 0.6792281250000001 0.4078125 0.6792281250000001 0.4078125000000001 0.7555140625 0.44739531250000014 0.7555140625
1 0.4749040753122868 0.7469602315654859 0.4206440371501163 0.7279233170188298 0.3796034255272302 0.8448994765429465 0.43386346368940065 0.8639363910896025
1 0.4899486342823721 0.941558271606327 0.4630349057922241 0.8287668417846594 0.4194368618134323 0.8391699896142593 0.4463505903035802 0.9519614194359267
1 0.548232591713997 0.6983565534305515 0.4884504485693915 0.6706400708846617 0.4296126369119893 0.7975483274787069 0.48939478005659476 0.8252648100245967
1 0.5409940428479698 0.9093971810124174 0.5090124683521735 0.8000638456298057 0.4522733546506908 0.8166608531693564 0.48425492914648716 0.925994188551968
1 0.553190147428299 0.8228052901967049 0.545307583119489 0.762527320927228 0.5013089007499574 0.7682810390349207 0.5091914650587673 0.8285590083043977
1 0.5594988096099647 0.9053814026568119 0.550078351943914 0.8306105252291577 0.5209109518465403 0.8342853551535748 0.5303314095125911 0.9090562325812291
1 0.5712646708488909 0.7753513497592093 0.5516470607249054 0.6887719046283701 0.5144926994564195 0.6971905283868082 0.5341103095804051 0.7837699735176473
1 0.5993311706075329 0.7313552143626267 0.566992260418714 0.6742876907424927 0.5338763134753963 0.6930537693469585 0.5662152236642152 0.7501212929670926
1 0.6492315236671977 0.6911806833543241 0.5890051625072927 0.675434835819962 0.5558332076507894 0.8023143911572006 0.6160595688106942 0.8180602386915629
1 0.6004574990332996 0.8793861377840804 0.5945900169996554 0.7903032502936893 0.540089916188818 0.7938929224669659 0.5459573982224623 0.8829758099573569
1 0.6734820895037004 0.8947367430230043 0.6283501458770637 0.884662212512767 0.6083148924400121 0.9744162638551634 0.6534468360666488 0.9844907943654008
1 0.6291344177696091 0.8794190873208046 0.6054568066885798 0.8736690239177669 0.5904996820912516 0.9352594715846452 0.6141772931722808 0.941009534987683
1 0.7437500000000001 0.9283093750000001 0.6984375000000002 0.9283093750000001 0.6984375000000002 0.9926468749999999 0.7437500000000001 0.9926468749999999
1 0.7322227020656596 0.8937238554549953 0.6974866127514453 0.7575004918610849 0.6437408316471064 0.7712053234219024 0.6784769209613208 0.9074286870158128
1 0.8465666563574498 0.9633801353547675 0.8438664650004245 0.8918291187349684 0.8069409277143095 0.8932226141923885 0.8096411190713347 0.9647736308121877
1 0.7869903704607463 0.738100344904194 0.7625948264107784 0.6793509397366876 0.7092057544221468 0.7015206187959393 0.7336012984721147 0.7602700239634457
1 0.7671330021981524 0.8219570580188632 0.7323658500509156 0.743080990537625 0.6925331461410712 0.7606385301246334 0.7273002982883078 0.8395145976058715
1 0.7123647815350462 0.7655988410036425 0.7035223461029344 0.7031644806982882 0.6546333238121191 0.7100885209356084 0.663475759244231 0.7725228812409626
1 0.8653931430871896 0.6984394545799034 0.8046454808458823 0.6812220843708914 0.7900141578841247 0.7328454539467572 0.8507618201254321 0.7500628241557694
1 0.8152504191390741 0.5981807983119423 0.7468893124386644 0.5680216750221572 0.7177838420391348 0.6339944869116121 0.7861449487395447 0.6641536102013971
1 0.7252104178083231 0.634755790638612 0.6951450027414655 0.5109524244763062 0.6508112735872142 0.5217187873774309 0.6808766886540718 0.6455221535397367
1 0.6604171875 0.476103125 0.6078125 0.476103125 0.6078125 0.6020218749999999 0.6604171875 0.6020218749999999
1 0.6700457768962895 0.4583123273308504 0.6102843938007905 0.3330745216913818 0.5524556160769475 0.3606694457788245 0.6122169991724464 0.4859072514182931
1 0.6115832529486331 0.49451192735565164 0.574928214377468 0.4387553368304363 0.5124624279210306 0.47982107973850396 0.5491174664921956 0.5355776702637192
1 0.548016554896368 0.4824771514175237 0.5086316473698955 0.43431811668867903 0.43379809743965103 0.49551769139932117 0.4731830049661235 0.5436767261281659
1 0.4923129257494422 0.41953598654498386 0.43209619199878846 0.38947636631723287 0.3662871432239538 0.5213079043883477 0.42650387697460757 0.5513675246160987
1 0.4059668771231201 0.4161114298485794 0.34608074153177953 0.390657754111106 0.3134882709764879 0.46733968921006824 0.3733744065678285 0.49279336494754167
1 0.35941645032007985 0.41314150818756834 0.3530141297560861 0.29699600911253593 0.294829249791881 0.3002033503911479 0.3012315703558748 0.41634884946618034
1 0.44931944314657424 0.3287776097678162 0.38040222302051263 0.327004220207351 0.37779234797693634 0.42842882362752643 0.44670956810299794 0.4302022131879917
1 0.5158439541987868 0.4433637004446596 0.5042688468117232 0.33716712433322604 0.45315376660929607 0.3427385143356742 0.46472887399635965 0.4489350904471078
1 0.5787033906416336 0.4502517604910487 0.5547837061401493 0.32830920890248144 0.49824494217755094 0.3393995902211551 0.5221646266790352 0.46134214180972244
1 0.7481109098545142 0.3421698273286153 0.6835214398302181 0.33481960314160425 0.676853018181997 0.39341779133269117 0.7414424882062931 0.4007680155197022
1 0.7599853243069284 0.42709450211158284 0.7309298135544586 0.41804350026228737 0.7186627534572306 0.45742319573588297 0.7477182642097004 0.4664741975851783
1 0.8376851419895784 0.3391124185949571 0.8037888346055663 0.3348376994488109 0.7952476012883813 0.40256525301659984 0.8291439086723933 0.4068399721627459
1 0.8351100164083125 0.125264205721779 0.7921438797919059 0.1045954669731179 0.7548051754343932 0.1822150978569052 0.7977713120507997 0.20288383660556625
1 0.7351769716209849 0.18930017076455002 0.7206884237829773 0.126545437928151 0.6777231278694025 0.13646508409796024 0.6922116757074102 0.19921981693435925
1 0.7052798000392322 0.0012548555867300415 0.642558638684399 -0.006641565652974768 0.6233821550823757 0.1456769702646682 0.6861033164372089 0.15357339150437302
1 0.7263041391647207 0.05017575776505605 0.6938187034410279 0.04599113359757323 0.6827894077899248 0.13161207842116576 0.7152748435136176 0.13579670258864857
1 0.6083314759701242 0.24207753544295976 0.5838204351940127 0.1455776867008231 0.5348266872327342 0.15802213889123423 0.5593377280088456 0.2545219876333709
1 0.5936871929585154 0.002074959061135451 0.5482342044213974 -0.003985439410480307 0.5284754162117904 0.14420547216157212 0.5739284047489084 0.15026587063318786
1 0.5566968334664683 0.16848694060824293 0.5213079657651398 0.03579527318668729 0.464558945871278 0.05093023679238007 0.4999478135726065 0.1836219042139357
1 0.5473036463254933 0.23237862993751768 0.49664164200901856 0.14296696383615726 0.4406584689227063 0.17468787767455343 0.49132047323918115 0.2640995437759138
1 0.48194753402734847 0.15232032031399362 0.4734032487789742 0.08530749111099398 0.42877717915644864 0.09099741456152637 0.4373214644048229 0.158010243764526
1 0.45933757088305327 0.29190121293390453 0.4566028356363046 0.12281984167960802 0.4001446050569662 0.12373300149129518 0.40287934030371486 0.2928143727455917
1 0.4234375 0.04411718750000005 0.3833328125 0.044117187500000044 0.3833328125 0.16268437500000005 0.4234375 0.16268437500000005
1 0.3815337816760212 0.03189980182853743 0.31533365821294806 0.030886953626690184 0.3124137689005015 0.22173197130054517 0.3786138923635746 0.22274481950239244
1 0.3145828125 0.036764062500000035 0.2411453125 0.036764062500000035 0.2411453125 0.18198593750000006 0.3145828125 0.18198593750000006
1 0.18799017356935338 0.3256398648245414 0.10620309733962485 0.31185962182994414 0.09245582199840839 0.39345103184527963 0.17424289822813693 0.40723127483987687
1 0.2027875431905366 0.3982524738105481 0.16071129879631935 0.3842274096478457 0.1329237556057828 0.4675921233372976 0.17500000000000004 0.48161718750000004
1 0.22250291829225066 0.1676623521079531 0.17825928692944085 0.025845978340905833 0.1305612243899718 0.040726738860019304 0.17480485575278165 0.1825431126270666
1 0.6747463046079394 0.2414730159493716 0.6200262447726475 0.23975203182345953 0.6178087953887174 0.3102575996223971 0.6725288552240093 0.31197858374830917
1 0.6735786342095352 0.5111723661486657 0.6707264152901209 0.4532286394524597 0.6437767385260387 0.45455520890736584 0.6466289574454531 0.512498935603572