1 0.3470251019630619 0.28794549055254626 0.29170355627666433 0.11128798901996821 0.22195417328076877 0.13313050147786062 0.2772757189671664 0.30978800301043863
1 0.4240211810389389 0.3587157196612111 0.3688270155968513 0.22163181075821314 0.28799009856949287 0.2541792206470973 0.3431842640115804 0.39126312955009523
1 0.443685067389873 0.4471202178933448 0.3950251980005861 0.4460317763107991 0.39206902049921505 0.5781906476870939 0.4407288898885019 0.5792790892696396
1 0.48394913954440044 0.5809074847361387 0.4768877279404184 0.47503924479637416 0.4364426635827884 0.47773693058902794 0.4435040751867704 0.5836051705287926
1 0.5671765701258515 0.5245222369421872 0.5284516587762295 0.5214174853913857 0.521429337524338 0.609005417468545 0.56015424887396 0.6121101690193466
1 0.7082504551085068 0.5424579453800346 0.6174825014832288 0.4823856610521859 0.5702628207371764 0.5537336019556282 0.6610307743624544 0.6138058862834768
1 0.7078077909246455 0.39197200631413065 0.6414526796753182 0.3299807194399062 0.5951990175526645 0.3794903691115543 0.6615541288019918 0.44148165598577876
1 0.6792132075274373 0.059302701944575 0.5931020706818928 0.05658631360811839 0.5896893895104636 0.16477035026411957 0.6758005263560081 0.1674867386005762
1 0.5844817169449047 0.0897863174827277 0.5354079333789104 0.08463659309651299 0.5212149345890141 0.21988735576495003 0.5702887181550084 0.2250370801511647
1 0.6203735615591199 0.19520073216928263 0.5788091061335825 0.18021543244624444 0.5559793372789337 0.24353795034527162 0.5975437927044711 0.2585232500683098
1 0.5164118933301596 0.19497856207393255 0.4833313146346393 0.13173676575277143 0.42906788998090006 0.16012092929598531 0.46214846867642034 0.22336272561714643
1 0.5540816532229654 0.2970810625388675 0.5204039278408651 0.19305403008515523 0.4597256073173483 0.21269803767661796 0.4934033326994487 0.31672507013033024
1 0.35046620273637297 0.8837341204706618 0.2960599629566974 0.8444559760013302 0.2182761668325766 0.9521984348185132 0.2726824066122522 0.9914765792878448
1 0.2244926355676788 0.8104664715186347 0.12183782338337676 0.7950138505754403 0.10409061498152339 0.9129120603344967 0.2067454271658254 0.9283646812776911
1 0.3176318621621829 0.5539471062438128 0.24596608884372664 0.5526345175024022 0.24376299197549706 0.672920968068371 0.31542876529395336 0.6742335568097817
1 0.22977281217206783 0.44997117568056105 0.1650020039186202 0.4281778899434127 0.11675311403993771 0.5715761655621667 0.18152392229338535 0.5933694512993151
1 0.7513926543231446 0.06384008151432252 0.7008236175316491 0.04337115016292299 0.6640861744728205 0.13413197581493502 0.714655211264316 0.15460090716633454
1 0.6622534210777757 0.27286039425127495 0.6422299936559652 0.19402825753568223 0.6049615223209484 0.20349447984030905 0.6249849497427589 0.28232661655590174
1 0.7670170139246383 0.34057493866539534 0.7160170797331178 0.32723639173417507 0.6969002424420606 0.40032961911653214 0.7479001766335811 0.4136681660477525
1 0.8054334494422359 0.5727123308012431 0.8022636183339318 0.4943232642039833 0.748891399533028 0.49648148507352785 0.7520612306413322 0.5748705516707876
1 0.6256118412024662 0.44799711213521165 0.5845561195544863 0.43930220588266966 0.5696596535731396 0.5096405330716453 0.6107153752211195 0.5183354393241872
1 0.5858466056463211 0.4442193874664541 0.5264586834481163 0.4299849237346057 0.506605387383747 0.5128153010680822 0.5659933095819518 0.5270497647999306
1 0.5009039946873435 0.397562613157275 0.4996018978167099 0.3147562905464435 0.4327777959620934 0.3158070732785391 0.4340798928327271 0.3986133958893706
1 0.3123365099631414 0.4730065969588221 0.24829438946705285 0.4374148467076367 0.1725413172342658 0.5737213600328553 0.2365834377303543 0.6093131102840407
1 0.3937755407083878 0.6423725929569271 0.3013315204735775 0.6177177727603029 0.2688991843111225 0.7393238326120262 0.36134320454593283 0.7639786528086503
1 0.2866026480381483 0.7055457084244827 0.2262378321099927 0.6871252431481193 0.1961759768684089 0.7856394951440018 0.2565407927965645 0.8040599604203653
1 0.28446801963469026 0.8175963867282459 0.22838953367175208 0.804887678501691 0.19620904883208637 0.946887387299077 0.2522875347950246 0.9595960955256319
1 0.31354218750000007 0.7977937500000001 0.26822968750000004 0.7977937500000001 0.26822968750000004 0.8575375 0.31354218750000007 0.8575375
1 0.4207005168980656 0.7929704318016181 0.37108136405711056 0.7836005025287756 0.35504127872416696 0.8685419596669945 0.404660431565122 0.8779118889398368
1 0.49837127909760587 0.861568345295559 0.4846507740037496 0.7786467431220943 0.4293264364477678 0.7878009060344696 0.44304694154162405 0.8707225082079342
1 0.5907271532161753 0.782496482797463 0.4978210609584372 0.7780670023590014 0.49293138256993074 0.8806255118240591 0.5858374748276689 0.8850549922625207
1 0.6446775523145521 0.9394630564175064 0.6413090701788333 0.7787975856618994 0.5831367301204208 0.7800172160364793 0.5865052122561395 0.9406826867920861
1 0.6826759770111162 0.8601086082523419 0.665109073464407 0.7763956982516292 0.6286554161117077 0.7840453891133399 0.6462223196584169 0.8677582991140526
1 0.682214749587068 0.868279323106019 0.6445442843063203 0.8584948213221615 0.6221129360760125 0.9448558178630642 0.6597834013567603 0.9546403196469215
1 0.7220743405914286 0.8870039789159918 0.6907058680499776 0.8850726482957153 0.6862679893133218 0.957152216564119 0.7176364618547728 0.9590835471843955
1 0.7782156685046194 0.9750069977975475 0.7565408382861513 0.8876111849500715 0.7104183554919921 0.8990499135486865 0.7320931857104601 0.9864457263961623
1 0.7905445009211043 0.9542041624369585 0.7842793982307257 0.8961885600874455 0.7613588797746381 0.8986637460034513 0.7676239824650167 0.9566793483529643
1 0.7911346481273139 0.8666683896860004 0.7794305006563671 0.8047066329748077 0.7505988064429868 0.8101527406841733 0.7623029539139337 0.872114497395366
1 0.7550501881014013 0.5205788225460775 0.7140360471636324 0.5198298804023904 0.7125253347061342 0.6025606683151263 0.7535394756439031 0.6033096104588134
1 0.7364196139163253 0.6630315487802664 0.7158565041674996 0.5740550269185577 0.6195765446234123 0.5963060132831931 0.640139654372238 0.6852825351449017
1 0.7751988631492531 0.47342283073456404 0.7187950269085115 0.4485610340085026 0.6952234592489039 0.5020377338970662 0.7516272954896456 0.5268995306231277
1 0.7197017065463756 0.501380816657435 0.6746819969317203 0.49434244597086 0.6658079027404085 0.5511040405751317 0.7108276123550639 0.5581424112617066
1 0.7029448221732802 0.462682559632302 0.6424116327537723 0.4252644236907105 0.6083041234776896 0.4804418468220919 0.6688373128971974 0.5178599827636834
1 0.5990478339972369 0.5734822880506734 0.578200246807119 0.5044972193943805 0.5477520632982602 0.5136987926166136 0.5685996504883782 0.5826838612729063
1 0.5856549375645791 0.6007030628725408 0.556616571684895 0.5908311043888814 0.5400578146491933 0.6395386882093979 0.5690961805288776 0.6494106466930571
1 0.49800694340579044 0.6054347599298892 0.4112626159668403 0.5759419245433293 0.38373161123717703 0.6569161156542151 0.4704759386761272 0.6864089510407749
1 0.4159298527714227 0.5345779342298879 0.3102015986704486 0.5138463857382556 0.29234503154553415 0.6049126014199286 0.39807328564650823 0.6256441499115609
1 0.505641416923579 0.9907078100191639 0.48752497794704136 0.9176521443605619 0.42864463352822896 0.9322533687415122 0.4467610725047667 1.005309034400114
1 0.6189721466567469 0.9381185830982106 0.5424325769033904 0.8609338941140766 0.4880082990521859 0.9149032870816975 0.5645478688055425 0.9920879760658317
1 0.8164203724498293 0.358394292672944 0.7996910066549526 0.2919723750119218 0.7415172383279673 0.3066243194946937 0.758246604122844 0.37304623715571583
1 0.8388189141443798 0.12332830040510434 0.7915577581747039 0.10754903655857236 0.7577921403698441 0.20868189960013125 0.80505329633952 0.22446116344666328
1 0.8614260769203506 0.1747804064372441 0.8254788214271791 0.16165391301726934 0.8032991326499517 0.2223935876375121 0.8392463881431231 0.23552008105748684
1 0.8338143926121763 0.287030767301679 0.8289452398445057 0.20973752966435724 0.7855988670611668 0.21246817101744453 0.7904680198288373 0.2897614086547663
1 0.7953206229989654 0.04372492642806368 0.7566217043663258 0.040262555610076564 0.7505381690768326 0.10825822954073838 0.7892370877094723 0.11172060035872548
1 0.759809331885106 0.2798092372019927 0.7279571996237595 0.2721426596155648 0.7149159571963157 0.326324773338197 0.7467680894576623 0.33399135092462495
1 0.7285637198014847 0.33613126366224366 0.6982527086418043 0.30379850805821285 0.6577730604579236 0.34174699234046735 0.6880840716176039 0.3740797479444981
1 0.6451123072417682 0.2876179315112795 0.5944686651847888 0.23075949836467835 0.550316320353818 0.2700858642852924 0.6009599624107973 0.32694429743189357
1 0.6061762992254951 0.4051757402531521 0.5849472442762187 0.27280409102243347 0.5285068019580594 0.28185570636678337 0.5497358569073358 0.414227355597502
1 0.6249602486329118 0.37527790411370987 0.6163173449380749 0.31732845324556935 0.5913249429297311 0.3210559592085209 0.5999678466245679 0.37900541007666144
1 0.5207454841651404 0.320442391222128 0.49036279876450434 0.2901402800585805 0.46962284549810096 0.3109353814928021 0.500005530898737 0.34123749265634956
1 0.47604218749999994 0.21323593750000008 0.4359375 0.21323593750000008 0.4359375 0.3189343750000001 0.47604218749999994 0.3189343750000001
1 0.44776839071289115 0.3039950377029032 0.4271996447225769 0.18703429175331315 0.37603421280411026 0.19603225738760593 0.39660295879442453 0.312993003337196
1 0.38760908771361907 0.23686003109447046 0.34767893678525974 0.14625127883783326 0.3071184984211756 0.16412575989250047 0.34704864934953494 0.25473451214913767
1 0.4078125 0.11764687500000004 0.3567703125 0.11764687500000004 0.3567703125 0.20220625000000006 0.4078125 0.2022062500000001
1 0.3862224481166609 0.12815599739088682 0.3801616200961853 0.04576581189589305 0.29658439375007917 0.05191396160897861 0.30264522177055475 0.13430414710397237
1 0.2463879404598451 0.22584695643499977 0.2304237889620452 0.11531740533091528 0.18351723553111557 0.12209227519812253 0.19948138702891544 0.232621826302207
1 0.2138525321104651 0.25035676234238896 0.1871145890849559 0.15010200784104227 0.1298515659230095 0.1653740561183334 0.15658950894851867 0.2656288106196801
1 0.2783898408942564 0.34280392818864625 0.2541138493024603 0.22380301740565897 0.20543171772713645 0.23373409279842172 0.22970770931893264 0.352735003581409
1 0.2976518048968725 0.4379048303916463 0.29187628532527987 0.34459286452407756 0.18288009913302336 0.3513391547852403 0.18865561870461595 0.444651120652809
1 0.46145781250000006 0.050551562500000057 0.40729218749999996 0.05055156250000005 0.40729218749999996 0.13143437500000005 0.46145781250000006 0.13143437500000005
1 0.5614578125 6.716422289073765e-17 0.525 6.493182572163569e-17 0.525 0.10386093750000006 0.5614578125 0.10386093750000007
1 0.5551661548116311 0.1818303842516067 0.5192153765275799 0.15660983502392187 0.4891489219556505 0.19946823720797915 0.5250997002397019 0.22468878643566398
1 0.5760067814487164 0.26701692239960323 0.5527523099843921 0.20376096465917543 0.5215377160356753 0.21523622975957216 0.5447921874999998 0.27849218750000004
1 0.6580033882797323 0.05285644372366569 0.6184188889060614 -0.013735265884602254 0.5595332372291052 0.021268476407595348 0.599117736602776 0.08786018601586329
1 0.5926002782736457 0.03973977146357381 0.5630030169695366 0.03694504529523929 0.5561181857221924 0.1098581456093846 0.5857154470263015 0.11265287177771914
1 0.6092368042437247 0.13292677579271456 0.5763985861663915 0.13203889715288408 0.5749628277579844 0.18514046487461913 0.6078010458353175 0.18602834351444958
1 0.6682874831776189 0.22960730886406616 0.6631779124343576 0.16348435387552296 0.6071912269289872 0.1678106567505226 0.6123007976722483 0.23393361173906585
1 0.7129842752864024 0.2051950592796044 0.6911643040352049 0.13298290385975772 0.6523160085954373 0.14472149114780297 0.6741359798466346 0.21693364656764963
1 0.7271402943239762 0.18753711229203632 0.7234555248380212 0.14158402616872273 0.6974245048067306 0.14367133556165856 0.7011092742926855 0.18962442168497215
1 0.7318679738390904 0.06378052998174333 0.7010421874999999 0.022978125000000026 0.6504242136609093 0.06121947001825667 0.68125 0.10202187499999997
1 0.3855326173294172 0.5197124496361722 0.38379158354522336 0.44075301439280423 0.2928121223918693 0.442759086435335 0.29455315617606315 0.521718521678703
1 0.5162563783221625 0.4212446265662644 0.4708972814603996 0.42053137259946227 0.4692637648281782 0.5244142005890959 0.5146228616899411 0.5251274545558979
1 0.5307040402211397 0.5240861705629991 0.48244045469898433 0.518390807658911 0.46995278562400894 0.6242136840097461 0.5182163711461644 0.6299090469138342