1 0.5703125 0.3765625000000001 0.50625 0.3765625000000001 0.50625 0.4859375 0.5703125 0.4859375
1 0.634375 0.09843750000000007 0.575 0.09843750000000007 0.575 0.2015625000000001 0.634375 0.2015625000000001
1 0.29218750000000004 0.3625 0.225 0.3625 0.22500000000000003 0.45 0.2921875000000001 0.45
1 0.4265625 0.353125 0.3390625 0.353125 0.33906250000000004 0.4703125 0.4265625 0.4703125
1 0.2890625000000001 0.715625 0.22656250000000008 0.715625 0.22656250000000008 0.8421875 0.2890625000000001 0.8421875
1 0.534375 0.471875 0.4671875 0.471875 0.4671875 0.5640625 0.534375 0.5640625
1 0.7234375000000002 0.7453125 0.6671875000000002 0.7453125 0.6671875000000002 0.8234375 0.7234375000000002 0.8234375
1 0.7078125 0.4078125 0.628125 0.4078125 0.628125 0.5015625 0.7078125 0.5015625
1 0.3109375000000001 0.4390625 0.2453125000000001 0.4390625 0.2453125000000001 0.5515625 0.3109375000000001 0.5515625
1 0.1937500000000001 0.715625 0.12343750000000009 0.715625 0.12343750000000009 0.8 0.1937500000000001 0.8
1 0.546875 0.17187500000000006 0.4953125 0.17187500000000006 0.4953125 0.2750000000000001 0.546875 0.2750000000000001
1 0.3968750000000001 0.715625 0.2750000000000001 0.715625 0.2750000000000001 0.8375 0.3968750000000001 0.8375
1 0.721875 0.012500000000000084 0.6515625 0.012500000000000077 0.6515625 0.12500000000000008 0.721875 0.12500000000000008
1 0.5890625 0.4546875 0.5328125 0.4546875 0.5328125 0.5453125 0.5890625 0.5453125
1 0.7 0.12500000000000008 0.6328125 0.12500000000000008 0.6328125 0.2296875000000001 0.7 0.2296875000000001
1 0.853125 0.4468750000000002 0.76875 0.4468750000000002 0.76875 0.5328125000000001 0.853125 0.5328125000000001
1 0.6046875 0.7125 0.54375 0.7125 0.5437500000000001 0.815625 0.6046875000000002 0.815625
1 0.278125 0.009375000000000027 0.1875 0.009375000000000022 0.1875 0.15625000000000006 0.278125 0.15625000000000006
1 0.3687500000000001 0.39062500000000006 0.2921875000000001 0.390625 0.2921875000000001 0.5296875 0.3687500000000001 0.5296875
1 0.4453125 0.4671875 0.3687500000000001 0.4671875 0.3687500000000001 0.5578125 0.4453125 0.5578125
1 0.4000000000000002 0.821875 0.2906250000000001 0.821875 0.2906250000000001 0.9875 0.4000000000000002 0.9875
1 0.7921875 0.49687500000000007 0.7140625 0.496875 0.7140625 0.5750000000000001 0.7921875 0.5750000000000002
1 0.65 0.021875000000000075 0.5953125 0.02187500000000007 0.5953125 0.1140625000000001 0.65 0.1140625000000001
1 0.6578125 0.1843750000000001 0.59375 0.1843750000000001 0.59375 0.3296875000000001 0.6578125 0.3296875000000001
1 0.5234375000000001 0.7125 0.4546875 0.7125 0.4546875000000001 0.8765625 0.5234375000000002 0.8765625
1 0.5984375 0.03281250000000007 0.5359375 0.032812500000000064 0.5359375 0.13281250000000006 0.5984375 0.13281250000000008
1 0.575 0.11562500000000006 0.528125 0.11562500000000005 0.528125 0.22031250000000008 0.575 0.22031250000000008
1 0.475 0.10468750000000004 0.3890625 0.10468750000000004 0.3890625 0.19843750000000004 0.475 0.19843750000000004
1 0.6296875 0.3703125000000001 0.571875 0.3703125000000001 0.571875 0.515625 0.6296875 0.515625
1 0.2406250000000001 0.778125 0.18125000000000008 0.778125 0.1812500000000001 0.9078125 0.2406250000000001 0.9078125
1 0.5515625 6.199774420683476e-17 0.4609375 5.644856339819831e-17 0.4609375 0.11562500000000006 0.5515625 0.11562500000000009
1 0.246875 0.17031250000000003 0.1765625 0.1703125 0.1765625 0.2609375 0.246875 0.2609375
1 0.7046875 0.3593750000000001 0.628125 0.3593750000000001 0.628125 0.428125 0.7046875 0.428125
1 0.7140625000000002 0.825 0.6578125000000001 0.825 0.6578125000000001 0.90625 0.7140625000000002 0.90625
1 0.5140625 0.3734375000000001 0.4671875 0.3734375000000001 0.4671875 0.446875 0.5140625 0.446875
1 0.6796875000000001 0.715625 0.6328125 0.715625 0.6328125000000001 0.790625 0.6796875000000002 0.790625
1 0.6140625000000002 0.7953125 0.5453125000000002 0.7953125 0.5453125000000002 0.8921875 0.6140625000000002 0.8921875
1 0.1703125000000001 0.7546875 0.07187500000000009 0.7546875 0.0718750000000001 0.9046875 0.1703125000000001 0.9046875
1 0.6953125 0.5703125 0.646875 0.5703125 0.646875 0.64375 0.6953125 0.64375
1 0.734375 0.4406250000000001 0.6609375 0.440625 0.6609375 0.5250000000000001 0.734375 0.5250000000000001
1 0.475 0.3578125000000001 0.4234375 0.3578125000000001 0.4234375 0.5015625 0.475 0.5015625
1 0.23125000000000004 0.3109375 0.12968750000000004 0.3109375 0.12968750000000004 0.5234375 0.2312500000000001 0.5234375
1 0.8 0.23593750000000008 0.7453125 0.23593750000000008 0.7453125 0.3062500000000001 0.8 0.3062500000000001
1 0.55 0.7109375 0.509375 0.7109375 0.5093750000000001 0.8203125 0.5500000000000002 0.8203125
1 0.7703125 0.4390625000000002 0.728125 0.4390625000000002 0.728125 0.5000000000000002 0.7703125 0.5000000000000002
1 0.4609375 0.01718750000000005 0.38125 0.017187500000000043 0.38125 0.12031250000000004 0.4609375 0.12031250000000004
1 0.4828125000000002 0.821875 0.42500000000000016 0.821875 0.42500000000000016 0.9578125 0.4828125000000002 0.9578125
1 0.2203125 0.01093750000000002 0.1234375 0.010937500000000013 0.12343750000000002 0.18281250000000002 0.2203125 0.18281250000000004
1 0.7984375000000001 0.875 0.7625000000000002 0.875 0.7625000000000002 0.9390625 0.7984375000000001 0.9390625
1 0.6515625000000002 0.8171875 0.6109375000000001 0.8171875 0.6109375000000001 0.90625 0.6515625000000002 0.90625
1 0.5546875000000002 0.821875 0.5156250000000002 0.821875 0.5156250000000002 0.9234375 0.5546875000000002 0.9234375
1 0.23437500000000008 0.528125 0.13125000000000003 0.528125 0.13125000000000006 0.653125 0.23437500000000008 0.653125
1 0.834375 0.6218750000000002 0.7796875 0.6218750000000002 0.7796875 0.6781250000000002 0.834375 0.6781250000000002
1 0.6531250000000002 0.9015625 0.6093750000000002 0.9015625 0.6093750000000002 0.9828125 0.6531250000000002 0.9828125
1 0.6140625000000002 0.8796875 0.5562500000000001 0.8796875 0.5562500000000001 0.9640625 0.6140625000000002 0.9640625
1 0.31718750000000007 0.8046875 0.2468750000000001 0.8046875 0.2468750000000001 0.9203125 0.31718750000000007 0.9203125
1 0.5421875000000002 0.9046875 0.49531250000000016 0.9046875 0.49531250000000016 0.996875 0.5421875000000002 0.996875
1 0.4484375 0.5640625 0.3734375000000001 0.5640625 0.3734375000000001 0.7125 0.4484375 0.7125
1 0.790625 0.037500000000000096 0.7515625 0.03750000000000009 0.7515625 0.12500000000000008 0.790625 0.12500000000000008
1 0.2531250000000001 0.9078125 0.2000000000000001 0.9078125 0.2000000000000001 1 0.2531250000000001 1
1 0.8234375 0.2390625000000001 0.79375 0.2390625000000001 0.79375 0.2906250000000001 0.8234375 0.2906250000000001
1 0.353125 0.16093750000000004 0.2359375 0.16093750000000004 0.2359375 0.2765625 0.353125 0.2765625
1 0.325 0.015625000000000035 0.2671875 0.015625000000000035 0.2671875 0.13281250000000006 0.325 0.13281250000000006
1 0.6359375 0.7140625 0.6015625 0.7140625 0.6015625000000001 0.7765625 0.6359375000000002 0.7765625
1 0.3734375 0.026562500000000044 0.321875 0.026562500000000044 0.321875 0.14531250000000004 0.3734375 0.14531250000000004
1 0.14062500000000006 0.3296875 0.09531250000000005 0.3296875 0.09531250000000005 0.44375 0.14062500000000006 0.44375
1 0.6515625 0.484375 0.6125 0.484375 0.6125 0.5609375 0.6515625 0.5609375
1 0.2593750000000001 0.4578125 0.19843750000000004 0.4578125 0.19843750000000007 0.5671875 0.2593750000000001 0.5671875