1 0.17338748004157015 0.025992575136483103 0.08595167813916556 0.01513951265037312 0.06569780774359835 0.17831128116550443 0.15313360964600292 0.18916434365161441
1 0.1500567060372231 0.2907833561307349 0.10360633619091364 0.13189323999628005 0.034006205282486476 0.15224033206657744 0.08045657512879593 0.3111304482010323
1 0.21678217143143544 0.21589056302339138 0.13993098601922624 0.20713557075202083 0.12818807702943663 0.31021464244967617 0.20503926244164578 0.31896963472104667
1 0.29560917424380323 0.05214489160865987 0.18004617147790128 0.022318525414594226 0.1309707081762277 0.2124626369824864 0.24653371094212964 0.24228900317655205
1 0.29928693749545887 0.19899800323964312 0.23000654241040883 0.18433193753206328 0.19875059362536254 0.3319805655800712 0.2680309887104126 0.34664663128765105
1 0.19917697519542416 0.06314861275248358 0.17493204315302227 0.04642744900019073 0.1491327411834929 0.08383527134191465 0.17337767322589484 0.1005564350942075
1 0.38472814568660363 0.29495612267158194 0.3462044368538112 0.2168807275708285 0.26239018374349965 0.25823608515426333 0.30091389257629214 0.3363114802550168
1 0.35529114562547814 0.20811068465997265 0.3330214984051536 0.09879183525483803 0.2640161211501132 0.11284911280703827 0.28628576837043773 0.2221679622121729
1 0.3711339790179535 0.14229420730305625 0.35208770962085284 0.03408639757481219 0.3028214100661727 0.042758037966326136 0.3218676794632733 0.1509658476945702
1 0.321021875 3.3726103119799823e-17 0.22976718749999997 2.8138365072096474e-17 0.22976718749999997 0.042804687500000035 0.321021875 0.042804687500000035
1 0.8155737036010594 0.002858678496080946 0.7446811431457185 -0.013980962703352407 0.7196908645195391 0.09122465405063473 0.7905834249748801 0.10806429525006808
1 0.6771435784542575 0.16843137924317725 0.6703713871440722 0.028088641806703164 0.6094090593258374 0.031030358309035118 0.6161812506360228 0.1713730957455092
1 0.6264846006800103 0.001771665225905772 0.5674554075960417 -0.005474208262115798 0.5540476741601585 0.10375315916480668 0.6130768672441271 0.11099903265282825
1 0.5600850099790915 0.18552246649770332 0.5486828822730506 0.012971778429342662 0.46382893352019217 0.018578916661434946 0.47523106122623304 0.19112960472979562
1 0.42174077374093955 0.09531097202380903 0.3560442171705419 0.08809371459550924 0.34277185719119263 0.20890807612666093 0.4084684137615902 0.21612533355496072
1 0.39731517322102916 0.24225385822156867 0.3872953796116668 0.22031097687411955 0.3595188080443088 0.2329946126224834 0.36953860165367114 0.2549374939699324
1 0.46988353443703684 0.25177828745456 0.4518855207227401 0.12905709292123008 0.3988176013701955 0.1368399143314054 0.4168156150844923 0.2595611088647353
1 0.48292187356264477 0.33369470326280937 0.45235599868324317 0.23051769083256773 0.4011176213971749 0.2456969036461623 0.43168349627657643 0.34887391607640394
1 0.540612254435937 0.33414671619440567 0.5259765509228213 0.1949737023194868 0.4598754686134624 0.20192502007599752 0.4745111721265782 0.34109803395091637
1 0.5042887924292601 0.19460890328403696 0.46182000188789346 0.06964966258856753 0.4192637532823279 0.08411287793940805 0.46173254382369444 0.20907211863487749
1 0.5553956724993723 0.041281817234599186 0.5224350422759632 0.0026565507445635017 0.5023353674668496 0.019808482865598043 0.5352959976902588 0.058433749355633724
1 0.6218537779796777 0.23496912052581162 0.5705794951140009 0.15138639936782364 0.49808684712774004 0.19585741547058472 0.5493611299934169 0.2794401366285727
1 0.6586543238280711 0.15788628829450424 0.5966215515496094 0.0917473996847881 0.5453075109181669 0.1398756985432965 0.6073402831966286 0.20601458715301266
1 0.6778852586298255 0.31329102659449504 0.6692447483428935 0.18360784335443978 0.6033914260957765 0.18799550792349642 0.6120319363827085 0.3176786911635517
1 0.6325242343403159 0.2889025251613082 0.5879660220050422 0.2494224554608922 0.5358343516817304 0.30825958653196883 0.5803925640170042 0.34773965623238484
1 0.7071078878814644 0.144747115018174 0.6655454789321618 0.1371628208154822 0.6496334900311227 0.22436152015747696 0.6911958989804253 0.23194581436016876
1 0.7553291453811478 0.15134622402311762 0.7018676958638379 0.1477841570564175 0.6957549818073033 0.23952711332372129 0.7492164313246132 0.24308918029042142
1 0.7355325906326315 0.3343569814821682 0.7112869378196904 0.227277273796072 0.6567907234206849 0.23961664530249474 0.681036376233626 0.34669635298859103
1 0.8495854582232688 0.18243576590201085 0.8057497474431383 0.16254372336351855 0.7740802291745355 0.23233323043310072 0.817915939954666 0.25222527297159303
1 0.8361791420919488 0.45047083754402373 0.8206587181625382 0.39840604302338434 0.7671312352681254 0.4143624917915865 0.782651659197536 0.46642728631222585
1 0.7117679650354982 0.5474619471235368 0.7065811465238008 0.42394015653560635 0.6593979224797537 0.4259214330273767 0.6645847409914512 0.5494432236153071
1 0.664932551216107 0.49017836142884974 0.6636519846019309 0.41739344362959063 0.6155453855478793 0.41823982371124535 0.6168259521620554 0.49102474151050446
1 0.6272622372767344 0.4904313672335544 0.6058701456388987 0.4158210877127296 0.5486977037613081 0.43221344173765813 0.5700897953991437 0.5068237212584832
1 0.57930649975011 0.5584826415673625 0.5527327359144475 0.4243457212516125 0.4876464569180518 0.4372399147586717 0.5142202207537142 0.5713768350744217
1 0.48406928066615373 0.5067206842709548 0.4831652824452707 0.4320452655218994 0.4496056329551884 0.43245152857258873 0.4505096311760714 0.5071269473216441
1 0.4708572479903479 0.6023323504773299 0.45002786902308245 0.4239883181347725 0.3880981998625776 0.4312212854021259 0.4089275788298431 0.6095653177446833
1 0.40140363570606014 0.5719198168146485 0.3928114611589274 0.4325703677956939 0.32756990166267785 0.4365931096928842 0.33616207620981065 0.5759425587118387
1 0.34148819299005906 0.5973009152124397 0.3220007019724455 0.4167482348381629 0.23364754138713328 0.42628440688343455 0.2531350324047468 0.6068370872577113
1 0.24370139785972764 0.40989712809866286 0.16358664176988497 0.40988806722259 0.1635706900763767 0.550930282606887 0.24368544616621937 0.5509393434829598
1 0.16785708758782936 0.4294200969109056 0.11000102495616604 0.42856209440021986 0.10848808640373613 0.5305812220334063 0.16634414903539946 0.5314392245440921
1 0.2193087340313177 0.5094442581763052 0.1100544613321067 0.5029279693218754 0.1025959107271944 0.6279805168583448 0.2118501834264054 0.6344968057127747
1 0.115829682127507 0.4564783610751933 0.08185415568111407 0.45110872775819216 0.07142525522642006 0.5170959865312253 0.105400781672813 0.5224656198482265
1 0.10169662225917435 0.6045767008740326 0.09381739363769206 0.4910360966841586 0.011673619557649695 0.4967365206023341 0.01955284817913199 0.610277124792208
1 0.15111411819072681 0.6429232953296127 0.1047453125 0.57756875 0.0366400239237334 0.6258891977450918 0.08300882961446021 0.6912437430747045
1 0.08169071463721482 0.750627019998271 0.07247314946468959 0.6489368171104478 -0.0034473182878009155 0.6558185209478288 0.005770246884724317 0.7575087238356519
1 0.24132332126243092 0.7381949169929035 0.19540456908895082 0.6566645047785226 0.09016240705885634 0.7159379540989314 0.1360811592323364 0.7974683663133122
1 0.19311591644642362 0.6347363430333488 0.1386093555685703 0.6222618169950563 0.12720516436428642 0.672091625376623 0.18171172524213977 0.6845661514149155
1 0.3007017943388149 0.7202327624899094 0.29835708430262203 0.5582855063222805 0.22644638830587036 0.559326646102004 0.2287910983420632 0.721273902269633
1 0.4624939593539259 0.7140683541819295 0.4320764148315243 0.5621389108037388 0.3373947954387844 0.5810949624372773 0.36781233996118595 0.733024405815468
1 0.5412359415607789 0.7015606135879713 0.519431794867544 0.568577269242488 0.4563269649865954 0.5789240308955954 0.4781311116798303 0.7119073752410788
1 0.566141880283446 0.6247443708579528 0.56330880057282 0.5600609062559957 0.5079980713984569 0.5624834682750233 0.510831151109083 0.6271669328769804
1 0.6116162474937132 0.5057571930718805 0.5701439674007622 0.5007505970506626 0.5551277931088563 0.6251375025487819 0.5966000732018072 0.6301440985699998
1 0.6827007028660946 0.5027995457368357 0.6228882885920571 0.48645529227631423 0.5813456739234371 0.6384820633116508 0.6411580881974747 0.6548263167721723
1 0.7157615389249152 0.5550684148415924 0.66354422803007 0.5445078412433431 0.6418506593259641 0.6517728312462309 0.6940679702208093 0.6623334048444803
1 0.886639354755513 0.6273265255200429 0.8384640925116511 0.5966825984105104 0.8122964462900027 0.6378207075871363 0.8604717085338647 0.6684646346966687
1 0.6958090424107535 0.7630428338195754 0.6699801936006256 0.6362087035256029 0.6041956792028509 0.6496052417640849 0.6300245280129788 0.7764393720580574
1 0.5924443484947484 0.7693467947557925 0.5918284674993368 0.617847401801169 0.5312027257284015 0.6180938598328566 0.5318186067238131 0.76959325278748
1 0.6387680534655116 0.6981186486757149 0.5871228163937439 0.6915561584851311 0.5762993110486303 0.7767345714445882 0.627944548120398 0.7832970616351721
1 0.7161579732893455 0.7665204589295058 0.7100310219306897 0.6949512758573846 0.6682053122185578 0.698531924370436 0.6743322635772137 0.7701011074425572
1 0.846568473767982 0.9106678568369198 0.822864745992063 0.900709782840052 0.8040875 0.9454062499999999 0.8277912277759191 0.9553643239968675
1 0.7586085158987997 0.9474071897286226 0.7475551799634992 0.8921912599875459 0.7064888150905698 0.9004120819262631 0.7175421510258704 0.9556280116673399
1 0.7169860409903359 0.9512135276626192 0.7129131936905297 0.8901221775938645 0.6379068402001937 0.895122712431245 0.6419796874999999 0.9562140624999997
1 0.6537537725511405 0.9554284536088712 0.6456771925870088 0.8343190152995046 0.5675618580472741 0.8395283924929109 0.5756384380114057 0.9606378308022775
1 0.7106244960881234 0.8891222629896722 0.6918247479302596 0.8126175942125806 0.632648879384589 0.8271590783267447 0.6514486275424528 0.9036637471038362
1 0.5510390625 0.9622765625000002 0.5480374680097452 0.917262066346713 0.5107093430097451 0.9197511288467132 0.5137109375 0.9647656250000003
1 0.5946355566985002 0.9365894585778747 0.5553726055834453 0.81749635058625 0.49908301722605997 0.8360540605430513 0.538345968341115 0.955147168534676
1 0.5277086226644175 0.9638312532027526 0.5186330436702253 0.8277177312646803 0.4010338756554952 0.835558837157558 0.41010945464968734 0.9716723590956304
1 0.4320238383999344 0.8754347630151477 0.37527645026728645 0.8247680054700138 0.31052851688570443 0.8972864827599499 0.3672759050183524 0.9479532403050837
1 0.34104131506592095 0.8618358268610622 0.22399378628427113 0.8203922491191445 0.17679940275456704 0.9536815611308841 0.2938469315362169 0.9951251388728017
1 0.046678125000000105 0.80550625 9.952053943058493e-17 0.80550625 1.0749098090687935e-16 0.9356734375 0.04667812500000011 0.9356734375
1 0.0936878952581272 0.8593495018957583 0.042134839093561326 0.8498745749246754 0.018903053833937755 0.976278665842502 0.07045610999850363 0.9857535928135848
1 0.19538165172103014 0.9698360704098071 0.1873752124033306 0.8498010010342341 0.0695925368950567 0.8576572038009665 0.07759897621275626 0.9776922731765396
1 0.36852968750000004 0.97444375 0.3644573111799105 0.9133542584955838 0.29001512367991045 0.9183167584955839 0.2940875 0.97940625