1 0.9942171874999998 0.23058593750000012 0.9060835234999483 0.22862756639634035 0.9035863518808256 0.34100916966802763 0.9917200158808772 0.3429675407716874
1 0.955335682737311 0.3152526190815351 0.9378478853855491 0.22360281133876309 0.803215784485187 0.24929210579091837 0.8207035818369489 0.34094191353369036
1 0.6696676947720361 0.2850897877763721 0.6549450852972465 0.22533552970676762 0.4986756348858842 0.26383812626761066 0.5133982443606738 0.3235923843372152
1 0.619261756847892 0.21456966005686406 0.5432835521789607 0.17875505362373278 0.5182972143880302 0.23176183704744183 0.5942754190569615 0.2675764434805731
1 0.4524530145906098 0.29213570740790945 0.33851332696363795 0.220343408872806 0.29839837851509426 0.2840087990144 0.41233806614206614 0.35580109754950345
1 0.2452276341047515 0.35833402269977926 0.19918418354565376 0.2387593751568584 0.09697257078401293 0.2781170102029244 0.1430160213431107 0.39769165774584525
1 0.24017923507690792 0.4501336941968136 0.23422047080337208 0.3668429601859746 0.12191143869891423 0.37487774407937074 0.12787020297245005 0.4581684780902098
1 0.22442292030848354 0.4674171638702411 0.1728451845602411 0.4356349454313616 0.13427601812672835 0.4982268717364227 0.18585375387497077 0.5300090901753023
1 0.29193580797243984 0.528498528241393 0.28402943235461164 0.4626366007918928 0.19213887204954638 0.47366757594915043 0.20004524766737458 0.5395295033986506
1 0.21487738160998596 0.6369221254331122 0.21454992848055005 0.5971867796864588 0.13104301596265325 0.5978749478480714 0.13137046909208916 0.6376102935947248
1 0.13476562500000006 0.21988124999999997 2.9120665750756307e-17 0.21988124999999997 3.506690001380381e-17 0.31699062499999997 0.13476562500000006 0.31699062499999997
1 0.23734666566822854 0.17712905419355923 0.20591198515138243 0.11827671317632457 0.1427946086084953 0.15198946839376118 0.1742292891253414 0.21084180941099584
1 0.40469506741977224 0.19217295851671917 0.2900334462027132 0.12337841197398276 0.2478232295249041 0.19373125416030793 0.36248485074196307 0.2625258007030443
1 0.6278435667142552 0.1295689872660628 0.5877079947582218 0.06141163721551988 0.48658531808871003 0.12095938170450257 0.5267208900447434 0.1891167317550455
1 0.7336966082418939 0.1364382627988364 0.6837976377671526 0.04208711970902277 0.6029538637028792 0.08484252216620143 0.6528528341776204 0.17919366525601504
1 0.9976159157649173 0.11473952806428973 0.9934598985990674 0.05167955057438693 0.8504932052317624 0.06110188238340912 0.8546492223976123 0.12416185987331192
1 0.9882707075777997 0.2330109091234233 0.9862241852033817 0.12917240436629557 0.8345283235821978 0.13216213323075202 0.8365748459566158 0.2360006379878797
1 0.981370690603438 0.12211358136645505 0.8750511226829933 0.10770180999091725 0.8705592593494561 0.140839510856057 0.9768788272699007 0.15525128223159482
1 0.9960375000000002 0.14866875000000013 0.9732934335380461 0.14816323371544543 0.9715801932544303 0.22524492636591648 0.9943242597163845 0.22575044265047114
1 0.7700636439053822 0.23817590373366135 0.69098550648851 0.15687514115741727 0.6256201779067233 0.2204534923572854 0.7046983153235956 0.3017542549335295
1 0.46384895863584175 0.3635721923830427 0.44241838372329745 0.30927962891745375 0.3450743314075716 0.3477036574082986 0.3665049063201159 0.40199622087388764
1 0.5380187143897721 0.6815607049832861 0.4657294583208996 0.6366365431763696 0.43437046045675104 0.6870975542556156 0.5066597165256236 0.7320217160625322
1 0.8848645156802423 0.5467426863171473 0.8129269936592193 0.5447932992805747 0.8115693534814714 0.594893801823716 0.8835068755024944 0.5968431888602885
1 0.9039546860564357 0.542732648913585 0.9027452664146919 0.5019344977635847 0.8123330511489446 0.5046146758087597 0.8135424707906884 0.5454128269587601
1 0.10707956016716122 0.21435563540171856 0.09098481711403479 0.14468110514537028 -0.010904193400416883 0.1682173591844563 0.005190549652709553 0.23789188944080455
1 0.27221837802917576 0.21028757184038455 0.23618941356408052 0.15751251964287868 0.13877411143739588 0.2240169059491932 0.1748030759024911 0.27679195814669905
1 0.3291751199377179 0.25869128541420244 0.30173406247052503 0.20011685928134018 0.20221396552874032 0.24674022172155663 0.22965502299593324 0.3053146478544189
1 0.2806572248094179 0.31506934617745025 0.27808401114037284 0.2843883320172017 0.22073616377421984 0.2891980903896641 0.2233093774432649 0.31987910454991264
1 0.3239101251357207 0.3103288890942483 0.2805115040863003 0.2800649163250894 0.2534655392314693 0.31884890508306557 0.2968641602808897 0.3491128778522244
1 0.039360937500000075 0.6463281249999999 7.927148298433935e-17 0.6463281249999999 8.185481800182199e-17 0.6885171875 0.03936093750000008 0.6885171875
1 0.7182443948314223 0.4393505336518996 0.7123410295337523 0.3787912471333602 0.6261590968630791 0.38719232746079174 0.6320624621607491 0.44775161397933105
1 0.6598585844412754 0.4043385173915026 0.6466577503327785 0.34616518846973826 0.551745343423139 0.3677029440301486 0.5649461775316359 0.42587627295191294
1 0.7254330012998762 0.3218827034768796 0.688098283504186 0.26615715670401735 0.6145344072910497 0.31544310753675164 0.6518691250867399 0.3711686543096139
1 0.5757422275333763 0.394674114577049 0.4861434950506559 0.33071251941604424 0.4425512327243598 0.39177746691553406 0.5321499652070802 0.4557390620765388
1 0.6140910466293651 0.3140260495075703 0.48335525967370463 0.2967697777909883 0.4756912050606742 0.35483366479752476 0.6064269920163345 0.3720899365141067
1 0.5500790840030811 0.2606722501014346 0.5376328700854535 0.21815458511453506 0.45389404758508134 0.24266748577290892 0.466340261502709 0.28518515075980844
1 0.5440996963480011 0.2251836997463065 0.5327947462652941 0.14097565815109298 0.44021559186241294 0.15340443216598815 0.45152054194512 0.2376124737612017
1 0.9340868209924457 0.44400942856977166 0.9262264979424577 0.3746680395154723 0.8165581390225191 0.387099701777065 0.824418462072507 0.45644109083136436
1 0.9419636827159934 0.3735960999331992 0.93567656228403 0.3228146201905142 0.8243112943562331 0.3366024588857975 0.8305984147881965 0.3873839386284824
1 0.9959667342083506 0.38854279253286883 0.9919031249999998 0.3347203125 0.9076538307670331 0.341081152944979 0.9117174399753839 0.3949036329778478
1 0.9939110979818843 0.43271513628957675 0.9837255566379713 0.38468599922907415 0.8996958771119312 0.4025061772982754 0.909881418455844 0.450535314358778
1 0.9861099403746809 0.6423836545966314 0.9852529563749993 0.6133962276365764 0.9350371238770544 0.6148808080044974 0.935894107876736 0.6438682349645524
1 0.5372986775289961 0.4655327605453265 0.45960184910438084 0.46501038533991607 0.45910766112328494 0.5385147139891706 0.5368044895479003 0.539037089194581
1 0.3978298684663086 0.47768344143181335 0.3684844372281719 0.44794238591004804 0.3279136607497271 0.4879734779657664 0.35725909198786376 0.5177145334875317
1 0.31254011906774537 0.39409346708752435 0.24000299567032912 0.34139354646762043 0.20347716446950334 0.39166836080969053 0.2760142878669195 0.44436828142959434