1 0.1955265625 1.889582173318774e-17 0.10416406250000002 1.3301482073832739e-17 0.10416406250000002 0.09426718750000003 0.1955265625 0.09426718750000003
1 0.23421696148433085 0.019625875302664735 0.18596230471174927 0.01499084125675031 0.17495196281052738 0.12961788911210578 0.22320661958310897 0.1342529231580202
1 0.18662013034264816 0.17479126660838534 0.1821937916132311 0.09023267882755173 0.11649948271631776 0.0936715402300905 0.1209258214457348 0.1782301280109241
1 0.23812148073996497 0.13058862126518125 0.16957322971097807 0.1295106518625599 0.16808212254639213 0.2243304009023795 0.23663037357537897 0.22540837030500085
1 0.33968104191896187 0.03548575168014669 0.27030616934460794 0.0021934842472566716 0.2020711552812406 0.1443825200435615 0.27144602785559446 0.17767478747645155
1 0.286721875 3.0244279188974007e-17 0.2046875 2.5221122450783826e-17 0.2046875 0.06530625000000002 0.286721875 0.06530625000000004
1 0.3586265625 4.302114220422482e-17 0.3137940594362704 -0.0013877821831407191 0.3105989553480296 0.10183051501448404 0.3554314584117592 0.1032182971976248
1 0.34525371272557115 0.1762830514761751 0.34467155514342807 0.09762968107808576 0.29529354806935515 0.0979951553236749 0.2958757056514982 0.17664852572176423
1 0.4453146855989051 0.09729133836754027 0.3873854074158386 0.07427232906148165 0.34948838566457485 0.1696433802717899 0.40741766384764133 0.19266238957784854
1 0.5147392032315098 0.00406740462803834 0.4647943237590194 -0.016641674135216 0.4214713194894422 0.08784207675328547 0.4714161989619326 0.1085511555165398
1 0.5160749027481298 0.22411079798296457 0.5106211472875353 0.1050914770480871 0.41670897543144403 0.10939476172534288 0.4221627308920385 0.2284140826602204
1 0.5361084251798275 0.02376490979883375 0.48732963567092014 0.021661430899515784 0.4824979523626678 0.13370613129720457 0.5312767418715751 0.13580961019652255
1 0.577709375 6.771646205672816e-17 0.5272234375 6.462508996866176e-17 0.5272234375 0.09373281250000007 0.577709375 0.09373281250000007
1 0.5920992068257599 0.11117592032206622 0.5442331108694436 0.09284544463274728 0.4972859234898495 0.215437930178566 0.5451520194461659 0.23376840586788497
1 0.6255683548458296 0.0002752489755494192 0.5761582434967591 -0.0026517157336200968 0.568796953406854 0.12161427280924439 0.6182070647559244 0.12454123751841391
1 0.6260740225895502 0.10530786905385536 0.5769626970044721 0.10305810708672496 0.5728676892232435 0.19245034651277612 0.6219790148083216 0.19470010847990654
1 0.6480404967092401 0.18858866154046675 0.5936666841114948 0.17024568861592604 0.5662859692672357 0.25140995047569403 0.620659781864981 0.2697529234002347
1 0.6857400684812652 0.00025792175923788907 0.6341894081609218 -0.009595056290075 0.6124532510436902 0.10412825118224456 0.6640039113640335 0.11398122923155744
1 0.6748148268386357 0.07832702704148739 0.6276876836116897 0.07627249737301381 0.6224955381178525 0.19537079422311518 0.6696226813447985 0.19742532389158876
1 0.7171438828314046 0.196661572251531 0.7114200379170856 0.0870145262817205 0.6621099381912774 0.08958863451276068 0.6678337831055963 0.19923568048257118
1 0.787778125 9.361917699166243e-17 0.7384765625 9.060032695623302e-17 0.7384765625 0.04026250000000009 0.787778125 0.0402625000000001
1 0.8022401805678507 0.23623022310088904 0.7717159828865763 0.2136943589559023 0.7436163117805376 0.2517545775524156 0.774140509461812 0.27429044169740235
1 0.8325849065463832 0.29771173452681243 0.7855758308814023 0.2881007719054524 0.7654467664128388 0.3865559165092801 0.8124558420778196 0.39616687913064014
1 0.8616650379120305 0.3358905961495851 0.80582353830636 0.33048472652036937 0.7926011687706624 0.46706903096294783 0.848442668376333 0.47247490059216357
1 0.7369407620214716 0.2996045678381273 0.6924572425739413 0.2924853077747336 0.6781055972062289 0.3821591910342208 0.7225891166537592 0.3892784510976145
1 0.7261648355038091 0.3686548913886396 0.6676564723125995 0.35381834595539335 0.6488919119563206 0.42781695414813087 0.7074002751475301 0.4426534995813771
1 0.7836225311140124 0.4469846107215318 0.7330500393498387 0.42691688473097383 0.7000386727157479 0.5101085262758194 0.7506111644799216 0.5301762522663773
1 0.7584261740510765 0.40179835346893256 0.72387923515056 0.3894167375647216 0.7081712661825961 0.4332448007501494 0.7427182050831126 0.44562641665436037
1 0.7988652652437296 0.4754986730052721 0.7659878329577839 0.4661099168146974 0.7450629194450723 0.5393845245624288 0.7779403517310179 0.5487732807530035
1 0.6631334023346362 0.3253693321197312 0.5928899124943922 0.32011137132704776 0.5856329074954723 0.41706100199405033 0.6558763973357162 0.42231896278673375
1 0.6111249439187588 0.34183393713015436 0.5687605360326304 0.3058171375288511 0.5119641409312868 0.3726233411663326 0.5543285488174152 0.4086401407676359
1 0.6219794260111365 0.49394712474805746 0.6188055504285175 0.3804719102110299 0.5571041541042738 0.38219768403755233 0.5602780296868929 0.49567289857457986
1 0.6450288258238795 0.48709299392188266 0.5900615884544929 0.4820680919649386 0.5812887575197825 0.5780338012507354 0.6362559948891692 0.5830587032076795
1 0.5312987128449684 0.3108453488203192 0.4730294448099726 0.2739674325247482 0.40914874596921863 0.374902678789239 0.46741801400421445 0.41178059508480996
1 0.39710365179852314 0.3896449680765711 0.33854372343008793 0.38069470395814786 0.32421179880808504 0.4744658450263467 0.38277172717652025 0.4834161091447699
1 0.34639992313300993 0.33111327065392515 0.28064401932492944 0.32521243798308597 0.2674967330337813 0.471719166935136 0.33325263684186185 0.4776199996059751
1 0.21020441926584263 0.32278836778383235 0.1666571477623003 0.32165582126852005 0.16484070058204245 0.3914995914457845 0.20838797208558474 0.3926321379610968
1 0.19289650845212414 0.3371900210806471 0.12985602434305096 0.3265178697667223 0.10151026400272736 0.4939565053080135 0.16455074811180054 0.5046286566219383
1 0.22795486284664007 0.48648638276159534 0.22556232890452388 0.39766940338285894 0.17527622852645788 0.3990240002495026 0.17766876246857408 0.4878409796282389
1 0.19029033485803798 0.5050860976091672 0.09975943631931845 0.46593701213832633 0.06996639483359754 0.534832384366436 0.16049729337231705 0.5739814698372768
1 0.2217253015915123 0.4953024331447898 0.1770471665471295 0.4926575310094015 0.17306741880022872 0.5598841043103866 0.21774555384461153 0.5625290064457749
1 0.35296252833000186 0.629718413734276 0.28104543679940247 0.4722731907479119 0.1751691097217399 0.5206348835382191 0.2470862012523393 0.6780801065245831
1 0.1307211345711617 0.5703627754408948 0.08719245354678526 0.5171468069454317 0.04572642381037739 0.5510644755094696 0.08925510483475381 0.6042804440049327
1 0.20812839248750717 0.6416254830948682 0.18920181387368654 0.549644369128917 0.10331603412931831 0.5673167356838904 0.12224261274313894 0.6592978496498415
1 0.11807041357711205 0.5933760685099434 0.02470066110114364 0.5820090153686298 0.006538921981621449 0.7311907835051458 0.09990867445758986 0.7425578366464594
1 0.1724616902634455 0.6970789291183301 0.1296702419752879 0.6785242765409241 0.1029591833909731 0.7401263398166598 0.1457506316791307 0.7586809923940658
1 0.21289400177180723 0.8677941444932558 0.1165049578726312 0.8077473354915281 0.05676027060324631 0.9036514039955781 0.15314931450242236 0.9636982129973056
1 0.21617213164247467 0.8038595658762844 0.15488874952869125 0.7457273289206141 0.11077304524735414 0.792234391168253 0.17205642736113758 0.8503666281239234
1 0.26782019908382765 0.7448514553568507 0.2356324436602324 0.6711523244912805 0.1351595296943627 0.7150334061736177 0.16734728511795796 0.7887325370391879
1 0.28180483434075454 0.7675717771821802 0.23651718418940976 0.7400560314435543 0.16595213086628563 0.8561977300246166 0.21123978101763038 0.8837134757632426
1 0.3133111404380797 0.8286825841077601 0.24681495327986097 0.8017115777629584 0.19119186205797695 0.938848599530852 0.2576880492161957 0.9658196058756537
1 0.30967514159539516 0.8374829924376861 0.3073293691016258 0.6958860764492806 0.24873991688283942 0.6968567015824656 0.2510856893766088 0.8384536175708712
1 0.3576062869855956 0.779071155586353 0.35241329674868843 0.6740314673935149 0.2915591958194196 0.6770399945268143 0.2967521860563268 0.7820796827196523
1 0.4049069420805746 0.8956023627444771 0.36112283738053363 0.7683692873305852 0.2823945612386024 0.7954616693565539 0.3261786659386434 0.9226947447704459
1 0.43577080125225615 0.74983450816132 0.4327982569481329 0.6665974618952748 0.35161390435653167 0.6694967008244022 0.3545864486606549 0.7527337470904474
1 0.43470137481801574 0.8454057882094773 0.43102055991359417 0.741082646507969 0.36669710620621415 0.7433521595158059 0.3703779211106357 0.8476753012173143
1 0.4915458161655891 0.836145878789359 0.4390920549548304 0.7982403149471814 0.3581545827183495 0.910241678635402 0.41060834392910817 0.9481472424775795
1 0.47707196385931894 0.8180061147809768 0.472141356347268 0.6689993137349637 0.42419673724591905 0.6705857923214715 0.42912734475797 0.8195925933674847
1 0.5274597787971518 0.8522367033085596 0.5210065562787267 0.7239725206402312 0.46849108920623184 0.7266146767560516 0.4749443117246569 0.8548788594243801
1 0.5117276119203474 0.8740838437867728 0.4643345835771967 0.8557801145281502 0.41969502821885535 0.9713633206841793 0.467088056562006 0.989667049942802
1 0.5343266228619558 0.9523919633125703 0.5286300567589441 0.847417432170498 0.4867298421944549 0.8496911964769464 0.49242640829746653 0.9546657276190185
1 0.5914156767782114 0.9151523435121568 0.5513573294277386 0.7929268827258581 0.5043204081122086 0.8083428305998348 0.5443787554626813 0.9305682913861336
1 0.6007129278318915 0.9130699839263009 0.5982334551090883 0.7770988991274226 0.5644141145204398 0.7777156047499214 0.5668935872432429 0.9136866895487998
1 0.6457783441291507 0.783476207307506 0.5901442176207967 0.7813882263782947 0.5852754047981181 0.9111174517427777 0.640909531306472 0.9132054326719891
1 0.707855575661795 0.8285214081784236 0.6380761920375468 0.8187842732719842 0.6239450243207528 0.9200526836045407 0.6937244079450011 0.9297898185109801
1 0.7478635186698487 0.8601542374482154 0.7010749478358766 0.8495288917526043 0.6826289753473501 0.9307554904069351 0.7294175461813222 0.9413808361025462
1 0.7895078671798419 0.7457835591347501 0.7059717957088085 0.7351954205276658 0.6936401576316795 0.83248698781757 0.7771762291027129 0.8430751264246542
1 0.724241452665578 0.6845329564346185 0.6770314304186764 0.6748706262393851 0.6610997694844916 0.752712518612717 0.7083097917313932 0.7623748488079505
1 0.7822721881520028 0.6641857366538124 0.7295744273251463 0.6419429236389357 0.6947504742959556 0.7244479712941297 0.747448235122812 0.7466907843090065
1 0.7278759641796257 0.43544676613183875 0.6963640163280634 0.42352325639400545 0.6722657263811027 0.4872112201578065 0.7037776742326651 0.49913472989563984
1 0.692823606588461 0.7154289573809819 0.6447545646677308 0.6358767568564325 0.5989311852141828 0.6635653177432226 0.6470002271349129 0.743117518267772
1 0.6148891203374307 0.6830113995248569 0.577579634757058 0.6681859533477992 0.5518109431687968 0.7330350388832544 0.5891204287491694 0.7478604850603122
1 0.5969739231715444 0.7951874561989974 0.5799815585177154 0.7155252954865331 0.5176554169396548 0.7288197946024084 0.5346477815934838 0.8084819553148728
1 0.5102421133994567 0.7272907638236166 0.5066631636236302 0.6585292394071869 0.46897378526517003 0.6604909235520895 0.47255273504099654 0.7292524479685193
1 0.576846852750011 0.6665552632305162 0.537547743919032 0.642678990125917 0.48811467209242265 0.7240432659093647 0.5274137809234016 0.7479195390139639
1 0.5496265144214794 0.5046065931601958 0.4964963144762476 0.5015658023671603 0.4873421599557421 0.6615117154888196 0.5404723599009739 0.6645525062818551
1 0.4978741631875091 0.526904363179959 0.45601993897683696 0.522994751481324 0.44747363422301356 0.6144869463364138 0.48932785843368576 0.6183965580350488
1 0.39235755478695233 0.5134745926220424 0.3354490517755568 0.5075365781641183 0.32358831542449495 0.6212070239224705 0.38049681843589056 0.6271450383803945
1 0.508410248258029 0.42496517546843526 0.44794352647012586 0.3851686049311287 0.3534782687877686 0.5286986724163925 0.41394499057567175 0.568495242953699
1 0.6008927629352052 0.5060265353855016 0.5486490064480112 0.502134436857243 0.5384349752230995 0.639237687505333 0.5906787317102935 0.6431297860335916
1 0.6589964761346302 0.5916503241312578 0.640634375 0.5649375000000001 0.6001275548762101 0.5927814420744348 0.6184896560108403 0.6194942662056926
1 0.5387867425910634 0.44503698633398703 0.48806764646081857 0.42526039580867653 0.4541509051036193 0.5122433599914492 0.504870001233864 0.5320199505167598
1 0.5630588242567622 0.42170874935328745 0.5202244574032463 0.420833454988383 0.5181790254908882 0.5209309586634989 0.5610133923444042 0.5218062530284033
1 0.5356821778520963 0.4361017173940954 0.5312213339367797 0.3761208893556623 0.478867167769624 0.38001452956080545 0.4833280116849405 0.4399953575992385
1 0.6647835891032562 0.5307467681767768 0.6439093494681603 0.5246087801119764 0.627369309125869 0.5808586069337519 0.6482435487609648 0.5869965949985523
1 0.5406287123444945 0.3318286664318927 0.5087497835216429 0.3224547927936738 0.49323778030621224 0.3752084425109445 0.5251167091290638 0.3845823161491634
1 0.45630420419080897 0.3934595044746102 0.4182066365572078 0.37234728341425666 0.3842522102398479 0.4336189539499046 0.422349777873449 0.45473117501025795
1 0.451592189109469 0.2845170519183863 0.4028763031295227 0.2719131279804778 0.36719637744996314 0.40982090969522644 0.41591226342990933 0.422424833633135
1 0.14394476959395197 0.14320781591080872 0.07352748256932537 0.14209598789501737 0.07173898726633003 0.2553697904116614 0.14215627429095665 0.2564816184274527
1 0.11982704798640167 0.07769037480835857 0.09529652034332059 0.07696615459504826 0.09346531761818871 0.13899199734750098 0.1179958452612698 0.1397162175608113