1 0.7085944870152174 0.480940551557393 0.7028077482709068 0.44249595434711547 0.6267764864470564 0.45394029452756823 0.6325632251913671 0.49238489173784583
1 0.6675697419571848 0.5234389316459016 0.6651416657051366 0.47663601327308935 0.5249465781556087 0.48390915722580863 0.527374654407657 0.530712075598621
1 0.6077095780101288 0.3846238805733001 0.5312806198599087 0.2656397395290794 0.4210672394935463 0.3364348367722019 0.49749619764376646 0.45541897781642254
1 0.5182292711642622 0.30682921373258626 0.5055321969049249 0.23198668269372552 0.3375960553242287 0.26047713632856484 0.35029312958356607 0.3353196673674256
1 0.4220267357921941 0.24309835239848665 0.34894689208294083 0.13994022745600382 0.23966442830390014 0.21735870881738295 0.3127442720131534 0.3205168337598657
1 0.3536151033621469 0.08302422675384581 0.23218328118531356 0.05080955168472869 0.1973059532624588 0.1822781284512016 0.31873777543929216 0.21449280352031871
1 0.4134450750594233 0.13602221160124467 0.366944294621365 0.025861403198199184 0.28470189983028715 0.060577338913630076 0.33120268026834543 0.17073814731667553
1 0.3003468766520793 0.3040904208738214 0.2446474326136912 0.25303805148493436 0.17280160333883693 0.3314236934245509 0.22850104737722504 0.38247606281343793
1 0.26416590887271163 0.2143753205508038 0.1530194148806383 0.19558320012009306 0.1401873774900684 0.2714786251199369 0.2513338714821417 0.29027074555064764
1 0.19512574029647478 0.1677612813783576 0.07812349434536969 0.09418904068602847 0.01026731967021125 0.2021010026425143 0.12726956562131633 0.2756732433348434
1 0.20414110155323534 0.28796817686248344 0.11805475231255833 0.26171731712279034 0.09429879958362777 0.3396219367598933 0.18038514882430476 0.3658727964995864
1 0.40228099282294283 0.4905315630526773 0.2660772206399799 0.4452906034166749 0.24608630796652387 0.5054758368293213 0.38229008014948673 0.5507167964653237
1 0.40222295107593425 0.5877095173202698 0.4014854844894605 0.5380389737019031 0.31361266887998407 0.5393436355930485 0.31435013546645785 0.5890141792114153
1 0.32654235634001366 0.5293553928471869 0.23940598628939638 0.5016553797678298 0.21631239571068406 0.5743012535693749 0.3034487657613013 0.602001266648732
1 0.41115824141604973 0.6160414196697193 0.3959355531012969 0.5746850040985614 0.31830461515729913 0.603259810584633 0.333527303472052 0.6446162261557908
1 0.4092817894122998 0.6910660133096355 0.4051872981824454 0.629376174181065 0.26422716006770924 0.6387320106919525 0.2683216512975637 0.700421849820523
1 0.6557240927397721 0.6010005757784947 0.5838185646592813 0.5776991819870035 0.5549049643961166 0.6669233594862167 0.6268104924766075 0.6902247532777078
1 1 0.5449703125000003 0.9246109375 0.5449703125000003 0.9246109375 0.6322171875000002 1 0.6322171875000002
1 1 0.3244453125000001 0.8492890624999999 0.3244453125000001 0.8492890624999999 0.4080093750000001 1 0.4080093750000001
1 1 0.21695000000000011 0.8487718750000001 0.21695000000000011 0.8487718750000001 0.30016406250000005 1 0.30016406250000005
1 0.9468113788066482 0.3224269565390764 0.941947024784936 0.2960359385282283 0.8693352466565617 0.3094196357701179 0.8741996006782742 0.33581065378096603
1 1.0080676170319627 0.15230123291568112 0.9122303017090795 0.138328074546719 0.9009020349312629 0.21602494497358754 0.9967393502541461 0.22999810334254964
1 0.8697697222268411 0.17110263273625995 0.7417251576504142 0.14761142475064798 0.7295747200993693 0.2138403511894043 0.8576192846757962 0.23733155917501625
1 0.731562637339984 0.23762630509184515 0.7254281685131077 0.17279181122053866 0.5926005155448111 0.18535961344783067 0.5987349843716874 0.25019410731913716
1 0.6988683606623549 0.13939286172136062 0.4787579060226096 0.12745799647971628 0.4743821891725394 0.20815777865095195 0.6944926438122847 0.2200926438925963
1 0.6377567345684849 0.2616032490222987 0.561570079651969 0.18811881395301755 0.5097824943502731 0.24181076772009896 0.585969149266789 0.3152952027893801
1 0.5093361481406439 0.25140185784798613 0.5078944371756586 0.2040950183060338 0.38796627471122086 0.20774991786198865 0.3894079856762061 0.255056757403941
1 0.6409492115927702 0.3349185499000154 0.6214694949287805 0.2825539415738786 0.555847050864543 0.3069655939862928 0.5753267675285327 0.35933020231242957
1 0.7957360281225709 0.31807885119700263 0.7948104136578562 0.25514497883117887 0.717922780191498 0.2562758214604145 0.7188483946562128 0.31920969382623826
1 0.676622930040043 0.5829440530449221 0.6683706570741326 0.5319018340242345 0.5631896715974763 0.5489070156097968 0.5714419445633868 0.5999492346304844
1 0.7177422567232498 0.6352671876989866 0.6468913142426758 0.6168212396207887 0.6314391975781511 0.6761728665667274 0.7022901400587251 0.6946188146449253
1 0.9075113671455135 0.66404845576815 0.8094601023123523 0.6625910743689704 0.8083456822787518 0.7375682175597948 0.906396947111913 0.7390255989589745
1 0.7776041105056761 0.8578795492658896 0.7754807417212571 0.8419059979050557 0.7269648301807061 0.8483552320037067 0.7290881989651251 0.8643287833645406
1 0.8548666892721537 0.8423258405334437 0.8343967060153133 0.8021877223592334 0.7663200206793999 0.8369060567604389 0.7867900039362402 0.8770441749346493
1 0.7756402865596436 0.8490313338126624 0.7749599560495322 0.8033422805549956 0.7060607657529526 0.8043682204232695 0.706741096263064 0.8500572736809364
1 1.007374854352308 0.48038332572629494 0.9996434163565204 0.43536920462470147 0.9065960266688198 0.45135063681609633 0.9143274646646073 0.49636475791768986
1 0.8433892352033802 0.5054680446825617 0.8425531419474813 0.4403581606286554 0.7546847125590098 0.441486502389444 0.7555208058149087 0.5065963864433503
1 0.2896361099888205 0.8085245585121175 0.28893459618343775 0.7611770534074955 0.21703915147887226 0.7622422763140232 0.217740665284255 0.8095897814186455
1 0.5680440384485773 0.5694356159551245 0.4859639249203725 0.5552578498664296 0.4775174664297876 0.6041573921131653 0.5595975799579924 0.6183351582018602
1 0.5649854413586575 0.7873871869625619 0.5641806234308917 0.7331979633158373 0.5052650004048556 0.734072977690392 0.5060698183326213 0.7882622013371167
1 0.8386296147418142 0.15968602449406505 0.834011811325213 0.09253324285829004 0.7354709133410339 0.09930946990804004 0.740088716757635 0.16646225154381505
1 0.9234216484939942 0.15875481959348817 0.8690018717778516 0.11375338833991835 0.8263244682166523 0.1653627418188912 0.8807442449327949 0.21036417307246102
1 0.8264761311747535 0.23385487093569077 0.7586832537907007 0.21385773871026262 0.7459320822051237 0.25708586772692343 0.8137249595891765 0.2770829999523516
1 1 0.29391562500000007 0.9435890625000001 0.29391562500000007 0.9435890625000001 0.33577500000000005 1 0.33577500000000005
1 1.0058519628972693 0.5272301935043529 0.9999686074765114 0.48373667643678725 0.8883914444175938 0.4988296868754626 0.8942747998383517 0.5423232039430281
1 0.7148568853303713 0.5888375327137568 0.6568957842799554 0.5673717107053926 0.6398328114010813 0.6134444255013859 0.6977939124514971 0.6349102475097502
1 0.6909789960181064 0.3613197689747273 0.5841304347362348 0.3597379861413693 0.5828203538755289 0.4482332284574057 0.6896689151574005 0.4498150112907637
1 0.4006229446389714 0.34126609293845134 0.30229253905765247 0.28221395631576834 0.24876076891205953 0.37135214793676674 0.3470911744933784 0.43040428455944973
1 0.4048669531021682 0.4185102794656726 0.3281624581714112 0.3884184690887448 0.3017103325748546 0.45584535063271836 0.37841482750561156 0.4859371610096462
1 0.962752649437588 0.712114377525769 0.9271838118715074 0.6760082463408661 0.8708913307403229 0.7314630417409325 0.9064601683064035 0.7675691729258354
1 0.27251324921508935 0.06090545656284039 0.21881242272511878 0.00036471477681818685 0.13303875732821313 0.07644763987819998 0.18673958381818367 0.13698838166422217
1 0.25059375 0.195640625 0.20990996379578863 0.11556232162608535 0.15253064969593483 0.1447138851461383 0.1932144359001462 0.22479218852005295