1 0.3812500000000001 0.6875 0.29375000000000007 0.6875 0.29375000000000007 0.80625 0.3812500000000001 0.80625
1 0.4828125000000001 0.6921875 0.4078125 0.6921875 0.4078125000000001 0.790625 0.4828125000000002 0.790625
1 0.2218750000000001 0.69375 0.1546875000000001 0.69375 0.1546875000000001 0.7875 0.2218750000000001 0.7875
1 0.4187500000000002 0.75625 0.33281250000000007 0.75625 0.33281250000000007 0.884375 0.4187500000000002 0.884375
1 0.2796875000000001 0.7 0.20312500000000008 0.7 0.20312500000000008 0.846875 0.2796875000000001 0.846875
1 0.3828125000000001 0.36875 0.3046875000000001 0.36875 0.3046875000000001 0.4765625 0.3828125000000001 0.4765625
1 0.3078125000000001 0.3921875 0.23593750000000008 0.3921875 0.23593750000000008 0.4984375 0.3078125000000001 0.4984375
1 0.24531250000000004 0.359375 0.14375000000000004 0.359375 0.14375000000000004 0.475 0.2453125000000001 0.475
1 0.4375 0.28125000000000006 0.34375 0.28125 0.34375000000000006 0.38281250000000006 0.4375 0.3828125000000001
1 0.4296875 0.4484375 0.3593750000000001 0.4484375 0.3593750000000001 0.5640625 0.4296875 0.5640625
1 0.3656250000000001 0.4765625 0.2968750000000001 0.4765625 0.2968750000000001 0.6125 0.3656250000000001 0.6125
1 0.7578125000000001 0.6968750000000001 0.696875 0.696875 0.6968750000000001 0.7796875000000001 0.7578125000000002 0.7796875000000002
1 0.7000000000000001 0.6921875 0.6421875 0.6921875 0.6421875000000001 0.778125 0.7000000000000002 0.778125
1 0.4765625 0.39531250000000007 0.4078125 0.39531250000000007 0.4078125 0.4828125 0.4765625 0.4828125
1 0.3140625000000001 0.4984375 0.2390625000000001 0.4984375 0.2390625000000001 0.634375 0.3140625000000001 0.634375
1 0.746875 0.4625000000000001 0.684375 0.4625 0.684375 0.5562500000000001 0.746875 0.5562500000000001
1 0.58125 0.3843750000000001 0.51875 0.3843750000000001 0.51875 0.478125 0.58125 0.478125
1 0.534375 0.6953125 0.4796875 0.6953125 0.4796875000000001 0.8234375 0.5343750000000002 0.8234375
1 0.5546875 0.50625 0.4765625 0.50625 0.4765625 0.6234375 0.5546875 0.6234375
1 0.59375 0.4734375 0.534375 0.4734375 0.534375 0.5734375 0.59375 0.5734375
1 0.65 0.5484375 0.5875 0.5484375 0.5875 0.6375 0.65 0.6375
1 0.8609375 0.7640625000000002 0.8078125 0.7640625000000002 0.8078125 0.859375 0.8609375 0.859375
1 0.6875 0.459375 0.6375 0.459375 0.6375 0.56875 0.6875 0.56875
1 0.6718750000000002 0.8203125 0.6078125000000002 0.8203125 0.6078125000000002 0.946875 0.6718750000000002 0.946875
1 0.6296875 0.3890625000000001 0.5734375 0.3890625000000001 0.5734375 0.4890625 0.6296875 0.4890625
1 0.6453125000000001 0.6953125 0.603125 0.6953125 0.6031250000000001 0.78125 0.6453125000000002 0.78125
1 0.21875000000000008 0.5078125 0.13125000000000003 0.5078125 0.13125000000000006 0.6125 0.21875000000000008 0.6125
1 0.725 0.3921875000000001 0.6515625 0.3921875000000001 0.6515625 0.4625 0.725 0.4625
1 0.290625 0.209375 0.17031250000000003 0.209375 0.17031250000000003 0.334375 0.290625 0.334375
1 0.6328125000000002 0.8875 0.5734375000000002 0.8875 0.5734375000000002 0.9796875 0.6328125000000002 0.9796875
1 0.6984375000000002 0.76875 0.6406250000000002 0.76875 0.6406250000000002 0.8875 0.6984375000000002 0.8875
1 0.6421875 0.465625 0.5890625 0.465625 0.5890625 0.559375 0.6421875 0.559375
1 0.5187500000000002 0.7765625 0.44062500000000016 0.7765625 0.44062500000000016 0.9296875 0.5187500000000002 0.9296875
1 0.6484375 0.054687500000000076 0.5890625 0.05468750000000007 0.5890625 0.1609375000000001 0.6484375 0.1609375000000001
1 0.6203125000000002 0.753125 0.5734375000000002 0.753125 0.5734375000000002 0.846875 0.6203125000000002 0.846875
1 0.7187500000000002 0.8921875 0.6593750000000002 0.8921875 0.6593750000000002 0.9984375 0.7187500000000002 0.9984375
1 0.7375 0.1546875000000001 0.68125 0.1546875000000001 0.68125 0.2828125000000001 0.7375 0.2828125000000001
1 0.3859375 0.14531250000000004 0.31875 0.14531250000000004 0.31875 0.26875000000000004 0.3859375 0.2687500000000001
1 0.475 0.14218750000000005 0.390625 0.14218750000000005 0.390625 0.26250000000000007 0.475 0.26250000000000007
1 0.5875 0.14375000000000007 0.5140625 0.14375000000000004 0.5140625 0.22656250000000008 0.5875 0.22656250000000008
1 0.490625 0.471875 0.44375 0.471875 0.44375 0.553125 0.490625 0.553125
1 0.896875 0.4078125000000002 0.84375 0.4078125000000002 0.84375 0.4828125000000002 0.896875 0.4828125000000002
1 0.2484375000000001 0.471875 0.17812500000000003 0.471875 0.17812500000000006 0.5484375 0.2484375000000001 0.5484375
1 0.2078125000000001 0.771875 0.14218750000000008 0.771875 0.14218750000000008 0.86875 0.2078125000000001 0.86875
1 0.7734375 0.3890625000000001 0.7234375 0.3890625000000001 0.7234375 0.4593750000000001 0.7734375 0.4593750000000002
1 0.5656250000000002 0.8125 0.5140625000000002 0.8125 0.5140625000000002 0.89375 0.5656250000000002 0.89375
1 0.890625 0.8046875 0.834375 0.8046875 0.834375 0.8890625 0.890625 0.8890625
1 0.2828125 0.15156250000000004 0.2203125 0.15156250000000004 0.2203125 0.2375 0.2828125 0.2375
1 0.425 0.05312500000000005 0.365625 0.05312500000000005 0.365625 0.15625000000000006 0.425 0.15625000000000006
1 0.3234375 0.12812500000000004 0.2640625 0.12812500000000004 0.2640625 0.225 0.3234375 0.225
1 0.3671875 0.050000000000000044 0.3015625 0.050000000000000044 0.3015625 0.16875000000000004 0.3671875 0.16875000000000004
1 0.5671875000000001 0.6921875 0.53125 0.6921875 0.5312500000000001 0.775 0.5671875000000002 0.775
1 0.3109375 0.046875000000000035 0.24375 0.046875000000000035 0.24375 0.15312500000000004 0.3109375 0.15312500000000004
1 0.51875 0.3890625000000001 0.475 0.3890625000000001 0.475 0.50625 0.51875 0.50625
1 0.5796875000000001 0.771875 0.5328125000000001 0.771875 0.5328125000000001 0.85 0.5796875000000001 0.85
1 0.5656250000000002 0.89375 0.5187500000000002 0.89375 0.5187500000000002 0.9734375 0.5656250000000002 0.9734375
1 0.4890625 0.07031250000000006 0.4296875 0.07031250000000004 0.4296875 0.18125000000000005 0.4890625 0.18125000000000005
1 0.5359375 0.05156250000000007 0.4859375 0.05156250000000007 0.4859375 0.17968750000000006 0.5359375 0.17968750000000006
1 0.659375 0.1390625000000001 0.56875 0.1390625000000001 0.56875 0.2843750000000001 0.659375 0.2843750000000001
1 0.8546875 0.6859375000000002 0.80625 0.6859375000000002 0.80625 0.7671875000000001 0.8546875 0.7671875000000001
1 0.246875 0.035937500000000025 0.1703125 0.035937500000000025 0.1703125 0.18125000000000002 0.246875 0.18125000000000005
1 0.728125 0.07343750000000009 0.68125 0.07343750000000009 0.68125 0.1765625000000001 0.728125 0.1765625000000001
1 0.2656250000000001 0.8390625 0.15625000000000008 0.8390625 0.1562500000000001 0.9421875 0.2656250000000001 0.9421875
1 0.6703125 0.2390625000000001 0.615625 0.2390625000000001 0.615625 0.3687500000000001 0.6703125 0.3687500000000001
1 0.7953125 0.5578125000000002 0.759375 0.5578125000000002 0.759375 0.6203125000000002 0.7953125 0.6203125000000002
1 0.18906250000000005 0.4125 0.13125000000000003 0.4125 0.13125000000000003 0.509375 0.18906250000000005 0.509375
1 0.590625 0.00625000000000007 0.5359375 0.006250000000000066 0.5359375 0.15468750000000006 0.590625 0.1546875000000001
1 0.6000000000000001 0.6921875 0.5609375 0.6921875 0.5609375000000001 0.7671875 0.6000000000000002 0.7671875
1 0.7125 0.0015625000000000825 0.634375 0.0015625000000000777 0.634375 0.07656250000000007 0.7125 0.07656250000000009
1 0.5859375 0.2015625000000001 0.5125 0.2015625000000001 0.5125 0.35625000000000007 0.5859375 0.35625000000000007
1 0.6921875 0.09375000000000008 0.6453125 0.09375000000000008 0.6453125 0.1781250000000001 0.6921875 0.1781250000000001
1 0.7609375 0.5640625000000001 0.71875 0.5640625 0.71875 0.6187500000000001 0.7609375 0.6187500000000001
1 0.7234375000000002 0.771875 0.6875000000000002 0.771875 0.6875000000000002 0.8453125 0.7234375000000002 0.8453125
1 0.1859375 0.05312500000000002 0.14375 0.05312500000000002 0.14375 0.16875 0.1859375 0.16875000000000004
1 0.30937500000000007 0.93125 0.2656250000000001 0.93125 0.2656250000000001 1 0.30937500000000007 1
1 0.6515625 0.4 0.6234375 0.4 0.6234375 0.4703125 0.6515625 0.4703125
1 0.4140625 0.39531250000000007 0.3812500000000001 0.39531250000000007 0.3812500000000001 0.4546875 0.4140625 0.4546875
1 0.859375 0.006250000000000103 0.8265625 0.0062500000000001 0.8265625 0.08906250000000011 0.859375 0.08906250000000011
1 0.590625 0.571875 0.5546875 0.571875 0.5546875 0.628125 0.590625 0.628125
1 0.7484375000000002 0.8140625 0.7171875000000002 0.8140625 0.7171875000000002 0.865625 0.7484375000000002 0.865625
1 0.61875 0.2843750000000001 0.5828125 0.2843750000000001 0.5828125 0.3453125000000001 0.61875 0.3453125000000001
1 0.8515625 0.3078125000000001 0.815625 0.3078125000000001 0.815625 0.3609375000000001 0.8515625 0.3609375000000001
1 0.6359375 0.0015625000000000747 0.584375 0.0015625000000000714 0.584375 0.05156250000000008 0.6359375 0.05156250000000009
1 0.515625 0.16406250000000006 0.475 0.16406250000000006 0.475 0.3156250000000001 0.515625 0.3156250000000001
1 0.803125 0.8875 0.7093750000000002 0.8875 0.7093750000000002 1 0.803125 1