1 0.2806786239128188 0.11246089276624893 0.1622172102264569 0.04617901448574783 0.12015734440205002 0.12134995553742418 0.23861875808841188 0.1876318338179253
1 0.24665288389722956 0.00010433098490341131 0.16362800479757342 -0.0018354949309211063 0.16186095310153248 0.0737946181786284 0.24488583220118856 0.07573444409445293
1 0.29561583139139097 0.11649670926649942 0.2618240399378001 0.008404796570678986 0.22353991699010836 0.020373213692435176 0.25733170844369924 0.1284651263882556
1 0.3516842497183242 0.1986766309746508 0.3415408328426695 0.09804462018531077 0.26097028789576554 0.10616589907941879 0.2711137047714202 0.20679790986875882
1 0.4137528406559702 0.17746244563329702 0.38022089704781836 0.04730741197010078 0.32960317353943724 0.0603480958567356 0.36313511714758906 0.19050312951993184
1 0.4171875 0.011029687500000048 0.3776046875 0.011029687500000046 0.3776046875 0.10937500000000004 0.4171875 0.10937500000000004
1 0.46277622401559276 0.18475854728090182 0.45702573009167835 0.06041328331773148 0.4047571396346945 0.06283050615561522 0.4105076335586089 0.18717577011878556
1 0.42926828429305897 0.19048075045097881 0.4111622749571769 0.1376396981673973 0.39511894782618434 0.14313695112241875 0.41322495716206636 0.19597800340600027
1 0.45500020636230765 0.1854894392630992 0.4214562316270036 0.18348766498123043 0.41884761927022474 0.22720049903178322 0.45239159400552886 0.22920227331365192
1 0.5624176682945654 0.2294686064002386 0.5381235561876331 0.13983810661984983 0.45722281017614763 0.16176604184226978 0.48151692228308 0.25139654162265856
1 0.6237313717769537 0.2741886061345509 0.5974015783025436 0.1657690990552987 0.543581962080044 0.17883925052697613 0.569911755554454 0.2872587576062283
1 0.6701547706899144 0.23231822917392347 0.6262761471780401 0.12099668855595058 0.5770823945856122 0.14038695334349105 0.6209610180974863 0.2517084939614639
1 0.5991036326086475 0.04064914766036006 0.539883405851109 0.03540477250073308 0.5278859739494447 0.17088147203098303 0.5871062007069832 0.17612584719061003
1 0.6661453125000001 0.037684375000000075 0.6229171874999999 0.037684375000000075 0.6229171874999999 0.1553312500000001 0.6661453125000001 0.1553312500000001
1 0.538296555633161 0.11115717413348603 0.5219043551587925 0.10651305274118217 0.5112476776916298 0.14412757197444429 0.5276398781659983 0.14877169336674814
1 0.6375 7.488208096470793e-17 0.5828125 7.153343737328939e-17 0.5828125 0.08823593750000007 0.6375 0.08823593750000008
1 0.7244546396702745 0.00014139966559612583 0.6546611635403995 -0.0025834057217358876 0.6508149736216335 0.09593334176209097 0.7206084497515086 0.09865814714942298
1 0.7266381151471183 0.1847271056639289 0.7157311815146574 0.08609440024672067 0.6643525319427199 0.0917759185487505 0.6752594655751809 0.19040862396595873
1 0.805241861228058 0.062483287332288875 0.7735668550708711 0.03879057226843354 0.7302406567388349 0.09671376069306295 0.7619156628960219 0.12040647575691828
1 0.8519059008959486 0.06556016108089055 0.8153722134083828 0.033324093998440406 0.778893262694518 0.07466631424652395 0.8154269501820839 0.10690238132897409
1 0.8677235738183902 0.07527011160045552 0.8221557015945573 0.06881298451807442 0.8066945684939982 0.1779220245870448 0.8522624407178311 0.18437915166942592
1 0.8813989810091956 0.11187458727409214 0.8614586281273795 0.10776509642054108 0.8511042602788299 0.1580072690219952 0.871044613160646 0.16211675987554625
1 0.8279626357647498 0.3793066039277806 0.7998604480023284 0.32971996273427207 0.7616201451683391 0.3513918514621034 0.7897223329307606 0.400978492655612
1 0.7970595168509689 0.3821956907937022 0.7659463200182459 0.37911081666659874 0.7590077438150643 0.44909139877584137 0.7901209406477872 0.4521762729029447
1 0.7585088269154486 0.3300411456841713 0.7020163318864523 0.32940154277227623 0.7010964958279942 0.41064544112473556 0.7575889908569905 0.4112850440366306
1 0.709792139693899 0.3546012060616886 0.6621253298602023 0.34817257292132237 0.6471153555103878 0.45946801898569617 0.6947821653440844 0.46589665212606235
1 0.7316123005232196 0.4194190791057199 0.6982749437822854 0.41070001104218273 0.6795501054491901 0.4822944304087722 0.7128874621901244 0.49101349847230935
1 0.7087607452727773 0.47530374014074805 0.6537103491049759 0.4548323858497043 0.6109255289845434 0.5698868792707078 0.6659759251523449 0.5903582335617517
1 0.6664353677271337 0.4508155473316027 0.6187087913337381 0.4209298616492275 0.5886618129439362 0.46891401783532116 0.6363883893373318 0.4987997035176962
1 0.633379647079322 0.47900975916328353 0.5721529137610473 0.4746894280471013 0.5662958282477686 0.5576946892412321 0.6275225615660434 0.5620150203574144
1 0.6207618563008291 0.4389617333258073 0.6191041318686652 0.3657530381324107 0.5605500258035573 0.3670789267030406 0.5622077502357212 0.4402876218964372
1 0.6031090616311696 0.4544863289990994 0.5591204233749144 0.4156773528975183 0.5246961950145851 0.4546960305516178 0.5686848332708403 0.4935050066531989
1 0.5604171874999999 0.37591875 0.5354171875 0.37591875 0.5354171875 0.42738906249999997 0.5604171874999999 0.42738906249999997
1 0.5488287656411135 0.3485687510793012 0.4871359653285207 0.3351241255109821 0.46573088763198395 0.43334472505818644 0.5274236879445767 0.4467893506265056
1 0.8560054779249932 0.5214808935615585 0.8231920250669285 0.4966624896480177 0.7996917714095217 0.5277331607607217 0.8325052242675863 0.5525515646742625
1 0.8493542622438414 0.6042883059267528 0.8323903763755387 0.5384374928171036 0.7924732159611937 0.5487205876109089 0.8094371018294962 0.614571400720558
1 0.7881723070576176 0.6345730494437529 0.7849164086442075 0.4854840963458112 0.7309371099339184 0.4866629302525217 0.7341930083473286 0.6357518833504635
1 0.7392334968126586 0.4940451538122722 0.6967359847605211 0.48869383327432125 0.6882809770484112 0.5558392770200419 0.7307784891005487 0.5611905975579927
1 0.7366401222240805 0.5582204634720042 0.6832886439418516 0.5566308032833872 0.681231461998235 0.625673041727399 0.734582940280464 0.627262701916016
1 0.5831409835527112 0.475892786491805 0.5254925031216727 0.4592240692898389 0.4908079348403146 0.5791800701985979 0.548456415271353 0.5958487874005639
1 0.5451849578575065 0.4519784981825568 0.49772686820655004 0.4257742515669486 0.45792583250274455 0.49785726728345603 0.505383922153701 0.5240615138990642
1 0.47780486827569646 0.4472707622974241 0.43453142770411146 0.4459815025935375 0.4314871624280719 0.5481609410028225 0.4747606029996569 0.549450200706709
1 0.4547754794651901 0.48193092203979876 0.41055827883819207 0.32585894289337275 0.36354957413465644 0.3391771140247929 0.40776677476165446 0.4952490931712189
1 0.48959919657398404 0.4170570097030354 0.45877674147917125 0.31467990148887204 0.40812658277536906 0.3299290354937833 0.43894903787018186 0.4323061437079467
1 0.4054787222733219 0.47788178277420706 0.3762727157791795 0.3564018174722373 0.3158159009965088 0.3709367419823715 0.3450219074906512 0.49241670728434117
1 0.3694242672799738 0.4137298251557679 0.3586346016139629 0.3089818406217515 0.30405373413309755 0.3146039947328708 0.3148433997991084 0.4193519792668873
1 0.32617914731109315 0.4348809854313137 0.30659428355389995 0.35019833795552874 0.2574690368925648 0.36155971235251927 0.277053900649758 0.4462423598283042
1 0.2926304849918061 0.365520242793339 0.2168930516638549 0.31433571837409185 0.1778187835237504 0.3721536782296847 0.2535562168517016 0.42333820264893196
1 0.2885421875 0.2362125 0.2161453125 0.2362125 0.2161453125 0.318934375 0.2885421875 0.318934375
1 0.1673881701593273 0.36627285508677127 0.13975916759045798 0.22970332558218548 0.06856806908796284 0.2441057991832974 0.09619707165683218 0.3806753286878832
1 0.16406250000000006 0.5101109375 0.08697968750000007 0.5101109375 0.08697968750000008 0.6580874999999999 0.16406250000000008 0.6580874999999999
1 0.22395781250000008 0.678309375 0.1572921875000001 0.678309375 0.1572921875000001 0.8336390625 0.22395781250000008 0.8336390625
1 0.3122303772442693 0.6825719541319055 0.21960365728715203 0.6639480683748509 0.19930300140187882 0.7649142787651143 0.29192972135899603 0.7835381645221688
1 0.30465445787522477 0.8819294302575964 0.2892213069618962 0.760179925275901 0.20245175325477893 0.7711789647976259 0.21788490416810752 0.8929284697793213
1 0.3769647082010429 0.6872080566586781 0.31209162351972003 0.6749539794616017 0.277805503597006 0.8564646983324529 0.34267858827832887 0.8687187755295293
1 0.4077553373487527 0.8100593647563322 0.3638804868057361 0.7816459369547651 0.3003349296485665 0.879770381580547 0.34420978019158305 0.9081838093821142
1 0.45231700460513824 0.787925732182899 0.4353519712570043 0.6773985790638599 0.3528227693040983 0.6900661510026576 0.3697878026522322 0.8005933041216966
1 0.4270894364001105 0.8018768517162117 0.38425759607698806 0.7971404507649817 0.37571575813299796 0.8743853129821382 0.41854759845612033 0.8791217139333682
1 0.4816749165784181 0.7657499582373374 0.43196361969690483 0.7592492001777698 0.4138349706888553 0.8978789791423246 0.46354626757036854 0.9043797372018922
1 0.49427031250000014 0.6792281250000001 0.44166718749999995 0.6792281250000001 0.44166718750000006 0.7711390625 0.4942703125000002 0.7711390625
1 0.5651748260026987 0.7027717620489728 0.5174635982870625 0.6715757193422667 0.48610562108937233 0.719534609668414 0.5338168488050086 0.75073065237512
1 0.5494700585969778 0.8409067607442194 0.5380120128451915 0.7297006977002531 0.4814168692230825 0.7355319422133755 0.4928749149748689 0.8467380052573417
1 0.5163099700141783 0.8260214672584665 0.46741673417106666 0.824635441999962 0.4650955028592453 0.9065188775859413 0.513988738702357 0.9079049028444459
1 0.49264881277242695 0.8898415712889978 0.4504362507390698 0.8854901643071187 0.442126027438084 0.9661068057899241 0.48433858947144115 0.9704582127718032
1 0.5573543060229472 0.9539209242030333 0.5213546874999999 0.8731624999999997 0.4844517318093467 0.889612701206165 0.520451350332294 0.9703711254091985
1 0.6032489634576471 0.7231624859898221 0.5811242441479647 0.6743526866846639 0.5503634585912802 0.6882960701010152 0.5724881779009625 0.7371058694061735
1 0.6584120200550186 0.8630132204291048 0.5798615621169727 0.7146154014795567 0.513500584050817 0.7497418288975051 0.5920510419888629 0.8981396478470532
1 0.6034870047366843 0.9287597196940436 0.5630368538251915 0.8218131875532599 0.5033359077026796 0.844393744695922 0.5437860586141723 0.9513402768367056
1 0.6724413902474742 0.9537162548979949 0.6433967457225277 0.8640339723097169 0.5959860189904195 0.8793884845373467 0.625030663515366 0.9690707671256249
1 0.7220226343360527 0.6943297058609019 0.6627207418122331 0.6775279230237239 0.6305813661325754 0.790963849485076 0.689883258656395 0.8077656323222542
1 0.6473953125000002 0.6829046875 0.5942703125000002 0.6829046875 0.5942703125000002 0.7803312499999999 0.6473953125000003 0.7803312499999999
1 0.7744048278569914 0.7047531529153603 0.7122187662820235 0.6912774333720646 0.6829018966417312 0.8265652489710134 0.745087958216699 0.8400409685143089
1 0.6825660719367082 0.8586309470409679 0.6756601356587544 0.7854446133325683 0.6261860792112871 0.790113035207606 0.6330920154892409 0.8632993689160054
1 0.7554176087041654 0.9115883098509121 0.7288089824760803 0.8176690092434054 0.6569713086736509 0.8380216076863197 0.6835799349017362 0.9319409082938265
1 0.7792596112165111 0.8685923544932497 0.7644594967957841 0.8031719235277768 0.7271042586966787 0.8116228277777356 0.7419043731174056 0.8770432587432084
1 0.8437343591585595 0.9195813289713926 0.7897919543021029 0.8340288948924588 0.7524142006096077 0.8575962655232608 0.8063566054660646 0.9431486996021945
1 0.8420609625681157 0.8145410463495374 0.800699891674933 0.793075913210866 0.7741960548238114 0.8441460401864884 0.815557125716994 0.8656111733251597
1 0.8494485123515316 0.6884172224177252 0.800381776272358 0.6860129523498454 0.7961472418270606 0.7724320226620258 0.8452139779062342 0.7748362927299056
1 0.7907149102348348 0.7307337566122568 0.7728458491735146 0.6794791767413244 0.7420183281667532 0.6902266817765057 0.7598873892280732 0.7414812616474381
1 0.26484933912896 0.47299970468302527 0.2218309471938301 0.3754806230674136 0.15855446117808109 0.40339364922195325 0.201572853113211 0.5009127308375649
1 0.2926226814663452 0.4903751563697722 0.21436248655049034 0.48941201626677183 0.21321094053107986 0.5829811820121349 0.2914711354469347 0.5839443221151353
1 0.3052131929504824 0.4286935920927575 0.2526954542194161 0.42489442844165126 0.24719632485941861 0.5009116431495764 0.2997140635904849 0.5047108068006827
1 0.41337019813374026 0.5029736871016877 0.3221560897201038 0.42470373256966587 0.27136945507138766 0.48388937572621726 0.3625835634850242 0.562159330258239
1 0.36899358455488573 0.5613642030483821 0.30726354393382355 0.5129472745212621 0.27061515655490914 0.5596728002912335 0.33234519717597133 0.6080897288183535