1 0.1984375000000001 0.578125 0.05937500000000007 0.578125 0.05937500000000008 0.64375 0.1984375000000001 0.64375
1 0.18906250000000005 0.26875 0.039062500000000035 0.26875 0.03906250000000004 0.3828125 0.18906250000000005 0.3828125
1 0.1921875 0.17812500000000003 0.07187500000000002 0.178125 0.07187500000000004 0.2953125 0.19218750000000004 0.2953125
1 0.09531250000000002 0.121875 0.0015625000000000153 0.121875 0.0015625000000000218 0.2296875 0.09531250000000002 0.2296875
1 0.3656250000000001 0.40625 0.23437500000000008 0.40625 0.23437500000000008 0.4875 0.3656250000000001 0.4875
1 0.615625 0.5265625 0.534375 0.5265625 0.534375 0.578125 0.615625 0.578125
1 0.984375 0.12187500000000011 0.8703125 0.1218750000000001 0.8703125 0.1875000000000001 0.984375 0.18750000000000014
1 0.3859375000000001 0.5125 0.3187500000000001 0.5125 0.3187500000000001 0.5703125 0.3859375000000001 0.5703125
1 0.1750000000000001 0.675 0.10781250000000009 0.675 0.10781250000000009 0.7265625 0.1750000000000001 0.7265625
1 0.3812500000000001 0.5859375 0.3062500000000001 0.5859375 0.3062500000000001 0.6328125 0.3812500000000001 0.6328125
1 0.04687500000000007 0.5328125 0.004687500000000065 0.5328125 0.004687500000000068 0.5921875 0.046875000000000076 0.5921875
1 0.3031250000000001 0.44375 0.16718750000000004 0.44375 0.16718750000000004 0.51875 0.3031250000000001 0.51875
1 0.6875 0.6125 0.5140625 0.6125 0.5140625 0.6984375 0.6875 0.6984375
1 0.759375 0.3265625000000001 0.6390625 0.3265625000000001 0.6390625 0.41875000000000007 0.759375 0.4187500000000002
1 0.03593750000000005 0.3453125 0.003125000000000042 0.3453125 0.0031250000000000487 0.4546875 0.03593750000000005 0.4546875
1 0.6000000000000001 0.703125 0.540625 0.703125 0.5406250000000001 0.753125 0.6000000000000002 0.753125
1 0.3625 0.225 0.24375 0.225 0.24375 0.3109375 0.3625 0.3109375
1 0.6828125 0.403125 0.521875 0.403125 0.521875 0.475 0.6828125 0.475
1 0.8203125 0.15781250000000008 0.6875 0.15781250000000008 0.6875 0.2453125000000001 0.8203125 0.2453125000000001
1 0.5375000000000001 0.6734375 0.4515625 0.6734375 0.4515625000000001 0.7609375 0.5375000000000002 0.7609375
1 0.9890625 0.5031250000000002 0.859375 0.5031250000000002 0.859375 0.5765625000000002 0.9890625 0.5765625000000002
1 1 0.5640625000000001 0.875 0.5640625000000001 0.875 0.6296875000000002 1 0.6296875000000002
1 0.578125 0.2515625000000001 0.3671875 0.2515625000000001 0.3671875 0.3437500000000001 0.578125 0.3437500000000001
1 0.30468750000000006 0.3328125 0.17968750000000006 0.3328125 0.17968750000000006 0.4234375 0.3046875000000001 0.4234375
1 0.2531250000000001 0.628125 0.1859375000000001 0.628125 0.1859375000000001 0.684375 0.2531250000000001 0.684375
1 0.38906250000000003 0.35625000000000007 0.303125 0.35625 0.30312500000000003 0.4265625 0.3890625000000001 0.4265625
1 1 0.6078125000000002 0.8546875 0.6078125000000002 0.8546875 0.6703125000000002 1 0.6703125000000002
1 0.359375 0.13281250000000006 0.2578125 0.13281250000000006 0.2578125 0.203125 0.359375 0.203125
1 0.81875 9.270958971670199e-17 0.6953125 8.51512227532144e-17 0.6953125 0.0656250000000001 0.81875 0.06562500000000011
1 0.21875000000000008 0.3734375 0.10781250000000005 0.3734375 0.10781250000000005 0.45625 0.21875000000000008 0.45625
1 0.8515625 0.21093750000000008 0.65 0.21093750000000008 0.65 0.3281250000000001 0.8515625 0.3281250000000001
1 0.07656250000000003 0.21875 0.003125000000000026 0.21875 0.0031250000000000305 0.2859375 0.07656250000000005 0.2859375
1 0.5640625 0.5828125 0.4703125 0.5828125 0.4703125 0.6390625 0.5640625 0.6390625
1 0.459375 0.09218750000000006 0.35625 0.09218750000000005 0.35625 0.18437500000000004 0.459375 0.18437500000000004
1 1 0.22812500000000008 0.8671875 0.22812500000000008 0.8671875 0.3000000000000001 1 0.3000000000000001
1 0.6984375 0.1937500000000001 0.5609375 0.1937500000000001 0.5609375 0.2750000000000001 0.6984375 0.2750000000000001
1 0.534375 0.540625 0.4515625 0.540625 0.4515625 0.5921875 0.534375 0.5921875
1 1 0.3890625000000001 0.859375 0.3890625000000001 0.859375 0.47656250000000017 1 0.47656250000000017
1 0.6609375 0.3187500000000001 0.540625 0.3187500000000001 0.540625 0.4015625 0.6609375 0.4015625
1 1 0.15937500000000013 0.9296875 0.15937500000000013 0.9296875 0.23593750000000008 1 0.23593750000000008
1 0.7734375 0.08593750000000008 0.65 0.08593750000000008 0.65 0.1781250000000001 0.7734375 0.1781250000000001
1 0.5640625 0.4703125 0.41875 0.4703125 0.41875 0.5421875 0.5640625 0.5421875
1 0.1 0.043750000000000004 0.0015625000000000055 0.04375 0.0015625000000000107 0.13125 0.1 0.13125
1 0.56875 0.3812500000000001 0.4546875 0.3812500000000001 0.4546875 0.4453125 0.56875 0.4453125
1 0.690625 0.553125 0.5390625 0.553125 0.5390625 0.6265625 0.690625 0.6265625
1 1 0.012500000000000117 0.915625 0.012500000000000112 0.915625 0.06875000000000012 1 0.06875000000000013
1 0.3000000000000001 0.5328125 0.19375000000000003 0.5328125 0.19375000000000006 0.5875 0.3000000000000001 0.5875
1 1 0.4578125000000002 0.953125 0.4578125000000002 0.953125 0.5140625000000002 1 0.5140625000000002
1 0.725 0.4546875 0.5609375 0.4546875 0.5609375 0.528125 0.725 0.528125
1 0.2796875 0.11250000000000004 0.190625 0.11250000000000004 0.19062500000000002 0.18750000000000006 0.2796875 0.18750000000000006
1 0.38906250000000003 0.30000000000000004 0.25 0.3 0.25000000000000006 0.36718750000000006 0.3890625000000001 0.3671875000000001
1 0.446875 0.18593750000000003 0.359375 0.18593750000000003 0.359375 0.24843750000000003 0.446875 0.2484375000000001
1 1 0.6578125000000001 0.7859375 0.6578125000000001 0.7859375000000001 0.7421875000000002 1 0.7421875000000002
1 0.21093750000000008 0.528125 0.11875000000000005 0.528125 0.11875000000000006 0.584375 0.21093750000000008 0.584375
1 1 0.2812500000000001 0.85625 0.2812500000000001 0.85625 0.3531250000000001 1 0.3531250000000001
1 0.2875000000000001 0.5703125 0.18906250000000008 0.5703125 0.18906250000000008 0.6359375 0.2875000000000001 0.6359375
1 0.09531250000000006 0.5078125 0.004687500000000062 0.5078125 0.004687500000000065 0.559375 0.09531250000000006 0.559375
1 0.2046875 0.11406250000000002 0.07812500000000003 0.1140625 0.07812500000000003 0.2109375 0.2046875 0.2109375
1 0.3062500000000001 0.5078125 0.2250000000000001 0.5078125 0.2250000000000001 0.5421875 0.3062500000000001 0.5421875
1 1 0.3421875000000001 0.8625 0.3421875000000001 0.8625 0.4203125000000002 1 0.4203125000000002
1 0.09375000000000006 0.4125 0.01875000000000005 0.4125 0.01875000000000005 0.4640625 0.09375000000000007 0.4640625
1 0.2093750000000001 0.4765625 0.10000000000000005 0.4765625 0.10000000000000005 0.5390625 0.2093750000000001 0.5390625
1 0.05156250000000003 0.259375 0.001562500000000032 0.259375 0.0015625000000000356 0.3234375 0.051562500000000046 0.3234375
1 0.6953125 0.1296875000000001 0.55 0.1296875000000001 0.55 0.21250000000000008 0.6953125 0.21250000000000008
1 0.5515625 0.3281250000000001 0.45 0.3281250000000001 0.45 0.3937500000000001 0.5515625 0.3937500000000001
1 0.51875 0.6296875 0.453125 0.6296875 0.453125 0.6796875 0.51875 0.6796875
1 0.11250000000000004 0.3390625 0.03125000000000004 0.3390625 0.03125000000000004 0.39375 0.11250000000000004 0.39375
1 0.18906250000000008 0.6203125 0.1140625000000001 0.6203125 0.1140625000000001 0.6875 0.18906250000000008 0.6875
1 1 0.043750000000000115 0.9 0.04375000000000011 0.9 0.1328125000000001 1 0.13281250000000014
1 0.565625 0.11250000000000007 0.4609375 0.11250000000000004 0.4609375 0.2171875000000001 0.565625 0.2171875000000001
1 0.5734375 0.18906250000000008 0.45625 0.18906250000000005 0.45625 0.2718750000000001 0.5734375 0.2718750000000001
1 0.06406250000000008 0.5890625 0.004687500000000072 0.5890625 0.004687500000000075 0.6453125 0.06406250000000009 0.6453125
1 0.2765625 0.25 0.17500000000000004 0.25 0.17500000000000004 0.340625 0.2765625 0.340625
1 0.7390625 0.004687500000000082 0.5984375 0.0046875000000000736 0.5984375 0.10781250000000009 0.7390625 0.10781250000000009
1 0.303125 0.17656250000000004 0.1921875 0.17656250000000004 0.1921875 0.24375 0.303125 0.24375
1 0.965625 0.4671875000000002 0.846875 0.4671875000000002 0.846875 0.5218750000000002 0.965625 0.5218750000000002
1 0.5921875 0.023437500000000062 0.4484375 0.023437500000000056 0.4484375 0.11093750000000006 0.5921875 0.11093750000000009
1 1 0.7390625000000002 0.934375 0.7390625000000002 0.934375 0.8125 1 0.8125
1 1 0.5312500000000002 0.9796875 0.5312500000000002 0.9796875 0.5968750000000002 1 0.5968750000000002
1 0.390625 0.23125000000000004 0.3390625 0.23125 0.3390625 0.26875000000000004 0.390625 0.2687500000000001
1 0.039062500000000056 0.4484375 0.004687500000000055 0.4484375 0.004687500000000058 0.4984375 0.039062500000000056 0.4984375
1 0.043750000000000046 0.31875 0.0031250000000000388 0.31875 0.003125000000000041 0.35625 0.043750000000000046 0.35625
1 0.6625 0.05000000000000008 0.5578125 0.050000000000000065 0.5578125 0.1390625000000001 0.6625 0.1390625000000001
1 1 1.1098361617272889e-16 0.8125 9.950255243072244e-17 0.8125 0.042187500000000114 1 0.04218750000000012