1 0.275 0.2578125 0.16093750000000004 0.2578125 0.16093750000000004 0.378125 0.2750000000000001 0.378125
1 0.41875 0.18437500000000004 0.3359375 0.18437500000000004 0.3359375 0.30000000000000004 0.41875 0.3000000000000001
1 0.3156250000000001 0.48125 0.22031250000000008 0.48125 0.22031250000000008 0.584375 0.3156250000000001 0.584375
1 0.2234375000000001 0.4734375 0.11562500000000005 0.4734375 0.11562500000000006 0.609375 0.2234375000000001 0.609375
1 0.5234375 0.21875000000000008 0.4421875 0.21875000000000008 0.4421875 0.3500000000000001 0.5234375 0.3500000000000001
1 0.2140625000000001 0.8234375 0.12500000000000008 0.8234375 0.1250000000000001 0.9390625 0.2140625000000001 0.9390625
1 0.290625 0.13281250000000006 0.2140625 0.13281250000000006 0.2140625 0.265625 0.290625 0.265625
1 0.240625 0.02500000000000003 0.1515625 0.025000000000000022 0.1515625 0.12343750000000002 0.240625 0.12343750000000005
1 0.3828125 0.12968750000000004 0.303125 0.12968750000000004 0.303125 0.23281250000000003 0.3828125 0.2328125000000001
1 0.3265625000000001 0.6984375 0.2453125000000001 0.6984375 0.2453125000000001 0.8390625 0.3265625000000001 0.8390625
1 0.434375 0.475 0.36406250000000007 0.475 0.36406250000000007 0.5609375 0.434375 0.5609375
1 0.2593750000000001 0.5640625 0.1937500000000001 0.5640625 0.1937500000000001 0.646875 0.2593750000000001 0.646875
1 0.4359375 0.553125 0.3515625000000001 0.553125 0.3515625000000001 0.715625 0.4359375 0.715625
1 0.3609375000000001 0.54375 0.27031250000000007 0.54375 0.27031250000000007 0.6328125 0.3609375000000001 0.6328125
1 0.646875 0.0015625000000000755 0.5890625 0.001562500000000072 0.5890625 0.09218750000000007 0.646875 0.09218750000000009
1 0.628125 0.3390625000000001 0.5734375 0.3390625000000001 0.5734375 0.4109375 0.628125 0.4109375
1 0.5171875 0.565625 0.44375 0.565625 0.44375 0.71875 0.5171875 0.71875
1 0.4796875 0.13750000000000004 0.4109375 0.13750000000000004 0.4109375 0.2406250000000001 0.4796875 0.2406250000000001
1 0.21875 0.1921875 0.15468750000000003 0.1921875 0.15468750000000003 0.2734375 0.21875 0.2734375
1 0.7984375 0.4781250000000002 0.73125 0.4781250000000002 0.73125 0.5671875000000002 0.7984375 0.5671875000000002
1 0.328125 0.001562500000000036 0.259375 0.001562500000000032 0.259375 0.07343750000000003 0.328125 0.07343750000000004
1 0.553125 6.333720164340217e-17 0.48125 5.893612720896637e-17 0.48125 0.08125000000000007 0.553125 0.08125000000000007
1 0.778125 0.5890625 0.6921875 0.5890625 0.6921875 0.6953125000000001 0.778125 0.6953125000000002
1 0.2328125 0.10468750000000002 0.165625 0.1046875 0.16562500000000002 0.2109375 0.2328125 0.2109375
1 0.6375000000000001 0.68125 0.5703125 0.68125 0.5703125000000001 0.784375 0.6375000000000002 0.784375
1 0.684375 0.553125 0.609375 0.553125 0.609375 0.6671875 0.684375 0.6671875
1 0.3375000000000001 0.6203125 0.2593750000000001 0.6203125 0.2593750000000001 0.7140625 0.3375000000000001 0.7140625
1 0.9078125 0.825 0.8453125 0.825 0.8453125 0.9046875 0.9078125 0.9046875
1 0.559375 0.4765625 0.484375 0.4765625 0.484375 0.5765625 0.559375 0.5765625
1 0.4578125000000002 0.81875 0.3828125000000001 0.81875 0.3828125000000001 0.915625 0.4578125000000002 0.915625
1 0.721875 0.6734375 0.6578125 0.6734375 0.6578125000000001 0.75625 0.7218750000000002 0.75625
1 0.6875 0.4875 0.6140625 0.4875 0.6140625 0.5671875 0.6875 0.5671875
1 0.7109375 0.3312500000000001 0.653125 0.3312500000000001 0.653125 0.44375 0.7109375 0.44375
1 0.8484375 0.19687500000000008 0.7984375 0.19687500000000008 0.7984375 0.2796875000000001 0.8484375 0.2796875000000001
1 0.38750000000000007 0.821875 0.3140625000000001 0.821875 0.3140625000000001 0.915625 0.38750000000000007 0.915625
1 0.75 0.14218750000000008 0.6875 0.14218750000000008 0.6875 0.23437500000000008 0.75 0.23437500000000008
1 0.6671875 0.2562500000000001 0.6046875 0.2562500000000001 0.6046875 0.3671875000000001 0.6671875 0.3671875000000001
1 0.5734375 0.6296875 0.515625 0.6296875 0.5156250000000001 0.7546875 0.5734375000000002 0.7546875
1 0.7328125000000002 0.8890625 0.6468750000000002 0.8890625 0.6468750000000002 1 0.7328125000000002 1
1 0.84375 0.5109375000000002 0.796875 0.5109375000000002 0.796875 0.5968750000000002 0.84375 0.5968750000000002
1 0.615625 0.509375 0.559375 0.509375 0.559375 0.5796875 0.615625 0.5796875
1 0.3937500000000001 0.8734375 0.2953125000000001 0.8734375 0.2953125000000001 1 0.3937500000000001 1
1 0.534375 0.13750000000000004 0.4796875 0.13750000000000004 0.4796875 0.2640625000000001 0.534375 0.2640625000000001
1 0.8 0.8578125 0.7250000000000002 0.8578125 0.7250000000000002 0.9734375 0.8 0.9734375
1 0.48125 0.4875 0.4296875 0.4875 0.4296875 0.6 0.48125 0.6
1 0.565625 0.34062500000000007 0.51875 0.34062500000000007 0.51875 0.409375 0.565625 0.409375
1 0.8515625 0.6687500000000002 0.796875 0.6687500000000002 0.7968750000000001 0.7421875000000002 0.8515625 0.7421875000000002
1 0.31718750000000007 0.3734375 0.2734375000000001 0.3734375 0.2734375000000001 0.4453125 0.31718750000000007 0.4453125
1 0.696875 0.10312500000000009 0.6390625 0.10312500000000009 0.6390625 0.20312500000000008 0.696875 0.20312500000000008
1 0.65 0.6265625 0.5953125 0.6265625 0.5953125 0.71875 0.65 0.71875
1 0.69375 0.2062500000000001 0.6375 0.2062500000000001 0.6375 0.3234375000000001 0.69375 0.3234375000000001
1 0.7265625 0.5484375000000001 0.66875 0.5484375 0.66875 0.6312500000000001 0.7265625 0.6312500000000002
1 0.56875 0.2765625000000001 0.5234375 0.2765625000000001 0.5234375 0.3375000000000001 0.56875 0.3375000000000001
1 0.7515625 0.02343750000000009 0.7109375 0.02343750000000009 0.7109375 0.08437500000000009 0.7515625 0.08437500000000009
1 0.6421875000000001 0.86875 0.5890625000000002 0.86875 0.5890625000000002 0.9875 0.6421875000000001 0.9875
1 0.859375 0.890625 0.8109375 0.890625 0.8109375 0.9640625 0.859375 0.9640625
1 0.5015625000000001 0.8203125 0.4468750000000002 0.8203125 0.4468750000000002 0.996875 0.5015625000000001 0.996875
1 0.6828125000000002 0.8109375 0.6234375000000002 0.8109375 0.6234375000000002 0.9359375 0.6828125000000002 0.9359375
1 0.784375 0.021875000000000096 0.75 0.021875000000000096 0.75 0.08437500000000009 0.784375 0.08437500000000009
1 0.578125 0.2156250000000001 0.5328125 0.2156250000000001 0.5328125 0.2828125000000001 0.578125 0.2828125000000001
1 0.790625 0.3890625000000001 0.7515625 0.3890625000000001 0.7515625 0.4437500000000002 0.790625 0.4437500000000002
1 0.6171875 0.2000000000000001 0.5765625 0.2000000000000001 0.5765625 0.2984375000000001 0.6171875 0.2984375000000001
1 0.834375 0.7718750000000002 0.7890625000000002 0.7718750000000002 0.7890625000000002 0.85 0.834375 0.85
1 0.1359375000000001 0.85625 0.0953125000000001 0.85625 0.0953125000000001 0.9171875 0.13593750000000013 0.9171875
1 0.5359375000000002 0.8171875 0.4828125000000002 0.8171875 0.4828125000000002 0.971875 0.5359375000000002 0.971875
1 0.6015625000000002 0.90625 0.5468750000000002 0.90625 0.5468750000000002 1 0.6015625000000002 1
1 0.8109375 0.5875000000000001 0.7671875 0.5875000000000001 0.7671875 0.6968750000000001 0.8109375 0.6968750000000001
1 0.8234375 0.3140625000000001 0.790625 0.3140625000000001 0.790625 0.35625000000000007 0.8234375 0.35625000000000007
1 0.5937500000000002 0.84375 0.5515625000000002 0.84375 0.5515625000000002 0.946875 0.5937500000000002 0.946875
1 0.80625 0.7187500000000002 0.775 0.7187500000000002 0.7750000000000001 0.7875000000000002 0.80625 0.7875000000000002
1 0.5640625 0.575 0.521875 0.575 0.521875 0.6296875 0.5640625 0.6296875
1 0.4500000000000002 0.9 0.4109375000000002 0.9 0.4109375000000002 0.990625 0.4500000000000002 0.990625
1 0.840625 0.11093750000000009 0.7953125 0.11093750000000009 0.7953125 0.2093750000000001 0.840625 0.2093750000000001
1 0.7093750000000002 0.8171875 0.6687500000000002 0.8171875 0.6687500000000002 0.89375 0.7093750000000002 0.89375
1 0.5562500000000001 0.81875 0.5218750000000002 0.81875 0.5218750000000002 0.9046875 0.5562500000000001 0.9046875
1 0.7421875 0.2656250000000001 0.7109375 0.2656250000000001 0.7109375 0.3156250000000001 0.7421875 0.3156250000000001
1 0.621875 0.1140625000000001 0.5875 0.1140625000000001 0.5875 0.19687500000000008 0.621875 0.19687500000000008
1 0.7453125 0.3390625000000001 0.7078125 0.3390625000000001 0.7078125 0.3984375000000001 0.7453125 0.3984375000000001
1 0.565625 0.15000000000000008 0.53125 0.15000000000000005 0.53125 0.2312500000000001 0.565625 0.2312500000000001
1 0.596875 0.12031250000000009 0.5609375 0.12031250000000009 0.5609375 0.2062500000000001 0.596875 0.2062500000000001