1 0.33593750000000006 0.13437500000000005 0.2421875 0.13437500000000005 0.24218750000000006 0.36875 0.3359375000000001 0.36875
1 0.590625 0.03906250000000007 0.5390625 0.03906250000000007 0.5390625 0.15156250000000007 0.590625 0.1515625000000001
1 0.19375000000000003 0.3359375 0.14687500000000003 0.3359375 0.14687500000000003 0.41875 0.19375000000000003 0.41875
1 0.26093750000000004 0.315625 0.16718750000000004 0.315625 0.16718750000000004 0.4734375 0.2609375000000001 0.4734375
1 0.16562500000000005 0.3640625 0.08593750000000004 0.3640625 0.08593750000000006 0.484375 0.16562500000000005 0.484375
1 0.6625 0.039062500000000076 0.596875 0.039062500000000076 0.596875 0.1515625000000001 0.6625 0.1515625000000001
1 0.4390625 0.21250000000000008 0.3921875 0.21250000000000008 0.3921875 0.3187500000000001 0.4390625 0.3187500000000001
1 0.24375000000000008 0.6390625 0.1281250000000001 0.6390625 0.1281250000000001 0.7546875 0.24375000000000008 0.7546875
1 0.2515625 2.4492935982947065e-17 0.1484375 1.8178350924843523e-17 0.1484375 0.11875000000000002 0.2515625 0.11875000000000005
1 0.715625 0.2171875000000001 0.6640625 0.2171875000000001 0.6640625 0.3000000000000001 0.715625 0.3000000000000001
1 0.17968750000000006 0.290625 0.12812500000000004 0.290625 0.12812500000000004 0.3546875 0.17968750000000006 0.3546875
1 0.4359375 0.3687500000000001 0.3906250000000001 0.3687500000000001 0.3906250000000001 0.446875 0.4359375 0.446875
1 0.2734375000000001 0.6 0.22031250000000008 0.6 0.22031250000000008 0.6953125 0.2734375000000001 0.6953125
1 0.4828125 0.03437500000000006 0.421875 0.03437500000000006 0.421875 0.13906250000000003 0.4828125 0.13906250000000003
1 0.415625 0.26562500000000006 0.3609375 0.265625 0.3609375 0.38281250000000006 0.415625 0.3828125000000001
1 0.41875 0.020312500000000046 0.3125 0.02031250000000004 0.3125 0.13750000000000004 0.41875 0.13750000000000004
1 0.659375 0.3156250000000001 0.6 0.3156250000000001 0.6 0.425 0.659375 0.425
1 0.4921875 0.2234375000000001 0.434375 0.2234375000000001 0.434375 0.31718750000000007 0.4921875 0.31718750000000007
1 0.80625 0.5984375000000002 0.753125 0.5984375000000002 0.753125 0.6656250000000001 0.80625 0.6656250000000001
1 0.68125 0.1437500000000001 0.63125 0.1437500000000001 0.63125 0.21250000000000008 0.68125 0.21250000000000008
1 0.5796875 0.26250000000000007 0.5140625 0.26250000000000007 0.5140625 0.35625000000000007 0.5796875 0.35625000000000007
1 0.8875 0.6312500000000002 0.8296875 0.6312500000000002 0.8296875 0.7203125000000001 0.8875 0.7203125000000001
1 0.6671875 0.2609375000000001 0.603125 0.2609375000000001 0.603125 0.34062500000000007 0.6671875 0.34062500000000007
1 0.534375 0.03906250000000006 0.4859375 0.039062500000000056 0.4859375 0.13281250000000006 0.534375 0.13281250000000006
1 0.6390625 0.5625 0.5796875 0.5625 0.5796875 0.6703125 0.6390625 0.6703125
1 0.715625 0.07812500000000008 0.6578125 0.07812500000000008 0.6578125 0.1765625000000001 0.715625 0.1765625000000001
1 0.2390625000000001 0.565625 0.1468750000000001 0.565625 0.1468750000000001 0.646875 0.2390625000000001 0.646875
1 0.478125 0.5625 0.4 0.5625 0.4 0.6671875 0.478125 0.6671875
1 0.3656250000000001 0.559375 0.26250000000000007 0.559375 0.26250000000000007 0.665625 0.3656250000000001 0.665625
1 0.18750000000000006 0.19062500000000002 0.12343750000000005 0.190625 0.12343750000000005 0.2890625 0.18750000000000006 0.2890625
1 0.8546875 0.39531250000000007 0.8109375 0.39531250000000007 0.8109375 0.4515625000000002 0.8546875 0.4515625000000002
1 0.7546875 0.01718750000000009 0.7078125 0.017187500000000088 0.7078125 0.0906250000000001 0.7546875 0.0906250000000001
1 0.3390625000000001 0.6703125 0.2531250000000001 0.6703125 0.2531250000000001 0.7796875 0.3390625000000001 0.7796875
1 0.7140625 0.5015625 0.6359375 0.5015625 0.6359375 0.5890625 0.7140625 0.5890625
1 0.7515625 0.08437500000000009 0.709375 0.08437500000000009 0.709375 0.16406250000000008 0.7515625 0.16406250000000008
1 0.5859375 0.3781250000000001 0.5390625 0.3781250000000001 0.5390625 0.4515625 0.5859375 0.4515625
1 0.234375 0.2265625 0.15781250000000005 0.2265625 0.15781250000000005 0.3453125 0.234375 0.3453125
1 0.6203125 0.71875 0.553125 0.71875 0.5531250000000001 0.825 0.6203125000000002 0.825
1 0.528125 0.634375 0.490625 0.634375 0.490625 0.70625 0.528125 0.70625
1 0.4734375 0.4015625 0.41875 0.4015625 0.41875 0.515625 0.4734375 0.515625
1 0.4125 0.565625 0.37187500000000007 0.565625 0.37187500000000007 0.665625 0.4125 0.665625
1 0.51875 0.4125 0.4625 0.4125 0.4625 0.5171875 0.51875 0.5171875
1 0.46875 0.30156250000000007 0.4171875 0.30156250000000007 0.4171875 0.4 0.46875 0.4
1 0.8296875 0.9125 0.7796875000000002 0.9125 0.7796875000000002 0.9875 0.8296875 0.9875
1 0.3984375000000001 0.6109375 0.3359375000000001 0.6109375 0.3359375000000001 0.7546875 0.3984375000000001 0.7546875
1 0.45781250000000007 0.65625 0.3968750000000001 0.65625 0.3968750000000001 0.7765625 0.4578125000000002 0.7765625
1 0.7296875 0.6359375 0.6796875 0.6359375 0.6796875000000001 0.7609375 0.7296875000000002 0.7609375000000002
1 0.5468750000000001 0.7125 0.4609375 0.7125 0.4609375000000001 0.8140625 0.5468750000000002 0.8140625
1 0.7375 0.2875000000000001 0.68125 0.2875000000000001 0.68125 0.3812500000000001 0.7375 0.3812500000000001
1 0.625 0.3968750000000001 0.5796875 0.3968750000000001 0.5796875 0.5109375 0.625 0.5109375
1 0.5296875 0.22656250000000008 0.490625 0.22656250000000008 0.490625 0.3140625000000001 0.5296875 0.3140625000000001
1 0.7171875 8.438581850374731e-17 0.6609375 8.094149938114538e-17 0.6609375 0.07968750000000009 0.7171875 0.07968750000000009
1 0.628125 0.1062500000000001 0.5796875 0.1062500000000001 0.5796875 0.20312500000000008 0.628125 0.20312500000000008
1 0.5375 0.3046875000000001 0.4671875 0.3046875000000001 0.4671875 0.4421875 0.5375 0.4421875
1 0.6562500000000001 0.678125 0.59375 0.678125 0.5937500000000001 0.7984375 0.6562500000000002 0.7984375
1 0.6796875 0.4109375 0.621875 0.4109375 0.621875 0.4828125 0.6796875 0.4828125
1 0.5734375 0.5515625 0.5171875 0.5515625 0.5171875 0.6328125 0.5734375 0.6328125
1 0.60625 0.2968750000000001 0.5484375 0.2968750000000001 0.5484375 0.3781250000000001 0.60625 0.3781250000000001
1 0.3296875 0.0015625000000000365 0.2640625 0.0015625000000000326 0.2640625 0.07968750000000004 0.3296875 0.07968750000000005
1 0.5046875 5.79793718971325e-17 0.4421875 5.415235064979703e-17 0.4421875 0.06250000000000006 0.5046875 0.06250000000000007
1 0.7578125 0.3812500000000001 0.703125 0.3812500000000001 0.703125 0.4453125000000001 0.7578125 0.44531250000000017
1 0.615625 0.2250000000000001 0.5703125 0.2250000000000001 0.5703125 0.2953125000000001 0.615625 0.2953125000000001
1 0.7046875 0.34062500000000007 0.6578125 0.34062500000000007 0.6578125 0.415625 0.7046875 0.415625
1 0.6875000000000001 0.615625 0.6328125 0.615625 0.6328125000000001 0.7328125 0.6875000000000002 0.7328125
1 0.8515625 0.5953125000000001 0.803125 0.5953125000000001 0.803125 0.6703125000000002 0.8515625 0.6703125000000002
1 0.665625 0.478125 0.615625 0.478125 0.615625 0.5328125 0.665625 0.5328125
1 0.7671875000000001 0.9171875 0.7046875000000001 0.9171875 0.7046875000000001 0.9984375 0.7671875000000001 0.9984375
1 0.3593750000000001 0.9140625 0.2984375000000001 0.9140625 0.2984375000000001 1 0.3593750000000001 1
1 0.27812500000000007 0.796875 0.2015625000000001 0.796875 0.2015625000000001 0.9 0.27812500000000007 0.9
1 0.47187500000000016 0.9171875 0.4125000000000002 0.9171875 0.4125000000000002 1 0.47187500000000016 1
1 0.2640625000000001 0.9171875 0.18437500000000012 0.9171875 0.18437500000000012 1 0.2640625000000001 1
1 0.3078125000000001 0.9171875 0.2531250000000001 0.9171875 0.2531250000000001 1 0.3078125000000001 1
1 0.7156250000000002 0.9171875 0.6562500000000002 0.9171875 0.6562500000000002 1 0.7156250000000002 1
1 0.42500000000000016 0.915625 0.3625000000000001 0.915625 0.3625000000000001 1 0.42500000000000016 1
1 0.709375 0.575 0.6546875 0.575 0.6546875 0.6375 0.709375 0.6375
1 0.6234375000000002 0.9328125 0.5625000000000002 0.9328125 0.5625000000000002 1 0.6234375000000002 1
1 0.5906250000000001 0.63125 0.53125 0.63125 0.5312500000000001 0.7421875 0.5906250000000002 0.7421875
1 0.709375 0.459375 0.6609375 0.459375 0.6609375 0.5109375 0.709375 0.5109375
1 0.5640625000000001 0.93125 0.5343750000000002 0.93125 0.5343750000000002 1 0.5640625000000001 1
1 0.7875 0.021875000000000096 0.753125 0.021875000000000096 0.753125 0.07968750000000009 0.7875 0.07968750000000009
1 0.5703125 0.2156250000000001 0.528125 0.2156250000000001 0.528125 0.2734375000000001 0.5703125 0.2734375000000001
1 0.3875 0.26406250000000003 0.3578125 0.2640625 0.3578125 0.33125000000000004 0.3875 0.3312500000000001
1 0.6625 7.845393557037733e-17 0.61875 7.577502069724248e-17 0.61875 0.06406250000000008 0.6625 0.06406250000000009
1 0.33125 0.07343750000000004 0.275 0.07343750000000004 0.275 0.16875000000000004 0.33125 0.16875000000000004
1 0.5546875 0.0015625000000000651 0.5109375 0.0015625000000000625 0.5109375 0.056250000000000064 0.5546875 0.056250000000000064
1 0.803125 0.94375 0.7640625000000002 0.94375 0.7640625000000002 1 0.803125 1
1 0.6046875 0.0015625000000000714 0.5609375 0.0015625000000000686 0.5609375 0.057812500000000065 0.6046875 0.057812500000000065