1 0.5243077062898058 0.1594829784396915 0.46210989337417496 0.02439452449670776 0.39732723587269925 0.054221941228820424 0.45952504878833017 0.18931039517180417
1 0.3887273396975828 0.16634249161423492 0.37267023526752774 0.020596566448850447 0.3160358285230923 0.02683608623232085 0.33209293295314735 0.1725820113977053
1 0.34151712005205553 0.17056407392370615 0.3001085231878666 0.07669955933186473 0.21628662167083318 0.11367782895166281 0.2576952185350221 0.20754234354350426
1 0.1677856709433889 0.32984199923921387 0.16694444711067066 0.20204671020152304 0.1174366557543793 0.2023725996322506 0.11827787958709753 0.3301678886699414
1 0.21675924819419076 0.3327352805087998 0.19401660129019743 0.2376027885093958 0.1503079007577562 0.24805191605719434 0.17305054766174957 0.34318440805659833
1 0.2921238354539043 0.3290937685387003 0.2881570251778811 0.2413921808034928 0.19937945505778404 0.2454076585904633 0.20334626533380723 0.3331092463256708
1 0.40219060757065916 0.2563583538020583 0.30995180983976167 0.23637481827365942 0.2898609153063863 0.32910915722300366 0.38209971303728374 0.34909269275140253
1 0.37390260215599747 0.44169180752994464 0.3662721667643317 0.32729247632056885 0.2517695908169384 0.33492979813626034 0.25940002620860414 0.4493291293456362
1 0.4138396171107466 0.5448142394108333 0.37320121796486944 0.42898448753058016 0.31914099290370945 0.44795129846031945 0.35977939204958664 0.5637810503405726
1 0.26996989630805357 0.660686978077023 0.2069426650018351 0.5564019060638842 0.13733569856416145 0.5984705769628093 0.20036292987037996 0.7027556489759481
1 0.20674218352969004 0.7233539100314306 0.15976066961313928 0.5923048794870204 0.10609237807634853 0.6115451407483106 0.15307389199289928 0.7425941712927207
1 0.17660320162525167 0.889958585036203 0.09973979453801193 0.8689290668701725 0.07002377793881198 0.9775418397754976 0.14688718502605172 0.9985713579415281
1 0.25289991606478596 0.9045835352640484 0.18507560379958793 0.8816875861060532 0.15087440855361875 0.9830012521261231 0.21869872081881678 1.0058972012841183
1 0.2906250000000001 0.9145218749999999 0.23229218750000008 0.9145218749999999 0.23229218750000008 0.99908125 0.2906250000000001 0.99908125
1 0.3468750000000001 0.89154375 0.2880203125000001 0.89154375 0.2880203125000001 0.99908125 0.3468750000000001 0.99908125
1 0.45036500951737 0.9015768876291446 0.38093265001194343 0.8865865125946616 0.35842185757980705 0.9908519115126163 0.42785421708523363 1.0058422865470995
1 0.5109431252203078 0.9985671083979636 0.4973617181169983 0.888339365504007 0.4401243396662301 0.895391711110085 0.4537057467695396 1.0056194540040415
1 0.5743512637303227 0.9985836064832252 0.560906875272166 0.88947194994429 0.4976909381102247 0.8972612150229325 0.5111353265683813 1.0063728715618676
1 0.6487312162225556 0.9981749253748322 0.6131030445367012 0.8842369140105074 0.5525212748474088 0.9031807034068423 0.5881494465332632 1.017118714771167
1 0.6788017306116246 0.870752346445447 0.6727926398349179 0.7859583998332033 0.6150745695686564 0.7900487050677544 0.6210836603453631 0.8748426516799981
1 0.7591901236382739 0.9667004332316445 0.7267631524090072 0.8847149406532955 0.6740772706391012 0.9055533050835468 0.7065042418683678 0.9875387976618958
1 0.8465325847161764 0.9618464354336677 0.8223225740752247 0.8899889580573801 0.7896197439188352 0.901007099731481 0.8138297545597869 0.9728645771077685
1 0.8296875 0.6654406250000002 0.7765625 0.6654406250000002 0.7765625 0.7389703125000002 0.8296875 0.7389703125000002
1 0.7348927694527716 0.7344951466103786 0.7299661139511142 0.6702559157749772 0.6846816159078554 0.6737288888869415 0.6896082714095126 0.7379681197223429
1 0.7044277848246363 0.684759021252311 0.6980204866229798 0.5757913647615684 0.6261038335111149 0.5800200639645466 0.6325111317127714 0.6889877204552892
1 0.7313156464734407 0.5997155042867763 0.6978358601946449 0.5956426555577121 0.6887403029088852 0.6704103020555343 0.7222200891876811 0.6744831507845985
1 0.5841735948855303 0.7010086242146165 0.5772740598786957 0.5671452321254857 0.5309948803768348 0.5695305356358589 0.5378944153836694 0.7033939277249897
1 0.6083075151296278 0.7951043080270415 0.581857529674465 0.6935057405286014 0.5335948130562642 0.7060703680032716 0.560044798511427 0.8076689355017118
1 0.5394164393212602 0.5895081931978241 0.5182636063121524 0.5867420322184718 0.5121799794908923 0.6332635265206477 0.5333328125000002 0.6360296875
1 0.5599562199154313 0.7175005933085823 0.5079236965621707 0.5848209757482026 0.4526110575507625 0.6065127490138424 0.5046435809040231 0.7391923665742222
1 0.5455801677747986 0.7730188305525497 0.48518081940485214 0.6917376845204904 0.42907398278342457 0.7334302114651357 0.48947333115337105 0.814711357497195
1 0.4731894779548358 0.6869203769993978 0.47036842976430526 0.6171523818849476 0.4231601867519924 0.6190612331900416 0.42598123494252293 0.6888292283044917
1 0.4536453125000001 0.6727937500000001 0.39322968750000004 0.6727937500000001 0.39322968750000004 0.8455875 0.45364531250000023 0.8455875
1 0.42297711909143454 0.5959907626834985 0.3816871257824994 0.5912048118324512 0.3682827455035938 0.7068488686253298 0.40957273881252887 0.7116348194763771
1 0.37926002395356956 0.7691333165994791 0.37292646803687457 0.5925726225354528 0.30024192287143264 0.5951799504774121 0.3065754787881276 0.7717406445414385
1 0.3505491115987572 0.7526328504766477 0.27454643278566754 0.7102691277212079 0.21615933571010726 0.8150185571205087 0.2921620145231969 0.8573822798759485
1 0.3121992376293371 0.5976836016555302 0.24324675580630073 0.5881145100518752 0.22357824561863318 0.7298408773366594 0.2925307274416696 0.7394099689403143
1 0.4490781655937317 0.3686057800650482 0.4349258294531292 0.2728723022419426 0.37431554132873646 0.28183235666198736 0.388467877469339 0.37756583448509295
1 0.4294418982963363 0.37230575671167415 0.38816411100593495 0.3528869124935545 0.35070727843123 0.43250726220253244 0.39198506572163133 0.45192610642065195
1 0.451825676068355 0.3991371274937999 0.40575322042327533 0.39152311325423256 0.3850676690293657 0.5166915354693284 0.43114012467444535 0.5243055497088958
1 0.48442249588772085 0.3135313061028804 0.4533369209203572 0.2422107565152934 0.40889520006729246 0.26158100048067406 0.4399807750346561 0.33290155006826105
1 0.5123675718883771 0.40890635845601675 0.46285523943916634 0.319137907985559 0.40905585529936167 0.3488112840896661 0.45856818774857244 0.43857973456012384
1 0.5483275945981487 0.49075511820288176 0.5057199645102397 0.4134927994357377 0.42133799255524196 0.4600266843167047 0.4639456226431509 0.5372890030838487
1 0.5953413064307076 0.32541835672976227 0.544293160310398 0.23533244467535314 0.44612760608732194 0.29095900649485473 0.49717575220763166 0.38104491854926387
1 0.5830910400965779 0.4693349589524344 0.55772153659871 0.36871936434332536 0.5066814667043077 0.38158875339527093 0.5320509702021755 0.48220434800437995
1 0.5984819370907772 0.32713803277136444 0.5589672343079284 0.317061178950509 0.5414095174284785 0.38591083940712656 0.5809242202113274 0.3959876932279821
1 0.681112665049829 0.2890324894360261 0.6185504546993457 0.2687722241206553 0.5945320524366189 0.3429392851760323 0.6570942627871024 0.36319955049140307
1 0.6147449350950752 0.25190568909841315 0.5654954822670822 0.24896654132976734 0.5607736237755334 0.328087757867694 0.6100230766035264 0.33102690563633985
1 0.64987618951452 0.42301662563261405 0.6469817869623393 0.3412084670106291 0.613235970675054 0.34240240632466085 0.6161303732272346 0.4242105649466459
1 0.6195457687027072 0.35879963659747116 0.5852972557460282 0.35491739322070104 0.5767395629471181 0.4304119524893137 0.6109880759037971 0.43429419586608387
1 0.7075001476380745 0.45792233083278244 0.5959563866737998 0.4159283357049521 0.5632206383368417 0.5028804934210541 0.6747643993011163 0.5448744885488844
1 0.6885497908677753 0.3665982309842255 0.6457265695614607 0.3621901528713962 0.6379390026475581 0.4378441437617117 0.6807622239538726 0.442252221874541
1 0.8501115281324969 0.09542191211312982 0.8112459573499387 0.09215720416739497 0.8076500152424492 0.1349660387803658 0.8465155860250075 0.13823074672610067
1 0.7003031086558179 0.10257361879401634 0.642721849451689 0.10075720959736138 0.6399898370518624 0.18736363860741603 0.6975710962559913 0.189180047804071
1 0.7351466174474355 0.18177677643814052 0.6961040100816074 0.15625592542334413 0.6597310471940229 0.21190043774499295 0.698773654559851 0.23742128875978938
1 0.6634107355827719 0.1661331001998059 0.618989073873899 0.15774215541157902 0.6058535548206814 0.22728159327931277 0.6502752165295542 0.2356725380675396
1 0.6260270913368943 0.08178587982227303 0.5788790964483455 0.07827187456640916 0.5685826278347413 0.21642131209335122 0.6157306227232902 0.21993531734921506
1 0.5757852776771857 0.17918574264337075 0.5704757184945819 0.05112979427732074 0.5185335590711668 0.05328346205339708 0.5238431182537705 0.1813394104194471
1 0.6054547307591783 0.11556230422922575 0.5956947061156368 0.04239870120417412 0.5565027252992734 0.04762691144507679 0.5662627499428149 0.12079051447012841
1 0.634298664944146 0.0006363086523293038 0.6019464622086941 -0.0017087767897806417 0.5941123748666324 0.10636830107974951 0.6264645776020844 0.10871338652185944
1 0.6731061582748394 0.00092518737063908 0.6358021328570247 -0.002683482501225698 0.6236289883714556 0.1231543767180042 0.6609330137892704 0.12676304658986898
1 0.7189810387018807 0.045853580514567484 0.6795461199112277 0.03852821824138467 0.6659347573003533 0.11180281670799967 0.7053696760910063 0.11912817898118248
1 0.2503839891879697 0.11049170211149187 0.23393370622062318 0.02339354923877503 0.1722460049131478 0.03504454422136784 0.18869628788049436 0.12214269709408465
1 0.3230042587345362 0.09022539258867243 0.3156797060627633 0.01385180121411051 0.2405926348282271 0.021052971125438084 0.24791718749999997 0.09742656250000001
1 0.8361564225949367 0.34599964537635025 0.8147219937476992 0.33038447137399174 0.7950094993567765 0.35744315534126503 0.8164439282040139 0.37305832934362354
1 0.7305086236530312 0.38703297034607476 0.7154961003912368 0.2508203717535228 0.65438919674464 0.2575552026130004 0.6694017200064344 0.3937678012055523