1 0.27322028975828605 0.98178501499119 0.2667501389435024 0.8847269238047393 0.1837876160578415 0.8902574265014591 0.19025776687262508 0.9873155176879098
1 0.23224269194252142 0.8368300046880279 0.17930184946723138 0.8181008330660873 0.12987646557750634 0.9578091723137993 0.1828173080527964 0.9765383439357397
1 0.2131194916207615 0.7650199360679023 0.15227637695432744 0.7352101192975093 0.10341829522759993 0.8349315597806232 0.16426140989403398 0.8647413765510163
1 0.22890184465019936 0.6768754560058013 0.16961593069153258 0.6144634385166029 0.07099066779583922 0.7081487428123167 0.13027658175450602 0.7705607603015151
1 0.129843046609378 0.6434123114801724 0.09634430382731499 0.6302219516755653 0.06783360468604674 0.7026288148103023 0.10133234746810978 0.7158191746149094
1 0.302624287887168 0.6725700566924779 0.23698393943584062 0.6681940334623895 0.22700669247787642 0.8178527378318586 0.2926470409292038 0.822228761061947
1 0.244020438322407 0.8378154530579824 0.22847244519357074 0.7413485365820429 0.18468483550395182 0.7484059763702439 0.20023282863278807 0.8448728928461835
1 0.3932135602415689 0.8969297727831738 0.3690350108598454 0.7964294768259607 0.2588376090458016 0.8229409740919271 0.2830161584275251 0.9234412700491402
1 0.3793535707287448 0.7536789852189403 0.31654241867441113 0.724696803376725 0.2504420390889928 0.8679517527657097 0.3132531911433265 0.8969339346079248
1 0.48251406250000023 0.789025 0.3808750000000001 0.789025 0.3808750000000001 0.9008296874999999 0.48251406250000023 0.9008296874999999
1 0.4503327329804542 0.7328742005870708 0.4065032754339956 0.7136068702237817 0.35730349934407035 0.825526864160115 0.4011329568905289 0.8447941945234042
1 0.40906799022279133 0.6582526606531136 0.36326426696518366 0.6542239600256279 0.3534756201318071 0.765514550238146 0.3992793433894148 0.7695432508656317
1 0.4977655570222206 0.6351767498685023 0.44898492437130455 0.6320045420915008 0.4412406947332883 0.7510914518063184 0.49002132738420434 0.7542636595833199
1 0.5436153981381091 0.7395374889831643 0.4908095717217115 0.7143706099401466 0.4492877627299359 0.8014927928046456 0.5020935891463335 0.8266596718476633
1 0.5349611047879479 0.7890642698522055 0.496379958331874 0.786259498292652 0.48788619939016675 0.9030957363728612 0.5264673458462406 0.9059005079324148
1 0.6240408396273077 0.773092527976422 0.5459826115803373 0.7585438422516224 0.5213874687826923 0.8905044400445774 0.5994456968296625 0.9050531257693771
1 0.6556938010930218 0.8722454055270663 0.6428874299044937 0.7961798819477389 0.6041988884190854 0.8026934744360388 0.6170052596076134 0.8787589980153662
1 0.6935038375821089 0.8822115222083464 0.6911183227897685 0.8107892093256591 0.6493492950628628 0.8121843004321019 0.651734809855203 0.8836066133147892
1 0.7654348059681764 0.8918530893535624 0.7456580436266881 0.7767085936427516 0.6927760466277754 0.7857913959107596 0.7125528089692637 0.9009358916215705
1 0.7977116065879276 0.8595953457253458 0.7707395620155799 0.781143394888408 0.7401848087736955 0.7916482218244536 0.7671568533460432 0.8701001726613914
1 0.8410239563369009 0.8708799279207555 0.8314654895528463 0.7972431174871657 0.7829525877387062 0.8035403614587355 0.7925110545227609 0.8771771718923255
1 0.7665332191011146 0.7319131152344254 0.7215435783981932 0.726860860619381 0.7157710407789747 0.7782645235819349 0.7607606814818959 0.7833167781969792
1 0.759015625 0.6753046875000001 0.715846875 0.6753046875 0.7158468750000001 0.7352406250000001 0.7590156250000001 0.7352406250000001
1 0.7174533988402938 0.73486120828558 0.7138123205992242 0.68578822051414 0.6801170711522174 0.6882883136439965 0.683758149393287 0.7373613014154365
1 0.6522675498444828 0.7158211738707112 0.6112028985640235 0.713304015664791 0.6060301876473863 0.7976910714591975 0.6470948389278455 0.8002082296651178
1 0.6553867094463549 0.6202504954554716 0.6022746520477731 0.6152715367234687 0.5921877456802931 0.7228716151334789 0.6452998030788749 0.7278505738654818
1 0.6889718739472934 0.6533905088500773 0.6526831768813544 0.6480362882352362 0.6440925785699592 0.706259817328021 0.6803812756358982 0.7116140379428622
1 0.7226047055126125 0.6826184434499363 0.7075810589218143 0.6040001683549443 0.6645121983766373 0.612230460092041 0.6795358449674354 0.6908487351870329
1 0.6071252035147321 0.6736043464278973 0.6053558903518146 0.6081448145804205 0.5715963554495965 0.609057304905216 0.5733656686125139 0.6745168367526929
1 0.7175252140322816 0.7358291045528105 0.7138123205992242 0.68578822051414 0.6801170711522174 0.6882883136439965 0.6838299645852749 0.7383291976826671
1 0.716438148594023 0.7304180201921839 0.6568371722110109 0.7211225363643847 0.6430892052474168 0.809272036647642 0.7026901816304288 0.8185675204754412
1 0.579234375 0.6378796875 0.5382515625 0.6378796875 0.5382515625000001 0.72883125 0.5792343750000001 0.72883125
1 0.5535123345559707 0.589698415116521 0.4952688811882712 0.585833554242752 0.48802699961591156 0.6949687095382158 0.5462704529836111 0.6988335704119847
1 0.20533546876730116 0.4861405292650852 0.12777356791936226 0.4737301519024421 0.1155170860572676 0.5503302425486689 0.19307898690520653 0.5627406199113121
1 0.2886386644451174 0.48356546281530066 0.21315291210112255 0.47013016241264716 0.19816282853295414 0.554351408081189 0.273648580876949 0.5677867084838425
1 0.32804888867421816 0.5540865074761101 0.3208792821339653 0.4677202790179746 0.28028090150353463 0.47109051319964557 0.28745050804378747 0.5574567416577811
1 0.42300606420507075 0.5313579728331479 0.3913449735102879 0.4407185111617384 0.3080012222133507 0.4698311517268589 0.33966231290813365 0.5604706133982684
1 0.5291845763140135 0.39454254449936393 0.4786751737701554 0.38908198416748074 0.46308270151307146 0.5333101237758908 0.5135921040569296 0.5387706841077741
1 0.5956902746285035 0.45377355395983116 0.5485193118875511 0.4524076673419387 0.5460465918296196 0.5378031783554849 0.5932175545705721 0.5391690649733774
1 0.6396102266400249 0.5271567915911832 0.6373598956324864 0.4488791484794989 0.5926005530127572 0.45016589310504285 0.5948508840202955 0.5284435362167272
1 0.679120036660097 0.4750211618660008 0.6472588357027502 0.4740729924641581 0.6458180854431869 0.5224863176147959 0.6776792864005337 0.5234344870166386
1 0.8122492931241535 0.4300108717958603 0.7664821667603179 0.4191922231536558 0.7450443729236476 0.5098824980607465 0.7908114992874833 0.520701146702951
1 0.8390936070288791 0.45585584431970005 0.8048642735931951 0.44950076586932497 0.7927624518495804 0.5146828552606759 0.8269917852852643 0.521037933711051
1 0.7984801562500004 0.3697357812500003 0.7490153125000003 0.36266937499999996 0.7356737187499998 0.4560605312499999 0.7851385624999997 0.4631269375000002
1 0.7488518395996936 0.36564463543570447 0.7038303221659002 0.358765664961879 0.6897451435056359 0.45095040670834796 0.7347666609394292 0.4578293771821734
1 0.6814726840831384 0.4068461963892281 0.6300997555537916 0.4031080857087751 0.6242751894437365 0.48315521220264834 0.6756481179730833 0.4868933228831012
1 0.5960978062593253 0.3439128238126543 0.535948169522447 0.33346586897416064 0.5124195646565624 0.4689347264055922 0.5725692013934407 0.4793816812440858
1 0.5480778087793503 0.3466554294516268 0.5061319032412422 0.3025266737015663 0.42518816189680464 0.3794664937945036 0.46713406743491276 0.4235952495445641
1 0.46332365767188133 0.26233587522819357 0.40335473231517505 0.2572729051920418 0.3892343080028781 0.4245238795297803 0.44920323335958445 0.4295868495659321
1 0.39550566176990654 0.37035286982115423 0.3564413772801869 0.2842295269326668 0.30269568381956585 0.30860778477806244 0.3417599683092855 0.3947311276665499
1 0.2765080636792113 0.41785393754209704 0.23256630937900943 0.3868517184615404 0.18060372958161935 0.4605021532361776 0.22454548388182127 0.49150437231673416
1 0.20322090163593204 0.4276521749588825 0.15666049832682516 0.4205307731417577 0.14827604429914107 0.4753491320941876 0.19483644760824798 0.4824705339113125
1 0.17515579005879145 0.44352127606966085 0.17144735038704023 0.36733034012534777 0.1127384508348267 0.37018787704211975 0.11644689050657794 0.4463788129864329
1 0.2487203430373369 0.3768619228779592 0.20735662857299894 0.33925190564500685 0.15461355922580394 0.39725903834418236 0.1959772736901419 0.43486905557713473
1 0.21608600668759292 0.3367420916750741 0.15371852591303664 0.26037686749138306 0.0962553841011206 0.30730701705238783 0.15862286487567687 0.3836722412360788
1 0.27293468217339967 0.2927465787599508 0.24242021959136478 0.2065784533333403 0.19285716454827656 0.22413007095384613 0.22337162713031145 0.31029819638045664
1 0.3695453817611148 0.2622389709249322 0.2794690186201992 0.14890759899927022 0.21552531086424637 0.1997303900988067 0.30560167400516197 0.31306176202446867
1 0.43459293408312893 0.2839370179647608 0.39394889873311967 0.20396813049583615 0.31517910367496105 0.2440027294028282 0.3558231390249703 0.32397161687175285
1 0.5980224827993643 0.23560539469029845 0.5191648946050513 0.2275452163783202 0.5092729983969535 0.3243236060672713 0.5881305865912665 0.33238378437924954
1 0.6366521233225418 0.41698426138484346 0.6217798914300449 0.30208839118408115 0.572184083998786 0.30850812017629353 0.5870563158912828 0.4234039903770558
1 0.7343073924172333 0.30183561525112307 0.6595426753971323 0.26426586154052084 0.5975424318492193 0.38764784322034596 0.6723071488693202 0.42521759693094807
1 0.7325825132211647 0.33960040612135745 0.7142078125 0.3288343750000001 0.6727411528582186 0.399606737835978 0.6911158535793833 0.4103727689573353
1 0.7584450410916658 0.31923245332996 0.7380928425829151 0.2994824709483717 0.7088524832304985 0.3296144268412725 0.7292046817392492 0.3493644092228608
1 0.779508021434576 0.27621764812639776 0.7026888865645994 0.17780321361376647 0.6373961479718327 0.22876862043469476 0.7142152828418092 0.3271830549473261
1 0.7994575898812928 0.22168710566023614 0.7438771748737757 0.220258198266918 0.740221347972029 0.36245941952513666 0.795801762979546 0.3638883269184548
1 0.8549776802990461 0.22198294668089544 0.8187933829981302 0.17234761693560183 0.7636672471360504 0.21253472759488629 0.7998515444369663 0.2621700573401799
1 0.8871496837586239 0.35432810736641074 0.8579484062352056 0.2801683859808003 0.7941804598446708 0.305277777775384 0.823381737368089 0.3794374991609945
1 0.6801971937425265 0.2592345507923325 0.633769780105605 0.22113811722076854 0.5804690442150452 0.28609473074982184 0.6268964578519667 0.3241911643213858
1 0.857468145243842 0.21542083452690522 0.8327875 0.20413281250000015 0.8117319523099958 0.25016962051766356 0.8364125975538377 0.2614576425445686
1 0.7559627472337035 0.09404846037278398 0.709849013253921 0.05953562697023447 0.6493365552439315 0.14038831613047228 0.6954502892237141 0.1749011495330218
1 0.7218157915454955 0.046037149869567084 0.6828465912893131 0.012749140267463899 0.6255955325722773 0.07977111000042339 0.6645647328284596 0.11305911960252657
1 0.653839364235018 0.047612986584197006 0.6053699876243774 0.0463668956620782 0.6022414042061004 0.16805985182328015 0.6507107808167409 0.16930594274539895
1 0.633634375 7.395594182285273e-17 0.5737703125 7.029032519662364e-17 0.5737703125 0.07601250000000008 0.633634375 0.07601250000000008
1 0.689884375 8.261639523004175e-17 0.659015625 8.072622943598275e-17 0.659015625 0.029060937500000078 0.689884375 0.029060937500000085
1 0.7420312499999999 8.787433972175596e-17 0.69235 8.4832240532249e-17 0.69235 0.03958593750000009 0.7420312499999999 0.03958593750000009
1 0.5570126800146042 0.04554484126637026 0.49215076972187227 0.043255700066051374 0.48820791687145937 0.15497487573127414 0.5530698271641913 0.15726401693159303
1 0.6014591882263695 0.1761629175196267 0.5990911520839078 0.05093440048871532 0.5530386763479685 0.051805239891577703 0.5554067124904302 0.17703375692248907
1 0.5661484375 6.349516194538595e-17 0.47080625 5.765713670810684e-17 0.47080625 0.05405000000000006 0.5661484375 0.05405000000000006
1 0.49006871225117343 0.029461173883370845 0.44476737331375144 0.028926887974619692 0.443021029367418 0.1769968964071505 0.48832236830484 0.17753118231590165
1 0.45752855306275064 0.054441670181359744 0.3946239472356119 0.041071035444791223 0.36599365484076846 0.17576750223912388 0.4288982606679072 0.1891381369756924
1 0.39346732561918674 0.17461505455293397 0.35106654486509725 0.027671282819699373 0.2955369991443334 0.043694391970284595 0.3379377798984228 0.19063816370351921
1 0.3136609375 3.4265713115674125e-17 0.24535468749999997 3.0083161594461184e-17 0.24535468749999997 0.14879218750000006 0.3136609375 0.14879218750000006
1 0.24214034197162496 0.10252478405653762 0.17583068358356652 0.0838468218917939 0.14942682804434315 0.1775845982878932 0.21573648643240156 0.1962625604526369
1 0.29266897111664825 0.15877674117471968 0.2519387556470093 0.11590089424596373 0.2092837064943754 0.15642136129916645 0.25001392196401434 0.1992972082279224
1 0.14696800744833813 0.2561087828478863 0.07595923267666863 0.082107082197514 0.005294060101644005 0.11094500334900674 0.07630283487331352 0.28494670399937905
1 0.1920599696474479 0.1966140350725433 0.16521616383869725 0.07599898555189763 0.09685401377949023 0.09121350719037617 0.12369781958824086 0.21182855671102185
1 0.244809375 2.575843623390972e-17 0.17585781250000002 2.153637071831804e-17 0.17585781250000002 0.04878906250000003 0.244809375 0.048789062500000036
1 0.2027110972883631 0.06224648468205838 0.17180650392386648 -0.007083528854204968 0.1306354129898249 0.011268924272372683 0.1615400063543215 0.08059893780863603
1 0.360278125 4.1661527351681125e-17 0.32010625 3.920170944495624e-17 0.32010625 0.03938906250000005 0.360278125 0.03938906250000005
1 0.42144499336214397 0.0006881040975731612 0.35567787171961174 -0.0034348571374058527 0.35001898575416146 0.08683245813432848 0.4157861073966937 0.0909554193693075
1 0.36371618736956735 0.6403483862277881 0.31046992921452843 0.6301868707365752 0.28585779983040693 0.7591542276298839 0.33910405798544585 0.769315743121097
1 0.7677125385352612 0.5965219122725134 0.7429074968746077 0.545380273477899 0.6921939431568839 0.5699776826023875 0.7169989848175374 0.6211193213970019