1 0.440625 0.29375000000000007 0.3640625 0.29375000000000007 0.36406250000000007 0.39531250000000007 0.440625 0.39531250000000007
1 0.4265625 0.38125000000000003 0.34843750000000007 0.38125 0.34843750000000007 0.46875 0.4265625 0.46875
1 0.5531250000000002 0.8671875 0.4890625000000002 0.8671875 0.4890625000000002 0.9984375 0.5531250000000002 0.9984375
1 0.290625 0.3328125 0.20625 0.3328125 0.20625000000000004 0.4375 0.2906250000000001 0.4375
1 0.3671875 4.066210075293946e-17 0.296875 3.6356701849687046e-17 0.296875 0.08437500000000005 0.3671875 0.08437500000000005
1 0.6015625000000002 0.865625 0.5500000000000002 0.865625 0.5500000000000002 0.9984375 0.6015625000000002 0.9984375
1 0.4515625 0.0015625000000000506 0.3734375 0.0015625000000000458 0.3734375 0.08750000000000005 0.4515625 0.08750000000000005
1 0.4671875 0.2562500000000001 0.4140625 0.2562500000000001 0.4140625 0.3421875000000001 0.4671875 0.3421875000000001
1 0.709375 0.034375000000000086 0.6640625 0.03437500000000008 0.6640625 0.11250000000000009 0.709375 0.11250000000000009
1 0.3359375000000001 0.384375 0.2890625000000001 0.384375 0.2890625000000001 0.4578125 0.3359375000000001 0.4578125
1 0.63125 7.395718560475812e-17 0.5765625 7.060854201333958e-17 0.5765625 0.07500000000000007 0.63125 0.07500000000000007
1 0.334375 0.010937500000000037 0.271875 0.010937500000000034 0.271875 0.16093750000000004 0.334375 0.16093750000000004
1 0.6328125000000002 0.85625 0.5968750000000002 0.85625 0.5968750000000002 0.915625 0.6328125000000002 0.915625
1 0.75 8.96479727188336e-17 0.7140625 8.744743550161569e-17 0.7140625 0.04687500000000009 0.75 0.04687500000000009
1 0.6578125 0.2687500000000001 0.6265625 0.2687500000000001 0.6265625 0.3234375000000001 0.6578125 0.3234375000000001
1 0.671875 7.902798875747764e-17 0.61875 7.577502069724248e-17 0.61875 0.037500000000000075 0.671875 0.037500000000000075
1 0.6796875 0.01406250000000008 0.6484375 0.014062500000000078 0.6484375 0.07656250000000009 0.6796875 0.07656250000000009
1 0.290625 0.001562500000000033 0.2484375 0.0015625000000000304 0.2484375 0.05156250000000003 0.290625 0.051562500000000046
1 0.2515625 0.0015625000000000285 0.215625 0.0015625000000000263 0.215625 0.06406250000000002 0.2515625 0.06406250000000002
1 0.21473962896014226 0.1975598547600957 0.13566829014272225 0.1888874933921495 0.11720469307413939 0.35723164761458737 0.1962760318915594 0.3659040089825335
1 0.3268611709623949 0.3180392676518183 0.2082993142449557 0.2043330810803651 0.14429733076070878 0.2710681834023726 0.26285918747814796 0.38477436997382575
1 0.5122331618760044 0.5258895003532724 0.42857397960414323 0.4980058949020608 0.398258269711928 0.5889621202012357 0.4819174519837892 0.6168457256524473
1 0.5671856899438301 0.6302337897017767 0.49636833476565717 0.5725498486187485 0.405731352960247 0.6838229553496585 0.47654870813841993 0.7415068964326869
1 0.25208281250000003 0.8841906249999999 0.1395828125000001 0.8841906249999999 0.13958281250000013 0.99908125 0.25208281250000003 0.99908125
1 0.31927031250000004 0.99908125 0.31512544116301117 0.8783607062736248 0.24655174865934265 0.8807151450771327 0.2506966199963315 1.0014356888035079
1 0.40278092498736723 0.9854005525932792 0.3987406987080048 0.8730774125430998 0.3526038917154267 0.8747369382648167 0.3566441179947891 0.9870600783149961
1 0.4864578125000002 0.87408125 0.3984375000000001 0.87408125 0.3984375000000001 0.99908125 0.4864578125000002 0.99908125
1 0.675378614350669 0.6393234747648249 0.6111030386502037 0.5640487921618543 0.5531175580827676 0.6135614572022118 0.617393133783233 0.6888361398051823
1 0.7552844008054415 0.713120363869819 0.7518054891311825 0.6619594887881692 0.7139181941798811 0.6645358042343343 0.7173971058541401 0.715696679315984
1 0.8365536692733319 0.5218949870747566 0.8101788689419636 0.49414316341379977 0.7793369618932691 0.5234547196627087 0.8057117622246374 0.5512065433236655
1 0.8436556484011559 0.0847687641145475 0.8065861222604622 0.06796366021904707 0.7792354837269178 0.12829504623061203 0.8163050098676115 0.14510015012611246
1 0.774042579412632 0.2776224312261638 0.7293865350806407 0.25135475359354587 0.6976548189994143 0.30529986971198897 0.7423108633314057 0.33156754734460697
1 0.705196242685783 0.3205835043205258 0.6576384690481688 0.29722774854904394 0.6248791104183027 0.3639334538782166 0.672436884055917 0.38728920964969843
1 0.6142834312916887 0.4085113571974287 0.6089995135401003 0.33962272882382233 0.5600476957551221 0.34337744691116445 0.5653316135067106 0.4122660752847708
1 0.566369152736518 0.3792786370247453 0.46878936718497677 0.32030390942429515 0.4235872761423115 0.39509544352526593 0.5211670616938527 0.454070171125716
1 0.5858671137368665 0.20007163508637293 0.5190734730131175 0.18798198611537428 0.49981778213933337 0.2943670185672194 0.5666114228630825 0.30645666753821804
1 0.5173280889757617 0.170196918983083 0.47157005767679766 0.16834670655851175 0.4669184706537016 0.28338618081888567 0.5126765019526656 0.28523639324345684
1 0.47343167279222875 0.16239196803673267 0.41867975184157136 0.16130965758858967 0.4165966633811785 0.26668893662293786 0.47134858433183596 0.26777124707108085
1 0.40469601080261414 0.2006111194274986 0.37777797374428246 0.09605732722794376 0.3055765752200763 0.1146460353010903 0.33249461227840793 0.21919982750064518
1 0.44454271215279906 0.1368276636107752 0.38941948435162954 0.04757543224750107 0.33853013365643186 0.0790052937554709 0.3936533614576013 0.168257525118745
1 0.40070103741851437 0.5592002459827897 0.3104168430552058 0.4703378499559111 0.2459177039211596 0.535868975316102 0.3362018982844682 0.6247313713429806
1 0.3161293107184515 0.5498376430921056 0.1870658615273001 0.4923716264516413 0.13488920237389873 0.60955565957753 0.26395265156505016 0.6670216762179944
1 0.3254668808122396 0.7441050866535998 0.31117936738695995 0.6432495293845503 0.22195378456196146 0.6558895042853858 0.23624129798724117 0.7567450615544353
1 0.43086343417152867 0.7096052737008489 0.3570816491182545 0.5986345310908074 0.28436666536065563 0.6469809796732828 0.35814845041392973 0.7579517222833243
1 0.3866450695933626 0.7447873823813825 0.30507265379507553 0.7059174108165779 0.25650175963929217 0.8078481561778027 0.3380741754375792 0.8467181277426074
1 0.2582172696369042 0.8199673802338181 0.2488907559120928 0.7266124125418949 0.15076078996976477 0.7364159666194523 0.1600873036945762 0.8297709343113755
1 0.24621125286697243 0.7225614678899082 0.20902995986238534 0.5986238245412845 0.1299911123853211 0.6223354787844038 0.1671724053899082 0.7462731221330274
1 0.14876422737877612 0.5021376380459295 0.09130738673880431 0.4960328391891842 0.07772551169091604 0.6238620516711467 0.13518235233088785 0.6299668505278919
1 0.1819448500861568 0.5274233294966898 0.1481354641480612 0.5156131529970406 0.12400311406190445 0.584697636000351 0.15781250000000005 0.5965078125000002
1 0.46142138043946745 0.6658142686639413 0.4041812910367911 0.5599855205140212 0.3533925967794339 0.5874558388420617 0.41063268618211024 0.6932845869919817
1 0.3703125000000001 0.8970593750000001 0.3166671875000001 0.8970593750000001 0.3166671875000001 0.99908125 0.3703125000000001 0.99908125
1 0.6210362798415173 0.26412050502368994 0.5796011085136317 0.24967210900619183 0.5501394416039525 0.3341624022213861 0.591574612931838 0.3486107982388842
1 0.5523489142996967 0.29882649275416434 0.5122102523696719 0.29262363972835304 0.501856566001217 0.3596223442186242 0.5419952279312418 0.3658251972444355
1 0.420738285549371 0.27093157316774885 0.41561311411400714 0.20986782767904094 0.3758851364588467 0.213202256227985 0.3810103078942106 0.2742660017166929
1 0.390332182390783 0.3061255685106225 0.36813481922570407 0.2001367825773471 0.3276003810009781 0.20862596035256137 0.349797744166057 0.31461474628583674
1 0.3619796875 0.2702203125 0.303125 0.2702203125 0.30312500000000003 0.40900781249999996 0.36197968750000004 0.40900781249999996
1 0.31845413412520535 0.3029389845476761 0.31530758474105347 0.1417468345649644 0.25832574581143175 0.1428591478520015 0.26147229519558357 0.3040512978347132
1 0.25993380713486725 0.16781537764374704 0.21335541667008343 0.16681884869712107 0.2116748462764136 0.2453697671274817 0.25825323674119743 0.24636629607410768
1 0.25485474137332503 0.16309535034043007 0.22860934158108828 0.0738469663007614 0.18505283920753937 0.08665568917732572 0.21129823899977618 0.1759040732169944
1 0.30064705196931396 0.13531954891365297 0.24362385921471025 -0.009583749984512923 0.19945137485056796 0.00779926413248373 0.2564745676051717 0.1527025630306496
1 0.5049718246693418 0.1032773557464572 0.49078655770897256 -0.00519738069948642 0.4469062013470234 0.000540863888188381 0.46109146830739267 0.109015600334132
1 0.5487336178042483 0.07535809899175874 0.4945945628535945 0.06735528229543171 0.4824172635756591 0.14973471191066673 0.536556318526313 0.15773752860699378
1 0.4852866323944228 0.3199377039020794 0.44392477698210053 0.24959441238452493 0.3994413211762414 0.2757506843983702 0.4408031765885637 0.34609397591592467
1 0.6531250000000002 0.9108453125 0.5989578125000002 0.9108453125 0.5989578125000002 0.99908125 0.6531250000000002 0.99908125
1 0.7419568954019498 0.9690455221518579 0.7361137960130779 0.8608299198269069 0.6389025985289157 0.8660788365857451 0.6447456979177876 0.9742944389106961
1 0.7991162468105999 0.9788461216604546 0.7781724414838708 0.9131384230820642 0.7366553955752492 0.9263716506347487 0.7575992009019783 0.9920793492131391
1 0.7702069257919177 0.8024102413984059 0.7635486392977509 0.7466283749375273 0.7144672560064853 0.7524868721915131 0.7211255425006522 0.8082687386523917
1 0.6479282288866595 0.558376944510133 0.6111452833809423 0.5023248312060821 0.577593175785924 0.5243426512760405 0.6143761212916411 0.5803947645800915
1 0.6809188999306818 0.5497795147334278 0.6580090746438867 0.49784538465278094 0.6208478688609327 0.5142383950028546 0.6437576941477279 0.5661725250835015
1 0.7408430958686328 0.24295713952859338 0.7372422985136333 0.19214648779657947 0.6983102114259788 0.19490548716838854 0.7019110087809783 0.24571613890040248
1 0.7029529685476524 0.25605471361886695 0.659163054128771 0.25428397391012514 0.6569321408624138 0.30945385603760583 0.7007220552812952 0.31122459574634764
1 0.6390730900854634 0.20092255749359608 0.592463987109912 0.19937047436451008 0.5903250238749004 0.2636036045450342 0.6369341268504518 0.26515568767412023
1 0.640625 0.07812500000000008 0.6010421874999999 0.07812500000000007 0.6010421874999999 0.14430156250000006 0.640625 0.14430156250000006
1 0.6361816247030699 0.069096688948362 0.6129932558927483 -0.008846043871360365 0.5695349957873146 0.004083014768532367 0.5927233645976362 0.08202574758825473
1 0.7287675190603032 0.057067774868445074 0.6922658689550467 0.03130641233165092 0.6501796128271827 0.09093904213628053 0.6866812629324393 0.11670040467307467
1 0.7479171874999999 8.955229718765019e-17 0.7130203125000001 8.741547987420045e-17 0.7130203125000001 0.04595625000000009 0.7479171874999999 0.04595625000000009
1 0.6703125 8.208960575534602e-17 0.6223953125 7.91555242405451e-17 0.6223953125 0.03492656250000008 0.6703125 0.03492656250000008
1 0.694070915085008 0.01623114775873189 0.6683398254891657 0.0034285490710252555 0.6379930337387526 0.06442054269073023 0.6637241233345949 0.07722314137843686
1 0.6033213622569059 0.0803519115843498 0.5640605221550203 0.07630669597444954 0.5562889924640096 0.15173327739055273 0.5955498325658952 0.15577849300045296
1 0.6602673186637052 0.27204676460791755 0.6309226602477322 0.2695776212069164 0.6264867620772188 0.3222962751858546 0.6558314204931918 0.3247654185868557
1 0.4862425514792804 0.3163846247668126 0.4413283640726141 0.24964443975393796 0.3980163776080903 0.27879213655231144 0.4429305650147565 0.3455323215651861
1 0.45709044469787247 0.36932701488723374 0.4029287275327508 0.28244228589246134 0.34426504290977855 0.31901172601357275 0.39842676007490024 0.4058964550083452
1 0.44212829516414864 0.4077778203921718 0.3677029313803647 0.37352099128131055 0.3351766271034139 0.44418666849621075 0.4096019908871978 0.47844349760707205
1 0.3381929211450624 0.4534777645224481 0.32685638693284536 0.38147343084581103 0.2847581591598585 0.3881014763404813 0.2960946933720755 0.4601058100171184
1 0.30543837235005183 0.36946933372649204 0.20756926030672246 0.3320295271913606 0.1799618286787405 0.40419642839295183 0.2778309407220699 0.4416362349280833
1 0.4423851456533514 0.4082396982430902 0.3680552042945232 0.37326498316904966 0.3349368561413474 0.4436496845430421 0.4092667975001755 0.47862439961708264
1 0.349039330672389 0.43850537968519465 0.30958644547504227 0.379198925925761 0.27337066545051314 0.4032910258755549 0.3128235506478599 0.4625974796349886
1 0.44189814109587394 0.40693020767740895 0.3675672100258207 0.3733767908056277 0.33502488853548706 0.44546784087069025 0.40935581960554035 0.47902125774247156
1 0.5508918127044435 0.8692124155312904 0.4886564279927435 0.8680362665653838 0.48618073135160983 0.9990366222657967 0.5484161160633099 1.0002127712317033
1 0.597457964673979 0.9989902693701801 0.5959474859097598 0.8682454048060487 0.549269843757878 0.8687846656593854 0.5507803225220973 0.9995295302235168
1 0.6342253184007669 0.9136441851689188 0.6304033524542997 0.8563433463912983 0.5937704824383849 0.8587867588213598 0.5975924483848521 0.9160875975989804
1 0.3651046875 4.0438889738688623e-17 0.2953125 3.6165350787320275e-17 0.2953125 0.08180156250000006 0.3651046875 0.08180156250000006
1 0.45364531250000006 5.096310249333e-17 0.3760421875 4.621128156157591e-17 0.3760421875 0.08088281250000004 0.45364531250000006 0.08088281250000005
1 0.32908646193887997 0.6078107989021561 0.2962600454481551 0.5935031689605337 0.2717125643149903 0.6498231774289738 0.3045389808057152 0.6641308073705962