1 0.30625 0.303125 0.2421875 0.303125 0.24218750000000006 0.3890625 0.3062500000000001 0.3890625
1 0.2312500000000001 0.4546875 0.17656250000000004 0.4546875 0.17656250000000007 0.5453125 0.2312500000000001 0.5453125
1 0.19375000000000006 0.5078125 0.14062500000000006 0.5078125 0.14062500000000006 0.58125 0.1937500000000001 0.58125
1 0.825 0.1468750000000001 0.69375 0.1468750000000001 0.69375 0.2750000000000001 0.825 0.2750000000000001
1 0.4453125 0.27812500000000007 0.390625 0.27812500000000007 0.39062500000000006 0.3781250000000001 0.4453125 0.3781250000000001
1 0.403125 0.2984375 0.3265625 0.2984375 0.32656250000000003 0.4015625 0.403125 0.4015625
1 0.2953125000000001 0.4796875 0.22812500000000008 0.4796875 0.22812500000000008 0.56875 0.2953125000000001 0.56875
1 0.3046875000000001 0.4 0.2515625000000001 0.4 0.2515625000000001 0.49375 0.3046875000000001 0.49375
1 0.20312500000000008 0.375 0.16562500000000005 0.375 0.16562500000000005 0.4515625 0.20312500000000008 0.4515625
1 0.2640625 0.01718750000000003 0.184375 0.017187500000000022 0.184375 0.13125000000000003 0.2640625 0.13125000000000003
1 0.3671875 0.21562500000000004 0.3078125 0.215625 0.3078125 0.321875 0.3671875 0.3218750000000001
1 0.41875 0.4609375 0.3609375000000001 0.4609375 0.3609375000000001 0.54375 0.41875 0.54375
1 0.8109375 0.3921875000000001 0.725 0.3921875000000001 0.725 0.4937500000000001 0.8109375 0.4937500000000002
1 0.43125 0.3609375000000001 0.38125 0.3609375000000001 0.38125000000000003 0.4640625 0.43125 0.4640625
1 0.321875 0.16406250000000006 0.2578125 0.16406250000000006 0.2578125 0.2515625 0.321875 0.2515625
1 0.3140625 0.08593750000000003 0.2546875 0.08593750000000003 0.2546875 0.17031250000000003 0.3140625 0.17031250000000003
1 0.484375 0.453125 0.4125 0.453125 0.4125 0.5671875 0.484375 0.5671875
1 0.2640625 0.12187500000000002 0.18125 0.121875 0.18125000000000002 0.228125 0.2640625 0.228125
1 0.3453125 0.04687500000000004 0.2875 0.046875000000000035 0.2875 0.13437500000000005 0.3453125 0.13437500000000005
1 0.2718750000000001 0.5671875 0.2140625000000001 0.5671875 0.2140625000000001 0.6359375 0.2718750000000001 0.6359375
1 0.8921875 0.3984375000000001 0.8046875 0.3984375000000001 0.8046875 0.4937500000000002 0.8921875 0.4937500000000002
1 0.940625 0.2984375000000001 0.8046875 0.2984375000000001 0.8046875 0.4156250000000002 0.940625 0.4156250000000002
1 0.790625 0.4781250000000001 0.7 0.478125 0.7 0.5828125000000001 0.790625 0.5828125000000002
1 0.9109375 0.803125 0.828125 0.803125 0.828125 0.9640625 0.9109375 0.9640625
1 0.6234375 0.4453125 0.528125 0.4453125 0.528125 0.6015625 0.6234375 0.6015625
1 0.7750000000000001 0.80625 0.6328125000000002 0.80625 0.6328125000000002 0.9453125 0.7750000000000001 0.9453125
1 0.37187500000000007 0.36718750000000006 0.2953125000000001 0.3671875 0.2953125000000001 0.49375 0.37187500000000007 0.49375
1 0.3859375 0.12500000000000006 0.309375 0.12500000000000006 0.309375 0.25468750000000007 0.3859375 0.25468750000000007
1 0.528125 0.11875000000000005 0.4640625 0.11875000000000005 0.4640625 0.2656250000000001 0.528125 0.2656250000000001
1 0.903125 0.12656250000000008 0.8078125 0.12656250000000008 0.8078125 0.2796875000000001 0.903125 0.2796875000000001
1 0.19375000000000003 0.1609375 0.1390625 0.1609375 0.13906250000000003 0.2421875 0.19375000000000003 0.2421875
1 0.73125 0.5250000000000001 0.6625 0.525 0.6625 0.6484375000000001 0.73125 0.6484375000000002
1 0.4796875 0.10781250000000005 0.4140625 0.10781250000000005 0.4140625 0.2390625000000001 0.4796875 0.2390625000000001
1 0.653125 0.11718750000000008 0.5703125 0.11718750000000008 0.5703125 0.2593750000000001 0.653125 0.2593750000000001
1 0.3437500000000001 0.74375 0.2562500000000001 0.74375 0.2562500000000001 0.875 0.3437500000000001 0.875
1 0.9015625 0.5578125000000002 0.8203125 0.5578125000000002 0.8203125 0.6828125000000002 0.9015625 0.6828125000000002
1 0.3984375 0.020312500000000046 0.3359375 0.02031250000000004 0.3359375 0.17343750000000005 0.3984375 0.17343750000000005
1 0.4578125 0.54375 0.3906250000000001 0.54375 0.3906250000000001 0.6453125 0.4578125 0.6453125
1 0.85625 0.4656250000000002 0.778125 0.4656250000000002 0.778125 0.5953125000000001 0.85625 0.5953125000000001
1 0.1890625000000001 0.846875 0.1296875000000001 0.846875 0.12968750000000012 0.925 0.18906250000000013 0.925
1 0.3203125000000001 0.58125 0.2687500000000001 0.58125 0.2687500000000001 0.646875 0.3203125000000001 0.646875
1 0.4296875 0.13750000000000004 0.3765625 0.13750000000000004 0.3765625 0.2656250000000001 0.4296875 0.2656250000000001
1 0.36406250000000007 0.484375 0.3031250000000001 0.484375 0.3031250000000001 0.625 0.36406250000000007 0.625
1 0.4796875 0.023437500000000056 0.390625 0.02343750000000005 0.390625 0.14687500000000003 0.4796875 0.14687500000000003
1 0.83125 0.5609375000000002 0.7625 0.5609375000000002 0.7625 0.6828125000000002 0.83125 0.6828125000000002
1 0.5921875 0.11562500000000006 0.515625 0.11562500000000005 0.515625 0.2734375000000001 0.5921875 0.2734375000000001
1 0.515625 0.26250000000000007 0.44375 0.26250000000000007 0.44375 0.4265625 0.515625 0.4265625
1 0.35 0.01718750000000004 0.2875 0.017187500000000033 0.2875 0.06250000000000004 0.35 0.06250000000000004
1 0.3687500000000001 0.7484375 0.32500000000000007 0.7484375 0.32500000000000007 0.8234375 0.3687500000000001 0.8234375
1 0.6312500000000002 0.7484375 0.5343750000000002 0.7484375 0.5343750000000002 0.9296875 0.6312500000000002 0.9296875
1 0.19375000000000014 0.9125 0.10781250000000013 0.9125 0.10781250000000013 1 0.19375000000000014 1
1 0.5609375 0.484375 0.478125 0.484375 0.478125 0.64375 0.5609375 0.64375
1 0.6734375 0.03437500000000007 0.5703125 0.034375000000000065 0.5703125 0.1687500000000001 0.6734375 0.1687500000000001
1 0.47343750000000007 0.659375 0.41875 0.659375 0.41875000000000007 0.74375 0.4734375000000002 0.74375
1 0.11250000000000002 0.1453125 0.03750000000000002 0.1453125 0.037500000000000026 0.25 0.11250000000000004 0.25
1 0.3984375000000001 0.53125 0.3500000000000001 0.53125 0.3500000000000001 0.653125 0.3984375000000001 0.653125
1 0.15781250000000008 0.709375 0.10781250000000009 0.709375 0.10781250000000009 0.778125 0.15781250000000008 0.778125
1 0.9171875 0.9578125 0.8359375 0.9578125 0.8359375 1 0.9171875 1
1 0.678125 0.54375 0.60625 0.54375 0.60625 0.684375 0.678125 0.684375
1 0.3500000000000001 0.940625 0.2875000000000001 0.940625 0.2875000000000001 1 0.3500000000000001 1
1 0.26406250000000003 0.2234375 0.15781250000000005 0.2234375 0.15781250000000005 0.371875 0.2640625000000001 0.371875
1 0.5921875000000002 0.9140625 0.5093750000000001 0.9140625 0.5093750000000001 1 0.5921875000000002 1
1 0.5765625 0.02968750000000006 0.4859375 0.029687500000000054 0.4859375 0.13750000000000007 0.5765625 0.1375000000000001
1 0.4203125 0.020312500000000046 0.35 0.020312500000000046 0.35 0.07187500000000005 0.4203125 0.07187500000000005
1 0.4906250000000002 0.925 0.42500000000000016 0.925 0.42500000000000016 1 0.4906250000000002 1
1 0.7531250000000002 0.9390625 0.6734375000000001 0.9390625 0.6734375000000001 1 0.7531250000000002 1
1 0.4703125000000002 0.7625 0.40937500000000016 0.7625 0.40937500000000016 0.8546875 0.4703125000000002 0.8546875
1 0.815625 0.8171875 0.7609375000000002 0.8171875 0.7609375000000002 0.8890625 0.815625 0.8890625
1 0.4000000000000002 0.871875 0.3218750000000001 0.871875 0.3218750000000001 0.9828125 0.4000000000000002 0.9828125
1 0.4625000000000002 0.8421875 0.3812500000000001 0.8421875 0.3812500000000001 0.959375 0.4625000000000002 0.959375
1 0.20312500000000008 0.71875 0.13281250000000008 0.71875 0.13281250000000008 0.8703125 0.20312500000000008 0.8703125
1 0.3281250000000001 0.815625 0.24375000000000008 0.815625 0.24375000000000008 0.9515625 0.3281250000000001 0.9515625
1 0.5406250000000001 0.765625 0.44843750000000016 0.765625 0.44843750000000016 0.9265625 0.5406250000000001 0.9265625
1 0.853125 0.875 0.7968750000000002 0.875 0.7968750000000002 0.9765625 0.853125 0.9765625
1 0.609375 0.5828125 0.5515625 0.5828125 0.5515625 0.6765625 0.609375 0.6765625
1 0.896875 0.49531250000000016 0.8484375 0.49531250000000016 0.8484375 0.5890625000000002 0.896875 0.5890625000000002
1 0.4187500000000002 0.75625 0.34843750000000007 0.75625 0.34843750000000007 0.90625 0.4187500000000002 0.90625
1 0.6828125000000002 0.925 0.6250000000000002 0.925 0.6250000000000002 1 0.6828125000000002 1
1 0.30156250000000007 0.5453125 0.2593750000000001 0.5453125 0.2593750000000001 0.5953125 0.30156250000000007 0.5953125
1 0.6515625000000002 0.878125 0.6062500000000002 0.878125 0.6062500000000002 0.9671875 0.6515625000000002 0.9671875
1 0.4984375 0.025000000000000057 0.43125 0.025000000000000057 0.43125 0.06406250000000005 0.4984375 0.06406250000000006
1 0.6296875000000002 0.915625 0.5765625000000002 0.915625 0.5765625000000002 1 0.6296875000000002 1
1 0.5218750000000002 0.884375 0.46406250000000016 0.884375 0.46406250000000016 0.965625 0.5218750000000002 0.965625