1 0.2406250000000001 0.5078125 0.13593750000000004 0.5078125 0.13593750000000007 0.625 0.2406250000000001 0.625
1 0.2296875000000001 0.6234375 0.11250000000000009 0.6234375 0.11250000000000009 0.7484375 0.2296875000000001 0.7484375
1 0.3234375000000001 0.55 0.2390625000000001 0.55 0.2390625000000001 0.653125 0.3234375000000001 0.653125
1 0.5 0.584375 0.425 0.584375 0.425 0.6765625 0.5 0.6765625
1 0.628125 0.58125 0.5578125 0.58125 0.5578125 0.6703125 0.628125 0.6703125
1 0.2578125000000001 0.740625 0.17187500000000008 0.740625 0.17187500000000008 0.8375 0.2578125000000001 0.8375
1 0.76875 0.38750000000000007 0.703125 0.38750000000000007 0.703125 0.4640625000000001 0.76875 0.46406250000000016
1 0.2890625000000001 0.80625 0.2000000000000001 0.80625 0.2000000000000001 0.9390625 0.2890625000000001 0.9390625
1 0.5640625 0.38750000000000007 0.4859375 0.38750000000000007 0.4859375 0.4953125 0.5640625 0.4953125
1 0.4234375 0.24218750000000006 0.3578125 0.2421875 0.3578125 0.34843750000000007 0.4234375 0.34843750000000007
1 0.3 0.04843750000000003 0.2125 0.04843750000000002 0.2125 0.17343750000000005 0.3 0.17343750000000005
1 0.25625 0.2640625 0.19062500000000004 0.2640625 0.19062500000000004 0.35625 0.25625 0.35625
1 0.8546875 0.809375 0.7781250000000002 0.809375 0.7781250000000002 0.9015625 0.8546875 0.9015625
1 0.56875 0.4859375 0.4953125 0.4859375 0.4953125 0.6 0.56875 0.6
1 0.865625 0.7375000000000002 0.7984375000000001 0.7375000000000002 0.7984375000000001 0.815625 0.865625 0.815625
1 0.2328125000000001 0.3859375 0.16875000000000004 0.3859375 0.16875000000000004 0.50625 0.2328125000000001 0.50625
1 0.40937500000000016 0.7359375 0.3296875000000001 0.7359375 0.3296875000000001 0.840625 0.40937500000000016 0.840625
1 0.3609375 0.2125 0.296875 0.2125 0.296875 0.35625 0.3609375 0.35625
1 0.2265625 0.025000000000000022 0.146875 0.025000000000000022 0.146875 0.14375000000000002 0.2265625 0.14375000000000004
1 0.4046875 0.4265625 0.3265625000000001 0.4265625 0.3265625000000001 0.5453125 0.4046875 0.5453125
1 0.4625 0.4921875 0.39531250000000007 0.4921875 0.39531250000000007 0.59375 0.4625 0.59375
1 0.696875 0.2500000000000001 0.6375 0.2500000000000001 0.6375 0.3359375000000001 0.696875 0.3359375000000001
1 0.3078125 0.16093750000000004 0.25 0.16093750000000004 0.25 0.290625 0.3078125 0.290625
1 0.3343750000000001 0.7375 0.2562500000000001 0.7375 0.2562500000000001 0.8234375 0.3343750000000001 0.8234375
1 0.253125 0.19531250000000006 0.18750000000000006 0.19531250000000006 0.18750000000000006 0.278125 0.253125 0.278125
1 0.4859375 0.2000000000000001 0.4125 0.2000000000000001 0.4125 0.3000000000000001 0.4859375 0.3000000000000001
1 0.39375 0.14375000000000004 0.3234375 0.14375000000000004 0.3234375 0.24687500000000004 0.39375 0.2468750000000001
1 0.5046875 0.05156250000000005 0.43125 0.051562500000000046 0.43125 0.13437500000000005 0.5046875 0.13437500000000005
1 0.5078125 0.13125000000000003 0.4375 0.13125000000000003 0.4375 0.2171875000000001 0.5078125 0.2171875000000001
1 0.7171875 0.465625 0.659375 0.465625 0.659375 0.55 0.7171875 0.55
1 0.5328125 0.2296875000000001 0.475 0.2296875000000001 0.475 0.3234375000000001 0.5328125 0.3234375000000001
1 0.7375000000000002 0.8890625 0.6703125000000002 0.8890625 0.6703125000000002 0.9890625 0.7375000000000002 0.9890625
1 0.2796875000000001 0.378125 0.21875000000000008 0.378125 0.21875000000000008 0.496875 0.2796875000000001 0.496875
1 0.6296875 0.3734375000000001 0.5640625 0.3734375000000001 0.5640625 0.49375 0.6296875 0.49375
1 0.625 0.5 0.55625 0.5 0.55625 0.5859375 0.625 0.5859375
1 0.38750000000000007 0.5078125 0.3187500000000001 0.5078125 0.3187500000000001 0.6765625 0.38750000000000007 0.6765625
1 0.85 0.5765625000000002 0.7984375 0.5765625000000002 0.7984375 0.6640625000000002 0.85 0.6640625000000002
1 0.4828125000000002 0.8359375 0.4078125000000002 0.8359375 0.4078125000000002 0.9984375 0.4828125000000002 0.9984375
1 0.8375 0.1750000000000001 0.790625 0.1750000000000001 0.790625 0.26250000000000007 0.8375 0.26250000000000007
1 0.690625 0.17187500000000008 0.63125 0.17187500000000008 0.63125 0.2562500000000001 0.690625 0.2562500000000001
1 0.37187500000000007 0.809375 0.29375000000000007 0.809375 0.29375000000000007 0.9984375 0.37187500000000007 0.9984375
1 0.56875 0.15781250000000008 0.509375 0.15781250000000005 0.509375 0.2562500000000001 0.56875 0.2562500000000001
1 0.4359375 0.059375000000000046 0.38125 0.059375000000000046 0.38125 0.2000000000000001 0.4359375 0.2000000000000001
1 0.3515625 0.06718750000000004 0.2921875 0.06718750000000004 0.2921875 0.18125000000000005 0.3515625 0.18125000000000005
1 0.6578125000000001 0.7390625 0.6000000000000002 0.7390625 0.6000000000000002 0.821875 0.6578125000000001 0.821875
1 0.7187500000000002 0.7984375 0.6703125000000002 0.7984375 0.6703125000000002 0.903125 0.7187500000000002 0.903125
1 0.628125 0.043750000000000074 0.575 0.04375000000000007 0.575 0.14843750000000008 0.628125 0.14843750000000008
1 0.7390625 0.18750000000000008 0.684375 0.18750000000000008 0.684375 0.2875000000000001 0.7390625 0.2875000000000001
1 0.46875000000000017 0.734375 0.4078125000000002 0.734375 0.4078125000000002 0.846875 0.46875000000000017 0.846875
1 0.6859375 0.05937500000000008 0.6234375 0.05937500000000007 0.6234375 0.1609375000000001 0.6859375 0.1609375000000001
1 0.696875 0.3781250000000001 0.65 0.3781250000000001 0.65 0.4703125 0.696875 0.4703125
1 0.6578125 0.4125 0.6078125 0.4125 0.6078125 0.51875 0.6578125 0.51875
1 0.5781250000000002 0.7296875 0.5078125000000002 0.7296875 0.5078125000000002 0.9140625 0.5781250000000002 0.9140625
1 0.896875 0.6000000000000002 0.8546875 0.6000000000000002 0.8546875 0.6703125000000002 0.896875 0.6703125000000002
1 0.6453125 0.13437500000000008 0.5890625 0.13437500000000008 0.5890625 0.21093750000000008 0.6453125 0.21093750000000008
1 0.6765625 0.5109375 0.625 0.5109375 0.625 0.5828125 0.6765625 0.5828125
1 0.8328125 0.0609375000000001 0.7890625 0.06093750000000009 0.7890625 0.12343750000000009 0.8328125 0.12343750000000009
1 0.6609375000000002 0.8921875 0.6046875000000002 0.8921875 0.6046875000000002 1 0.6609375000000002 1
1 0.3578125000000001 0.375 0.2906250000000001 0.375 0.2906250000000001 0.471875 0.3578125000000001 0.471875
1 0.8 0.5500000000000002 0.7578125 0.5500000000000002 0.7578125 0.6125000000000002 0.8 0.6125000000000002
1 0.4156250000000002 0.84375 0.3656250000000001 0.84375 0.3656250000000001 0.99375 0.4156250000000002 0.99375
1 0.475 5.501343043044751e-17 0.4234375 5.1856137901395736e-17 0.4234375 0.05000000000000006 0.475 0.050000000000000065
1 0.7625 0.2750000000000001 0.721875 0.2750000000000001 0.721875 0.3500000000000001 0.7625 0.3500000000000001
1 0.5109375000000002 0.7359375 0.46093750000000017 0.7359375 0.46093750000000017 0.840625 0.5109375000000002 0.840625
1 0.2875000000000001 0.496875 0.2312500000000001 0.496875 0.2312500000000001 0.5640625 0.2875000000000001 0.5640625
1 0.6156250000000002 0.7375 0.5546875000000002 0.7375 0.5546875000000002 0.88125 0.6156250000000002 0.88125
1 0.6703125000000002 0.80625 0.6156250000000002 0.80625 0.6156250000000002 0.896875 0.6703125000000002 0.896875
1 0.253125 0.13593750000000004 0.1984375 0.13593750000000004 0.19843750000000002 0.2015625 0.253125 0.2015625
1 0.7796875 0.2078125000000001 0.7328125 0.2078125000000001 0.7328125 0.2843750000000001 0.7796875 0.2843750000000001
1 0.578125 0.05937500000000007 0.5328125 0.05937500000000007 0.5328125 0.18125000000000008 0.578125 0.18125000000000008
1 0.2218750000000001 0.825 0.1671875000000001 0.825 0.1671875000000001 0.9359375 0.2218750000000001 0.9359375
1 0.7453125000000002 0.7328125000000001 0.7000000000000002 0.7328125 0.7000000000000002 0.7968750000000001 0.7453125000000002 0.7968750000000002
1 0.4515625 0.3890625000000001 0.409375 0.3890625000000001 0.409375 0.4640625 0.4515625 0.4640625
1 0.4953125 0.4515625 0.453125 0.4515625 0.453125 0.5296875 0.4953125 0.5296875
1 0.6296875 0.21093750000000008 0.5859375 0.21093750000000008 0.5859375 0.2906250000000001 0.6296875 0.2906250000000001
1 0.203125 0.1375 0.165625 0.1375 0.16562500000000002 0.2046875 0.203125 0.2046875
1 0.6984375000000002 0.7375 0.6562500000000002 0.7375 0.6562500000000002 0.80625 0.6984375000000002 0.80625
1 0.7265625 0.04531250000000009 0.684375 0.04531250000000009 0.684375 0.1390625000000001 0.7265625 0.1390625000000001
1 0.8328125 0.1453125000000001 0.7875 0.1453125000000001 0.7875 0.19687500000000008 0.8328125 0.19687500000000008
1 0.4140625 0.39062500000000006 0.3625000000000001 0.390625 0.3625000000000001 0.4734375 0.4140625 0.4734375
1 0.3390625000000001 0.475 0.28593750000000007 0.475 0.28593750000000007 0.5546875 0.3390625000000001 0.5546875
1 0.6078125000000002 0.8828125 0.5687500000000002 0.8828125 0.5687500000000002 0.9765625 0.6078125000000002 0.9765625
1 0.5046875 0.525 0.4578125 0.525 0.4578125 0.5953125 0.5046875 0.5953125
1 0.6390625000000002 0.8625 0.6000000000000002 0.8625 0.6000000000000002 0.9390625 0.6390625000000002 0.9390625
1 0.753125 9.003067484356715e-17 0.7171875 8.783013762634924e-17 0.7171875 0.034375000000000086 0.753125 0.034375000000000086
1 0.4437500000000002 0.8015625 0.4046875000000002 0.8015625 0.4046875000000002 0.871875 0.4437500000000002 0.871875
1 0.3546875 3.970534544110559e-17 0.29375 3.59739997249535e-17 0.29375 0.03437500000000004 0.3546875 0.034375000000000044
1 0.3281250000000001 0.8984375 0.2750000000000001 0.8984375 0.2750000000000001 0.9984375 0.3281250000000001 0.9984375
1 0.3109375000000001 0.4109375 0.2765625000000001 0.4109375 0.2765625000000001 0.484375 0.3109375000000001 0.484375
1 0.5328125 0.09687500000000007 0.4984375 0.09687500000000007 0.4984375 0.17656250000000004 0.5328125 0.17656250000000004