1 0.609375 0.02343750000000007 0.528125 0.023437500000000066 0.528125 0.09843750000000007 0.609375 0.09843750000000007
1 0.6625 0.028125000000000077 0.5984375 0.028125000000000077 0.5984375 0.10312500000000009 0.6625 0.10312500000000009
1 0.446875 0.01718750000000005 0.384375 0.017187500000000043 0.384375 0.10468750000000004 0.446875 0.10468750000000004
1 0.7484375 0.2750000000000001 0.69375 0.2750000000000001 0.69375 0.3546875000000001 0.7484375 0.3546875000000001
1 0.428125 0.21875000000000006 0.3359375 0.21875 0.3359375 0.3296875 0.428125 0.3296875000000001
1 0.3234375 0.023437500000000035 0.2078125 0.023437500000000028 0.2078125 0.16093750000000004 0.3234375 0.16093750000000004
1 0.21875000000000006 0.2578125 0.13437500000000005 0.2578125 0.13437500000000005 0.4015625 0.21875000000000008 0.4015625
1 0.653125 0.09062500000000008 0.5859375 0.09062500000000007 0.5859375 0.2000000000000001 0.653125 0.2000000000000001
1 0.496875 0.01875000000000006 0.4328125 0.018750000000000055 0.4328125 0.04843750000000006 0.496875 0.04843750000000006
1 0.5625 0.2140625000000001 0.4765625 0.2140625000000001 0.4765625 0.3312500000000001 0.5625 0.3312500000000001
1 0.6515625 0.2218750000000001 0.5625 0.2218750000000001 0.5625 0.3203125000000001 0.6515625 0.3203125000000001
1 0.384375 0.014062500000000042 0.3140625 0.014062500000000039 0.3140625 0.14843750000000006 0.384375 0.14843750000000006
1 0.70625 0.13437500000000008 0.6328125 0.13437500000000008 0.6328125 0.2171875000000001 0.70625 0.2171875000000001
1 0.7359375 0.5781250000000001 0.6765625 0.578125 0.6765625 0.6671875 0.7359375 0.6671875000000002
1 0.5921875 0.2890625000000001 0.5234375 0.2890625000000001 0.5234375 0.434375 0.5921875 0.434375
1 0.2703125 0.10312500000000005 0.1875 0.10312500000000005 0.18750000000000003 0.2359375 0.2703125 0.2359375
1 0.6218750000000002 0.7328125 0.5406250000000001 0.7328125 0.5406250000000001 0.840625 0.6218750000000002 0.840625
1 0.75 0.1984375000000001 0.7078125 0.1984375000000001 0.7078125 0.2843750000000001 0.75 0.2843750000000001
1 0.2562500000000001 0.465625 0.16406250000000006 0.465625 0.16406250000000006 0.5671875 0.2562500000000001 0.5671875
1 0.2078125000000001 0.3703125 0.11250000000000004 0.3703125 0.11250000000000004 0.484375 0.2078125000000001 0.484375
1 0.34375 0.221875 0.2421875 0.221875 0.2421875 0.325 0.34375 0.325
1 0.2125 0.057812500000000024 0.13125 0.057812500000000024 0.13125 0.18125000000000002 0.2125 0.18125000000000005
1 0.6078125000000001 0.575 0.53125 0.575 0.5312500000000001 0.746875 0.6078125000000002 0.746875
1 0.1453125000000001 0.5859375 0.06718750000000007 0.5859375 0.06718750000000008 0.7140625 0.1453125000000001 0.7140625
1 0.2546875 0.00937500000000003 0.215625 0.009375000000000027 0.215625 0.04062500000000003 0.2546875 0.040625000000000036
1 0.7703125000000001 0.6500000000000001 0.715625 0.65 0.7156250000000001 0.76875 0.7703125000000002 0.7687500000000002
1 0.3265625 0.15000000000000005 0.2625 0.15000000000000005 0.2625 0.2234375 0.3265625 0.2234375
1 0.446875 0.32656250000000003 0.3453125 0.3265625 0.3453125 0.440625 0.446875 0.440625
1 0.2250000000000001 0.7734375 0.12500000000000008 0.7734375 0.12500000000000008 0.8984375 0.2250000000000001 0.8984375
1 0.10468750000000004 0.35 0.015625000000000045 0.35 0.01562500000000005 0.4640625 0.10468750000000004 0.4640625
1 0.5875 0.11718750000000007 0.5203125 0.11718750000000004 0.5203125 0.2234375000000001 0.5875 0.2234375000000001
1 0.7125000000000001 0.59375 0.6375 0.59375 0.6375000000000001 0.728125 0.7125000000000001 0.728125
1 0.65 0.3453125000000001 0.575 0.3453125000000001 0.575 0.4875 0.65 0.4875
1 0.25625 0.2140625 0.17812500000000003 0.2140625 0.17812500000000003 0.340625 0.25625 0.340625
1 0.1921875 0.1609375 0.109375 0.1609375 0.10937500000000003 0.2640625 0.19218750000000004 0.2640625
1 0.815625 0.22031250000000008 0.7375 0.22031250000000008 0.7375 0.3031250000000001 0.815625 0.3031250000000001
1 0.7609375000000002 0.7562500000000001 0.6796875000000002 0.75625 0.6796875000000002 0.8515625 0.7609375000000002 0.8515625
1 0.2906250000000001 0.665625 0.1687500000000001 0.665625 0.1687500000000001 0.8140625 0.2906250000000001 0.8140625
1 0.25468750000000007 0.565625 0.1468750000000001 0.565625 0.1468750000000001 0.6828125 0.25468750000000007 0.6828125
1 0.3312500000000001 0.740625 0.2218750000000001 0.740625 0.2218750000000001 0.9515625 0.3312500000000001 0.9515625
1 0.2203125 0.006250000000000022 0.1390625 0.006250000000000017 0.1390625 0.05468750000000002 0.2203125 0.05468750000000002
1 0.12656250000000005 0.2875 0.03750000000000003 0.2875 0.03750000000000004 0.3859375 0.12656250000000005 0.3859375
1 0.4703125 0.58125 0.4 0.58125 0.4 0.684375 0.4703125 0.684375
1 0.21093750000000008 0.875 0.12656250000000008 0.875 0.1265625000000001 0.9671875 0.21093750000000008 0.9671875
1 0.14375000000000004 0.225 0.07031250000000003 0.225 0.07031250000000003 0.3125 0.14375000000000004 0.3125
1 0.4218750000000001 0.68125 0.3000000000000001 0.68125 0.3000000000000001 0.809375 0.42187500000000017 0.809375
1 0.10156250000000007 0.4390625 0.018750000000000055 0.4390625 0.018750000000000062 0.553125 0.10156250000000008 0.553125
1 0.35000000000000003 0.309375 0.2 0.309375 0.20000000000000004 0.434375 0.3500000000000001 0.434375
1 0.540625 0.58125 0.4875 0.58125 0.4875 0.71875 0.540625 0.71875
1 0.6078125000000002 0.9890625 0.5453125000000002 0.9890625 0.5453125000000002 1 0.6078125000000002 1
1 0.3812500000000001 0.39062500000000006 0.2515625000000001 0.390625 0.2515625000000001 0.5359375 0.3812500000000001 0.5359375
1 0.5265625 0.2843750000000001 0.409375 0.2843750000000001 0.409375 0.4046875 0.5265625 0.4046875
1 0.3937500000000001 0.575 0.2609375000000001 0.575 0.2609375000000001 0.7125 0.3937500000000001 0.7125
1 0.9078125 0.9796875 0.8625 0.9796875 0.8625 1 0.9078125 1
1 0.5390625 0.09218750000000006 0.5046875 0.09218750000000006 0.5046875 0.17187500000000006 0.5390625 0.17187500000000006
1 0.5484375000000001 0.984375 0.4593750000000002 0.984375 0.4593750000000002 1 0.5484375000000001 1
1 0.503125 0.6609375 0.453125 0.6609375 0.4531250000000001 0.7421875 0.5031250000000002 0.7421875
1 0.6953125000000001 0.71875 0.6125 0.71875 0.6125 0.803125 0.6953125000000002 0.803125
1 0.46875 0.2515625000000001 0.4359375 0.2515625000000001 0.4359375 0.29375000000000007 0.46875 0.29375000000000007
1 0.525 0.15625000000000006 0.4859375 0.15625000000000006 0.4859375 0.2140625000000001 0.525 0.2140625000000001
1 0.3265625 0.010937500000000034 0.2515625 0.01093750000000003 0.2515625 0.07187500000000004 0.3265625 0.07187500000000005
1 0.7203125 0.2156250000000001 0.64375 0.2156250000000001 0.64375 0.3218750000000001 0.7203125 0.3218750000000001
1 0.27031250000000007 0.98125 0.17656250000000012 0.98125 0.17656250000000012 1 0.27031250000000007 1
1 0.2062500000000001 0.5890625 0.12656250000000008 0.5890625 0.12656250000000008 0.7578125 0.2062500000000001 0.7578125
1 0.1671875 0.0031250000000000145 0.071875 0.0031250000000000084 0.07187500000000001 0.1640625 0.1671875 0.1640625
1 0.1484375000000001 0.8671875 0.10468750000000009 0.8671875 0.10468750000000011 0.93125 0.14843750000000014 0.93125
1 0.7046875 0.2828125000000001 0.640625 0.2828125000000001 0.640625 0.3843750000000001 0.7046875 0.3843750000000001
1 0.3531250000000001 0.9859375 0.25468750000000007 0.9859375 0.25468750000000007 1 0.3531250000000001 1
1 0.8734375 0.9828125 0.809375 0.9828125 0.809375 1 0.8734375 1
1 0.17812500000000014 0.9796875 0.05937500000000011 0.9796875 0.05937500000000012 1 0.17812500000000014 1
1 0.4671875000000002 0.996875 0.3453125000000001 0.996875 0.3453125000000001 1 0.4671875000000002 1
1 0.6765625000000002 0.96875 0.6203125000000002 0.96875 0.6203125000000002 1 0.6765625000000002 1