1 0.3843750000000001 0.503125 0.3515625000000001 0.503125 0.3515625000000001 0.565625 0.3843750000000001 0.565625
1 0.5625 0.11718750000000007 0.5265625 0.11718750000000004 0.5265625 0.2000000000000001 0.5625 0.2000000000000001
1 0.4203125 0.20312500000000008 0.378125 0.20312500000000008 0.378125 0.3046875000000001 0.4203125 0.3046875000000001
1 0.4859375000000001 0.725 0.421875 0.725 0.4218750000000001 0.8296875 0.4859375000000002 0.8296875
1 0.4375 0.475 0.3781250000000001 0.475 0.3781250000000001 0.5671875 0.4375 0.5671875
1 0.55 0.4953125 0.5078125 0.4953125 0.5078125 0.58125 0.55 0.58125
1 0.4703125 0.5671875 0.38750000000000007 0.5671875 0.38750000000000007 0.6609375 0.4703125 0.6609375
1 0.33281250000000007 0.38125 0.25468750000000007 0.38125 0.25468750000000007 0.4765625 0.33281250000000007 0.4765625
1 0.6 0.1296875000000001 0.559375 0.1296875000000001 0.559375 0.2093750000000001 0.6 0.2093750000000001
1 0.55 0.06093750000000007 0.5125 0.06093750000000007 0.5125 0.13906250000000006 0.55 0.1390625000000001
1 0.54375 0.559375 0.46875 0.559375 0.46875 0.6875 0.54375 0.6875
1 0.3843750000000001 0.5234375 0.29375000000000007 0.5234375 0.29375000000000007 0.6375 0.3843750000000001 0.6375
1 0.5 0.08593750000000006 0.4375 0.08593750000000004 0.4375 0.17968750000000006 0.5 0.17968750000000006
1 0.42656250000000007 0.7234375 0.3687500000000001 0.7234375 0.3687500000000001 0.828125 0.4265625000000002 0.828125
1 0.609375 0.5484375 0.5390625 0.5484375 0.5390625 0.6671875 0.609375 0.6671875
1 0.5140625 0.4375 0.471875 0.4375 0.471875 0.55625 0.5140625 0.55625
1 0.490625 0.4078125 0.4296875 0.4078125 0.4296875 0.5140625 0.490625 0.5140625
1 0.3234375 0.05000000000000003 0.26875 0.050000000000000024 0.26875 0.14531250000000004 0.3234375 0.14531250000000004
1 0.6078125 0.4625 0.546875 0.4625 0.546875 0.553125 0.6078125 0.553125
1 0.6484375 0.09531250000000008 0.5859375 0.09531250000000006 0.5859375 0.2578125000000001 0.6484375 0.2578125000000001
1 0.703125 0.05937500000000009 0.659375 0.05937500000000009 0.659375 0.1375000000000001 0.703125 0.1375000000000001
1 0.440625 0.3843750000000001 0.3843750000000001 0.3843750000000001 0.3843750000000001 0.5 0.440625 0.5
1 0.3156250000000001 0.728125 0.2406250000000001 0.728125 0.2406250000000001 0.853125 0.3156250000000001 0.853125
1 0.6765625 0.26250000000000007 0.634375 0.26250000000000007 0.634375 0.3343750000000001 0.6765625 0.3343750000000001
1 0.4468750000000002 0.8140625 0.3687500000000001 0.8140625 0.3687500000000001 0.921875 0.4468750000000002 0.921875
1 0.2609375000000001 0.8 0.17968750000000008 0.8 0.17968750000000008 0.890625 0.2609375000000001 0.890625
1 0.2468750000000001 0.384375 0.16093750000000004 0.384375 0.16093750000000004 0.5 0.2468750000000001 0.5
1 0.625 0.06718750000000007 0.5859375 0.06718750000000007 0.5859375 0.1468750000000001 0.625 0.1468750000000001
1 0.4890625 0.20468750000000008 0.4234375 0.20468750000000008 0.4234375 0.3312500000000001 0.4890625 0.3312500000000001
1 0.5046875 0.01875000000000006 0.440625 0.018750000000000055 0.440625 0.11093750000000005 0.5046875 0.11093750000000005
1 0.73125 0.3531250000000001 0.6890625 0.3531250000000001 0.6890625 0.4437500000000001 0.73125 0.4437500000000002
1 0.24375000000000008 0.546875 0.1593750000000001 0.546875 0.1593750000000001 0.6375 0.24375000000000008 0.6375
1 0.18750000000000008 0.73125 0.12656250000000008 0.73125 0.12656250000000008 0.828125 0.18750000000000008 0.828125
1 0.5265625000000002 0.7546875 0.4578125000000002 0.7546875 0.4578125000000002 0.890625 0.5265625000000002 0.890625
1 0.6109375 0.2843750000000001 0.5375 0.2843750000000001 0.5375 0.3765625000000001 0.6109375 0.3765625000000001
1 0.2968750000000001 0.45 0.21875000000000008 0.45 0.21875000000000008 0.59375 0.2968750000000001 0.59375
1 0.5859375000000001 0.7234375 0.525 0.7234375 0.5250000000000001 0.8203125 0.5859375000000002 0.8203125
1 0.69375 0.5390625 0.6265625 0.5390625 0.6265625 0.65625 0.69375 0.65625
1 0.3875 0.14687500000000003 0.303125 0.14687500000000003 0.303125 0.24531250000000004 0.3875 0.2453125000000001
1 0.453125 0.12343750000000005 0.39375 0.12343750000000005 0.39375 0.2156250000000001 0.453125 0.2156250000000001
1 0.23593750000000008 0.728125 0.1828125000000001 0.728125 0.1828125000000001 0.815625 0.23593750000000008 0.815625
1 0.3046875000000001 0.85625 0.2171875000000001 0.85625 0.2171875000000001 0.9703125 0.3046875000000001 0.9703125
1 0.6671875 0.02343750000000008 0.6234375 0.023437500000000076 0.6234375 0.10781250000000009 0.6671875 0.10781250000000009
1 0.4109375 0.05625000000000004 0.35625 0.05625000000000004 0.35625 0.12812500000000004 0.4109375 0.12812500000000004
1 0.5296875 0.18281250000000004 0.4828125 0.18281250000000004 0.4828125 0.2968750000000001 0.5296875 0.2968750000000001
1 0.5640625 0.37968750000000007 0.5125 0.37968750000000007 0.5125 0.4953125 0.5640625 0.4953125
1 0.6984375 0.3765625000000001 0.6390625 0.3765625000000001 0.6390625 0.5234375 0.6984375 0.5234375
1 0.2765625 0.10937500000000004 0.1984375 0.10937500000000004 0.19843750000000002 0.2 0.2765625 0.2
1 0.721875 0.13281250000000008 0.64375 0.13281250000000008 0.64375 0.25468750000000007 0.721875 0.25468750000000007
1 0.23593750000000008 0.634375 0.1781250000000001 0.634375 0.1781250000000001 0.6984375 0.23593750000000008 0.6984375
1 0.6390625000000001 0.725 0.58125 0.725 0.58125 0.8375 0.6390625000000002 0.8375
1 0.7890625 0.37187500000000007 0.71875 0.37187500000000007 0.71875 0.45781250000000007 0.7890625 0.4578125000000002
1 0.3734375000000001 0.7296875 0.3109375000000001 0.7296875 0.3109375000000001 0.875 0.3734375000000001 0.875
1 0.3968750000000001 0.8765625 0.3281250000000001 0.8765625 0.3281250000000001 0.975 0.3968750000000001 0.975
1 0.64375 0.3656250000000001 0.5640625 0.3656250000000001 0.5640625 0.4515625 0.64375 0.4515625
1 0.778125 0.17343750000000008 0.7109375 0.17343750000000008 0.7109375 0.27031250000000007 0.778125 0.27031250000000007
1 0.275 0.037500000000000026 0.2109375 0.03750000000000002 0.2109375 0.12500000000000006 0.275 0.12500000000000006
1 0.4765625 0.5015625 0.4359375 0.5015625 0.4359375 0.5765625 0.4765625 0.5765625
1 0.6921875 0.3359375000000001 0.6484375 0.3359375000000001 0.6484375 0.4171875 0.6921875 0.4171875
1 0.19218750000000007 0.4890625 0.12968750000000004 0.4890625 0.12968750000000007 0.578125 0.1921875000000001 0.578125
1 0.703125 0.6359375 0.6453125 0.6359375 0.6453125 0.7109375 0.703125 0.7109375
1 0.5750000000000002 0.8125 0.5125000000000002 0.8125 0.5125000000000002 0.9171875 0.5750000000000002 0.9171875
1 0.7953125 0.46406250000000016 0.7390625 0.46406250000000016 0.7390625 0.5250000000000001 0.7953125 0.5250000000000001
1 0.5640625 0.22656250000000008 0.5125 0.22656250000000008 0.5125 0.34843750000000007 0.5640625 0.34843750000000007
1 0.871875 0.1921875000000001 0.8203125 0.1921875000000001 0.8203125 0.2718750000000001 0.871875 0.2718750000000001
1 0.5156250000000002 0.8953125 0.42968750000000017 0.8953125 0.42968750000000017 0.9984375 0.5156250000000002 0.9984375
1 0.6843750000000002 0.746875 0.6312500000000002 0.746875 0.6312500000000002 0.859375 0.6843750000000002 0.859375
1 0.7 0.2843750000000001 0.665625 0.2843750000000001 0.665625 0.3468750000000001 0.7 0.3468750000000001
1 0.7812500000000002 0.9234375 0.7390625000000002 0.9234375 0.7390625000000002 0.9859375 0.7812500000000002 0.9859375
1 0.7125000000000001 0.8828125 0.6546875000000002 0.8828125 0.6546875000000002 0.9640625 0.7125000000000001 0.9640625
1 0.8203125 0.0968750000000001 0.7703125 0.09687500000000009 0.7703125 0.19687500000000008 0.8203125 0.19687500000000008
1 0.17343750000000005 0.3953125 0.12812500000000004 0.3953125 0.12812500000000004 0.4828125 0.17343750000000005 0.4828125
1 0.7203125 0.2640625000000001 0.68125 0.2640625000000001 0.68125 0.3156250000000001 0.7203125 0.3156250000000001
1 0.2109375 0.03593750000000002 0.115625 0.03593750000000001 0.115625 0.13906250000000003 0.2109375 0.13906250000000003
1 0.6218750000000002 0.83125 0.5703125000000002 0.83125 0.5703125000000002 0.934375 0.6218750000000002 0.934375
1 0.4859375 0.3656250000000001 0.4328125 0.3656250000000001 0.4328125 0.434375 0.4859375 0.434375
1 0.6843750000000002 0.840625 0.6406250000000002 0.840625 0.6406250000000002 0.9171875 0.6843750000000002 0.9171875
1 0.6484375000000002 0.8453125 0.6031250000000001 0.8453125 0.6031250000000001 0.940625 0.6484375000000002 0.940625
1 0.74375 0.6375000000000001 0.703125 0.6375 0.703125 0.6812500000000001 0.74375 0.6812500000000001
1 0.1828125000000001 0.7921875 0.09375000000000008 0.7921875 0.0937500000000001 0.8921875 0.1828125000000001 0.8921875
1 0.6421875 0.5125 0.5953125 0.5125 0.5953125 0.6015625 0.6421875 0.6015625
1 0.740625 0.4453125000000001 0.6890625 0.4453125 0.6890625 0.5203125000000001 0.740625 0.5203125000000002
1 0.8140625 0.7546875000000002 0.7656250000000002 0.7546875000000002 0.7656250000000002 0.8359375 0.8140625 0.8359375
1 0.7859375000000002 0.7968750000000001 0.7203125000000001 0.796875 0.7203125000000001 0.8984375 0.7859375000000002 0.8984375
1 0.4484375 0.04062500000000006 0.4140625 0.04062500000000006 0.4140625 0.12500000000000006 0.4484375 0.12500000000000006
1 0.5843750000000002 0.890625 0.5265625000000002 0.890625 0.5265625000000002 0.9984375 0.5843750000000002 0.9984375
1 0.8296875 0.25468750000000007 0.78125 0.25468750000000007 0.78125 0.3281250000000001 0.8296875 0.3281250000000001
1 0.7656250000000002 0.7281250000000001 0.7250000000000002 0.728125 0.7250000000000002 0.8 0.7656250000000002 0.8