1 0.8189207013403272 0.6864833461064744 0.7565310637784185 0.6404626268777739 0.7182822746155076 0.6923159688735169 0.7806719121774164 0.7383366881022174
1 0.579546975776325 0.6563789149664462 0.5182620369968057 0.6548705716838459 0.516171506152066 0.7398101582583989 0.5774564449315852 0.7413185015409992
1 0.3666394121897047 0.8497514481422244 0.36453924481595257 0.6679702943474408 0.3012406795889754 0.6687015999790747 0.3033408469627275 0.8504827537738582
1 0.31350100404959313 0.7801166560635446 0.29064929311270743 0.6591396983636744 0.18487546903859445 0.6791196424653205 0.20772717997548015 0.8000966001651909
1 0.37762888481919493 0.39900861234018364 0.2977270133837266 0.3092786320252642 0.23103866474894716 0.36866261762471114 0.3109405361844155 0.4583925979396306
1 0.28208340883699157 0.4650668876494469 0.22923417214110303 0.4585137282992794 0.21442965473161277 0.5779076576903834 0.2672788914275013 0.584460817040551
1 0.35566184132222156 0.5490198795433654 0.3104956694795081 0.44939459600129983 0.25761438242844986 0.4733688845884281 0.30278055427116335 0.5729941681304938
1 0.6857338966351076 0.08433319873527959 0.6313700793778698 0.07361713808302148 0.6135556094104648 0.16399200822137558 0.6679194266677028 0.1747080688736337
1 0.2734375 0.09099218750000003 0.2 0.09099218750000002 0.2 0.227940625 0.2734375 0.227940625
1 0.19237984778060702 0.6563081866737484 0.13245994564541266 0.6520626248637382 0.12332070944128297 0.7810495913591254 0.18324061157647736 0.7852951531691357
1 0.7318880125488161 0.6566656171821567 0.6798464161672162 0.6524504690599313 0.6759400850451033 0.7006793098254505 0.7279816814267032 0.7048944579476758
1 0.22622892813354958 0.4959224679507406 0.18609356951925754 0.3976757089465886 0.12554681260995476 0.42241001902581 0.1656821712242468 0.520656778029962
1 0.52753859748446 0.3205513566295473 0.4868419974561191 0.3167078849358851 0.4757004736295496 0.43467990997351375 0.5163970736578903 0.4385233816671759
1 0.42196899493966916 0.2129873302142577 0.3838638186828677 0.09066215816267889 0.33135599290617124 0.10701872584638335 0.36946116916297267 0.2293438978979622
1 0.39090084118325497 0.4096373973803562 0.33934721513686333 0.40671682859498254 0.33129562246657673 0.5488428417471504 0.3828492485129683 0.551763410532524
1 0.22279644410739463 0.23577836361400104 0.184542172415466 0.2134228948464712 0.15749279325207774 0.25970930066396736 0.19574706494400634 0.28206476943149716
1 0.7696416182696951 0.13747541378586062 0.7407149350298338 0.12927972509345076 0.7265011298428585 0.17944735050088104 0.7554278130827199 0.1876430391932909
1 0.8072516830496429 0.1428635573406738 0.777548621835351 0.13095236249049189 0.7586275502998923 0.17813602064793874 0.7883306115141842 0.19004721549812065
1 0.6938063258543993 0.0046060443536250825 0.642328688923423 -0.00836060257638147 0.6165798522348931 0.09386237562315476 0.6680574891658694 0.10682902255316132
1 0.3929145773732124 0.08978144522431838 0.35829670862776314 0.0015404977921682494 0.290625887501924 0.028088485679904285 0.32524375624737323 0.11632943311205443
1 0.2766003536923378 0.0518099462052802 0.2210835214855531 0.04788153457653832 0.21672471393139675 0.10948077887041122 0.27224154613818147 0.1134091904991531
1 0.22767509198408759 0.10559976937104405 0.20046814989192013 -0.000012781485833851524 0.15300273692266408 0.012214825285878379 0.1802096790148315 0.11782737614275626
1 0.2164196469410105 0.11278708259220052 0.17590049143407138 0.10045594214562156 0.1577593632845053 0.16006625927306195 0.19827851879144442 0.1723973997196409
1 0.1854171875 0.14797812500000004 0.1458328125 0.14797812500000002 0.14583281250000002 0.212315625 0.18541718750000002 0.212315625
1 0.16808496350765906 0.19628240245428438 0.12120609662026109 0.19565054530729564 0.12015734761193722 0.2734595332942312 0.16703621449933517 0.27409139044121994
1 0.24529445218848173 0.3534532875333164 0.17411518581876745 0.3329000511331163 0.1542859501763984 0.40157198280428996 0.22546521654611268 0.4221252192044901
1 0.28707988702844817 0.4452103727632097 0.2535487195455384 0.3810768040996909 0.1872937125260227 0.4157171302697277 0.22082488000893238 0.47985069893324644
1 0.22295637199817345 0.5996441430965727 0.220156973308421 0.5106266274035127 0.13996906657350752 0.5131483549455587 0.14276846526325998 0.6021658706386187
1 0.28002551949574306 0.6151882252187636 0.2193462525973305 0.5616469307924378 0.17671128956434146 0.6099658653419668 0.237390556462754 0.6635071597682926
1 0.42661631850488435 0.5255481794734278 0.3962410036568951 0.516941649010265 0.3807139629349455 0.5717417513982656 0.4110892777829348 0.5803482818614284
1 0.47433577195287524 0.4510692713623262 0.421868132107051 0.42959757855424546 0.3887626367965594 0.5104932592252542 0.4412302766423837 0.5319649520333349
1 0.6091163314312816 0.5188553574144763 0.5996297846132003 0.47181772812142275 0.5544945151964953 0.48092060709095297 0.5639810620145767 0.5279582363840063
1 0.24644639394672266 0.8509681534473008 0.23966929600845197 0.6895980343234394 0.17531418331525112 0.6923007707650943 0.18209128125352184 0.8536708898889559
1 0.19712544936947451 0.8138554094075257 0.14543064904668773 0.790840536554208 0.10079713623786195 0.8910939920941194 0.15249193656064874 0.9141088649474371
1 0.22742343230838485 0.9052855131583121 0.18417606099270395 0.8783278951794777 0.1295807731436601 0.965913626513303 0.172828144459341 0.9928712444921374
1 0.3215445433047757 0.984882788756393 0.3139945312468922 0.8916174898053596 0.2422917904107484 0.8974219697564763 0.2498418024686319 0.9906872687075097
1 0.27279028442098757 0.29552697989647064 0.2288238092939451 0.23739223756755085 0.18706284459086556 0.2689754585872794 0.231029319717908 0.3271102009161992
1 0.34067449803683936 0.1489220585561517 0.288717114260293 0.13092907278708985 0.24984482203372566 0.24317851439797641 0.30180220581027206 0.2611715001670383
1 0.5485708896081973 0.13224526979289858 0.520856285335652 0.05888471228347107 0.4842418939862291 0.07271712306904834 0.5119564982587744 0.14607768057847587