1 0.8526296875 1.005257065611976e-16 0.78649375 9.647604835279838e-17 0.78649375 0.056307812500000096 0.8526296875 0.05630781250000011
1 0.7889586571853959 0.00018362776804039526 0.7356230532936361 -0.012190690642937652 0.7142483401423583 0.07993828131927967 0.7675839440341181 0.09231259973025771
1 0.8337306614956537 0.05308687348305323 0.7860113571464937 0.028323623642050943 0.7310862109892134 0.1341655378790744 0.7788055153383734 0.15892878772007668
1 0.9051037091321102 0.0645247649800719 0.8360541357134561 0.03367735139565871 0.7904525632697256 0.1357529797410602 0.8595021366883799 0.1666003933254734
1 0.7360262143339849 0.0004401238999328427 0.682209743748847 -0.012142273804467618 0.6629838137379516 0.07008940581740733 0.7168002843230894 0.0826718035218078
1 0.7594902539222048 0.08727738673936883 0.703032715256342 0.07952012144887823 0.6882449932578121 0.18714547075019478 0.7447025319236749 0.19490273604068536
1 0.7094626575952299 0.21211621309692016 0.7033754885916015 0.03972758691413862 0.6129414351081616 0.04292087976312966 0.61902860411179 0.21530950594591122
1 0.6696578125 7.941193466411657e-17 0.6246640625000001 7.665686206815976e-17 0.6246640625000001 0.05502031250000007 0.6696578125 0.05502031250000008
1 0.6280390625 7.292800391581844e-17 0.5611796874999999 6.88340479364813e-17 0.5611796874999999 0.05856875000000007 0.6280390625 0.05856875000000007
1 0.6140520195848781 0.0573124982658713 0.5382711601883072 0.054913060638946395 0.534740931884616 0.16640740903035697 0.6105217912811869 0.1688068466572819
1 0.5547876979292655 0.09015290887804757 0.5546799019763706 -0.00006799185681089877 0.496663723640779 0.000001325886373569271 0.4967715195936739 0.09022222662123204
1 0.5036455536195125 0.0012989369456633093 0.4482650831939362 -0.0028419367745620206 0.43843207940833595 0.12866566575947025 0.4938125498339122 0.1328065394796956
1 0.44208911033578885 0.00004377788055524162 0.41740171628524914 -0.0005374572033437122 0.41620057486045753 0.0504798548717338 0.44088796891099724 0.05106108995563276
1 0.4177297110123286 0.000031339956135291444 0.36522855780457 -0.0013993993469673712 0.3621855614203499 0.11026372406911564 0.4146867146281085 0.11169446337221829
1 0.36641603785144594 0.09206506056593307 0.35985419625418236 -0.00396590977501097 0.30060458467177287 0.00008264419172326898 0.30716642626903645 0.0961136145326673
1 0.28898125 3.3151762906105955e-17 0.252428125 3.09135295296018e-17 0.252428125 0.04088281250000003 0.28898125 0.04088281250000003
1 0.2974513948387308 0.32428770488224606 0.2862222109795085 0.15096497889392593 0.23037108480396115 0.15458344589525908 0.24160026866318343 0.32790617188357923
1 0.34006458959598107 0.23337186416103634 0.2984877457234772 0.2297698663378792 0.2882250908780701 0.34822879362587406 0.32980193475057396 0.3518307914490312
1 0.37762416523823383 0.25505699856087516 0.3327363028563533 0.2500867508049324 0.32159334993493105 0.35072224461236384 0.3664812123168116 0.3556924923683066
1 0.4335192949293277 0.34340162259038765 0.41769148706977655 0.23055281218191698 0.36880000324873585 0.237410173009087 0.3846278111082869 0.3502589834175577
1 0.4016422353155111 0.3355265001763446 0.3382483195216158 0.33550006033936686 0.3382161027930186 0.41274503660619766 0.4016100185869139 0.41277147644317536
1 0.46683461668710596 0.3190555585865653 0.4209070278621055 0.3177567146732979 0.41832680774353415 0.4089942278750402 0.4642543965685347 0.41029307178830765
1 0.5501635135518865 0.2181496002675392 0.4960474901863411 0.1968896449006649 0.4425934110064702 0.3329540038310147 0.4967094343720156 0.35421395919788895
1 0.5876188228160069 0.2514466950864903 0.534872330533474 0.23572807833870066 0.495167405477346 0.36896470829509276 0.5479138977598789 0.3846833250428824
1 0.6293938448135336 0.21242696856274387 0.5782179235134293 0.2067936414123 0.560570649442156 0.3671101799186244 0.6117465707422602 0.3727435070690683
1 0.670061814875308 0.23146309076979482 0.6226314502246624 0.23022385672708462 0.6198523007111899 0.33659284781321025 0.6672826653618357 0.33783208185592045
1 0.9469237708139445 0.20366520653158243 0.8915991534270773 0.15305998022686879 0.8176604239859093 0.23389415912713557 0.8729850413727768 0.2844993854318492
1 0.9745656670005589 0.2293341093510861 0.8759636165335227 0.22112633578229843 0.8589352357856181 0.4256925611788878 0.9575372862526544 0.4339003347476755
1 0.8758217657499152 0.2900836650243277 0.8303111529227649 0.28315830538731107 0.8190312325027186 0.3572852991991372 0.8645418453298689 0.3642106588361538
1 0.8453577684332256 0.26935770346764226 0.778764926773709 0.24715313513020348 0.7405192738760837 0.3618541583102909 0.8071121155356004 0.38405872664772966
1 0.7832877614157454 0.2580020686776038 0.7409625002721121 0.23678620571038572 0.70927451485582 0.30000316086948425 0.7515997759994532 0.32121902383670237
1 0.7728196412627206 0.4123367217922703 0.7366519608563841 0.2881908799757519 0.67383968612333 0.3064901177504466 0.7100073665296665 0.430635959566965
1 0.6962276025064653 0.36476437874553735 0.6332445525785763 0.3161919899324176 0.5423485004624068 0.4340554660465341 0.6053315503902958 0.4826278548596538
1 0.48201096862145987 0.40253901672308234 0.4122694805692677 0.3980068731221777 0.4052722916225429 0.5056809479748672 0.475013779674735 0.5102130915757718
1 0.5770389824568545 0.5175521911663564 0.5704908693544428 0.3745951136424985 0.49713894677839204 0.37795498006972844 0.5036870598808036 0.5209120575935864
1 0.2405726123354402 0.3424526196719898 0.18912340483123014 0.33362446554377695 0.17675100293181933 0.4057290372813718 0.22820021043602937 0.41455719140958464
1 0.2921098922985178 0.5993064878880683 0.23111571136368436 0.5941167763565955 0.22329904291757918 0.6859853294771288 0.2842932238524126 0.6911750410086015
1 0.16728338609380158 0.737986826647917 0.1622800811626271 0.6205439803592707 0.1047660226942561 0.6229941966256528 0.10976932762543061 0.7404370429142991
1 0.2050515855328924 0.6070609665164242 0.1728289769586689 0.5976560426118509 0.14971671808953285 0.6768419327224721 0.18193932666375637 0.6862468566270453
1 0.23418698641846736 0.707575856072681 0.22786570715351817 0.6155531363038476 0.17829241373702037 0.6189584543878615 0.18461369300196956 0.7109811741566949
1 0.2688167815492604 0.6972629579607151 0.22814373544924207 0.6733725882696623 0.1867960945171045 0.7437664133760886 0.22746914061712284 0.7676567830671415
1 0.27312713197639393 0.7762349807727265 0.19058780038174328 0.7598781436706974 0.1682098406818746 0.872801065416372 0.25074917227652527 0.8891579025184011
1 0.3267388573305059 0.844450041140586 0.293800025726644 0.8242667704114062 0.2583360139514554 0.8821435698427033 0.2912748455553173 0.9023268405718831
1 0.3513786954898308 0.5949254868351638 0.3101054428091766 0.5946436284160441 0.30922475745117045 0.7236046487278587 0.3504980101318246 0.7238865071469783
1 0.32214969727754045 0.6723625178417205 0.28296343303140603 0.6587199622374132 0.2603174983953928 0.7237671282146826 0.2995037626415272 0.7374096838189897
1 0.36663915970176075 0.8366080778646794 0.3575666540774356 0.723099946400229 0.29759869105927544 0.7278930803787579 0.30667119668360054 0.8414012118432082
1 0.30686540489207553 0.7340751697476569 0.26742537752436285 0.7304737948946098 0.26074076520363343 0.8036795298236094 0.3001807925713461 0.8072809046766564
1 0.44008254060406166 0.5687764275283824 0.37861224572721497 0.5435826741715956 0.3211245714042377 0.6838469786749016 0.3825948662810844 0.7090407320316884
1 0.4281095256272881 0.7708530810957972 0.3973418932910361 0.6794411056158782 0.33200367817156906 0.7014327776013973 0.36277131050782097 0.7928447530813163
1 0.42804065465130314 0.8769398756086417 0.4278276079006852 0.772463270868202 0.3597315619297331 0.7726021310595346 0.359944608680351 0.8770787357999744
1 0.509788201118678 0.6298531603685109 0.45392234231549455 0.5849000733564178 0.36983493774075493 0.6894004621691998 0.42570079654393833 0.7343535491812929
1 0.4997141916964651 0.8416051557957255 0.49770771775899325 0.7139053445371635 0.4177787226161385 0.71516122302298 0.41978519655361035 0.8428610342815419
1 0.5607345446178658 0.6113309432143323 0.49711779481755725 0.596072229720298 0.46703647570789447 0.7214875048816568 0.5306532255082027 0.7367462183756912
1 0.5683394503742482 0.7317044773303554 0.5029600007682749 0.7265540176887283 0.49572176892957637 0.8184354509320407 0.5611012185355497 0.8235859105736679
1 0.6500664078639395 0.7580630526911344 0.6418970870066125 0.6015406250620613 0.5786706037162785 0.6048405830074057 0.5868399245736056 0.7613630106364788
1 0.718865551764731 0.6050360250162536 0.6477390092609946 0.6050113042660439 0.6476666357772192 0.8132442917848175 0.7187931782809556 0.8132690125350275
1 0.8050084662799136 0.7139261903811214 0.7922346919082308 0.6045562532608187 0.7056594743692142 0.6146677365819284 0.7184332487408971 0.7240376737022312
1 0.8283676033424259 0.49687396609880974 0.7311928285044687 0.49384440561653253 0.7280804717382527 0.5936749156003068 0.8252552465762099 0.596704476082584
1 0.8963091731232966 0.4198996349266377 0.8297470673833629 0.370722846457657 0.7612066981151311 0.4634940795682504 0.8277688038550647 0.5126708680372312
1 0.9578618270679691 0.4724836267694924 0.8845449232616609 0.426631467881102 0.8232556577546113 0.5246320700878042 0.8965725615609195 0.5704842289761946
1 0.8168741225958543 0.4157534201595138 0.7727261514286077 0.37366896469400707 0.7088464375764189 0.4406808752468205 0.7529944087436655 0.48276533071232725
1 0.7393732475794466 0.4217998794753389 0.6743314748518575 0.38194924888517096 0.5945175244207176 0.5122167188738159 0.6595592971483066 0.5520673494639838
1 0.961370979067215 0.7301710580904708 0.8598709870564429 0.7249083189414945 0.8545072224409429 0.8283567419413 0.956007214451715 0.8336194810902761
1 0.9049458363507291 0.7622491990383968 0.8740081388642238 0.6078895561794926 0.7855942352904954 0.6256100079226036 0.8165319327770005 0.7799696507815078
1 0.8670201952459561 0.8205831758919807 0.811593724910703 0.7227270037050795 0.7547834710900415 0.7549047578289075 0.8102099414252943 0.8527609300158087
1 0.9443788914802387 0.9624187171762747 0.9185678242053357 0.8356099356399295 0.853161940774578 0.8489228595317334 0.878973008049481 0.9757316410680786
1 0.8263032681614101 0.9837156743323611 0.8175475590501371 0.8151825806546105 0.7608586048908803 0.8181277113800324 0.7696143140021533 0.986660805057783
1 0.7846179018596177 0.9784128069470404 0.7638889145865206 0.8156155577999954 0.6265638436558804 0.8331011705023771 0.6472928309289773 0.995898419649422
1 0.6823382414411272 0.858878502539216 0.6245347246245607 0.7323633073501334 0.5419577600392711 0.7700918897068456 0.5997612768558376 0.896607084895928
1 0.6545887128626069 0.9259439790943749 0.5637966160597356 0.8099073505739728 0.5003646457735946 0.8595392785268224 0.5911567425764659 0.9755759070472246
1 0.7603819638895883 0.7265114377290633 0.7033201020521025 0.7181216491321657 0.6887215541188323 0.8174114364224228 0.7457834159563181 0.8258012250193202