1 0.5828125 0.49375 0.5265625 0.49375 0.5265625 0.571875 0.5828125 0.571875
1 0.7625 0.1671875000000001 0.715625 0.1671875000000001 0.715625 0.23437500000000008 0.7625 0.23437500000000008
1 0.671875 0.4265625 0.609375 0.4265625 0.609375 0.5140625 0.671875 0.5140625
1 0.8515625 0.5953125000000001 0.796875 0.5953125000000001 0.796875 0.6671875000000002 0.8515625 0.6671875000000002
1 0.7546875000000002 0.7515625000000001 0.7000000000000002 0.7515625 0.7000000000000002 0.853125 0.7546875000000002 0.853125
1 0.13906250000000012 0.83125 0.06718750000000011 0.83125 0.06718750000000011 0.9171875 0.13906250000000014 0.9171875
1 0.78125 0.596875 0.715625 0.596875 0.715625 0.690625 0.78125 0.6906250000000002
1 0.784375 0.4031250000000002 0.7296875 0.4031250000000002 0.7296875 0.5156250000000002 0.784375 0.5156250000000002
1 0.4546875 0.2484375000000001 0.3953125 0.2484375000000001 0.3953125 0.3343750000000001 0.4546875 0.3343750000000001
1 0.590625 0.39531250000000007 0.54375 0.39531250000000007 0.54375 0.4921875 0.590625 0.4921875
1 0.578125 0.3281250000000001 0.5234375 0.3281250000000001 0.5234375 0.4015625 0.578125 0.4015625
1 0.684375 0.5953125 0.640625 0.5953125 0.640625 0.6609375 0.684375 0.6609375
1 0.7562500000000001 0.6296875000000001 0.678125 0.6296875 0.6781250000000001 0.7375 0.7562500000000002 0.7375000000000002
1 0.58125 0.17343750000000008 0.546875 0.17343750000000008 0.546875 0.2328125000000001 0.58125 0.2328125000000001
1 0.734375 0.3906250000000001 0.6671875 0.3906250000000001 0.6671875 0.4828125000000001 0.734375 0.4828125000000002
1 0.4109375 0.37968750000000007 0.3625000000000001 0.3796875 0.3625000000000001 0.440625 0.4109375 0.440625
1 0.5015625 0.3671875000000001 0.4484375 0.3671875000000001 0.4484375 0.46875 0.5015625 0.46875
1 0.6343750000000001 0.68125 0.5625 0.68125 0.5625000000000001 0.7734375 0.6343750000000001 0.7734375
1 0.4234375000000002 0.753125 0.34062500000000007 0.753125 0.34062500000000007 0.8578125 0.4234375000000002 0.8578125
1 0.828125 0.4968750000000002 0.7828125 0.4968750000000002 0.7828125 0.5671875000000002 0.828125 0.5671875000000002
1 0.4578125 0.3375000000000001 0.409375 0.3375000000000001 0.409375 0.4625 0.4578125 0.4625
1 0.16875000000000007 0.4609375 0.08593750000000007 0.4609375 0.08593750000000007 0.590625 0.1687500000000001 0.590625
1 0.40625 0.290625 0.328125 0.290625 0.32812500000000006 0.38593750000000004 0.40625 0.3859375000000001
1 0.4328125000000001 0.6953125 0.3843750000000001 0.6953125 0.3843750000000001 0.765625 0.43281250000000016 0.765625
1 0.19531250000000008 0.6921875 0.11093750000000009 0.6921875 0.11093750000000009 0.7828125 0.19531250000000008 0.7828125
1 0.35625 0.03437500000000004 0.3125 0.03437500000000003 0.3125 0.11406250000000004 0.35625 0.11406250000000004
1 0.6125 0.24375000000000008 0.5546875 0.24375000000000008 0.5546875 0.3281250000000001 0.6125 0.3281250000000001
1 0.19375000000000003 0.3859375 0.12656250000000005 0.3859375 0.12656250000000005 0.5171875 0.19375000000000003 0.5171875
1 0.1906250000000001 0.59375 0.09843750000000007 0.59375 0.09843750000000008 0.6953125 0.1906250000000001 0.6953125
1 0.65625 0.596875 0.603125 0.596875 0.603125 0.709375 0.65625 0.709375
1 0.30000000000000004 0.35625 0.234375 0.35625 0.23437500000000006 0.5015625 0.3000000000000001 0.5015625
1 0.5515625 0.25468750000000007 0.496875 0.25468750000000007 0.496875 0.3500000000000001 0.5515625 0.3500000000000001
1 0.6296875000000002 0.784375 0.5968750000000002 0.784375 0.5968750000000002 0.8703125 0.6296875000000002 0.8703125
1 0.46875000000000017 0.7421875 0.42187500000000017 0.7421875 0.42187500000000017 0.859375 0.46875000000000017 0.859375
1 0.8078125 0.32500000000000007 0.7515625 0.32500000000000007 0.7515625 0.41718750000000016 0.8078125 0.41718750000000016
1 0.515625 0.5890625 0.459375 0.5890625 0.459375 0.6828125 0.515625 0.6828125
1 0.459375 0.6 0.3984375000000001 0.6 0.3984375000000001 0.7109375 0.459375 0.7109375
1 0.1781250000000001 0.775 0.11093750000000009 0.775 0.11093750000000009 0.8609375 0.1781250000000001 0.8609375
1 0.546875 0.3812500000000001 0.496875 0.3812500000000001 0.496875 0.503125 0.546875 0.503125
1 0.6609375 0.3156250000000001 0.6140625 0.3156250000000001 0.6140625 0.4265625 0.6609375 0.4265625
1 0.4625 0.08750000000000005 0.4109375 0.08750000000000005 0.4109375 0.21875000000000008 0.4625 0.21875000000000008
1 0.90625 0.08593750000000011 0.8296875 0.08593750000000011 0.8296875 0.18125000000000008 0.90625 0.18125000000000008
1 0.3609375000000001 0.365625 0.2984375000000001 0.365625 0.2984375000000001 0.5109375 0.3609375000000001 0.5109375
1 0.5953125 0.07343750000000007 0.5515625 0.07343750000000007 0.5515625 0.1703125000000001 0.5953125 0.1703125000000001
1 0.7375 0.2390625000000001 0.6671875 0.2390625000000001 0.6671875 0.32500000000000007 0.7375 0.32500000000000007
1 0.8078125 0.2765625000000001 0.75625 0.2765625000000001 0.75625 0.3390625000000001 0.8078125 0.3390625000000001
1 0.565625 0.65625 0.4921875 0.65625 0.4921875000000001 0.7734375 0.5656250000000002 0.7734375
1 0.49687500000000007 0.6625 0.4390625 0.6625 0.4390625000000001 0.765625 0.4968750000000002 0.765625
1 0.38750000000000007 0.6828125 0.2968750000000001 0.6828125 0.2968750000000001 0.778125 0.38750000000000007 0.778125
1 0.60625 0.5828125 0.5453125 0.5828125 0.5453125 0.6921875 0.60625 0.6921875
1 0.23593750000000008 0.5875 0.1843750000000001 0.5875 0.1843750000000001 0.6921875 0.23593750000000008 0.6921875
1 0.3312500000000001 0.74375 0.2562500000000001 0.74375 0.2562500000000001 0.834375 0.3312500000000001 0.834375
1 0.3578125 0.2078125 0.3 0.2078125 0.3 0.328125 0.3578125 0.328125
1 0.8515625 0.1843750000000001 0.81875 0.1843750000000001 0.81875 0.22656250000000008 0.8515625 0.22656250000000008
1 0.7953125 0.0312500000000001 0.725 0.03125000000000009 0.725 0.12656250000000008 0.7953125 0.12656250000000008
1 0.4984375 0.2500000000000001 0.453125 0.2500000000000001 0.453125 0.3812500000000001 0.4984375 0.3812500000000001
1 0.703125 0.3031250000000001 0.6515625 0.3031250000000001 0.6515625 0.3968750000000001 0.703125 0.3968750000000001
1 0.7671875 0.2921875000000001 0.703125 0.2921875000000001 0.703125 0.4078125000000001 0.7671875 0.4078125000000002
1 0.5640625000000001 0.821875 0.5203125000000002 0.821875 0.5203125000000002 0.9375 0.5640625000000001 0.9375
1 0.6609375 0.2562500000000001 0.609375 0.2562500000000001 0.609375 0.3390625000000001 0.6609375 0.3390625000000001
1 0.6515625 0.035937500000000074 0.5859375 0.03593750000000007 0.5859375 0.13281250000000008 0.6515625 0.13281250000000008
1 0.5125000000000002 0.7421875 0.4671875000000002 0.7421875 0.4671875000000002 0.8828125 0.5125000000000002 0.8828125
1 0.2468750000000001 0.93125 0.19843750000000013 0.93125 0.19843750000000013 1 0.2468750000000001 1
1 0.7156250000000002 0.9359375 0.6671875000000002 0.9359375 0.6671875000000002 1 0.7156250000000002 1
1 0.5562500000000001 0.9328125 0.4968750000000002 0.9328125 0.4968750000000002 1 0.5562500000000001 1
1 0.5203125 0.07812500000000007 0.459375 0.07812500000000007 0.459375 0.2406250000000001 0.5203125 0.2406250000000001
1 0.7515625 0.0750000000000001 0.68125 0.0750000000000001 0.68125 0.18906250000000008 0.7515625 0.18906250000000008
1 0.615625 0.3218750000000001 0.575 0.3218750000000001 0.575 0.428125 0.615625 0.428125
1 0.24062500000000003 0.33125 0.16718750000000004 0.33125 0.16718750000000004 0.4875 0.2406250000000001 0.4875
1 0.31718750000000007 0.578125 0.2250000000000001 0.578125 0.2250000000000001 0.7078125 0.31718750000000007 0.7078125
1 0.2015625000000001 0.9296875 0.12968750000000012 0.9296875 0.12968750000000012 1 0.2015625000000001 1
1 0.6671875000000002 0.940625 0.5984375000000002 0.940625 0.5984375000000002 1 0.6671875000000002 1
1 0.4640625 5.243019108849606e-17 0.3921875 4.802911665406026e-17 0.3921875 0.10781250000000005 0.4640625 0.10781250000000005
1 0.40625000000000017 0.9359375 0.3578125000000001 0.9359375 0.3578125000000001 1 0.40625000000000017 1
1 0.7593750000000001 0.94375 0.7046875000000001 0.94375 0.7046875000000001 1 0.7593750000000001 1
1 0.7125 0.04687500000000008 0.6765625 0.046875000000000076 0.6765625 0.12031250000000009 0.7125 0.12031250000000009
1 0.5484375 0.5921875 0.5125 0.5921875 0.5125 0.6625 0.5484375 0.6625
1 0.403125 0.5828125 0.30156250000000007 0.5828125 0.30156250000000007 0.6921875 0.403125 0.6921875
1 0.6453125 0.1359375000000001 0.615625 0.1359375000000001 0.615625 0.21250000000000008 0.6453125 0.21250000000000008
1 0.665625 7.749718025854345e-17 0.6 7.347880794884119e-17 0.6 0.06250000000000008 0.665625 0.06250000000000008
1 0.6125 0.428125 0.5875 0.428125 0.5875 0.484375 0.6125 0.484375
1 0.2750000000000001 0.6859375 0.17968750000000008 0.6859375 0.17968750000000008 0.8578125 0.2750000000000001 0.8578125
1 0.2015625 0.0015625000000000205 0.1328125 0.001562500000000016 0.1328125 0.09843750000000002 0.2015625 0.09843750000000002
1 0.49375 5.855342508423283e-17 0.4625 5.663991446056509e-17 0.4625 0.07500000000000007 0.49375 0.07500000000000007
1 0.49531250000000016 0.9359375 0.40156250000000016 0.9359375 0.40156250000000016 1 0.49531250000000016 1
1 0.3125 0.0015625000000000343 0.25 0.0015625000000000304 0.25 0.12500000000000006 0.3125 0.12500000000000006
1 0.596875 0.0015625000000000701 0.5484375 0.0015625000000000673 0.5484375 0.08906250000000007 0.596875 0.08906250000000007
1 0.29375000000000007 0.21875 0.17812500000000003 0.21875 0.17812500000000003 0.3734375 0.29375000000000007 0.3734375
1 0.6859375 0.06093750000000009 0.6390625 0.06093750000000009 0.6390625 0.2000000000000001 0.6859375 0.2000000000000001
1 0.3687500000000001 0.9234375 0.32500000000000007 0.9234375 0.32500000000000007 1 0.3687500000000001 1
1 0.19687500000000005 0.25 0.16875000000000004 0.25 0.16875000000000004 0.309375 0.19687500000000005 0.309375
1 0.5953125000000001 0.94375 0.5531250000000002 0.94375 0.5531250000000002 1 0.5953125000000001 1
1 0.2515625 0.0015625000000000268 0.1890625 0.0015625000000000229 0.1890625 0.09218750000000002 0.2515625 0.09218750000000002
1 0.6203125 0.1281250000000001 0.5796875 0.1281250000000001 0.5796875 0.2234375000000001 0.6203125 0.2234375000000001
1 0.31718750000000007 0.934375 0.23593750000000008 0.934375 0.23593750000000008 1 0.31718750000000007 1
1 0.5546875 0.0031250000000000644 0.503125 0.003125000000000061 0.503125 0.16250000000000006 0.5546875 0.1625000000000001
1 0.390625 0.0015625000000000452 0.3453125 0.0015625000000000424 0.3453125 0.04843750000000004 0.390625 0.04843750000000004