1 0.8998095567089741 0.9317482893236473 0.7920501628125216 0.8621175395619851 0.7545323081949473 0.9201795493453547 0.8622917020914 0.9898102991070171
1 0.9808100774271752 0.882209263628447 0.8296092978816068 0.8178121263586172 0.8021403172478084 0.8823077151570697 0.9533410967933769 0.9467048524268993
1 1.0213822104653336 0.8401426663188397 0.9414248406690288 0.7808554986707458 0.8982326117446192 0.8391065023438264 0.978189981540924 0.8983936699919204
1 0.9942103115013265 0.7348693310384886 0.8888063657265386 0.7315913489053605 0.8867733073157439 0.7969646089737104 0.9921772530905318 0.8002425911068384
1 0.9328083646811127 0.8290837273201497 0.9118886690329532 0.7490934173812651 0.7863645399022504 0.7819214759288676 0.8072842355504101 0.8619117858677521
1 0.999436036246888 0.7339204813373303 0.9988919197438625 0.6683870130768232 0.8393034759369348 0.6697120567266164 0.8398475924399603 0.7352455249871235
1 0.9906424503800244 0.6092401824155342 0.8721714139659589 0.6084620948496917 0.8717752699274787 0.6687786927087189 0.9902463063415441 0.6695567802745613
1 0.9029453853876159 0.6374401482595375 0.8451634172923106 0.5663646969291591 0.7463070534565904 0.646731619041577 0.804089021551896 0.7178070703719555
1 0.9868892424383849 0.5352256701893214 0.8663697937020544 0.49930762056592926 0.8496329471388867 0.5554664471872905 0.9701523958752173 0.5913844968106827
1 0.9909391664337142 0.4728892399243466 0.8789424108915179 0.4294751383894099 0.8556312453596444 0.48961170266624876 0.9676280009018405 0.5330258042011854
1 1 0.39354531250000013 0.911359375 0.39354531250000013 0.911359375 0.4633812500000002 1 0.4633812500000002
1 0.9756761305775491 0.40229248993636196 0.9754790260378122 0.3617875070204969 0.8675546123742043 0.36231268664903094 0.8677517169139412 0.4028176695648959
1 0.9239133521386356 0.32960798914430656 0.8585932730374684 0.32461188463178436 0.8557562634039334 0.3617035213677266 0.9210763425051006 0.3666996258802488
1 0.9828389175225725 0.2987255568097276 0.9119174485500539 0.2817310996168507 0.8998329678862703 0.33216219669271096 0.9707544368587889 0.34915665388558786
1 0.9629280288136254 0.2613405850526175 0.882507875796656 0.2483126510186809 0.8760536009528721 0.28815425362417396 0.9564737539698414 0.30118218765811056
1 0.9683716668469083 0.23059301591529602 0.8875622836369276 0.22877859611802073 0.8869341844658323 0.2567524457679995 0.9677435676758129 0.25856686556527475
1 0.9531522114763883 0.1865122571557399 0.8587896097557988 0.18546514215889676 0.8582632582934735 0.23289822596934692 0.9526258600140631 0.2339453409661901
1 0.8969828880686036 0.30836774466694267 0.8902695559610281 0.2628133006496878 0.8332406149644029 0.27121762275070305 0.8399539470719783 0.3167720667679579
1 0.8594714355723545 0.35588760340376796 0.856538558118865 0.31880299738075746 0.7905185325835057 0.32402426477810586 0.7934514100369952 0.36110887080111637
1 0.8425656690040961 0.2595735868417312 0.7580829992449877 0.23380710619859593 0.7345923988638875 0.3108276610009999 0.819075068622996 0.3365941416441352
1 0.8681380629042602 0.404117399710045 0.8641537222503917 0.35481612610655733 0.7779071519196548 0.36178624454993086 0.7818914925735233 0.4110875181534185
1 0.917685855931369 0.43653462321189734 0.8977962018035595 0.3810535158592538 0.8190600524163811 0.4092799672296751 0.8389497065441904 0.46476107458231863
1 0.8834294763038718 0.5159695131153632 0.8591247453986744 0.44608069448248633 0.7629023046058808 0.4795432794318047 0.7872070355110783 0.5494320980646815
1 0.8313329486500107 0.4085524420963796 0.7438450397677505 0.4075840503715318 0.7431795603884032 0.46770579429960996 0.8306674692706633 0.46867418602445776
1 0.7748716925370418 0.33479797593623817 0.7212429736211132 0.32634231144807335 0.7156537162273569 0.36179129527874526 0.7692824351432854 0.3702469597669101
1 0.8679769960324505 0.5708559275007261 0.809772644259585 0.5183657015868403 0.7718649897482962 0.5604000121588515 0.8300693415211615 0.6128902380727372
1 0.8060521359118485 0.6381667249753786 0.7975292591096422 0.5591305949125158 0.6797020271183396 0.5718365179050526 0.6882249039205459 0.6508726479679154
1 0.8361021938520464 0.7165029534202848 0.7111769831040217 0.631245706264819 0.6484149990251907 0.7232091973415945 0.7733402097732155 0.8084664444970603
1 0.8005042319576612 0.7843499193750234 0.6783923692219341 0.7634010032373764 0.6689756939806075 0.8182910866641434 0.7910875567163347 0.8392400028017903
1 0.8970565407691351 0.7390342107276867 0.8061355712708169 0.6770251060483479 0.77802990065975 0.7182350998641438 0.8689508701580682 0.7802442045434826
1 0.7907186765875969 0.8282569663892024 0.6994823946825781 0.824517424948573 0.6974335971242958 0.8745034124182848 0.7886698790293145 0.878242953858914
1 0.7889843976798392 0.8913430156716471 0.6712090551441597 0.8505599819490787 0.6496846229233911 0.9127193444656584 0.7674599654590706 0.9535023781882268
1 0.6720003380806532 0.9187525586250984 0.6513563044657151 0.8688786369644046 0.558887217579362 0.9071538492288722 0.5795312511943 0.9570277708895661
1 0.6463461509076853 0.8512289322360154 0.5315832800307717 0.8280208061735175 0.51927549442914 0.888882109924501 0.6340383653060536 0.9120902359869989
1 0.6410782584344242 0.8468624240061813 0.6388609348680642 0.8040615788783333 0.5775323919038599 0.8072387409927464 0.5797497154702199 0.8500395861205943
1 0.5911645461732695 0.800986975984542 0.537945775007724 0.776529204422759 0.5174329909495705 0.8211638988797519 0.5706517621151159 0.845621670441535
1 0.66663627640148 0.7299619821472372 0.5408984505928995 0.721349263915919 0.5353854413361081 0.8018341676355029 0.6611232671446885 0.8104468858668209
1 0.5497951817313884 0.7955673039925 0.4911677685482704 0.7453962944863752 0.41502847286048733 0.8343689899075095 0.47365588604360537 0.8845399994136341
1 0.4293142198562296 0.8242787536393539 0.3273863261960647 0.804339759955535 0.31753052438166984 0.8547224991851758 0.4194584180418347 0.8746614928689947
1 0.4679593374396983 0.8166554505187626 0.46654760652929905 0.7312538438356359 0.33416457840953495 0.7334422009411684 0.33557630931993415 0.8188438076242951
1 0.5484884087279533 0.7431359971994145 0.5026586743805651 0.6727063729269674 0.4377100547855449 0.7149695258689011 0.4835397891329333 0.7853991501413481
1 0.47745658681447356 0.6616129345726715 0.40165834387190225 0.6315917724542301 0.3661758498964674 0.7211789339354385 0.44197409283903866 0.7512000960538798
1 0.6317429032882561 0.6872326911239852 0.49784102276563785 0.6461563043309752 0.48230261389452045 0.6968088161659745 0.6162044944171388 0.7378852029589845
1 0.6329008998489475 0.6485345241924207 0.5510376601636641 0.606469290287022 0.5284383259625571 0.6504499018436739 0.6103015656478405 0.6925151357490726
1 0.6721819823773543 0.6044369641669511 0.5674865254226129 0.5330688698502033 0.5312897357567944 0.5861687805405218 0.6359851927115358 0.6575368748572694
1 0.5585932522731755 0.6224569617393405 0.40384793969942373 0.5501769380710229 0.37401983167376074 0.6140363513038671 0.5287651442475124 0.6863163749721848
1 0.3983556131543361 0.5812400127940823 0.2674007698597615 0.5624510296053377 0.24667095616588144 0.7069330101647742 0.377625799460456 0.7257219933535188
1 0.557895097092299 0.5465129588053939 0.46017505010681736 0.48086213010171786 0.41441078192326614 0.5489813987455028 0.5121308289087477 0.6146322274491788
1 0.6181107385651169 0.4949504216121232 0.5213585314855326 0.48146670490716376 0.5137510844784736 0.5360538268616918 0.6105032915580579 0.5495375435666513
1 0.6471213991517677 0.4697494581456598 0.6181747142182898 0.4088430816416726 0.5348572857919962 0.44844096101914027 0.5638039707254741 0.5093473375231274
1 0.5899224757138924 0.44869779298082213 0.5864159305766433 0.384380534006145 0.4804606427118678 0.39015716387736427 0.48396718784911685 0.4544744228520413
1 0.6415435596800403 0.2768526875903817 0.5486195272023583 0.27496172315340456 0.5475557676934226 0.32723601304687305 0.6404798001711047 0.32912697748385017
1 0.5918297205578212 0.23230355526077298 0.47782242266702246 0.20710947770448418 0.46395479452448063 0.2698627501413608 0.5779620924152794 0.2950568276976496
1 0.5800410699340678 0.178680497310455 0.49623018523284507 0.16185769766879896 0.4860328692771037 0.21266054202487977 0.5698437539783264 0.22948334166653578
1 0.6441920594006996 0.2178684504302682 0.5938999550439423 0.21210153206902901 0.5898795818476044 0.24716237664458593 0.6401716862043617 0.2529292950058251
1 0.5396628482808425 0.1471616340484126 0.4987542052894736 0.14215272893612585 0.49545059977232186 0.16913387863967405 0.5363592427636908 0.17414278375196082
1 0.42801278430593176 0.23983209833334293 0.3621793914405229 0.22528380505449147 0.3506208791957846 0.27758795255567315 0.41645427206119334 0.29213624583452463
1 0.43803408165433233 0.2884043299419629 0.34644520253040256 0.2803161011413181 0.34052182321500074 0.3473908199079626 0.43211070233893045 0.3554790487086074
1 0.26012532448182213 0.429319442364071 0.143402941218 0.42495900585789653 0.13988571845097725 0.5191098146714965 0.25660810171479936 0.523470251177671
1 0.25466652202334805 0.5333976497100951 0.14338985367586624 0.5295934998021995 0.1414667064423491 0.5858482274203974 0.25274337478983094 0.589652377328293
1 0.2450926816454512 0.6540308186922421 0.22538107855771933 0.6080229540476599 0.1552840732414583 0.6380553051925523 0.17499567632919016 0.6840631698371344
1 0.25716534027405435 0.7057346781204903 0.23310280735562988 0.6546184417378007 0.1467125475414954 0.6952859207565186 0.1707750804599199 0.7464021571392082
1 0.2435073998871809 0.7234230882698623 0.11129832638580668 0.7199207022900572 0.10991351452960671 0.7721949786084279 0.24212258803098088 0.775697364588233
1 0.24511199605888728 0.8282610473485219 0.23484706185044998 0.7642733024465829 0.1386807142865045 0.779700338237927 0.14894564849494177 0.8436880831398661
1 0.16496577339739535 0.8412779579763873 0.11518632697819102 0.7507616200592858 0.02091716545908353 0.8026049312537958 0.07069661187828787 0.8931212691708973
1 0.20698701243365908 0.6323500764613754 0.20038867809425326 0.5632444443239629 0.02551937382500456 0.5799412908700365 0.03211770816441038 0.649046923007449
1 0.10228821513419861 0.7429189611695047 0.01652345219170242 0.7410123332193306 0.015340204802922596 0.7942376789359707 0.1011049677454188 0.796144306886145
1 0.16945226005314915 0.4846317471067774 0.04719277410783238 0.4815121772434569 0.04541926752448945 0.5510179144765226 0.1676787534698062 0.554137484339843
1 0.26754538512177845 0.3787850240535416 0.15780997472596175 0.3565920921297131 0.1461851099778583 0.4140725236611291 0.255920520373675 0.43626545558495755
1 0.18153998608199487 0.42633872394848316 0.10288457438446971 0.3590337995083367 0.02824561799723595 0.4462600744376294 0.10690102969476109 0.513564998877776
1 0.16512985351958243 0.3462593530000574 0.06591966790356077 0.32332586537347174 0.054319629676633216 0.37350758933909817 0.1535298152926549 0.3964410769656838
1 0.2716995599203133 0.32135871125166504 0.08320562627137339 0.2576361146295778 0.06138338209042469 0.32218716660740887 0.24987731573936464 0.38590976322949605
1 0.26184801424870996 0.2284498701432375 0.13345657717383794 0.2160644154827108 0.126788653329642 0.28518616741892255 0.25518009040451395 0.29757162207944926
1 0.12817327080879798 0.234660527002614 0.028115828194365144 0.21408597444520203 0.01576645668591019 0.2741430049727701 0.11582389930034301 0.29471755753018203
1 0.23238786050429647 0.19930251917508174 0.15617602385726315 0.1986787085383547 0.1559459758529667 0.22678400186327297 0.23215781250000003 0.2274078125
1 0.04416886052913394 0.09069019984110924 0.04229813298879229 0.01101779067963247 0.0001696562597026412 0.012006977557237985 0.0020403838000442897 0.09167938671871476
1 0.19175066178579256 0.6814430644706412 0.11918443559175014 0.6089383090315288 0.008211863200568903 0.7200049658418646 0.08077808939461133 0.7925097212809769