1 0.3203125000000001 0.5890625 0.2218750000000001 0.5890625 0.2218750000000001 0.6578125 0.3203125000000001 0.6578125
1 0.3265625000000001 0.753125 0.13437500000000008 0.753125 0.13437500000000008 0.85625 0.3265625000000001 0.85625
1 0.32500000000000007 0.5359375 0.22656250000000008 0.5359375 0.22656250000000008 0.5953125 0.32500000000000007 0.5953125
1 0.2515625 0.30625 0.16562500000000005 0.30625 0.16562500000000005 0.3765625 0.2515625000000001 0.3765625
1 0.515625 0.23593750000000008 0.4640625 0.23593750000000008 0.4640625 0.2796875000000001 0.515625 0.2796875000000001
1 0.81875 0.44531250000000017 0.7390625 0.44531250000000017 0.7390625 0.49531250000000016 0.81875 0.49531250000000016
1 0.2406250000000001 0.559375 0.1453125000000001 0.559375 0.1453125000000001 0.63125 0.2406250000000001 0.63125
1 0.946875 0.7750000000000001 0.7562500000000002 0.7750000000000001 0.7562500000000002 0.8578125 0.946875 0.8578125
1 0.6859375 0.584375 0.584375 0.584375 0.584375 0.6484375 0.6859375 0.6484375
1 0.321875 0.3140625 0.2453125 0.3140625 0.24531250000000004 0.36875 0.3218750000000001 0.36875
1 0.31875000000000003 0.3625 0.2390625 0.3625 0.23906250000000004 0.4171875 0.3187500000000001 0.4171875
1 0.7 0.403125 0.59375 0.403125 0.59375 0.4828125 0.7 0.4828125
1 0.3234375000000001 0.4390625 0.17656250000000004 0.4390625 0.17656250000000004 0.503125 0.3234375000000001 0.503125
1 0.525 0.3515625000000001 0.434375 0.3515625000000001 0.434375 0.4234375 0.525 0.4234375
1 0.6140625 0.453125 0.540625 0.453125 0.540625 0.5078125 0.6140625 0.5078125
1 0.16250000000000003 0.3546875 0.09218750000000005 0.3546875 0.09218750000000005 0.403125 0.16250000000000003 0.403125
1 0.6765625 0.521875 0.5390625 0.521875 0.5390625 0.59375 0.6765625 0.59375
1 0.3203125000000001 0.65 0.21250000000000008 0.65 0.21250000000000008 0.721875 0.3203125000000001 0.721875
1 0.3062500000000001 0.4953125 0.19531250000000006 0.4953125 0.19531250000000006 0.5453125 0.3062500000000001 0.5453125
1 0.540625 0.4140625 0.38750000000000007 0.4140625 0.38750000000000007 0.49375 0.540625 0.49375
1 0.9828125 0.3531250000000001 0.875 0.3531250000000001 0.875 0.42500000000000016 0.9828125 0.42500000000000016
1 0.5906250000000002 0.734375 0.38750000000000007 0.734375 0.38750000000000007 0.83125 0.5906250000000002 0.83125
1 0.2015625000000001 0.7 0.1312500000000001 0.7 0.1312500000000001 0.7546875 0.2015625000000001 0.7546875
1 0.2078125000000001 0.453125 0.09375000000000004 0.453125 0.09375000000000006 0.5171875 0.2078125000000001 0.5171875
1 0.465625 0.2968750000000001 0.4015625 0.2968750000000001 0.4015625 0.3578125000000001 0.465625 0.3578125000000001
1 0.3203125000000001 0.703125 0.19531250000000008 0.703125 0.19531250000000008 0.775 0.3203125000000001 0.775
1 0.8484375 0.5125000000000002 0.728125 0.5125000000000002 0.728125 0.6015625000000002 0.8484375 0.6015625000000002
1 0.6734375 0.4765625 0.590625 0.4765625 0.590625 0.5359375 0.6734375 0.5359375
1 0.6890625000000001 0.7203125 0.553125 0.7203125 0.5531250000000001 0.8109375 0.6890625000000001 0.8109375
1 0.6203125 0.3296875000000001 0.53125 0.3296875000000001 0.53125 0.3937500000000001 0.6203125 0.3937500000000001
1 0.23593750000000008 0.6234375 0.1546875000000001 0.6234375 0.1546875000000001 0.6953125 0.23593750000000008 0.6953125
1 0.17187500000000006 0.278125 0.07187500000000005 0.278125 0.07187500000000005 0.359375 0.17187500000000006 0.359375
1 0.1765625000000001 0.796875 0.08593750000000008 0.796875 0.0859375000000001 0.8515625 0.1765625000000001 0.8515625
1 0.2453125000000001 0.3984375 0.14375000000000004 0.3984375 0.14375000000000004 0.4484375 0.2453125000000001 0.4484375
1 0.6015625 0.38750000000000007 0.51875 0.38750000000000007 0.51875 0.4625 0.6015625 0.4625
1 0.10000000000000005 0.2359375 0.029687500000000033 0.2359375 0.029687500000000033 0.2765625 0.10000000000000005 0.2765625
1 0.3218750000000001 0.4078125 0.2375000000000001 0.4078125 0.2375000000000001 0.4546875 0.3218750000000001 0.4546875
1 0.5515625 0.22656250000000008 0.5078125 0.22656250000000008 0.5078125 0.27031250000000007 0.5515625 0.27031250000000007
1 0.6906250000000002 0.784375 0.5812500000000002 0.784375 0.5812500000000002 0.8890625 0.6906250000000002 0.8890625
1 0.8984375 0.40156250000000016 0.80625 0.40156250000000016 0.80625 0.4656250000000002 0.8984375 0.4656250000000002
1 0.5890625 0.56875 0.50625 0.56875 0.50625 0.640625 0.5890625 0.640625
1 0.928125 0.5437500000000002 0.8203125 0.5437500000000002 0.8203125 0.6046875000000002 0.928125 0.6046875000000002
1 0.17187500000000008 0.5796875 0.07968750000000006 0.5796875 0.07968750000000008 0.6578125 0.17187500000000008 0.6578125
1 0.6156250000000002 0.8203125 0.4984375000000002 0.8203125 0.4984375000000002 0.8921875 0.6156250000000002 0.8921875
1 0.49687500000000007 0.6625 0.3765625000000001 0.6625 0.3765625000000001 0.7328125 0.4968750000000002 0.7328125
1 0.6046875 0.6296875 0.5453125 0.6296875 0.5453125 0.684375 0.6046875 0.684375
1 0.5734375 0.28593750000000007 0.471875 0.28593750000000007 0.471875 0.37187500000000007 0.5734375 0.37187500000000007
1 0.4609375 0.5765625 0.3593750000000001 0.5765625 0.3593750000000001 0.675 0.4609375 0.675
1 0.525 0.4921875 0.4328125 0.4921875 0.4328125 0.5953125 0.525 0.5953125
1 0.6125 0.678125 0.4890625 0.678125 0.48906250000000007 0.76875 0.6125000000000002 0.76875
1 0.84375 0.31718750000000007 0.7109375 0.31718750000000007 0.7109375 0.39531250000000007 0.84375 0.39531250000000007
1 0.990625 0.6859375000000002 0.8453125 0.6859375000000002 0.8453125 0.7656250000000002 0.990625 0.7656250000000002
1 0.9609375 0.2328125000000001 0.8625 0.2328125000000001 0.8625 0.31718750000000007 0.9609375 0.31718750000000007
1 0.690625 0.3421875000000001 0.5921875 0.3421875000000001 0.5921875 0.4171875 0.690625 0.4171875
1 0.3968750000000001 0.903125 0.2843750000000001 0.903125 0.2843750000000001 0.99375 0.3968750000000001 0.99375
1 0.8984375 0.7218750000000002 0.78125 0.7218750000000002 0.7812500000000001 0.7890625000000002 0.8984375 0.7890625000000002
1 0.1390625000000001 0.65625 8.036744619404505e-17 0.65625 8.658635572096521e-17 0.7578125 0.1390625000000001 0.7578125
1 0.9953125 0.4046875000000002 0.8796875 0.4046875000000002 0.8796875 0.4781250000000002 0.9953125 0.4781250000000002
1 0.8828125 0.5921875000000002 0.7765625 0.5921875000000002 0.7765625 0.6625000000000002 0.8828125 0.6625000000000002
1 0.884375 0.6531250000000002 0.734375 0.6531250000000002 0.7343750000000001 0.7359375000000001 0.884375 0.7359375000000001
1 0.3140625000000001 0.8328125 0.1750000000000001 0.8328125 0.1750000000000001 0.8859375 0.3140625000000001 0.8859375
1 0.6890625 0.646875 0.5953125 0.646875 0.5953125 0.715625 0.6890625 0.715625
1 0.07031250000000004 0.30625 3.750480822388769e-17 0.30625 4.247993584542381e-17 0.3875 0.07031250000000004 0.3875
1 0.6140625 0.2515625000000001 0.528125 0.2515625000000001 0.528125 0.3109375000000001 0.6140625 0.3109375000000001
1 0.884375 0.3515625000000001 0.8015625 0.3515625000000001 0.8015625 0.4109375000000002 0.884375 0.4109375000000002
1 0.965625 0.85 0.8234375 0.85 0.8234375 0.9359375 0.965625 0.9359375
1 0.7093750000000002 0.9078125 0.6046875000000002 0.9078125 0.6046875000000002 0.99375 0.7093750000000002 0.99375
1 0.98125 0.6343750000000001 0.8640625 0.6343750000000001 0.8640625 0.6984375000000002 0.98125 0.6984375000000002
1 0.29375000000000007 0.9015625 0.2015625000000001 0.9015625 0.2015625000000001 0.98125 0.29375000000000007 0.98125
1 0.7015625 0.2000000000000001 0.565625 0.2000000000000001 0.565625 0.2796875000000001 0.7015625 0.2796875000000001
1 0.10156250000000004 0.309375 0.046875000000000035 0.309375 0.04687500000000004 0.35625 0.10156250000000004 0.35625
1 0.9671875 0.5859375000000002 0.8625 0.5859375000000002 0.8625 0.6484375000000002 0.9671875 0.6484375000000002
1 0.99375 0.4734375000000002 0.9109375 0.4734375000000002 0.9109375 0.5437500000000002 0.99375 0.5437500000000002
1 0.99375 0.5375000000000002 0.928125 0.5375000000000002 0.928125 0.6109375000000001 0.99375 0.6109375000000001
1 0.5578125 0.5984375 0.453125 0.5984375 0.453125 0.6921875 0.5578125 0.6921875
1 0.990625 0.7468750000000002 0.890625 0.7468750000000002 0.890625 0.803125 0.990625 0.803125
1 0.934375 0.45625000000000016 0.784375 0.45625000000000016 0.784375 0.5546875000000002 0.934375 0.5546875000000002