1 0.3484375 0.17343750000000005 0.240625 0.17343750000000005 0.240625 0.2765625 0.3484375 0.2765625
1 0.8296875 0.15000000000000008 0.7203125 0.15000000000000008 0.7203125 0.24218750000000008 0.8296875 0.24218750000000008
1 0.8484375 0.22812500000000008 0.74375 0.22812500000000008 0.74375 0.3359375000000001 0.8484375 0.3359375000000001
1 0.7546875 0.1984375000000001 0.65625 0.1984375000000001 0.65625 0.29375000000000007 0.7546875 0.29375000000000007
1 0.5671875 0.2218750000000001 0.4140625 0.2218750000000001 0.4140625 0.30937500000000007 0.5671875 0.30937500000000007
1 0.5140625 0.2843750000000001 0.365625 0.2843750000000001 0.36562500000000003 0.3734375000000001 0.5140625 0.3734375000000001
1 0.0921875 0.035937500000000004 4.401074434435801e-18 0.0359375 8.802148868871602e-18 0.1078125 0.09218750000000002 0.1078125
1 0.9125 0.30937500000000007 0.803125 0.30937500000000007 0.803125 0.3937500000000001 0.9125 0.3937500000000001
1 0.565625 0.13281250000000006 0.46875 0.13281250000000006 0.46875 0.19218750000000007 0.565625 0.1921875000000001
1 0.10781250000000002 0.09062500000000001 1.1098361617272889e-17 0.090625 1.712592008182627e-17 0.1890625 0.10781250000000005 0.1890625
1 0.73125 0.4750000000000001 0.5953125 0.475 0.5953125 0.5390625000000001 0.73125 0.5390625000000002
1 0.9890625 0.1421875000000001 0.828125 0.14218750000000008 0.828125 0.2328125000000001 0.9890625 0.2328125000000001
1 0.940625 0.46406250000000016 0.7734375 0.46406250000000016 0.7734375 0.5609375000000002 0.940625 0.5609375000000002
1 0.7515625 0.5250000000000001 0.6171875 0.525 0.6171875 0.596875 0.7515625 0.5968750000000002
1 0.18906250000000002 0.13437500000000002 0.07812500000000003 0.134375 0.07812500000000003 0.209375 0.18906250000000005 0.209375
1 0.7453125 0.3656250000000001 0.6609375 0.3656250000000001 0.6609375 0.4296875000000001 0.7453125 0.42968750000000017
1 0.18593750000000003 0.2296875 0.09531250000000002 0.2296875 0.09531250000000004 0.30625 0.18593750000000003 0.30625
1 0.50625 0.3625000000000001 0.3890625 0.3625000000000001 0.38906250000000003 0.45 0.50625 0.45
1 0.18125000000000005 0.371875 0.05468750000000004 0.371875 0.054687500000000056 0.459375 0.18125000000000005 0.459375
1 0.07031250000000003 0.1640625 2.0091861548511263e-17 0.1640625 2.4779962576497225e-17 0.240625 0.07031250000000003 0.240625
1 0.08906250000000003 0.2328125 2.8511308292649316e-17 0.2328125 3.329508485181867e-17 0.3109375 0.08906250000000004 0.3109375
1 0.9515625 0.2234375000000001 0.825 0.2234375000000001 0.825 0.3156250000000001 0.9515625 0.3156250000000001
1 0.578125 0.34062500000000007 0.4609375 0.34062500000000007 0.4609375 0.4328125 0.578125 0.4328125
1 0.5421875000000002 0.7703125 0.46093750000000017 0.7703125 0.46093750000000017 0.85 0.5421875000000002 0.85
1 0.415625 0.475 0.2796875000000001 0.475 0.2796875000000001 0.571875 0.415625 0.571875
1 0.07656250000000007 0.6046875 7.405286113594152e-17 0.6046875 8.218528128652941e-17 0.7375 0.07656250000000009 0.7375
1 0.07187500000000005 0.334375 0.0015625000000000409 0.334375 0.0015625000000000458 0.4109375 0.07187500000000005 0.4109375
1 0.915625 0.6000000000000002 0.803125 0.6000000000000002 0.803125 0.6812500000000001 0.915625 0.6812500000000001
1 0.18281250000000004 0.3046875 0.05625000000000004 0.3046875 0.05625000000000004 0.3828125 0.18281250000000004 0.3828125
1 0.4375 0.4046875 0.3140625000000001 0.4046875 0.3140625000000001 0.5 0.4375 0.5
1 0.815625 0.8140625 0.7031250000000002 0.8140625 0.7031250000000002 0.878125 0.815625 0.878125
1 0.5609375 0.18125000000000008 0.465625 0.18125000000000005 0.465625 0.2515625000000001 0.5609375 0.2515625000000001
1 0.465625 0.575 0.3687500000000001 0.575 0.3687500000000001 0.6578125 0.465625 0.6578125
1 0.7359375000000001 0.7031250000000001 0.5828125 0.703125 0.5828125000000001 0.7921875 0.7359375000000001 0.7921875000000002
1 0.13437500000000005 0.278125 3.406048910128576e-17 0.278125 3.8748590129271723e-17 0.3546875 0.13437500000000005 0.3546875
1 0.05937500000000005 0.403125 4.9368574090627673e-17 0.403125 5.443937724334719e-17 0.4859375 0.05937500000000007 0.4859375
1 0.1750000000000001 0.7359375 0.07968750000000009 0.7359375 0.0796875000000001 0.8203125 0.1750000000000001 0.8203125
1 0.1671875000000001 0.6375 0.05937500000000009 0.6375 0.05937500000000009 0.73125 0.1671875000000001 0.73125
1 0.3671875000000001 0.6515625 0.24218750000000008 0.6515625 0.24218750000000008 0.7234375 0.3671875000000001 0.7234375
1 0.3265625000000001 0.425 0.22812500000000008 0.425 0.22812500000000008 0.4953125 0.3265625000000001 0.4953125
1 0.3453125000000001 0.5140625 0.24218750000000008 0.5140625 0.24218750000000008 0.5921875 0.3453125000000001 0.5921875
1 0.9203125 0.3859375000000001 0.8015625 0.3859375000000001 0.8015625 0.4421875000000002 0.9203125 0.4421875000000002
1 0.3843750000000001 0.7734375 0.2812500000000001 0.7734375 0.2812500000000001 0.8546875 0.3843750000000001 0.8546875
1 0.796875 0.4453125000000001 0.6984375 0.4453125 0.6984375 0.5000000000000001 0.796875 0.5000000000000002
1 0.10312500000000009 0.71875 8.802148868871601e-17 0.71875 9.299661631025214e-17 0.8 0.10312500000000009 0.8
1 0.26250000000000007 0.803125 0.1828125000000001 0.803125 0.1828125000000001 0.8625 0.26250000000000007 0.8625
1 0.1843750000000001 0.56875 0.06093750000000007 0.56875 0.060937500000000075 0.6390625 0.1843750000000001 0.6390625
1 0.47343750000000007 0.6703125 0.3734375000000001 0.6703125 0.3734375000000001 0.784375 0.4734375000000002 0.784375
1 0.96875 0.7671875000000001 0.8953125 0.7671875000000001 0.8953125 0.81875 0.96875 0.81875
1 0.01718750000000007 0.5484375 6.716422289073765e-17 0.5484375 7.127827073162329e-17 0.615625 0.017187500000000078 0.615625
1 0.553125 0.640625 0.440625 0.640625 0.440625 0.7078125 0.553125 0.7078125
1 0.3359375000000001 0.7359375 0.2171875000000001 0.7359375 0.2171875000000001 0.7921875 0.3359375000000001 0.7921875
1 0.04687500000000006 0.4859375 5.95101803960667e-17 0.4859375 6.381557929931911e-17 0.55625 0.04687500000000007 0.55625
1 0.17812500000000003 0.4515625 5.5300457023997667e-17 0.4515625 6.01799091143504e-17 0.53125 0.17812500000000003 0.53125
1 0.9765625 0.6109375000000001 0.9125 0.6109375000000001 0.9125 0.6593750000000002 0.9765625 0.6593750000000002
1 0.5671875 0.425 0.434375 0.425 0.434375 0.4859375 0.5671875 0.4859375
1 0.7375 0.628125 0.615625 0.628125 0.615625 0.6843750000000001 0.7375 0.6843750000000002
1 0.36875 0.35156250000000006 0.2984375 0.3515625 0.2984375 0.40625 0.3687500000000001 0.40625
1 0.2390625000000001 0.8734375 0.17187500000000008 0.8734375 0.1718750000000001 0.9265625 0.2390625000000001 0.9265625
1 0.15312500000000007 0.5203125 6.371990376813572e-17 0.5203125 6.783395160902136e-17 0.5875 0.1531250000000001 0.5875
1 0.8078125 0.3781250000000001 0.7359375 0.3781250000000001 0.7359375 0.4312500000000002 0.8078125 0.4312500000000002
1 0.971875 0.7000000000000002 0.8953125 0.7000000000000002 0.8953125 0.7515625000000001 0.971875 0.7515625000000001
1 0.3062500000000001 0.5703125 0.21250000000000008 0.5703125 0.21250000000000008 0.621875 0.3062500000000001 0.621875
1 0.3781250000000001 0.6 0.26250000000000007 0.6 0.26250000000000007 0.659375 0.3781250000000001 0.659375
1 0.8921875 0.5515625000000002 0.8015625 0.5515625000000002 0.8015625 0.6031250000000001 0.8921875 0.6031250000000001
1 0.8890625 0.7328125000000002 0.7953125000000002 0.7328125000000002 0.7953125000000002 0.7890625000000002 0.8890625 0.7890625000000002
1 0.9734375 0.6515625000000002 0.9125 0.6515625000000002 0.9125 0.7078125000000002 0.9734375 0.7078125000000002
1 0.55 0.503125 0.403125 0.503125 0.403125 0.5671875 0.55 0.5671875
1 0.7390625 0.5859375000000001 0.61875 0.5859375 0.61875 0.6390625000000001 0.7390625 0.6390625000000002
1 0.8140625 0.7187500000000002 0.7265625 0.7187500000000002 0.7265625000000001 0.7718750000000002 0.8140625 0.7718750000000002
1 0.821875 0.6406250000000002 0.7265625 0.6406250000000002 0.7265625 0.6953125000000002 0.821875 0.6953125000000002
1 0.8203125 0.5984375000000002 0.728125 0.5984375000000002 0.728125 0.6468750000000002 0.8203125 0.6468750000000002
1 0.8578125 0.8 0.7687500000000002 0.8 0.7687500000000002 0.8484375 0.8578125 0.8484375
1 0.6265625000000001 0.8078125 0.5625000000000002 0.8078125 0.5625000000000002 0.8515625 0.6265625000000001 0.8515625
1 0.9296875 0.4359375000000002 0.8171875 0.4359375000000002 0.8171875 0.47968750000000016 0.9296875 0.47968750000000016
1 0.528125 0.5515625 0.4015625 0.5515625 0.4015625 0.609375 0.528125 0.609375
1 0.978125 0.5390625000000002 0.9421875 0.5390625000000002 0.9421875 0.6062500000000002 0.978125 0.6062500000000002
1 0.47187500000000016 0.7625 0.39531250000000007 0.7625 0.39531250000000007 0.8203125 0.47187500000000016 0.8203125
1 0.38750000000000007 0.7078125 0.2890625000000001 0.7078125 0.2890625000000001 0.76875 0.38750000000000007 0.76875
1 0.7046875 0.675 0.609375 0.675 0.609375 0.71875 0.7046875 0.71875
1 0.5453125 0.5984375 0.4640625 0.5984375 0.4640625 0.65 0.5453125 0.65
1 0.8078125 0.5406250000000001 0.7375 0.5406250000000001 0.7375 0.5890625000000002 0.8078125 0.5890625000000002
1 0.51875 0.46875 0.4296875 0.46875 0.4296875 0.5109375 0.51875 0.5109375
1 0.98125 0.4703125000000002 0.946875 0.4703125000000002 0.946875 0.5312500000000002 0.98125 0.5312500000000002
1 0.4421875 0.6375 0.3343750000000001 0.6375 0.3343750000000001 0.6875 0.4421875 0.6875
1 0.428125 0.36562500000000003 0.3515625000000001 0.365625 0.3515625000000001 0.4140625 0.428125 0.4140625
1 0.85625 0.6656250000000001 0.775 0.6656250000000001 0.775 0.7250000000000002 0.85625 0.7250000000000002