1 0.15781250000000002 0.1515625 0.08281250000000002 0.1515625 0.08281250000000004 0.296875 0.15781250000000005 0.296875
1 0.19218750000000004 0.3609375 0.06406250000000005 0.3609375 0.06406250000000005 0.5015625 0.19218750000000004 0.5015625
1 0.19531250000000003 0.10156250000000003 0.125 0.1015625 0.12500000000000003 0.228125 0.19531250000000006 0.228125
1 0.2453125 0.15625000000000006 0.1875 0.15625000000000006 0.18750000000000003 0.2609375 0.2453125 0.2609375
1 0.25625 0.05625000000000002 0.1640625 0.05625000000000002 0.1640625 0.16718750000000002 0.25625 0.16718750000000004
1 0.24375 2.5545366825964325e-17 0.1734375 2.1239967922711906e-17 0.1734375 0.07187500000000002 0.24375 0.07187500000000002
1 0.3953125 4.2958313501340745e-17 0.30625 3.750480822388769e-17 0.30625 0.08281250000000004 0.3953125 0.08281250000000004
1 0.4890625 5.635288786701493e-17 0.43125 5.281289321322961e-17 0.43125 0.03281250000000006 0.4890625 0.03281250000000006
1 0.4625 0.03593750000000005 0.38125 0.035937500000000046 0.38125 0.2062500000000001 0.4625 0.2062500000000001
1 0.5453125 0.13593750000000007 0.44375 0.13593750000000004 0.44375 0.2812500000000001 0.5453125 0.2812500000000001
1 0.621875 0.06406250000000006 0.540625 0.06406250000000006 0.540625 0.16250000000000006 0.621875 0.1625000000000001
1 0.771875 0.11250000000000009 0.6953125 0.11250000000000009 0.6953125 0.2234375000000001 0.771875 0.2234375000000001
1 0.8578125 0.4031250000000002 0.7953125 0.4031250000000002 0.7953125 0.5515625000000002 0.8578125 0.5515625000000002
1 0.840625 0.7281250000000001 0.7812500000000002 0.7281250000000001 0.7812500000000002 0.8328125 0.840625 0.8328125
1 0.6296875000000002 0.7484375 0.5031250000000002 0.7484375 0.5031250000000002 0.915625 0.6296875000000002 0.915625
1 0.5109375000000002 0.759375 0.4203125000000002 0.759375 0.4203125000000002 0.8921875 0.5109375000000002 0.8921875
1 0.3625000000000001 0.4453125 0.24218750000000008 0.4453125 0.24218750000000008 0.590625 0.3625000000000001 0.590625
1 0.2734375000000001 0.4625 0.20312500000000008 0.4625 0.20312500000000008 0.5625 0.2734375000000001 0.5625
1 0.2718750000000001 0.5359375 0.16093750000000004 0.5359375 0.16093750000000007 0.7 0.2718750000000001 0.7
1 0.1250000000000001 0.7546875 0.006250000000000091 0.7546875 0.006250000000000104 0.959375 0.12500000000000014 0.959375
1 0.2750000000000001 0.896875 0.10000000000000009 0.896875 0.10000000000000012 0.9984375 0.2750000000000001 0.9984375
1 0.22031250000000008 0.759375 0.14843750000000008 0.759375 0.1484375000000001 0.909375 0.22031250000000008 0.909375
1 0.29375000000000007 0.759375 0.2156250000000001 0.759375 0.2156250000000001 0.9125 0.29375000000000007 0.9125
1 0.3578125000000001 0.834375 0.2640625000000001 0.834375 0.2640625000000001 0.9953125 0.3578125000000001 0.9953125
1 0.3812500000000001 0.7671875 0.3062500000000001 0.7671875 0.3062500000000001 0.9171875 0.3812500000000001 0.9171875
1 0.39531250000000007 0.65625 0.3000000000000001 0.65625 0.3000000000000001 0.7859375 0.39531250000000007 0.7859375
1 0.54375 0.465625 0.4625 0.465625 0.4625 0.6234375 0.54375 0.6234375
1 0.571875 0.3765625000000001 0.5265625 0.3765625000000001 0.5265625 0.4578125 0.571875 0.4578125
1 0.6171875 0.3703125000000001 0.575 0.3703125000000001 0.575 0.46875 0.6171875 0.46875
1 0.703125 0.459375 0.61875 0.459375 0.61875 0.5921875 0.703125 0.5921875
1 0.5875 0.5875 0.5140625 0.5875 0.5140625 0.696875 0.5875 0.696875
1 0.6671875 0.3703125000000001 0.6125 0.3703125000000001 0.6125 0.45625 0.6671875 0.45625
1 0.6703125000000002 0.8375 0.6015625000000002 0.8375 0.6015625000000002 0.9625 0.6703125000000002 0.9625
1 0.7984375 0.5343750000000002 0.7375 0.5343750000000002 0.7375 0.6296875000000002 0.7984375 0.6296875000000002
1 0.5078125 0.37187500000000007 0.409375 0.37187500000000007 0.409375 0.4984375 0.5078125 0.4984375
1 0.5109375 0.2390625000000001 0.421875 0.2390625000000001 0.421875 0.35625000000000007 0.5109375 0.35625000000000007
1 0.428125 0.5640625 0.3421875000000001 0.5640625 0.3421875000000001 0.690625 0.428125 0.690625
1 0.24375000000000008 0.396875 0.18750000000000006 0.396875 0.18750000000000006 0.4859375 0.24375000000000008 0.4859375
1 0.2156250000000001 0.6109375 0.1437500000000001 0.6109375 0.1437500000000001 0.746875 0.2156250000000001 0.746875
1 0.4234375 0.23437500000000008 0.3671875 0.23437500000000008 0.3671875 0.3375000000000001 0.4234375 0.3375000000000001
1 0.4500000000000002 0.8984375 0.34843750000000007 0.8984375 0.34843750000000007 0.9953125 0.4500000000000002 0.9953125
1 0.3500000000000001 0.390625 0.3109375000000001 0.390625 0.3109375000000001 0.4671875 0.3500000000000001 0.4671875
1 0.4734375 0.4890625 0.3750000000000001 0.4890625 0.3750000000000001 0.5984375 0.4734375 0.5984375
1 0.4765625000000001 0.59375 0.421875 0.59375 0.4218750000000001 0.7265625 0.47656250000000017 0.7265625
1 0.3953125 0.07656250000000005 0.3171875 0.07656250000000005 0.3171875 0.25468750000000007 0.3953125 0.25468750000000007
1 0.7109375 0.584375 0.65625 0.584375 0.65625 0.6671875 0.7109375 0.6671875
1 0.8265625 0.1390625000000001 0.7671875 0.1390625000000001 0.7671875 0.23437500000000008 0.8265625 0.23437500000000008
1 0.29531250000000003 0.2875 0.2171875 0.2875 0.21718750000000003 0.3765625 0.2953125000000001 0.3765625
1 0.3765625000000001 0.38281250000000006 0.3390625000000001 0.3828125 0.3390625000000001 0.4796875 0.3765625000000001 0.4796875
1 0.559375 0.08593750000000007 0.4953125 0.08593750000000007 0.4953125 0.2156250000000001 0.559375 0.2156250000000001
1 0.7062500000000002 0.759375 0.6421875000000001 0.759375 0.6421875000000001 0.85 0.7062500000000002 0.85
1 0.659375 0.59375 0.6046875 0.59375 0.6046875 0.6875 0.659375 0.6875
1 0.2156250000000001 0.4875 0.17031250000000003 0.4875 0.17031250000000006 0.5703125 0.2156250000000001 0.5703125
1 0.7265625 0.06562500000000009 0.6578125 0.06562500000000009 0.6578125 0.1703125000000001 0.7265625 0.1703125000000001
1 0.765625 0.4984375000000001 0.71875 0.4984375 0.71875 0.5718750000000001 0.765625 0.5718750000000001
1 0.7859375000000002 0.8328125 0.7203125000000001 0.8328125 0.7203125000000001 0.925 0.7859375000000002 0.925
1 0.946875 0.5500000000000002 0.8828125 0.5500000000000002 0.8828125 0.6203125000000002 0.946875 0.6203125000000002
1 0.6609375 0.2375000000000001 0.6171875 0.2375000000000001 0.6171875 0.3109375000000001 0.6609375 0.3109375000000001
1 0.5859375000000002 0.953125 0.4515625000000002 0.953125 0.4515625000000002 0.99375 0.5859375000000002 0.99375
1 0.746875 0.4375000000000001 0.6703125 0.4375 0.6703125 0.5234375000000001 0.746875 0.5234375000000002
1 0.7734375000000002 0.9109375 0.6984375000000002 0.9109375 0.6984375000000002 0.990625 0.7734375000000002 0.990625
1 0.8671875 0.83125 0.7921875000000002 0.83125 0.7921875000000002 0.9359375 0.8671875 0.9359375
1 0.5875000000000001 0.8796875 0.5343750000000002 0.8796875 0.5343750000000002 0.9875 0.5875000000000001 0.9875
1 0.4265625000000002 0.778125 0.37187500000000007 0.778125 0.37187500000000007 0.8671875 0.4265625000000002 0.8671875
1 0.76875 0.06093750000000009 0.728125 0.06093750000000009 0.728125 0.1375000000000001 0.76875 0.1375000000000001
1 0.3031250000000001 0.3890625 0.2140625000000001 0.3890625 0.2140625000000001 0.484375 0.3031250000000001 0.484375
1 0.7328125000000002 0.8453125 0.6890625000000001 0.8453125 0.6890625000000001 0.93125 0.7328125000000002 0.93125
1 0.6734375000000001 0.9515625 0.6031250000000001 0.9515625 0.6031250000000001 0.990625 0.6734375000000001 0.990625
1 0.5046875 0.057812500000000065 0.4546875 0.057812500000000065 0.4546875 0.15625000000000006 0.5046875 0.15625000000000006
1 0.4859375000000002 0.85 0.41718750000000016 0.85 0.41718750000000016 0.9578125 0.4859375000000002 0.9578125
1 0.7515625 0.3625000000000001 0.659375 0.3625000000000001 0.659375 0.4437500000000001 0.7515625 0.4437500000000002
1 0.3359375 3.530427100666979e-17 0.240625 2.9468063604483184e-17 0.240625 0.014062500000000033 0.3359375 0.014062500000000039
1 0.4234375 0.3453125000000001 0.3703125 0.3453125000000001 0.37031250000000004 0.4890625 0.4234375 0.4890625
1 0.325 0.07031250000000003 0.2515625 0.07031250000000003 0.2515625 0.15312500000000004 0.325 0.15312500000000004
1 0.3265625 0.13125000000000003 0.253125 0.13125000000000003 0.253125 0.19687500000000005 0.3265625 0.19687500000000005
1 0.8390625 0.2718750000000001 0.790625 0.2718750000000001 0.790625 0.3453125000000001 0.8390625 0.3453125000000001
1 0.8390625 1.0036363221137293e-16 0.8 9.797174393178826e-17 0.8 0.0421875000000001 0.8390625 0.0421875000000001
1 0.3265625000000001 0.5578125 0.24375000000000008 0.5578125 0.24375000000000008 0.690625 0.3265625000000001 0.690625
1 0.5406250000000001 0.853125 0.4812500000000002 0.853125 0.4812500000000002 0.9609375 0.5406250000000001 0.9609375
1 0.6640625 0.05156250000000008 0.6203125 0.05156250000000007 0.6203125 0.14062500000000008 0.6640625 0.14062500000000008
1 0.38125 0.15000000000000005 0.2421875 0.15000000000000005 0.2421875 0.35000000000000003 0.38125 0.3500000000000001