1 0.2171875 2.312161859449558e-17 0.1588546875 1.9549763988826192e-17 0.1588546875 0.11948593750000003 0.2171875 0.11948593750000006
1 0.24955667232840306 0.1535110405590431 0.24734425154842787 0.07534548357283244 0.18866663968640102 0.07700631185588003 0.1908790604663762 0.1551718688420907
1 0.3121558293269231 0.17474945913461543 0.2890730168269231 0.0593353966346154 0.24081941105769236 0.06898611778846156 0.26390222355769233 0.18440018028846158
1 0.2961091334672686 0.22196589408878636 0.2471382481993075 0.12978309966037638 0.2036500601591781 0.1528856219936368 0.2526209454271392 0.24506841642204677
1 0.2409447741088134 0.22630172311406796 0.204657505436234 0.13590371438190985 0.14004621863257893 0.16183976271315215 0.17633348730515835 0.25223777144531023
1 0.26778720789001026 0.07294302932392147 0.23607699802868617 0.006806939099035192 0.20239417101274576 0.022956812938965298 0.23410438087406985 0.08909290316385157
1 0.31486504032286644 0.06912320449867186 0.28687331735460087 -0.016198111810689565 0.2355941764446737 0.0006252515466786624 0.2635858994129393 0.08594656785604009
1 0.35996860442997775 0.16547289314526026 0.3377338150647249 0.06084709178706306 0.288087940576712 0.071397697352468 0.31032272994196486 0.1760234987106652
1 0.3232355159130967 0.17581236077881282 0.2741878691017671 0.17485348920301247 0.2722647787683029 0.27322229879392 0.3213124255796324 0.27418117036972034
1 0.40507497461424224 0.14248167346844579 0.32460279371474915 0.13450285502226983 0.3092583974400362 0.289262239653213 0.3897305783395293 0.29724105809938894
1 0.39644701171364793 0.07220444775372355 0.35652570910098713 0.0708993608724047 0.35395214221858745 0.14962219823812767 0.39387344483124825 0.15092728511944653
1 0.4558133457361935 0.06458287781065741 0.3960927340103828 0.06067803854520619 0.39013970500046247 0.15172366422292818 0.4498603167262731 0.15562850348837937
1 0.47588600224690475 0.2461449148609003 0.46172147969969435 0.14615755020014248 0.3953447039417501 0.155560691687314 0.4095092264889605 0.2555480563480718
1 0.43958281250000003 5.131394466617949e-17 0.3901046875 4.828428329572635e-17 0.3901046875 0.07720625000000006 0.43958281250000003 0.07720625000000006
1 0.4870171118309051 0.0051823973159249356 0.4424851089030589 0.0001351341483122992 0.43082706084830347 0.10299409213541925 0.47535906377614967 0.1080413553030319
1 0.5182202913878535 0.06031438030229075 0.46775853298967685 0.05296129718617796 0.44960869716552343 0.1775175705020678 0.5000704555637001 0.1848706536181806
1 0.5614578125 6.576094987487092e-17 0.5109375 6.266747292511846e-17 0.5109375 0.10661718750000004 0.5614578125 0.10661718750000007
1 0.5588032060161259 0.21631329538708394 0.5529122082455292 0.09681524465818422 0.5020609149731989 0.09932210442260721 0.5079519127437957 0.2188201551515069
1 0.6059808894230768 0.06513413461538475 0.5928138822115387 -0.000700901442307611 0.5614400841346154 0.005573858173076851 0.5746070913461535 0.07140889423076921
1 0.5860300079101282 0.07123241545924142 0.5629574005737165 0.06968409151316748 0.5579961612964172 0.14361482547705523 0.5810687686328289 0.1451631494231292
1 0.3958328125 4.503121955996002e-17 0.3395828125 4.158690043735808e-17 0.3395828125 0.05422812500000005 0.3958328125 0.05422812500000005
1 0.3806198538709332 0.07732708171889027 0.32928214715671933 -0.019409790865746523 0.28492221677168994 0.00413177126173594 0.33625992348590383 0.10086864384637273
1 0.6614884375 0.08756124999999995 0.6259003125 0.016384999999999962 0.5928621875 0.03290406250000002 0.6284503124999999 0.10408031250000001
1 0.6306191656132092 0.04537009010105157 0.5834310055896053 0.04447830955093695 0.580544736806339 0.19720390240939906 0.6277328968299429 0.19809568295951369
1 0.7013954255433361 0.057597807103411426 0.6498418228468342 0.04368797485315297 0.6146653824433842 0.1740613826850805 0.6662189851398861 0.18797121493533897
1 0.7531525680312601 0.03764185609021849 0.713994463544184 -0.012903460685836254 0.6546682819334126 0.03305729228810459 0.6938263864204888 0.08360260906415933
1 0.7335194702733512 0.07831543180795024 0.7012262951819116 0.07465573381481316 0.6947116079223281 0.13214133419337354 0.7270047830137678 0.13580103218651063
1 0.6730380224366437 0.011480604986143339 0.640398081180537 0.007626331268361308 0.6330190280398968 0.07011588926861298 0.6656589692960034 0.07397016298639501
1 0.7453496233534838 0.23768236538297507 0.6957845357836073 0.23085051320242708 0.6743656361233576 0.38624463023754096 0.7239307236932341 0.3930764824180889
1 0.6832762119146061 0.41154941017310076 0.6788653437112802 0.30449403209193476 0.6410425413766252 0.3060523974834625 0.645453409579951 0.41310777556462847
1 0.65 0.3253671875000001 0.6083328125 0.3253671875000001 0.6083328125 0.415440625 0.65 0.415440625
1 0.6162334380671497 0.31353216339115236 0.5739275309908771 0.30376741772965155 0.5503663548959785 0.4058465666427097 0.5926722619722511 0.4156113123042105
1 0.6386724185305603 0.4021713564510919 0.5816936840343575 0.3987761844752065 0.5777013638920582 0.46577642806451747 0.6346800983882609 0.4691716000404028
1 0.5675287818451412 0.3874163215553758 0.5257804708306282 0.3829802030754573 0.5172261114629829 0.46348527908436765 0.558974422477496 0.46792139756428613
1 0.546334926566579 0.3983618050375311 0.5015093838301042 0.2778259206191505 0.4511642517228668 0.29654854319528934 0.49598979445934155 0.41708442761367
1 0.49845513260155816 0.4293885303745889 0.45886860452909034 0.3136150720532749 0.41137773109545445 0.3298536713110508 0.4509642591679223 0.44562712963236484
1 0.4348761990306452 0.4331123019483266 0.4306588649310267 0.2880600357124146 0.38443759207054173 0.28940389992922916 0.3886549261701603 0.43445616616514116
1 0.3868539462275691 0.3091002606825995 0.34414314198054763 0.30825190411747816 0.34221773849967857 0.4051870072909569 0.3849285427467 0.4060353638560783
1 0.1771590698356408 0.3564630074907722 0.1715838895948351 0.25067260313147727 0.10843583036973833 0.2540005213313291 0.11401101061054406 0.3597909256906241
1 0.1704330235956557 0.485881680050687 0.14784485927771193 0.30318296000607836 0.060056956912167545 0.31403671729171423 0.08264512123011133 0.49673543733632286
1 0.20553246429677258 0.42450997603331564 0.19315850532562256 0.35899813798757296 0.1527593599379872 0.366628779752609 0.1651333189091372 0.4321406177983517
1 0.2713556565620068 0.43236484430730604 0.2505209955962714 0.32941048904008063 0.18687087058878518 0.34229123382757004 0.20770553155452057 0.4452455890947955
1 0.3065004142064625 0.3739791480664419 0.28122305630352995 0.31665371139371923 0.2411041543115755 0.3343439358941084 0.266381512214508 0.3916693725668311
1 0.33392242052945853 0.3766025097869281 0.27799688088610514 0.3607553557039675 0.24573232746451562 0.4746188640669213 0.301657867107869 0.49046601814988194
1 0.4511414568428746 0.4886565982522143 0.37144730810549675 0.38681396448064975 0.3125188632059503 0.43292679639366416 0.39221301194332814 0.5347694301652287
1 0.5712983010091219 0.5543435589792192 0.566938326899814 0.458221491097098 0.5037961797149145 0.4610855381676404 0.5081561538242224 0.5572076060497616
1 0.49323483534757157 0.44168602323906186 0.42774814452622 0.4352683275385698 0.41513394112939395 0.5639846887306809 0.48062063195074545 0.570402384431173
1 0.779540245985266 0.4627735403858385 0.7735505084799661 0.3966932104886581 0.7264993572980709 0.40095808091742624 0.7324890948033708 0.4670384108146067
1 0.7256244349531413 0.6353559887016572 0.6709508288546852 0.6317811484964486 0.665469784771031 0.7156082367118499 0.7201433908694872 0.7191830769170585
1 0.8354871789224013 0.6577689914706847 0.7841338273121315 0.6525716120077303 0.77362395818805 0.7564156758006181 0.82497730979832 0.7616130552635725
1 0.7915909648079801 0.7052086135064269 0.7758314223999891 0.633777259815815 0.7458908770542798 0.6403828926327121 0.7616504194622709 0.7118142463233239
1 0.7631735925009391 0.7336027629110182 0.7581605598397665 0.6480854387440784 0.7158306982387412 0.6505668187546902 0.7208437308999139 0.73608414292163
1 0.756250983057996 0.7649874190778989 0.7220933382372071 0.7020868347139053 0.6836816678100854 0.7229459763051858 0.7178393126308743 0.7858465606691794
1 0.7683979533294798 0.8804887720565422 0.7494511517618281 0.7801780889568731 0.6740175264753142 0.7944260821483071 0.6929643280429659 0.8947367652479763
1 0.6853648085629367 0.8905370821977868 0.6560020578493845 0.8387139855663832 0.6248559758151664 0.856361225926783 0.6542187265287185 0.9081843225581865
1 0.6484375 0.6323531250000001 0.6104171875 0.6323531250000001 0.6104171875000001 0.7481625000000001 0.6484375000000001 0.7481625000000001
1 0.6912175822207093 0.7478113140269895 0.6729724397409683 0.6899119890479278 0.636377855060476 0.7014436159144585 0.654622997540217 0.7593429408935202
1 0.6584684408638342 0.7563354816357182 0.6057091240013119 0.7468240461793957 0.587653193287055 0.8469791252077659 0.6404125101495772 0.8564905606640882
1 0.6855897368224325 0.7548803446573761 0.6487191754042105 0.7538366607954015 0.64684493321457 0.8200486281195131 0.6837154946327921 0.8210923119814876
1 0.6320749169808575 0.7195288532832784 0.5992556059560323 0.5903193848382091 0.5397508751532809 0.6054336352965202 0.5725701861781061 0.7346431037415894
1 0.626714649764681 0.7329082479535023 0.5696368741382312 0.7089247102331312 0.5362646938505014 0.7883462635017537 0.5933424694769511 0.8123298012221248
1 0.5953125000000001 0.7931984375 0.5343750000000002 0.7931984375 0.5343750000000002 0.8869484375000001 0.5953125000000001 0.8869484375000001
1 0.5808810461849687 0.7382099828639721 0.5397746565663455 0.6261118382808712 0.4786877367159034 0.6485124117900284 0.5197941263345265 0.7606105563731292
1 0.560309489445314 0.7531888172903857 0.4932531166245108 0.7310982557281894 0.4567356603505367 0.841947776483041 0.5237920331713399 0.8640383380452372
1 0.5036432896983232 0.7500911582963148 0.48476553151966845 0.6376740021683064 0.42593106482388876 0.6475538361109864 0.44480882300254354 0.7599709922389948
1 0.4738067537218688 0.7574411909497193 0.414375831873026 0.7558391107282616 0.4121160019969393 0.839669976972394 0.4715469238457821 0.8412720571938517
1 0.4118296077097261 0.6490339150895499 0.3557928139887278 0.6403124659873933 0.3338942021299228 0.7810147714339319 0.38993099585092106 0.7897362205360885
1 0.34770496654766136 0.6477621673014289 0.2839115972344744 0.6440526361273827 0.27297340718250035 0.832158346758814 0.3367667764956873 0.8358678779328603
1 0.29451626771068035 0.6604375204045836 0.218550550547649 0.6450177056957574 0.19934138789225442 0.7396516455175589 0.2753071050552857 0.7550714602263849
1 0.2765625000000001 0.5477937500000001 0.1885421875000001 0.5477937500000001 0.1885421875000001 0.6387875000000001 0.2765625000000001 0.6387875000000001
1 0.24275844222925985 0.5400045790275628 0.21093904316934062 0.44302352814313767 0.13951533181134565 0.4664575861711221 0.17133473087126488 0.5634386370555473
1 0.19370859085782616 0.5763439894174028 0.14184064318796283 0.48907238610348036 0.07298378278695057 0.5299959385119765 0.12485173045681389 0.6172675418258989
1 0.29951081075717206 0.49661148354059614 0.2428268550905436 0.44085585902219887 0.2029404439860471 0.48140637887158516 0.2596243996526756 0.5371620033899823
1 0.4031126337110722 0.5551059896380246 0.326321076922124 0.44795996370116387 0.2679969636868098 0.4897608556569136 0.34478852047575803 0.5969068815937744
1 0.16455506047696877 0.8177077717689825 0.1059727348668372 0.7449582870821339 0.0331533360444789 0.8035969118216519 0.09173566165461047 0.8763463965085005
1 0.2360179050691352 0.6827657508939255 0.167421040135942 0.6438924000127964 0.09554016558326835 0.7707351478388705 0.16413703051646156 0.8096084987199996
1 0.2452829784216572 0.7873092652706026 0.1988360982134731 0.7528232939524211 0.13712437515966652 0.8359387434688339 0.18357125536785063 0.8704247147870156
1 0.1504057976983733 0.8706948439892216 0.09308754047788197 0.8555897440630782 0.06312960213268574 0.9692690195568883 0.12044785935317708 0.9843741194830317
1 0.2346031540070535 0.8400548792143802 0.1841637068019535 0.8350842863887469 0.16919236228569381 0.9870070786607184 0.2196318094907938 0.9919776714863516
1 0.35329703623780057 0.853001972600269 0.23169015307106608 0.8337710272113649 0.20831949534447042 0.9815553813454925 0.3299263785112049 1.0007863267343966
1 0.4385822014309704 0.8230877732009991 0.38681602412525756 0.7603253252119784 0.29111281317760684 0.8392608917072298 0.34287899048331966 0.9020233396962507
1 0.4603177768078526 0.861887022321695 0.40223094356388406 0.8249827922373212 0.3276459105647581 0.9423787754189504 0.38573274380872663 0.9792830055033243
1 0.3008371429454768 0.8364090115422804 0.27455033549378804 0.7494308944610395 0.23054831419285252 0.7627293274489877 0.2568351216445413 0.8497074445302287