1 0.6163407980840591 0.5284944780423559 0.5404722999300422 0.5130477178895532 0.5100677507545118 0.6623830775493522 0.5859362489085287 0.6778298377021549
1 0.6672213318760303 0.5863313954292132 0.6091005107227089 0.5713594752735964 0.5760898680910858 0.6995064087735726 0.6342106892444072 0.7144783289291894
1 0.5486072609171091 0.7538787657352789 0.5418166772967766 0.639298317948447 0.48166045132449 0.6428634627060272 0.4884510349448224 0.7574439104928592
1 0.5835413248980232 0.767058503782088 0.4961826180540685 0.7493174154825544 0.47560453412028875 0.8506457427773697 0.5629632409642435 0.8683868310769034
1 0.7124158357383313 0.8340804066123004 0.6636668739494106 0.7100668269697873 0.5997962237001971 0.7351739797300567 0.648545185489118 0.85918755937257
1 0.759316698946942 0.7751839387713692 0.7513993905392583 0.6415879380355707 0.6912434746550022 0.6451529619582869 0.6991607830626859 0.7787489626940853
1 0.39897350308298457 0.7305615484581895 0.39719728049899733 0.5834517648355606 0.3413143428637314 0.5841265026636165 0.34309056544771865 0.7312362862862455
1 0.337807737531841 0.8014096555157366 0.2775843861219627 0.7637424411249475 0.23056933439575059 0.8389113652796801 0.2907926858056289 0.8765785796704693
1 0.20718461105802213 0.6203502544276154 0.19129344065664416 0.5015441405627815 0.13133820516263855 0.5095635836090706 0.1472293755640165 0.6283696974739045
1 0.8220151508192668 0.5683502204495466 0.7545294134303269 0.4909736505438403 0.6686847387346272 0.5658450383530034 0.736170476123567 0.6432216082587098
1 0.7510806177862972 0.35170235325758287 0.6527521097023412 0.24064482614175847 0.5945973292206779 0.29213411238120623 0.692925837304634 0.40319163949703063
1 0.6074320858174063 0.3639425594545763 0.5443158382784798 0.3293248988111555 0.483689273396144 0.439861578801273 0.5468055209350704 0.4744792394446938
1 0.5600252625376192 0.32956290178544306 0.47395901770235066 0.2354511589667169 0.4149711150607652 0.28939625783550005 0.5010373598960338 0.38350800065422613
1 0.44888712850492096 0.3145504903239986 0.4176698134556592 0.20079852832185857 0.3758302404352336 0.2122806962732179 0.4070475554844954 0.326032658275358
1 0.34953969325690415 0.20262404248323498 0.307691864969194 0.19569857468241797 0.2903826184055231 0.3002914193564896 0.33223044669323326 0.3072168871573066
1 0.861914300223534 0.36815880896647957 0.8079735192305364 0.3152862558480355 0.7387993287164323 0.38585802968559496 0.79274010970943 0.43873058280403904
1 0.7766662652155653 0.39063195948869317 0.7491907062977712 0.2660668179444272 0.7010046983803486 0.27669529299880635 0.7284802572981427 0.40126043454307225
1 0.8413381514675022 0.32331047164176246 0.8273942065517819 0.2250547004218162 0.7400889154300965 0.23744461050177054 0.7540328603458168 0.3357003817217169
1 0.7704942073073491 0.1747239794061889 0.7035538397552473 0.17454345591371712 0.703304437127547 0.26702506779774826 0.7702448046796487 0.26720559129022003
1 0.8390312255658513 0.16736677643350775 0.7782144417338142 0.15995728004264417 0.7683823637763847 0.24065849483695115 0.8291991476084218 0.2480679912278147
1 0.7250752356369456 0.20296627489115532 0.6589806287872572 0.17104283585312188 0.6237461017569986 0.243992752333772 0.6898407086066871 0.27591619137180545
1 0.6530401783318789 0.22588348867138955 0.6002006773120657 0.1493894622249436 0.5405322790408547 0.19060638513734401 0.5933717800606679 0.26710041158378994
1 0.5543452839270671 0.17166330987855222 0.5035322234814368 0.16996060002657565 0.4991219759050396 0.3015732622893358 0.5499350363506699 0.3032759721413124
1 0.5958790406894707 0.242557761321198 0.5571392630758417 0.2322535840828889 0.5309904193803059 0.3305632662817207 0.569730196993935 0.34086744352002984
1 0.6361638058498199 0.38604525682378626 0.6266303508368528 0.2701580634194043 0.5764570840785409 0.27428556506512003 0.585990539091508 0.39017275846950195
1 0.5102018407187773 0.16277092473023694 0.4641457480708226 0.15743448075968874 0.4528345323520454 0.25505574352945193 0.49889062500000003 0.26039218750000004
1 0.46272797725215975 0.27013648029601695 0.4568250416011258 0.1706349718625007 0.42072950296300504 0.17277634283490767 0.426632438614039 0.2722778512684239
1 0.4627758793524704 0.0680991550056002 0.37264275425042864 0.0019029135561709153 0.32670588557729346 0.06445077790999298 0.41683901067933515 0.13064701935942227
1 0.4143110996863479 0.18130886445451772 0.33557462375020886 0.14613472730080232 0.30638230349649637 0.21148104727254086 0.38511877943263534 0.24665518442625625
1 0.32419230409129457 0.1402016808578293 0.300129627437818 0.06616267577020916 0.2694554117792539 0.07613179585924251 0.2935180884327305 0.15017080094686266
1 0.2533218750000001 0.2531843750000001 0.25062646163928737 0.17461482580364218 0.21165299016387346 0.1759518528936876 0.21434840352458617 0.2545214020900455
1 0.2770420012607284 0.30590780556046054 0.23624451714621167 0.21546254295328798 0.18403374252820479 0.23901345304723282 0.22483122664272157 0.3294587156544054
1 0.22371231286197876 0.476039502681473 0.1820683342981061 0.3892355355054085 0.12477575115971859 0.4167215039663269 0.1664197297235913 0.5035254711423913
1 0.3729780933710459 0.5744973384228068 0.32098949029036294 0.4486436461508331 0.26156675920117295 0.47319044112201264 0.31355536228185593 0.5990441333939863
1 0.4020304631152786 0.5105805033257264 0.35442583280814566 0.5092841016994207 0.3513149637253806 0.6235170443415403 0.39891959403251365 0.6248134459678459
1 0.47269735360460247 0.5446786465789812 0.40425099570273015 0.5438849819640859 0.4033223799521677 0.6239696484887461 0.47176873785403994 0.6247633131036415
1 0.48091786596442027 0.517487136994963 0.4514617998336135 0.5131252947173793 0.4444572154814713 0.5604281284204401 0.47391328161227814 0.5647899706980237
1 0.5265524203645124 0.6436807230627933 0.520780733632172 0.5124121539786609 0.47070481644843787 0.5146139187181996 0.47647650318077817 0.645882487802332
1 0.6613665825930767 0.5666120158471483 0.632923493583261 0.5126698751385719 0.5944066885584924 0.5329793567294465 0.622849777568308 0.5869214974380229
1 0.6987978126044192 0.5866558373267583 0.6854857792346637 0.5179160836671785 0.6489356931473681 0.5249943162728856 0.6622477265171238 0.5937340699324654
1 0.8431432512152817 0.5397365096446679 0.7897607715418454 0.5283595837529454 0.7658825855989514 0.6404001110330341 0.8192650652723877 0.6517770369247564
1 0.8884253663590773 0.6017599693751343 0.8801390883520271 0.5243968590272576 0.8237098910988567 0.5304409285334066 0.8319961691059069 0.6078040388812833
1 0.8835136667985866 0.756535627439664 0.8668633447020516 0.6341194015440286 0.7489838005556894 0.6501526713517658 0.7656341226522243 0.7725688972474013
1 0.8646171662917869 0.7690071162390938 0.7675877689656752 0.7537454650163847 0.7543128290504251 0.8381438961376816 0.8513422263765369 0.8534055473603906
1 0.7893560250376715 0.8572331707347806 0.763450981100061 0.7324218196976732 0.6845090384058403 0.7488065032783047 0.7104140823434509 0.873617854315412
1 0.6938143487257957 0.7216455514898252 0.6928688230209639 0.6335717400962271 0.6433650779650465 0.6341031927800065 0.6443106036698785 0.7221770041736046
1 0.65374463276422 0.8570102470107331 0.582555558446917 0.7048569019305531 0.5261867790868472 0.7312305660844698 0.5973758534041502 0.8833839111646498
1 0.47377228197540777 0.6349218587045156 0.4052135896451425 0.6272496474850245 0.39397000839635277 0.7277220152905164 0.46252870072661806 0.7353942265100073
1 0.34643134210208315 0.5884208886805669 0.3016562020637644 0.5860824332314258 0.2969305756208659 0.6765654851224874 0.3417057156591846 0.6789039405716284
1 0.31357232211992125 0.5934929779015267 0.29996864998673034 0.5487014208880339 0.2742680059718008 0.5565069797500676 0.2878716781049916 0.6012985367635604
1 0.27838513866760384 0.6652386673718483 0.2523828125000001 0.6359609374999999 0.23398622063723956 0.652299437243033 0.25998854680484335 0.6815771671148814
1 0.25741303888789185 0.7766908825447909 0.22879180189182335 0.7152663099961505 0.19053753754844513 0.7330911693391289 0.21915877454451368 0.7945157418877693
1 0.3275001429078126 0.7472451071939139 0.30114334423928246 0.6615372186965252 0.2554544787208573 0.6755874100030042 0.2818112773893874 0.7612952985003928
1 0.34963270184829276 0.700412090750205 0.31915539729921466 0.6649847583558498 0.2912958992601438 0.6889516322053889 0.3217732038092219 0.7243789645997442
1 0.38532541584498947 0.7417800700793158 0.3454359375 0.7003468750000001 0.3041256262292995 0.7401180479376147 0.34401510457428897 0.7815512430169302
1 0.4148420893005774 0.8139359667269017 0.3728024689558036 0.7581815865749568 0.30626774626215997 0.8083497433038593 0.34830736660693373 0.8641041234558042
1 0.4501407910392715 0.7849497824965248 0.40794015637082925 0.7105399254470005 0.3620096117191446 0.7365888685820245 0.4042102463875869 0.8109987256315486
1 0.47590563922910645 0.8704574748514314 0.45891613440830586 0.7632864121433268 0.4177729413771448 0.76980871824614 0.4347624461979455 0.8769797809542446
1 0.5131785477085345 0.7079749352561368 0.4639802442662905 0.6958735978949557 0.4364377609153481 0.8078482840812423 0.4856360643575922 0.8199496214424233
1 0.9502861567023704 0.9707293455592445 0.9244324813856941 0.8764998202570566 0.8572259962776432 0.8949392068462008 0.8830796715943194 0.9891687321483887
1 0.867544645449556 0.9677085892722121 0.8301082437282445 0.8686903004926367 0.7702712153796245 0.8913132225677203 0.8077076171009361 0.9903315113472957
1 0.8146284526517619 0.9988302890787464 0.7549560335004227 0.8651391909284714 0.6950098977652316 0.891895878453564 0.7546823169165708 1.025586976603839
1 0.7156145694076272 0.9356520911038804 0.6894008355689687 0.8658212736471569 0.6478126803187797 0.8814330174627708 0.6740264141574382 0.9512638349194942
1 0.6764101873815538 0.9979725223458388 0.6597740905185367 0.8614242532928233 0.6061292540038875 0.8679599692169259 0.6227653508669045 1.0045082382699413
1 0.6194733341742665 0.9715413455033024 0.6055608544052786 0.8642209981709081 0.5596928755975308 0.8701670963998926 0.5736053553665187 0.977487443732287
1 0.572160253364866 0.9698547429970679 0.5614000609242684 0.8767675649409583 0.5314300293047436 0.8802318799455715 0.5421902217453413 0.9733190580016812
1 0.5535264827555617 0.9774512191614273 0.5131145263686803 0.8555238718910095 0.45670503846189703 0.8742203974542153 0.4971169948487786 0.9961477447246331
1 0.5017218750000001 0.9425984375 0.45453437500000016 0.9425984375 0.45453437500000016 1 0.5017218750000001 1
1 0.47971739956096277 0.9026288853314364 0.42760675589646163 0.8884825758374975 0.39785967845421427 0.9980616397847004 0.4499703221187154 1.0122079492786393
1 0.41547269564278577 0.9424870277100904 0.3930617391838302 0.8566686051731919 0.3313328925857514 0.8727887161292781 0.353743849044707 0.9586071386661766
1 0.3465965665485164 0.8568259786691387 0.31333755076007086 0.8526706743733043 0.3057737532973448 0.913211236826361 0.33903276908579033 0.9173665411221952
1 0.2831710631154635 0.8277950217949288 0.22704655472066362 0.8260542692199364 0.22339141668573373 0.943901474085615 0.2795159250805335 0.9456422266606074
1 0.3259234375000001 0.9644859374999999 0.2953765625000001 0.9644859374999999 0.2953765625000001 1 0.3259234375000001 1
1 0.40309687500000024 0.9307421874999999 0.3222406250000001 0.9307421874999999 0.3222406250000001 1 0.40309687500000024 1
1 0.5187932647771406 0.3927605252770441 0.4402312499999999 0.30691093750000004 0.40686896150903296 0.33744117846322375 0.4854309762861736 0.42329076624026774
1 0.4416294177786472 0.410255259254167 0.43646681573023327 0.323111931974792 0.3893890539775502 0.32590094355889143 0.3945516560259641 0.4130442708382664
1 0.4051630932275798 0.4302987650049868 0.385569633388011 0.35064112461790964 0.3312471063556987 0.36400288435143263 0.35084056619526754 0.44366052473850975
1 0.4349856732368753 0.47502501240064826 0.41882158030190386 0.39763381690922167 0.38144999543860325 0.4054393271745914 0.3976140883735747 0.482830522666018
1 0.3732612782107727 0.35289054453562674 0.35131052151889686 0.27866545229475076 0.3161126722478259 0.2890745929519194 0.3380634289397018 0.36329968519279543
1 0.409728193078566 0.33295470731837146 0.3790548503001723 0.2283382890747232 0.33574828823685443 0.241035693985186 0.3664216310152481 0.34565211222883424