1 0.375 0.059375000000000046 0.275 0.059375000000000046 0.275 0.20312500000000006 0.375 0.20312500000000008
1 0.4125 0.4390625 0.3187500000000001 0.4390625 0.3187500000000001 0.590625 0.4125 0.590625
1 0.4468750000000001 0.6875 0.3781250000000001 0.6875 0.3781250000000001 0.828125 0.4468750000000002 0.828125
1 0.38750000000000007 0.69375 0.3203125000000001 0.69375 0.3203125000000001 0.815625 0.38750000000000007 0.815625
1 0.2656250000000001 0.840625 0.1625000000000001 0.840625 0.16250000000000012 0.9890625 0.2656250000000001 0.9890625
1 0.5437500000000002 0.8015625 0.47656250000000017 0.8015625 0.47656250000000017 0.9265625 0.5437500000000002 0.9265625
1 0.33593750000000006 0.3109375 0.2328125 0.3109375 0.23281250000000003 0.46875 0.3359375000000001 0.46875
1 0.7671875 0.3390625000000001 0.703125 0.3390625000000001 0.703125 0.4515625000000001 0.7671875 0.4515625000000002
1 0.63125 0.2984375000000001 0.59375 0.2984375000000001 0.59375 0.3750000000000001 0.63125 0.3750000000000001
1 0.3140625000000001 0.7359375 0.2296875000000001 0.7359375 0.2296875000000001 0.86875 0.3140625000000001 0.86875
1 0.37968750000000007 0.384375 0.2890625000000001 0.384375 0.2890625000000001 0.5046875 0.37968750000000007 0.5046875
1 0.4000000000000002 0.80625 0.3062500000000001 0.80625 0.3062500000000001 0.9625 0.4000000000000002 0.9625
1 0.5968750000000002 0.8 0.5359375000000002 0.8 0.5359375000000002 0.909375 0.5968750000000002 0.909375
1 0.4125 0.30156250000000007 0.3578125 0.3015625 0.35781250000000003 0.403125 0.4125 0.403125
1 0.459375 5.2717217682046225e-17 0.4015625 4.91772230282609e-17 0.4015625 0.10312500000000005 0.459375 0.10312500000000005
1 0.5562500000000001 0.678125 0.4890625 0.678125 0.48906250000000007 0.8421875 0.5562500000000001 0.8421875
1 0.4203125 0.03593750000000005 0.34375 0.035937500000000046 0.34375 0.15312500000000004 0.4203125 0.15312500000000004
1 0.5015625000000001 0.6796875 0.4359375 0.6796875 0.4359375000000001 0.8296875 0.5015625000000001 0.8296875
1 0.2578125 0.007812500000000024 0.16875 0.007812500000000019 0.16875 0.13437500000000002 0.2578125 0.13437500000000005
1 0.11875000000000005 0.35625 0.035937500000000046 0.35625 0.03593750000000005 0.5234375 0.11875000000000005 0.5234375
1 0.5828125 0.2921875000000001 0.5171875 0.2921875000000001 0.5171875 0.4484375 0.5828125 0.4484375
1 0.5140625 5.893612720896637e-17 0.4484375 5.4917754899264124e-17 0.4484375 0.11562500000000005 0.5140625 0.11562500000000005
1 0.859375 0.6421875000000001 0.78125 0.6421875000000001 0.7812500000000001 0.7328125000000002 0.859375 0.7328125000000002
1 0.26250000000000007 0.70625 0.1765625000000001 0.70625 0.1765625000000001 0.8359375 0.26250000000000007 0.8359375
1 0.71875 0.39531250000000007 0.659375 0.39531250000000007 0.659375 0.4859375 0.71875 0.4859375
1 0.6703125 0.3656250000000001 0.5875 0.3656250000000001 0.5875 0.459375 0.6703125 0.459375
1 0.4765625 0.4421875 0.3890625000000001 0.4421875 0.3890625000000001 0.6125 0.4765625 0.6125
1 0.7875 0.4859375000000002 0.7359375 0.4859375000000002 0.7359375 0.5562500000000001 0.7875 0.5562500000000001
1 0.75625 0.1781250000000001 0.7015625 0.1781250000000001 0.7015625 0.2500000000000001 0.75625 0.2500000000000001
1 0.8078125 0.3765625000000001 0.74375 0.3765625000000001 0.74375 0.4859375000000002 0.8078125 0.4859375000000002
1 0.1593750000000001 0.5890625 0.08906250000000007 0.5890625 0.08906250000000007 0.70625 0.1593750000000001 0.70625
1 0.703125 0.2828125000000001 0.6265625 0.2828125000000001 0.6265625 0.3921875000000001 0.703125 0.3921875000000001
1 0.6546875000000001 0.6671875 0.575 0.6671875 0.5750000000000001 0.8359375 0.6546875000000002 0.8359375
1 0.3234375000000001 0.5296875 0.22031250000000008 0.5296875 0.22031250000000008 0.696875 0.3234375000000001 0.696875
1 0.0859375000000001 0.7515625 0.0031250000000000917 0.7515625 0.003125000000000102 0.915625 0.08593750000000011 0.915625
1 0.20312500000000008 0.496875 0.14218750000000005 0.496875 0.14218750000000008 0.61875 0.20312500000000008 0.61875
1 0.19218750000000012 0.834375 0.06875000000000012 0.834375 0.06875000000000012 0.971875 0.19218750000000012 0.971875
1 0.17656250000000007 0.384375 0.10156250000000004 0.384375 0.10156250000000007 0.553125 0.1765625000000001 0.553125
1 0.5265625 0.2921875000000001 0.4671875 0.2921875000000001 0.4671875 0.3812500000000001 0.5265625 0.3812500000000001
1 0.49218750000000017 0.8109375 0.39531250000000007 0.8109375 0.39531250000000007 0.959375 0.49218750000000017 0.959375
1 0.74375 0.4781250000000001 0.6625 0.478125 0.6625 0.5859375000000001 0.74375 0.5859375000000002
1 0.753125 0.27031250000000007 0.6953125 0.27031250000000007 0.6953125 0.36406250000000007 0.753125 0.36406250000000007
1 0.15937500000000004 0.328125 0.10000000000000005 0.328125 0.10000000000000005 0.3953125 0.15937500000000004 0.3953125
1 0.80625 0.7046875000000001 0.715625 0.7046875 0.7156250000000001 0.81875 0.80625 0.81875
1 0.890625 0.30156250000000007 0.846875 0.30156250000000007 0.846875 0.3812500000000001 0.890625 0.3812500000000001
1 0.2640625 0.10937500000000003 0.1765625 0.109375 0.1765625 0.2296875 0.2640625 0.2296875
1 0.18281250000000002 0.07031250000000003 0.1171875 0.07031250000000003 0.11718750000000003 0.2015625 0.18281250000000004 0.2015625
1 0.2843750000000001 0.465625 0.16718750000000004 0.465625 0.16718750000000007 0.615625 0.2843750000000001 0.615625
1 0.30625 3.348643591418544e-17 0.240625 2.9468063604483184e-17 0.240625 0.05937500000000003 0.30625 0.059375000000000046
1 0.4640625 0.2812500000000001 0.40625 0.2812500000000001 0.40625 0.421875 0.4640625 0.421875
1 0.8890625 0.3843750000000001 0.8390625 0.3843750000000001 0.8390625 0.4656250000000002 0.8890625 0.4656250000000002
1 0.3421875000000001 0.828125 0.2531250000000001 0.828125 0.2531250000000001 0.984375 0.3421875000000001 0.984375
1 0.3515625 0.01562500000000004 0.296875 0.015625000000000038 0.296875 0.08593750000000004 0.3515625 0.08593750000000004
1 0.534375 0.3546875000000001 0.4296875 0.3546875000000001 0.4296875 0.4796875 0.534375 0.4796875
1 0.565625 6.553773886062008e-17 0.5046875 6.180639314446799e-17 0.5046875 0.12656250000000008 0.565625 0.12656250000000008
1 0.1859375000000001 0.7109375 0.04843750000000009 0.7109375 0.04843750000000009 0.84375 0.1859375000000001 0.84375
1 0.7703125 9.16571588736847e-17 0.7265625 8.897824400054988e-17 0.7265625 0.025000000000000088 0.7703125 0.025000000000000088
1 0.7281250000000001 0.6640625000000001 0.6421875 0.6640625 0.6421875000000001 0.8328125 0.7281250000000001 0.8328125
1 0.578125 0.49375 0.5046875 0.49375 0.5046875 0.6015625 0.578125 0.6015625
1 0.7265625 0.1453125000000001 0.66875 0.1453125000000001 0.66875 0.2234375000000001 0.7265625 0.2234375000000001
1 0.5421875 0.440625 0.4890625 0.440625 0.4890625 0.51875 0.5421875 0.51875
1 0.5984375 0.4125 0.5515625 0.4125 0.5515625 0.496875 0.5984375 0.496875
1 0.65 7.673177600907635e-17 0.603125 7.386151007357474e-17 0.603125 0.05781250000000008 0.65 0.057812500000000086
1 0.8375 0.0250000000000001 0.796875 0.0250000000000001 0.796875 0.0796875000000001 0.8375 0.0796875000000001
1 0.7171875 8.457716956611408e-17 0.6640625 8.132420150587893e-17 0.6640625 0.040625000000000085 0.7171875 0.04062500000000009
1 0.171875 1.6551866894725946e-17 0.0984375 1.2055116929106758e-17 0.0984375 0.026562500000000017 0.171875 0.026562500000000024
1 0.740625 0.020312500000000087 0.6859375 0.020312500000000084 0.6859375 0.10312500000000009 0.740625 0.10312500000000009
1 0.646875 0.1453125000000001 0.5765625 0.1453125000000001 0.5765625 0.22812500000000008 0.646875 0.22812500000000008
1 0.18906250000000005 0.2203125 0.12500000000000006 0.2203125 0.12500000000000006 0.3171875 0.18906250000000005 0.3171875
1 0.6171875 7.175664838754022e-17 0.5546875 6.792962714020475e-17 0.5546875 0.10937500000000008 0.6171875 0.10937500000000008
1 0.41875 4.707236134222638e-17 0.35 4.286263797015736e-17 0.35 0.050000000000000044 0.41875 0.050000000000000044
1 0.2671875 0.2703125 0.15156250000000004 0.2703125 0.15156250000000004 0.4328125 0.2671875000000001 0.4328125
1 0.68125 0.06718750000000008 0.6234375 0.06718750000000007 0.6234375 0.15000000000000008 0.68125 0.15000000000000008
1 0.425 0.3359375000000001 0.3765625 0.3359375000000001 0.3765625 0.4515625 0.425 0.4515625