1 0.8625 0.5328125000000001 0.74375 0.5328125000000001 0.74375 0.6218750000000002 0.8625 0.6218750000000002
1 0.846875 0.6015625000000001 0.7234375 0.6015625 0.7234375 0.6703125000000001 0.846875 0.6703125000000002
1 0.4265625 0.27656250000000004 0.2515625 0.2765625 0.2515625 0.38125000000000003 0.4265625 0.3812500000000001
1 0.7921875000000002 0.89375 0.6281250000000002 0.89375 0.6281250000000002 0.9734375 0.7921875000000002 0.9734375
1 0.8546875 0.4515625000000002 0.7390625 0.4515625000000002 0.7390625 0.5343750000000002 0.8546875 0.5343750000000002
1 0.4984375 0.3687500000000001 0.4015625 0.3687500000000001 0.4015625 0.4484375 0.4984375 0.4484375
1 0.3765625 0.15312500000000004 0.2546875 0.15312500000000004 0.2546875 0.22187500000000004 0.3765625 0.2218750000000001
1 0.11250000000000013 0.9140625 1.1194037148456274e-16 0.9140625 1.168198235749155e-16 0.99375 0.11250000000000013 0.99375
1 0.5015625000000001 0.65 0.3968750000000001 0.65 0.3968750000000001 0.734375 0.5015625000000001 0.734375
1 0.1062500000000001 0.59375 7.271340369937409e-17 0.59375 7.730582919617668e-17 0.66875 0.1062500000000001 0.66875
1 0.5125 0.33281250000000007 0.4234375 0.33281250000000007 0.4234375 0.3812500000000001 0.5125 0.3812500000000001
1 0.4125 0.20468750000000005 0.3171875 0.2046875 0.3171875 0.28125000000000006 0.4125 0.2812500000000001
1 0.7453125 0.6093750000000001 0.6421875 0.609375 0.6421875 0.6812500000000001 0.7453125 0.6812500000000001
1 0.43750000000000017 0.7921875 0.2671875000000001 0.7921875 0.2671875000000001 0.89375 0.43750000000000017 0.89375
1 0.11875000000000005 0.4640625 5.683126552293186e-17 0.4640625 6.075396230145071e-17 0.528125 0.11875000000000005 0.528125
1 0.4171875000000001 0.6890625 0.19687500000000008 0.6890625 0.19687500000000008 0.8078125 0.41718750000000016 0.8078125
1 0.3515625000000001 0.634375 0.18750000000000008 0.634375 0.18750000000000008 0.7359375 0.3515625000000001 0.7359375
1 0.4015625 0.37187500000000007 0.3078125000000001 0.371875 0.3078125000000001 0.4421875 0.4015625 0.4421875
1 0.4140625 0.51875 0.24218750000000008 0.51875 0.24218750000000008 0.596875 0.4140625 0.596875
1 0.11718750000000007 0.5171875 6.333720164340217e-17 0.5171875 6.859935585848846e-17 0.603125 0.11718750000000008 0.603125
1 0.7703125000000002 0.7625000000000001 0.6265625000000001 0.7625 0.6265625000000001 0.9046875 0.7703125000000002 0.9046875
1 0.759375 0.5625000000000001 0.6796875 0.5625 0.6796875 0.6140625000000001 0.759375 0.6140625000000002
1 0.9765625 0.3906250000000001 0.8765625 0.3906250000000001 0.8765625 0.4593750000000002 0.9765625 0.4593750000000002
1 0.796875 0.4078125000000001 0.6625 0.4078125 0.6625 0.4875000000000001 0.796875 0.48750000000000016
1 0.11250000000000009 0.734375 8.993499931238375e-17 0.734375 9.443174927800294e-17 0.8078125 0.11250000000000009 0.8078125
1 0.9734375 0.6484375000000002 0.8515625 0.6484375000000002 0.8515625 0.7734375000000002 0.9734375 0.7734375000000002
1 0.3421875000000001 0.465625 0.2453125000000001 0.465625 0.2453125000000001 0.53125 0.3421875000000001 0.53125
1 0.9828125 0.4593750000000002 0.915625 0.4593750000000002 0.915625 0.5156250000000002 0.9828125 0.5156250000000002
1 0.7984375 0.3062500000000001 0.7265625 0.3062500000000001 0.7265625 0.3609375000000001 0.7984375 0.3609375000000001
1 0.3140625 0.340625 0.2140625 0.340625 0.21406250000000004 0.4046875 0.3140625000000001 0.4046875
1 0.5140625 0.22656250000000008 0.378125 0.22656250000000008 0.378125 0.3218750000000001 0.5140625 0.3218750000000001
1 0.0875000000000001 0.85 1.0409497792752501e-16 0.85 1.1031388745444516e-16 0.9515625 0.0875000000000001 0.9515625
1 0.5359375 0.3000000000000001 0.4515625 0.3000000000000001 0.4515625 0.3437500000000001 0.5359375 0.3437500000000001
1 0.878125 0.3593750000000001 0.75 0.3593750000000001 0.75 0.4468750000000002 0.878125 0.4468750000000002
1 0.48750000000000016 0.7328125 0.35625000000000007 0.7328125 0.35625000000000007 0.8234375 0.48750000000000016 0.8234375
1 0.8953125 0.3140625000000001 0.790625 0.3140625000000001 0.790625 0.3687500000000001 0.8953125 0.3687500000000001
1 0.3921875000000001 0.4546875 0.31718750000000007 0.4546875 0.31718750000000007 0.50625 0.3921875000000001 0.50625
1 0.946875 0.5453125000000002 0.8625 0.5453125000000002 0.8625 0.6203125000000002 0.946875 0.6203125000000002
1 0.84375 0.6921875000000002 0.7609375 0.6921875000000002 0.7609375 0.7484375000000002 0.84375 0.7484375000000002
1 0.10000000000000009 0.65625 8.036744619404505e-17 0.65625 8.696905784569875e-17 0.7640625 0.10000000000000009 0.7640625
1 0.9375 0.821875 0.7453125000000002 0.821875 0.7453125000000002 0.9328125 0.9375 0.9328125
1 0.7796875000000001 0.6765625000000001 0.6453125 0.6765625 0.6453125000000001 0.7625000000000001 0.7796875000000002 0.7625000000000002
1 0.515625 0.48125 0.428125 0.48125 0.428125 0.5421875 0.515625 0.5421875
1 0.10468750000000004 0.415625 5.089938258956187e-17 0.415625 5.463072830571396e-17 0.4765625 0.10468750000000004 0.4765625
1 0.50625 0.5375 0.4015625 0.5375 0.4015625 0.63125 0.50625 0.63125
1 0.875 0.7390625000000002 0.7406250000000002 0.7390625000000002 0.7406250000000002 0.8125 0.875 0.8125
1 0.9796875 0.4937500000000002 0.8515625 0.4937500000000002 0.8515625 0.5625000000000002 0.9796875 0.5625000000000002
1 0.09218750000000002 0.1421875 1.741294667537643e-17 0.1421875 2.2005372172179003e-17 0.2171875 0.09218750000000002 0.2171875
1 0.9734375 0.6437500000000002 0.9515625 0.6437500000000002 0.9515625 0.7187500000000002 0.9734375 0.7187500000000002
1 0.4234375 0.5984375 0.3390625000000001 0.5984375 0.3390625000000001 0.6515625 0.4234375 0.6515625
1 0.5375 0.13750000000000004 0.478125 0.13750000000000004 0.478125 0.18437500000000004 0.5375 0.18437500000000004
1 0.04843750000000005 0.3640625 4.4584797531458325e-17 0.3640625 4.802911665406025e-17 0.4203125 0.04843750000000006 0.4203125
1 0.26093750000000004 0.334375 0.12500000000000006 0.334375 0.12500000000000006 0.440625 0.2609375000000001 0.440625
1 0.0640625000000001 0.7703125 0.0015625000000000944 0.7703125 0.0015625000000000996 0.853125 0.0640625000000001 0.853125
1 0.06718750000000002 0.1921875 2.3536180671113197e-17 0.1921875 2.7363201918448673e-17 0.2546875 0.06718750000000002 0.2546875
1 0.003125000000000078 0.5875 7.1947999449907e-17 0.5875 7.787988238327699e-17 0.684375 0.0031250000000000834 0.684375
1 0.13750000000000004 0.25 0.020312500000000032 0.25 0.020312500000000035 0.309375 0.13750000000000004 0.309375
1 0.978125 0.5546875000000002 0.934375 0.5546875000000002 0.934375 0.6421875000000001 0.978125 0.6421875000000001
1 0.5078125 0.11093750000000005 0.440625 0.11093750000000005 0.440625 0.14218750000000005 0.5078125 0.14218750000000005
1 0.9828125 0.4359375000000002 0.9625 0.4359375000000002 0.9625 0.4937500000000002 0.9828125 0.4937500000000002
1 0.9671875 0.7843750000000002 0.9046875 0.7843750000000002 0.9046875 0.8828125 0.9671875 0.8828125
1 0.6640625 0.16406250000000008 0.5734375 0.16406250000000008 0.5734375 0.21250000000000008 0.6640625 0.21250000000000008