1 0.5078125 0.2000000000000001 0.4515625 0.2000000000000001 0.4515625 0.37187500000000007 0.5078125 0.37187500000000007
1 0.5234375 5.979720698961685e-17 0.453125 5.5491808086364444e-17 0.453125 0.15625000000000006 0.5234375 0.15625000000000006
1 0.79375 0.2875000000000001 0.7265625 0.2875000000000001 0.7265625 0.3843750000000001 0.79375 0.3843750000000001
1 0.18906250000000008 0.58125 0.09843750000000007 0.58125 0.09843750000000008 0.70625 0.18906250000000008 0.70625
1 0.7265625 0.3046875000000001 0.64375 0.3046875000000001 0.64375 0.4062500000000001 0.7265625 0.40625000000000017
1 0.5796875 0.5796875 0.525 0.5796875 0.525 0.7125 0.5796875 0.7125
1 0.6296875000000001 0.584375 0.5734375 0.584375 0.5734375 0.7328125 0.6296875000000002 0.7328125
1 0.6890625 0.403125 0.621875 0.403125 0.621875 0.546875 0.6890625 0.546875
1 0.3078125000000001 0.5859375 0.22031250000000008 0.5859375 0.22031250000000008 0.7421875 0.3078125000000001 0.7421875
1 0.6890625000000001 0.584375 0.6234375 0.584375 0.6234375000000001 0.7453125 0.6890625000000001 0.7453125
1 0.3531250000000001 0.3921875 0.2828125000000001 0.3921875 0.2828125000000001 0.56875 0.3531250000000001 0.56875
1 0.715625 0.10781250000000009 0.65625 0.10781250000000009 0.65625 0.1906250000000001 0.715625 0.1906250000000001
1 0.68125 0.20468750000000008 0.6234375 0.20468750000000008 0.6234375 0.3312500000000001 0.68125 0.3312500000000001
1 0.6375 0.3765625000000001 0.578125 0.3765625000000001 0.578125 0.490625 0.6375 0.490625
1 0.34843750000000007 0.7015625 0.2968750000000001 0.7015625 0.2968750000000001 0.7703125 0.34843750000000007 0.7703125
1 0.7437500000000001 0.690625 0.6734375 0.690625 0.6734375000000001 0.784375 0.7437500000000001 0.7843750000000002
1 0.50625 0.584375 0.4390625 0.584375 0.4390625 0.709375 0.50625 0.709375
1 0.634375 0.1140625000000001 0.571875 0.1140625000000001 0.571875 0.2093750000000001 0.634375 0.2093750000000001
1 0.4 0.22031250000000005 0.3046875 0.2203125 0.30468750000000006 0.37031250000000004 0.4 0.3703125000000001
1 0.740625 0.3921875000000001 0.6828125 0.3921875000000001 0.6828125 0.4906250000000001 0.740625 0.4906250000000002
1 0.8109375 0.5843750000000002 0.728125 0.5843750000000002 0.728125 0.6656250000000001 0.8109375 0.6656250000000001
1 0.5609375 0.09375000000000007 0.5046875 0.09375000000000007 0.5046875 0.21875000000000008 0.5609375 0.21875000000000008
1 0.3609375000000001 0.5875 0.3000000000000001 0.5875 0.3000000000000001 0.7015625 0.3609375000000001 0.7015625
1 0.590625 0.48125 0.5390625 0.48125 0.5390625 0.5625 0.590625 0.5625
1 0.2406250000000001 0.6 0.1781250000000001 0.6 0.1781250000000001 0.7375 0.2406250000000001 0.7375
1 0.6390625 0.2531250000000001 0.5875 0.2531250000000001 0.5875 0.3671875000000001 0.6390625 0.3671875000000001
1 0.8390625 0.0937500000000001 0.7890625 0.09375000000000008 0.7890625 0.18125000000000008 0.8390625 0.18125000000000008
1 0.4328125 0.0015625000000000482 0.3546875 0.0015625000000000437 0.3546875 0.14062500000000006 0.4328125 0.14062500000000006
1 0.578125 0.3781250000000001 0.4875 0.3781250000000001 0.4875 0.4875 0.578125 0.4875
1 0.5234375000000001 0.725 0.4265625 0.725 0.42656250000000007 0.8359375 0.5234375000000002 0.8359375
1 0.321875 0.16406250000000006 0.2265625 0.16406250000000006 0.2265625 0.3109375 0.321875 0.3109375
1 0.6015625 0.3312500000000001 0.546875 0.3312500000000001 0.546875 0.415625 0.6015625 0.415625
1 0.2203125 0.2265625 0.13750000000000004 0.2265625 0.13750000000000004 0.3328125 0.2203125 0.3328125
1 0.5359375000000001 0.6484375 0.4890625 0.6484375 0.48906250000000007 0.746875 0.5359375000000002 0.746875
1 0.7734375 0.01250000000000009 0.690625 0.012500000000000084 0.690625 0.1140625000000001 0.7734375 0.1140625000000001
1 0.796875 0.16562500000000008 0.76875 0.16562500000000008 0.76875 0.22812500000000008 0.796875 0.22812500000000008
1 0.4890625 0.43125 0.415625 0.43125 0.415625 0.5359375 0.4890625 0.5359375
1 0.6375000000000001 0.71875 0.5859375 0.71875 0.5859375000000001 0.8046875 0.6375000000000002 0.8046875
1 0.24218750000000008 0.7359375 0.17187500000000008 0.7359375 0.17187500000000008 0.8265625 0.24218750000000008 0.8265625
1 0.8171875 0.83125 0.7734375000000002 0.83125 0.7734375000000002 0.88125 0.8171875 0.88125
1 0.6578125000000001 0.79375 0.5937500000000002 0.79375 0.5937500000000002 0.8875 0.6578125000000001 0.8875
1 0.6906250000000002 0.73125 0.6406250000000002 0.73125 0.6406250000000002 0.828125 0.6906250000000002 0.828125
1 0.5578125000000002 0.928125 0.5187500000000002 0.928125 0.5187500000000002 0.9984375 0.5578125000000002 0.9984375
1 0.7078125000000002 0.9296875 0.6656250000000001 0.9296875 0.6656250000000001 1 0.7078125000000002 1
1 0.459375 0.2234375000000001 0.396875 0.2234375000000001 0.396875 0.3187500000000001 0.459375 0.3187500000000001
1 0.8359375 0.2687500000000001 0.7875 0.2687500000000001 0.7875 0.3187500000000001 0.8359375 0.3187500000000001
1 0.14843750000000008 0.734375 0.06875000000000009 0.734375 0.0687500000000001 0.8703125 0.14843750000000008 0.8703125
1 0.70625 0.2453125000000001 0.6671875 0.2453125000000001 0.6671875 0.31718750000000007 0.70625 0.31718750000000007
1 0.5703125000000001 0.703125 0.5203125 0.703125 0.5203125000000001 0.7953125 0.5703125000000002 0.7953125
1 0.8796875 0.3421875000000001 0.8265625 0.3421875000000001 0.8265625 0.4187500000000002 0.8796875 0.4187500000000002
1 0.565625 0.0031250000000000665 0.525 0.003125000000000064 0.525 0.08437500000000006 0.565625 0.08437500000000006
1 0.590625 0.2515625000000001 0.553125 0.2515625000000001 0.553125 0.3296875000000001 0.590625 0.3296875000000001
1 0.5390625 0.2515625000000001 0.496875 0.2515625000000001 0.496875 0.3656250000000001 0.5390625 0.3656250000000001
1 0.646875 0.046875000000000076 0.6 0.046875000000000076 0.6 0.1375000000000001 0.646875 0.1375000000000001
1 0.403125 0.5640625 0.35625000000000007 0.5640625 0.35625000000000007 0.675 0.403125 0.675
1 0.4203125 0.3062500000000001 0.3640625 0.3062500000000001 0.36406250000000007 0.44375 0.4203125 0.44375
1 0.2671875 2.8894010417382865e-17 0.2046875 2.5066989170047385e-17 0.2046875 0.08437500000000002 0.2671875 0.08437500000000002
1 0.7531250000000002 0.9359375 0.7078125000000002 0.9359375 0.7078125000000002 1 0.7531250000000002 1
1 0.3421875 0.04375000000000004 0.265625 0.04375000000000003 0.265625 0.15468750000000003 0.3421875 0.15468750000000003
1 0.1906250000000001 0.696875 0.11875000000000009 0.696875 0.11875000000000009 0.7671875 0.1906250000000001 0.7671875
1 0.44218750000000007 0.6875 0.3671875000000001 0.6875 0.3671875000000001 0.7921875 0.4421875000000002 0.7921875
1 0.6796875 7.902798875747764e-17 0.6109375 7.481826538540861e-17 0.6109375 0.09218750000000007 0.6796875 0.09218750000000009
1 0.45 0.584375 0.4125 0.584375 0.4125 0.678125 0.45 0.678125
1 0.828125 0.2312500000000001 0.7953125 0.2312500000000001 0.7953125 0.2718750000000001 0.828125 0.2718750000000001
1 0.4625000000000002 0.93125 0.40156250000000016 0.93125 0.40156250000000016 1 0.4625000000000002 1
1 0.4578125 0.3046875000000001 0.41875 0.3046875000000001 0.41875 0.3937500000000001 0.4578125 0.3937500000000001
1 0.5250000000000001 0.93125 0.45312500000000017 0.93125 0.45312500000000017 1 0.5250000000000001 1
1 0.5609375 0.2484375000000001 0.5328125 0.2484375000000001 0.5328125 0.3343750000000001 0.5609375 0.3343750000000001
1 0.6140625000000002 0.934375 0.5546875000000002 0.934375 0.5546875000000002 1 0.6140625000000002 1
1 0.8390625 0.93125 0.803125 0.93125 0.803125 0.98125 0.8390625 0.98125
1 0.803125 0.020312500000000098 0.7671875 0.020312500000000094 0.7671875 0.1312500000000001 0.803125 0.1312500000000001
1 0.8046875 0.3593750000000001 0.76875 0.3593750000000001 0.76875 0.4187500000000002 0.8046875 0.4187500000000002
1 0.36875 0.32656250000000003 0.2953125 0.3265625 0.29531250000000003 0.4015625 0.3687500000000001 0.4015625