1 0.5609375000000002 0.7859375 0.5015625000000001 0.7859375 0.5015625000000001 0.834375 0.5609375000000002 0.834375
1 0.12812500000000004 0.1875 0.012500000000000022 0.1875 0.012500000000000028 0.2890625 0.12812500000000004 0.2890625
1 0.03281250000000005 0.3796875 4.649830815512607e-17 0.3796875 5.013397834009478e-17 0.4390625 0.03281250000000006 0.4390625
1 0.89375 0.6031250000000001 0.803125 0.6031250000000001 0.803125 0.6546875000000002 0.89375 0.6546875000000002
1 0.14843750000000006 0.29375 0.018750000000000034 0.29375 0.01875000000000004 0.4 0.14843750000000006 0.4
1 0.1703125 0.09062500000000001 0.0734375 0.090625 0.07343750000000002 0.1640625 0.1703125 0.1640625
1 0.571875 0.17656250000000007 0.421875 0.17656250000000004 0.421875 0.2953125000000001 0.571875 0.2953125000000001
1 0.09531250000000002 0.0921875 1.1289712679639661e-17 0.0921875 1.607348923880901e-17 0.1703125 0.09531250000000002 0.1703125
1 0.5859375 0.11250000000000007 0.5 0.11250000000000004 0.5 0.18593750000000006 0.5859375 0.1859375000000001
1 0.4140625 0.33281250000000007 0.2984375 0.3328125 0.2984375 0.446875 0.4140625 0.446875
1 0.8578125 0.0312500000000001 0.70625 0.03125000000000009 0.70625 0.0828125000000001 0.8578125 0.08281250000000011
1 0.5421875 0.39531250000000007 0.4390625 0.39531250000000007 0.4390625 0.4578125 0.5421875 0.4578125
1 0.09531250000000005 0.43125 0.023437500000000056 0.43125 0.023437500000000056 0.475 0.09531250000000006 0.475
1 0.396875 0.07656250000000003 0.259375 0.07656250000000002 0.259375 0.19062500000000004 0.396875 0.19062500000000004
1 0.12031250000000009 0.571875 0.04687500000000007 0.571875 0.04687500000000007 0.6328125 0.12031250000000009 0.6328125
1 0.465625 0.4703125 0.3859375000000001 0.4703125 0.3859375000000001 0.5359375 0.465625 0.5359375
1 0.3515625000000001 0.7453125 0.25468750000000007 0.7453125 0.25468750000000007 0.803125 0.3515625000000001 0.803125
1 0.4046875000000002 0.784375 0.2843750000000001 0.784375 0.2843750000000001 0.8546875 0.4046875000000002 0.8546875
1 0.07187500000000009 0.6640625 8.132420150587893e-17 0.6640625 8.400311637901375e-17 0.7078125 0.07187500000000009 0.7078125
1 0.209375 0.13906250000000003 0.1046875 0.1390625 0.10468750000000002 0.2359375 0.209375 0.2359375
1 0.02812500000000003 0.165625 2.0283212610878037e-17 0.165625 2.5736717888331097e-17 0.2546875 0.028125000000000032 0.2546875
1 0.3656250000000001 0.5109375 0.2640625000000001 0.5109375 0.2640625000000001 0.565625 0.3656250000000001 0.565625
1 0.42500000000000016 0.7328125 0.3671875000000001 0.7328125 0.3671875000000001 0.7765625 0.42500000000000016 0.7765625
1 0.16250000000000006 0.5078125 0.06250000000000007 0.5078125 0.06250000000000007 0.578125 0.1625000000000001 0.578125
1 0.390625 0.24687500000000004 0.2640625 0.246875 0.2640625 0.34687500000000004 0.390625 0.3468750000000001
1 0.01250000000000008 0.6328125 7.749718025854345e-17 0.6328125 8.027177066286167e-17 0.678125 0.012500000000000084 0.678125
1 0.803125 0.6765625000000001 0.6953125 0.6765625 0.6953125000000001 0.7656250000000001 0.803125 0.7656250000000002
1 0.7359375 0.4046875000000001 0.640625 0.4046875 0.640625 0.4750000000000001 0.7359375 0.4750000000000002
1 0.5015625 0.10625000000000004 0.3796875 0.10625000000000004 0.3796875 0.21250000000000008 0.5015625 0.21250000000000008
1 0.25 0.225 0.09218750000000002 0.225 0.09218750000000003 0.3203125 0.25 0.3203125
1 0.08125000000000007 0.5046875 6.180639314446799e-17 0.5046875 6.572908992298685e-17 0.56875 0.08125000000000007 0.56875
1 0.29375000000000007 0.7921875 0.24218750000000008 0.7921875 0.24218750000000008 0.83125 0.29375000000000007 0.83125
1 0.06406250000000006 0.4640625 5.683126552293186e-17 0.4640625 5.979720698961685e-17 0.5125 0.06406250000000006 0.5125
1 0.4265625 0.5453125 0.3031250000000001 0.5453125 0.3031250000000001 0.6109375 0.4265625 0.6109375
1 0.40625 0.6078125 0.3265625000000001 0.6078125 0.3265625000000001 0.6484375 0.40625 0.6484375
1 0.1515625000000001 0.6296875 0.056250000000000064 0.6296875 0.05625000000000008 0.7 0.1515625000000001 0.7
1 0.05781250000000008 0.5953125 7.290475476174086e-17 0.5953125 7.663610047789296e-17 0.65625 0.057812500000000086 0.65625
1 0.6640625 0.2562500000000001 0.5375 0.2562500000000001 0.5375 0.3500000000000001 0.6640625 0.3500000000000001
1 0.409375 0.6625 0.29375000000000007 0.6625 0.29375000000000007 0.725 0.409375 0.725
1 0.76875 0.1984375000000001 0.6640625 0.1984375000000001 0.6640625 0.2906250000000001 0.76875 0.2906250000000001
1 0.06093750000000003 0.2640625 3.2338329539984796e-17 0.2640625 3.913129225400527e-17 0.375 0.06093750000000005 0.375
1 0.271875 0.14218750000000005 0.2 0.14218750000000005 0.2 0.2140625 0.271875 0.2140625
1 0.809375 0.7593750000000001 0.6937500000000002 0.759375 0.6937500000000002 0.8296875 0.809375 0.8296875
1 0.728125 0.5140625000000001 0.634375 0.5140625 0.634375 0.596875 0.728125 0.5968750000000002
1 0.446875 0.18125000000000005 0.3375 0.18125000000000005 0.3375 0.26093750000000004 0.446875 0.2609375000000001
1 0.9328125 0.7937500000000002 0.8390625 0.7937500000000002 0.8390625 0.8484375 0.9328125 0.8484375
1 0.3312500000000001 0.575 0.24375000000000008 0.575 0.24375000000000008 0.625 0.3312500000000001 0.625
1 0.3828125 0.18437500000000004 0.259375 0.18437500000000004 0.259375 0.27656250000000004 0.3828125 0.2765625000000001
1 0.8375 0.0703125000000001 0.6796875 0.07031250000000008 0.6796875 0.1453125000000001 0.8375 0.1453125000000001
1 0.37968750000000007 0.434375 0.2562500000000001 0.434375 0.2562500000000001 0.5140625 0.37968750000000007 0.5140625
1 0.784375 0.11875000000000009 0.6609375 0.11875000000000009 0.6609375 0.21093750000000008 0.784375 0.21093750000000008
1 0.903125 0.1296875000000001 0.7640625 0.1296875000000001 0.7640625 0.2093750000000001 0.903125 0.2093750000000001
1 0.2703125 0.11875000000000005 0.209375 0.11875000000000005 0.209375 0.16250000000000003 0.2703125 0.16250000000000003
1 0.5046875 0.2843750000000001 0.3734375 0.2843750000000001 0.3734375 0.35625000000000007 0.5046875 0.35625000000000007
1 0.8828125 0.40937500000000016 0.7375 0.40937500000000016 0.7375 0.5218750000000002 0.8828125 0.5218750000000002
1 0.09843750000000002 0.1484375 1.8178350924843523e-17 0.1484375 2.1622670047445454e-17 0.2046875 0.09843750000000002 0.2046875
1 0.8953125 0.1984375000000001 0.746875 0.1984375000000001 0.746875 0.2953125000000001 0.8953125 0.2953125000000001
1 0.7109375000000001 0.709375 0.6125 0.709375 0.6125 0.7609375 0.7109375000000002 0.7609375
1 0.8703125 0.2718750000000001 0.675 0.2718750000000001 0.675 0.3625000000000001 0.8703125 0.3625000000000001
1 0.7984375 0.4687500000000001 0.6515625 0.46875 0.6515625 0.5421875 0.7984375 0.5421875000000002
1 0.7359375 0.6406250000000001 0.625 0.640625 0.625 0.7171875000000001 0.7359375 0.7171875000000002
1 0.9671875 0.3375000000000001 0.8203125 0.3375000000000001 0.8203125 0.4000000000000002 0.9671875 0.4000000000000002
1 0.9703125 0.3937500000000001 0.83125 0.3937500000000001 0.83125 0.4906250000000002 0.9703125 0.4906250000000002
1 0.8453125 0.3437500000000001 0.671875 0.3437500000000001 0.671875 0.4390625000000001 0.8453125 0.4390625000000002
1 0.9921875 0.1953125000000001 0.8375 0.19531250000000008 0.8375 0.3421875000000001 0.9921875 0.3421875000000001
1 0.99375 0.17656250000000012 0.9140625 0.17656250000000012 0.9140625 0.2328125000000001 0.99375 0.2328125000000001