1 0.8453125 0.2640625000000001 0.6765625 0.2640625000000001 0.6765625 0.4296875000000001 0.8453125 0.42968750000000017
1 0.7734375 0.3890625000000001 0.6671875 0.3890625000000001 0.6671875 0.5125000000000001 0.7734375 0.5125000000000002
1 0.7421875 0.04375000000000008 0.64375 0.04375000000000008 0.64375 0.1218750000000001 0.7421875 0.1218750000000001
1 0.6390625 0.03906250000000007 0.5296875 0.03906250000000007 0.5296875 0.18281250000000007 0.6390625 0.1828125000000001
1 0.5546875 0.032812500000000064 0.4828125 0.03281250000000006 0.4828125 0.17812500000000006 0.5546875 0.1781250000000001
1 0.4984375 0.029687500000000054 0.4328125 0.029687500000000054 0.4328125 0.10781250000000005 0.4984375 0.10781250000000005
1 0.4375 0.02656250000000005 0.3953125 0.026562500000000044 0.3953125 0.09687500000000004 0.4375 0.09687500000000004
1 0.375 0.020312500000000042 0.309375 0.02031250000000004 0.309375 0.15937500000000004 0.375 0.15937500000000004
1 0.3359375 0.018750000000000037 0.2625 0.018750000000000034 0.2625 0.08281250000000004 0.3359375 0.08281250000000004
1 0.2640625 0.012500000000000028 0.1890625 0.012500000000000022 0.1890625 0.08437500000000002 0.2640625 0.08437500000000002
1 0.12343750000000005 0.2109375 0.07187500000000002 0.2109375 0.07187500000000004 0.35 0.12343750000000005 0.35
1 0.31718750000000007 0.253125 0.2390625 0.253125 0.23906250000000004 0.3953125 0.31718750000000007 0.3953125
1 0.37968750000000007 0.26250000000000007 0.3078125 0.2625 0.30781250000000004 0.39531250000000007 0.37968750000000007 0.39531250000000007
1 0.4515625 0.2656250000000001 0.375 0.2656250000000001 0.37500000000000006 0.3765625000000001 0.4515625 0.3765625000000001
1 0.55 0.2640625000000001 0.4625 0.2640625000000001 0.4625 0.3703125000000001 0.55 0.3703125000000001
1 0.6328125 0.2656250000000001 0.5578125 0.2656250000000001 0.5578125 0.36406250000000007 0.6328125 0.36406250000000007
1 0.6671875 0.3437500000000001 0.5765625 0.3437500000000001 0.5765625 0.4421875 0.6671875 0.4421875
1 0.8734375 0.3625000000000001 0.8015625 0.3625000000000001 0.8015625 0.48437500000000017 0.8734375 0.48437500000000017
1 0.8890625 0.5093750000000001 0.8078125 0.5093750000000001 0.8078125 0.6343750000000001 0.8890625 0.6343750000000001
1 0.634375 0.4359375 0.5484375 0.4359375 0.5484375 0.5375 0.634375 0.5375
1 0.5453125 0.415625 0.4734375 0.415625 0.4734375 0.5453125 0.5453125 0.5453125
1 0.5796875 0.34843750000000007 0.53125 0.34843750000000007 0.53125 0.45 0.5796875 0.45
1 0.5078125 0.3421875000000001 0.4171875 0.3421875000000001 0.4171875 0.459375 0.5078125 0.459375
1 0.4265625 0.3937500000000001 0.3671875000000001 0.3937500000000001 0.3671875000000001 0.4765625 0.4265625 0.4765625
1 0.3500000000000001 0.3796875 0.2609375000000001 0.3796875 0.2609375000000001 0.484375 0.3500000000000001 0.484375
1 0.27343750000000006 0.35625 0.18281250000000004 0.35625 0.18281250000000004 0.4875 0.2734375000000001 0.4875
1 0.15625000000000006 0.4515625 0.09218750000000005 0.4515625 0.09218750000000006 0.5359375 0.15625000000000006 0.5359375
1 0.14218750000000008 0.7171875 0.0671875000000001 0.7171875 0.0671875000000001 0.8046875 0.14218750000000008 0.8046875
1 0.0953125000000001 0.7421875 0.006250000000000091 0.7421875 0.006250000000000098 0.871875 0.0953125000000001 0.871875
1 0.06718750000000011 0.8703125 0.007812500000000106 0.8703125 0.007812500000000113 0.965625 0.06718750000000011 0.965625
1 0.2406250000000001 0.6765625 0.20468750000000008 0.6765625 0.20468750000000008 0.7421875 0.2406250000000001 0.7421875
1 0.3265625000000001 0.6453125 0.26250000000000007 0.6453125 0.26250000000000007 0.7734375 0.3265625000000001 0.7734375
1 0.2796875000000001 0.6984375 0.2312500000000001 0.6984375 0.2312500000000001 0.796875 0.2796875000000001 0.796875
1 0.2484375000000001 0.734375 0.1843750000000001 0.734375 0.1843750000000001 0.8296875 0.2484375000000001 0.8296875
1 0.3421875000000001 0.7453125 0.2484375000000001 0.7453125 0.2484375000000001 0.8953125 0.3421875000000001 0.8953125
1 0.27031250000000007 0.8765625 0.2218750000000001 0.8765625 0.2218750000000001 0.9515625 0.27031250000000007 0.9515625
1 0.2593750000000001 0.9125 0.17968750000000014 0.9125 0.17968750000000014 1 0.2593750000000001 1
1 0.1734375000000001 0.884375 0.14062500000000008 0.884375 0.1406250000000001 0.965625 0.17343750000000013 0.965625
1 0.41875000000000007 0.646875 0.3625000000000001 0.646875 0.3625000000000001 0.7515625 0.4187500000000002 0.7515625
1 0.3703125000000001 0.6734375 0.3234375000000001 0.6734375 0.3234375000000001 0.775 0.3703125000000001 0.775
1 0.4156250000000002 0.74375 0.35625000000000007 0.74375 0.35625000000000007 0.8953125 0.4156250000000002 0.8953125
1 0.3703125000000001 0.8265625 0.2796875000000001 0.8265625 0.2796875000000001 0.9796875 0.3703125000000001 0.9796875
1 0.4765625000000001 0.6515625 0.4046875 0.6515625 0.4046875000000001 0.80625 0.47656250000000017 0.80625
1 0.5218750000000001 0.6578125 0.46875 0.6578125 0.4687500000000001 0.7828125 0.5218750000000002 0.7828125
1 0.5562500000000001 0.778125 0.46875000000000017 0.778125 0.46875000000000017 0.9390625 0.5562500000000001 0.9390625
1 0.4734375000000002 0.7796875 0.42500000000000016 0.7796875 0.42500000000000016 0.8828125 0.4734375000000002 0.8828125
1 0.6062500000000001 0.665625 0.53125 0.665625 0.5312500000000001 0.7625 0.6062500000000002 0.7625
1 0.6781250000000001 0.665625 0.603125 0.665625 0.6031250000000001 0.7703125 0.6781250000000002 0.7703125
1 0.7734375000000001 0.6796875000000001 0.6828125 0.6796875 0.6828125 0.859375 0.7734375000000002 0.859375
1 0.8609375 0.6796875000000002 0.771875 0.6796875000000002 0.7718750000000001 0.859375 0.8609375 0.859375
1 0.89375 0.6875000000000002 0.834375 0.6875000000000002 0.834375 0.8 0.89375 0.8
1 0.83125 0.8140625 0.7265625000000002 0.8140625 0.7265625000000002 0.934375 0.83125 0.934375
1 0.8625 0.85625 0.7812500000000002 0.85625 0.7812500000000002 1 0.8625 1
1 0.6875000000000002 0.75625 0.6328125000000002 0.75625 0.6328125000000002 0.8671875 0.6875000000000002 0.8671875
1 0.6359375000000002 0.7296875 0.5718750000000001 0.7296875 0.5718750000000001 0.85625 0.6359375000000002 0.85625
1 0.6281250000000002 0.7984375 0.5421875000000002 0.7984375 0.5421875000000002 0.9671875 0.6281250000000002 0.9671875
1 0.3812500000000001 0.896875 0.3515625000000001 0.896875 0.3515625000000001 0.9578125 0.3812500000000001 0.9578125