1 0.9125 0.6296875000000002 0.8265625 0.6296875000000002 0.8265625 0.7296875000000002 0.9125 0.7296875000000002
1 0.9296875 0.3843750000000001 0.84375 0.3843750000000001 0.84375 0.5046875000000002 0.9296875 0.5046875000000002
1 0.8265625 9.462310034036972e-17 0.71875 8.802148868871601e-17 0.71875 0.1140625000000001 0.8265625 0.1140625000000001
1 0.3578125000000001 0.5609375 0.2718750000000001 0.5609375 0.2718750000000001 0.646875 0.3578125000000001 0.646875
1 0.9765625 0.3625000000000001 0.8984375 0.3625000000000001 0.8984375 0.5265625000000002 0.9765625 0.5265625000000002
1 0.8546875 0.3750000000000001 0.7546875 0.3750000000000001 0.7546875 0.4937500000000002 0.8546875 0.4937500000000002
1 0.8171875 0.17343750000000008 0.7265625 0.17343750000000008 0.7265625 0.2875000000000001 0.8171875 0.2875000000000001
1 0.8609375 0.26250000000000007 0.790625 0.26250000000000007 0.790625 0.40156250000000016 0.8609375 0.40156250000000016
1 0.7703125 0.5687500000000001 0.69375 0.56875 0.69375 0.7234375000000001 0.7703125 0.7234375000000002
1 0.896875 0.0015625000000001042 0.80625 0.0015625000000000985 0.80625 0.0875000000000001 0.896875 0.0875000000000001
1 0.8609375 0.7125000000000001 0.7796875 0.7125000000000001 0.7796875000000001 0.8421875 0.8609375 0.8421875
1 0.6875 0.534375 0.6234375 0.534375 0.6234375 0.6640625 0.6875 0.6640625
1 0.690625 0.18906250000000008 0.61875 0.18906250000000008 0.61875 0.31718750000000007 0.690625 0.31718750000000007
1 1 1.174895522931992e-16 0.91875 1.1251442467166307e-16 0.91875 0.023437500000000118 1 0.02343750000000012
1 0.8265625 0.5656250000000002 0.75625 0.5656250000000002 0.75625 0.7203125000000001 0.8265625 0.7203125000000001
1 0.3906250000000001 0.8578125 0.3203125000000001 0.8578125 0.3203125000000001 0.96875 0.3906250000000001 0.96875
1 0.940625 0.6953125000000002 0.8671875 0.6953125000000002 0.8671875 0.7875000000000002 0.940625 0.7875000000000002
1 0.653125 0.5921875 0.575 0.5921875 0.575 0.6953125 0.653125 0.6953125
1 0.7640625 0.3468750000000001 0.684375 0.3468750000000001 0.684375 0.4843750000000001 0.7640625 0.48437500000000017
1 0.621875 0.2296875000000001 0.54375 0.2296875000000001 0.54375 0.3375000000000001 0.621875 0.3375000000000001
1 0.6484375 0.1375000000000001 0.58125 0.1375000000000001 0.58125 0.2484375000000001 0.6484375 0.2484375000000001
1 0.8 0.26250000000000007 0.7203125 0.26250000000000007 0.7203125 0.3734375000000001 0.8 0.3734375000000001
1 0.546875 0.2218750000000001 0.46875 0.2218750000000001 0.46875 0.3265625000000001 0.546875 0.3265625000000001
1 0.4625000000000002 0.81875 0.3843750000000001 0.81875 0.3843750000000001 0.9359375 0.4625000000000002 0.9359375
1 0.634375 0.403125 0.5640625 0.403125 0.5640625 0.4921875 0.634375 0.4921875
1 0.26406250000000003 0.3296875 0.20625 0.3296875 0.20625000000000004 0.41875 0.2640625000000001 0.41875
1 0.521875 0.575 0.4671875 0.575 0.4671875 0.68125 0.521875 0.68125
1 0.934375 0.9109375 0.8640625 0.9109375 0.8640625 0.98125 0.934375 0.98125
1 0.5640625000000001 0.778125 0.48750000000000016 0.778125 0.48750000000000016 0.865625 0.5640625000000001 0.865625
1 0.5171875 5.778802083476573e-17 0.4265625 5.223884002612928e-17 0.4265625 0.04218750000000006 0.5171875 0.042187500000000065
1 0.7328125 0.2406250000000001 0.6703125 0.2406250000000001 0.6703125 0.3609375000000001 0.7328125 0.3609375000000001
1 0.6828125 0.3125000000000001 0.6125 0.3125000000000001 0.6125 0.4171875 0.6828125 0.4171875
1 0.9328125 0.7578125000000002 0.85 0.7578125000000002 0.85 0.846875 0.9328125 0.846875
1 0.6578125 7.644474941552619e-17 0.590625 7.233070157464055e-17 0.590625 0.12031250000000009 0.6578125 0.12031250000000009
1 0.8484375 0.91875 0.7359375000000001 0.91875 0.7359375000000001 0.9859375 0.8484375 0.9859375
1 0.3671875 4.0757776284122846e-17 0.2984375 3.654805291205382e-17 0.2984375 0.06250000000000004 0.3671875 0.06250000000000004
1 0.9234375 1.0954848320497809e-16 0.865625 1.0600848855119278e-16 0.865625 0.05312500000000011 0.9234375 0.05312500000000011
1 0.3859375 0.25312500000000004 0.3140625 0.253125 0.3140625 0.3296875 0.3859375 0.3296875000000001
1 0.73125 8.562960040913134e-17 0.6671875 8.170690363061247e-17 0.6671875 0.11875000000000009 0.73125 0.11875000000000009
1 0.3171875 0.23125 0.2609375 0.23125 0.2609375 0.325 0.3171875 0.325
1 0.7078125000000002 0.9234375 0.6453125000000002 0.9234375 0.6453125000000002 0.9875 0.7078125000000002 0.9875
1 0.521875 0.3000000000000001 0.4546875 0.3000000000000001 0.4546875 0.3765625000000001 0.521875 0.3765625000000001
1 0.5843750000000002 0.875 0.5281250000000002 0.875 0.5281250000000002 0.9890625 0.5843750000000002 0.9890625
1 0.9890625 0.7187500000000002 0.93125 0.7187500000000002 0.93125 0.7984375000000001 0.9890625 0.7984375000000001
1 0.328125 0.03125000000000004 0.26875 0.031250000000000035 0.26875 0.12343750000000005 0.328125 0.12343750000000005
1 0.44375 0.16718750000000004 0.384375 0.16718750000000004 0.384375 0.2843750000000001 0.44375 0.2843750000000001
1 0.6 0.01875000000000007 0.5328125 0.018750000000000065 0.5328125 0.12656250000000008 0.6 0.12656250000000008
1 0.703125 8.275933447362974e-17 0.6484375 7.941069088221118e-17 0.6484375 0.057812500000000086 0.703125 0.057812500000000086
1 0.5843750000000001 0.6296875 0.5296875 0.6296875 0.5296875000000001 0.7546875 0.5843750000000002 0.7546875
1 0.7484375000000002 0.7312500000000001 0.6875000000000002 0.73125 0.6875000000000002 0.853125 0.7484375000000002 0.853125
1 0.815625 9.385769609090263e-17 0.7171875 8.783013762634924e-17 0.7171875 0.009375000000000095 0.815625 0.0093750000000001
1 0.6 0.31718750000000007 0.5359375 0.31718750000000007 0.5359375 0.40625 0.6 0.40625
1 0.5390625000000001 0.65625 0.484375 0.65625 0.4843750000000001 0.765625 0.5390625000000002 0.765625
1 0.3703125000000001 0.425 0.3140625000000001 0.425 0.3140625000000001 0.4890625 0.3703125000000001 0.4890625
1 0.4281250000000002 0.91875 0.3750000000000001 0.91875 0.3750000000000001 0.9796875 0.4281250000000002 0.9796875
1 0.465625 0.023437500000000052 0.396875 0.02343750000000005 0.396875 0.12812500000000004 0.465625 0.12812500000000004
1 0.5828125 6.745124948428782e-17 0.51875 6.352855270576895e-17 0.51875 0.026562500000000065 0.5828125 0.026562500000000065
1 0.3828125000000001 0.6390625 0.3203125000000001 0.6390625 0.3203125000000001 0.753125 0.3828125000000001 0.753125
1 0.6328125000000001 0.678125 0.565625 0.678125 0.565625 0.8390625 0.6328125000000002 0.8390625
1 0.3515625000000001 0.7640625 0.2828125000000001 0.7640625 0.2828125000000001 0.8546875 0.3515625000000001 0.8546875
1 0.475 0.584375 0.43125 0.584375 0.43125 0.6546875 0.475 0.6546875
1 0.4765625 0.3421875000000001 0.4203125 0.3421875000000001 0.4203125 0.453125 0.4765625 0.453125
1 0.6921875000000001 0.6796875 0.625 0.6796875 0.6250000000000001 0.840625 0.6921875000000002 0.840625
1 0.3125000000000001 0.86875 0.2750000000000001 0.86875 0.2750000000000001 0.9265625 0.3125000000000001 0.9265625
1 0.4265625 0.35625000000000007 0.36875 0.35625000000000007 0.36875 0.4421875 0.4265625 0.4421875
1 0.5031250000000002 0.9484375 0.4156250000000002 0.9484375 0.4156250000000002 0.990625 0.5031250000000002 0.990625
1 0.5062500000000002 0.8578125 0.4578125000000002 0.8578125 0.4578125000000002 0.9625 0.5062500000000002 0.9625
1 0.5421875 6.31458505810354e-17 0.4890625 5.989288252080025e-17 0.4890625 0.10000000000000005 0.5421875 0.10000000000000005
1 0.428125 4.91772230282609e-17 0.375 4.592425496802575e-17 0.375 0.04531250000000005 0.428125 0.045312500000000054
1 0.403125 0.025000000000000043 0.35 0.025000000000000043 0.35 0.11093750000000005 0.403125 0.11093750000000005
1 0.6578125 7.548799410369232e-17 0.575 7.041719095097281e-17 0.575 0.010937500000000076 0.6578125 0.01093750000000008
1 0.996875 0.9359375 0.928125 0.9359375 0.928125 0.98125 0.996875 0.98125
1 0.4781250000000001 0.6546875 0.4 0.6546875 0.4000000000000001 0.796875 0.4781250000000002 0.796875
1 0.3500000000000001 0.9578125 0.2796875000000001 0.9578125 0.2796875000000001 0.9953125 0.3500000000000001 0.9953125
1 0.7781250000000001 0.7156250000000002 0.7296875 0.7156250000000002 0.7296875 0.8078125 0.7781250000000002 0.8078125
1 0.509375 0.4 0.4640625 0.4 0.4640625 0.4890625 0.509375 0.4890625
1 0.50625 0.02343750000000006 0.45625 0.023437500000000056 0.45625 0.13125000000000003 0.50625 0.13125000000000003
1 0.5328125000000001 0.8984375 0.4968750000000002 0.8984375 0.4968750000000002 0.9875 0.5328125000000001 0.9875
1 0.6359375000000002 0.940625 0.5781250000000002 0.940625 0.5781250000000002 0.9890625 0.6359375000000002 0.9890625
1 0.4 0.20000000000000004 0.35 0.2 0.35 0.27187500000000003 0.4 0.2718750000000001
1 0.4109375 0.3125000000000001 0.3640625 0.3125000000000001 0.36406250000000007 0.3734375000000001 0.4109375 0.3734375000000001
1 0.459375 0.2968750000000001 0.40625 0.2968750000000001 0.40625 0.3671875000000001 0.459375 0.3671875000000001
1 0.2796875000000001 0.4046875 0.2390625000000001 0.4046875 0.2390625000000001 0.45 0.2796875000000001 0.45
1 0.5531250000000001 0.7234375 0.5046875 0.7234375 0.5046875000000001 0.7875 0.5531250000000002 0.7875
1 0.678125 0.04375000000000008 0.64375 0.04375000000000008 0.64375 0.1218750000000001 0.678125 0.1218750000000001