1 0.44375 0.4671875 0.3671875000000001 0.4671875 0.3671875000000001 0.5609375 0.44375 0.5609375
1 0.28593750000000007 0.4578125 0.2000000000000001 0.4578125 0.2000000000000001 0.578125 0.28593750000000007 0.578125
1 0.4828125000000002 0.7703125 0.40625000000000017 0.7703125 0.40625000000000017 0.875 0.4828125000000002 0.875
1 0.503125 0.478125 0.45 0.478125 0.45 0.6015625 0.503125 0.6015625
1 0.4359375 0.553125 0.3468750000000001 0.553125 0.3468750000000001 0.64375 0.4359375 0.64375
1 0.678125 0.471875 0.615625 0.471875 0.615625 0.5484375 0.678125 0.5484375
1 0.6203125 0.4765625 0.565625 0.4765625 0.565625 0.5640625 0.6203125 0.5640625
1 0.3312500000000001 0.528125 0.2687500000000001 0.528125 0.2687500000000001 0.6421875 0.3312500000000001 0.6421875
1 0.5765625 0.475 0.525 0.475 0.525 0.571875 0.5765625 0.571875
1 0.4921875 0.596875 0.4125 0.596875 0.4125 0.696875 0.4921875 0.696875
1 0.2687500000000001 0.5875 0.1937500000000001 0.5875 0.1937500000000001 0.696875 0.2687500000000001 0.696875
1 0.5515625000000001 0.65625 0.475 0.65625 0.4750000000000001 0.7625 0.5515625000000002 0.7625
1 0.7046875 0.25468750000000007 0.6375 0.25468750000000007 0.6375 0.3453125000000001 0.7046875 0.3453125000000001
1 0.3859375 0.12187500000000004 0.3 0.12187500000000004 0.3 0.22656250000000006 0.3859375 0.22656250000000008
1 0.625 0.1390625000000001 0.5578125 0.1390625000000001 0.5578125 0.2390625000000001 0.625 0.2390625000000001
1 0.27343750000000006 0.26875 0.18281250000000004 0.26875 0.18281250000000004 0.3828125 0.2734375000000001 0.3828125
1 0.796875 0.5328125000000001 0.7328125 0.5328125000000001 0.7328125 0.6093750000000002 0.796875 0.6093750000000002
1 0.5343750000000002 0.7765625 0.47656250000000017 0.7765625 0.47656250000000017 0.8828125 0.5343750000000002 0.8828125
1 0.54375 0.2734375000000001 0.4640625 0.2734375000000001 0.4640625 0.3906250000000001 0.54375 0.3906250000000001
1 0.7593750000000001 0.6734375000000001 0.6734375 0.6734375 0.6734375000000001 0.7703125000000001 0.7593750000000001 0.7703125000000002
1 0.3 0.13437500000000005 0.2359375 0.13437500000000005 0.2359375 0.2234375 0.3 0.2234375
1 0.8359375 0.4156250000000002 0.76875 0.4156250000000002 0.76875 0.5468750000000002 0.8359375 0.5468750000000002
1 0.259375 0.19062500000000002 0.17187500000000006 0.190625 0.17187500000000006 0.275 0.259375 0.275
1 0.2296875000000001 0.4734375 0.15312500000000004 0.4734375 0.15312500000000007 0.6140625 0.2296875000000001 0.6140625
1 0.4109375000000002 0.803125 0.3390625000000001 0.803125 0.3390625000000001 0.9609375 0.4109375000000002 0.9609375
1 0.6328125000000001 0.65 0.575 0.65 0.5750000000000001 0.746875 0.6328125000000002 0.746875
1 0.5984375 0.546875 0.5515625 0.546875 0.5515625 0.6671875 0.5984375 0.6671875
1 0.7 0.54375 0.64375 0.54375 0.64375 0.6765625 0.7 0.6765625
1 0.6484375 0.54375 0.5984375 0.54375 0.5984375 0.6703125 0.6484375 0.6703125
1 0.2218750000000001 0.775 0.1593750000000001 0.775 0.1593750000000001 0.8609375 0.2218750000000001 0.8609375
1 0.553125 0.5328125 0.4984375 0.5328125 0.4984375 0.659375 0.553125 0.659375
1 0.4390625 0.34062500000000007 0.3765625 0.34062500000000007 0.3765625 0.41875 0.4390625 0.41875
1 0.503125 0.11875000000000005 0.446875 0.11875000000000005 0.446875 0.26250000000000007 0.503125 0.26250000000000007
1 0.2406250000000001 0.68125 0.15625000000000008 0.68125 0.15625000000000008 0.76875 0.2406250000000001 0.76875
1 0.6156250000000002 0.7734375 0.5687500000000002 0.7734375 0.5687500000000002 0.896875 0.6156250000000002 0.896875
1 0.6328125 0.2812500000000001 0.571875 0.2812500000000001 0.571875 0.3609375000000001 0.6328125 0.3609375000000001
1 0.384375 0.21562500000000004 0.2859375 0.215625 0.2859375 0.35625000000000007 0.384375 0.35625000000000007
1 0.4937500000000002 0.865625 0.4281250000000002 0.865625 0.4281250000000002 0.99375 0.4937500000000002 0.99375
1 0.8453125 0.5296875000000002 0.79375 0.5296875000000002 0.79375 0.6265625000000001 0.8453125 0.6265625000000001
1 0.44375 0.16562500000000005 0.378125 0.16562500000000005 0.378125 0.33281250000000007 0.44375 0.33281250000000007
1 0.3203125 0.209375 0.2546875 0.209375 0.2546875 0.2953125 0.3203125 0.2953125
1 0.5500000000000002 0.8625 0.4906250000000002 0.8625 0.4906250000000002 0.9953125 0.5500000000000002 0.9953125
1 0.3046875 3.1668600821701084e-17 0.2125 2.6023744481881253e-17 0.2125 0.12500000000000006 0.3046875 0.12500000000000006
1 0.7109375 0.21250000000000008 0.6625 0.21250000000000008 0.6625 0.2812500000000001 0.7109375 0.2812500000000001
1 0.2390625 0.12031250000000002 0.159375 0.1203125 0.15937500000000002 0.2015625 0.2390625 0.2015625
1 0.3421875000000001 0.8296875 0.2968750000000001 0.8296875 0.2968750000000001 0.9515625 0.3421875000000001 0.9515625
1 0.55 0.13437500000000008 0.5015625 0.13437500000000005 0.5015625 0.2718750000000001 0.55 0.2718750000000001
1 0.871875 0.7937500000000002 0.8234375 0.7937500000000002 0.8234375 0.8796875 0.871875 0.8796875
1 0.71875 0.1375000000000001 0.6796875 0.1375000000000001 0.6796875 0.2156250000000001 0.71875 0.2156250000000001
1 0.7125 8.37160897854636e-17 0.6546875 8.017609513167828e-17 0.6546875 0.06562500000000009 0.7125 0.06562500000000009
1 0.7875 0.1437500000000001 0.74375 0.1437500000000001 0.74375 0.20468750000000008 0.7875 0.20468750000000008
1 0.5812500000000002 0.834375 0.5296875000000002 0.834375 0.5296875000000002 0.9859375 0.5812500000000002 0.9859375
1 0.35625000000000007 0.4796875 0.30937500000000007 0.4796875 0.30937500000000007 0.5328125 0.35625000000000007 0.5328125
1 0.59375 0.17656250000000007 0.534375 0.17656250000000004 0.534375 0.3125000000000001 0.59375 0.3125000000000001
1 0.20312500000000008 0.859375 0.1437500000000001 0.859375 0.1437500000000001 0.96875 0.20312500000000008 0.96875
1 0.753125 0.1703125000000001 0.709375 0.1703125000000001 0.709375 0.2843750000000001 0.753125 0.2843750000000001
1 0.6453125 0.2312500000000001 0.5921875 0.2312500000000001 0.5921875 0.2906250000000001 0.6453125 0.2906250000000001
1 0.2265625 2.4110233858213517e-17 0.1671875 2.0474563673244812e-17 0.1671875 0.10156250000000003 0.2265625 0.10156250000000004
1 0.6703125000000001 0.6578125 0.6234375 0.6578125 0.6234375000000001 0.74375 0.6703125000000002 0.74375
1 0.7296875 0.3390625000000001 0.6859375 0.3390625000000001 0.6859375 0.40312500000000007 0.7296875 0.4031250000000002
1 0.4796875 0.23437500000000008 0.4375 0.23437500000000008 0.4375 0.3281250000000001 0.4796875 0.3281250000000001
1 0.7734375000000002 0.7765625 0.7156250000000002 0.7765625 0.7156250000000002 0.8984375 0.7734375000000002 0.8984375
1 0.7296875 0.48125000000000007 0.6984375 0.48125 0.6984375 0.55 0.7296875 0.5500000000000002
1 0.3656250000000001 0.940625 0.2968750000000001 0.940625 0.2968750000000001 1 0.3656250000000001 1
1 0.7968750000000002 0.821875 0.7562500000000002 0.821875 0.7562500000000002 0.9375 0.7968750000000002 0.9375
1 0.440625 0.14375000000000004 0.390625 0.14375000000000004 0.390625 0.2171875000000001 0.440625 0.2171875000000001
1 0.6828125 0.1453125000000001 0.6484375 0.1453125000000001 0.6484375 0.22656250000000008 0.6828125 0.22656250000000008
1 0.7171875000000002 0.8265625 0.6140625000000002 0.8265625 0.6140625000000002 0.9984375 0.7171875000000002 0.9984375
1 0.20468750000000008 0.596875 0.16406250000000008 0.596875 0.16406250000000008 0.66875 0.20468750000000008 0.66875
1 0.6437500000000002 0.8984375 0.5750000000000002 0.8984375 0.5750000000000002 1 0.6437500000000002 1
1 0.3140625000000001 0.7671875 0.1921875000000001 0.7671875 0.19218750000000012 0.946875 0.3140625000000001 0.946875
1 0.578125 0.3921875000000001 0.546875 0.3921875000000001 0.546875 0.4453125 0.578125 0.4453125