1 0.5296875 0.5390625 0.4640625 0.5390625 0.4640625 0.6296875 0.5296875 0.6296875
1 0.6890625 0.6234375 0.621875 0.6234375 0.621875 0.6953125 0.6890625 0.6953125
1 0.6359375 0.565625 0.5734375 0.565625 0.5734375 0.659375 0.6359375 0.659375
1 0.3375000000000001 0.5015625 0.23437500000000008 0.5015625 0.23437500000000008 0.6015625 0.3375000000000001 0.6015625
1 0.73125 0.5000000000000001 0.6765625 0.5 0.6765625 0.6093750000000001 0.73125 0.6093750000000002
1 0.8015625 0.6078125000000002 0.74375 0.6078125000000002 0.74375 0.6671875000000002 0.8015625 0.6671875000000002
1 0.765625 0.4437500000000001 0.70625 0.44375 0.70625 0.5250000000000001 0.765625 0.5250000000000001
1 0.8703125 0.7906250000000001 0.8140625 0.7906250000000001 0.8140625 0.85625 0.8703125 0.85625
1 0.5734375 0.459375 0.5046875 0.459375 0.5046875 0.55 0.5734375 0.55
1 0.32500000000000007 0.39375 0.2250000000000001 0.39375 0.2250000000000001 0.5125 0.32500000000000007 0.5125
1 0.5484375000000001 0.75 0.49218750000000017 0.75 0.49218750000000017 0.840625 0.5484375000000001 0.840625
1 0.421875 0.4078125 0.3703125000000001 0.4078125 0.3703125000000001 0.5109375 0.421875 0.5109375
1 0.646875 0.4875 0.5796875 0.4875 0.5796875 0.5625 0.646875 0.5625
1 0.515625 0.12187500000000004 0.4203125 0.12187500000000004 0.4203125 0.2531250000000001 0.515625 0.2531250000000001
1 0.5828125000000001 0.6859375 0.5203125 0.6859375 0.5203125000000001 0.7765625 0.5828125000000002 0.7765625
1 0.721875 0.69375 0.65625 0.69375 0.6562500000000001 0.76875 0.7218750000000002 0.76875
1 0.7578125000000002 0.76875 0.6781250000000002 0.76875 0.6781250000000002 0.8984375 0.7578125000000002 0.8984375
1 0.73125 0.3921875000000001 0.6796875 0.3921875000000001 0.6796875 0.4828125000000001 0.73125 0.4828125000000002
1 0.39531250000000007 0.6765625 0.3343750000000001 0.6765625 0.3343750000000001 0.7828125 0.39531250000000007 0.7828125
1 0.228125 0.029687500000000026 0.140625 0.029687500000000023 0.140625 0.14687500000000003 0.228125 0.14687500000000003
1 0.29375000000000007 0.7203125 0.17968750000000008 0.7203125 0.17968750000000008 0.86875 0.29375000000000007 0.86875
1 0.6890625 0.540625 0.6171875 0.540625 0.6171875 0.634375 0.6890625 0.634375
1 0.23593750000000005 0.3265625 0.15312500000000004 0.3265625 0.15312500000000004 0.446875 0.23593750000000008 0.446875
1 0.6 0.528125 0.525 0.528125 0.525 0.6234375 0.6 0.6234375
1 0.6765625000000002 0.8640625 0.6375000000000002 0.8640625 0.6375000000000002 0.9609375 0.6765625000000002 0.9609375
1 0.3015625 0.06562500000000003 0.2171875 0.06562500000000002 0.2171875 0.17187500000000006 0.3015625 0.17187500000000006
1 0.75 0.1281250000000001 0.703125 0.1281250000000001 0.703125 0.2375000000000001 0.75 0.2375000000000001
1 0.39375 0.12031250000000004 0.321875 0.12031250000000004 0.321875 0.23593750000000005 0.39375 0.23593750000000008
1 0.2500000000000001 0.6703125 0.1750000000000001 0.6703125 0.1750000000000001 0.753125 0.2500000000000001 0.753125
1 0.33593750000000006 0.309375 0.253125 0.309375 0.25312500000000004 0.4328125 0.3359375000000001 0.4328125
1 0.44375 0.30937500000000007 0.38125 0.30937500000000007 0.38125000000000003 0.4265625 0.44375 0.4265625
1 0.1859375000000001 0.671875 0.11250000000000009 0.671875 0.11250000000000009 0.7609375 0.1859375000000001 0.7609375
1 0.765625 0.3421875000000001 0.7125 0.3421875000000001 0.7125 0.4203125000000001 0.765625 0.4203125000000002
1 0.34843750000000007 0.671875 0.2656250000000001 0.671875 0.2656250000000001 0.7859375 0.34843750000000007 0.7859375
1 0.5531250000000002 0.8296875 0.4703125000000002 0.8296875 0.4703125000000002 0.946875 0.5531250000000002 0.946875
1 0.828125 0.3343750000000001 0.7625 0.3343750000000001 0.7625 0.44843750000000016 0.828125 0.44843750000000016
1 0.3859375000000001 0.771875 0.2468750000000001 0.771875 0.2468750000000001 0.9359375 0.3859375000000001 0.9359375
1 0.6812500000000001 0.71875 0.6078125 0.71875 0.6078125000000001 0.84375 0.6812500000000001 0.84375
1 0.6515625000000002 0.80625 0.5906250000000002 0.80625 0.5906250000000002 0.9421875 0.6515625000000002 0.9421875
1 0.26093750000000004 0.309375 0.209375 0.309375 0.20937500000000003 0.3890625 0.2609375000000001 0.3890625
1 0.896875 0.7093750000000002 0.8125 0.7093750000000002 0.8125 0.8 0.896875 0.8
1 0.7875 0.5125000000000002 0.7453125 0.5125000000000002 0.7453125 0.5656250000000002 0.7875 0.5656250000000002
1 0.7453125000000002 0.8359375 0.6625000000000002 0.8359375 0.6625000000000002 0.975 0.7453125000000002 0.975
1 0.6109375 0.3781250000000001 0.5421875 0.3781250000000001 0.5421875 0.5015625 0.6109375 0.5015625
1 0.47968750000000016 0.8078125 0.3859375000000001 0.8078125 0.3859375000000001 0.9734375 0.47968750000000016 0.9734375
1 0.1937500000000001 0.7578125 0.11718750000000008 0.7578125 0.11718750000000008 0.90625 0.1937500000000001 0.90625
1 0.4468750000000001 0.6796875 0.3890625000000001 0.6796875 0.3890625000000001 0.8109375 0.4468750000000002 0.8109375
1 0.7984375 0.1593750000000001 0.715625 0.1593750000000001 0.715625 0.3078125000000001 0.7984375 0.3078125000000001
1 0.6265625000000001 0.75625 0.5484375000000001 0.75625 0.5484375000000001 0.8765625 0.6265625000000001 0.8765625
1 0.4828125 0.3546875000000001 0.4125 0.3546875000000001 0.4125 0.4953125 0.4828125 0.4953125
1 0.865625 0.834375 0.7968750000000002 0.834375 0.7968750000000002 1 0.865625 1
1 0.503125 0.7 0.4203125 0.7 0.4203125000000001 0.8359375 0.5031250000000002 0.8359375
1 0.38750000000000007 0.31093750000000003 0.3171875 0.3109375 0.31718750000000007 0.446875 0.38750000000000007 0.446875
1 0.6703125 0.13281250000000008 0.603125 0.13281250000000008 0.603125 0.2593750000000001 0.6703125 0.2593750000000001
1 0.715625 0.07812500000000008 0.6546875 0.07812500000000008 0.6546875 0.2156250000000001 0.715625 0.2156250000000001
1 0.6953125 0.39531250000000007 0.63125 0.39531250000000007 0.63125 0.534375 0.6953125 0.534375
1 0.9234375 0.4781250000000002 0.8640625 0.4781250000000002 0.8640625 0.5750000000000002 0.9234375 0.5750000000000002
1 0.875 0.4515625000000002 0.821875 0.4515625000000002 0.821875 0.5250000000000001 0.875 0.5250000000000001
1 0.5953125000000001 0.8453125 0.5468750000000002 0.8453125 0.5468750000000002 0.9375 0.5953125000000001 0.9375
1 0.8890625 0.93125 0.8546875 0.93125 0.8546875 0.9890625 0.8890625 0.9890625
1 0.359375 0.050000000000000044 0.2765625 0.050000000000000044 0.2765625 0.16093750000000004 0.359375 0.16093750000000004
1 0.4156250000000002 0.7484375 0.3656250000000001 0.7484375 0.3656250000000001 0.8359375 0.4156250000000002 0.8359375
1 0.51875 0.3921875000000001 0.4640625 0.3921875000000001 0.4640625 0.4953125 0.51875 0.4953125
1 0.653125 0.1921875000000001 0.5796875 0.1921875000000001 0.5796875 0.3281250000000001 0.653125 0.3281250000000001
1 0.584375 0.2531250000000001 0.5390625 0.2531250000000001 0.5390625 0.3390625000000001 0.584375 0.3390625000000001
1 0.2531250000000001 0.84375 0.2062500000000001 0.84375 0.2062500000000001 0.9 0.2531250000000001 0.9
1 0.8828125 0.33281250000000007 0.815625 0.33281250000000007 0.815625 0.4515625000000002 0.8828125 0.4515625000000002
1 0.6390625 0.434375 0.6046875 0.434375 0.6046875 0.4953125 0.6390625 0.4953125
1 0.59375 0.17500000000000007 0.5140625 0.17500000000000004 0.5140625 0.2828125000000001 0.59375 0.2828125000000001
1 0.4015625 0.018750000000000044 0.325 0.018750000000000037 0.325 0.07968750000000005 0.4015625 0.07968750000000005
1 0.478125 0.025000000000000057 0.415625 0.025000000000000057 0.415625 0.13281250000000006 0.478125 0.13281250000000006
1 0.5515625 0.3109375000000001 0.4984375 0.3109375000000001 0.4984375 0.4265625 0.5515625 0.4265625
1 0.659375 0.05781250000000008 0.5734375 0.057812500000000065 0.5734375 0.17968750000000008 0.659375 0.17968750000000008
1 0.690625 0.03906250000000008 0.646875 0.039062500000000076 0.646875 0.0984375000000001 0.690625 0.0984375000000001
1 0.775 0.04218750000000009 0.715625 0.042187500000000086 0.715625 0.10000000000000009 0.775 0.10000000000000009
1 0.18437500000000004 0.3078125 0.11718750000000004 0.3078125 0.11718750000000004 0.428125 0.18437500000000004 0.428125
1 0.53125 0.11562500000000005 0.503125 0.11562500000000005 0.503125 0.18125000000000005 0.53125 0.18125000000000005
1 0.640625 0.3375000000000001 0.578125 0.3375000000000001 0.578125 0.446875 0.640625 0.446875
1 0.5265625 0.02812500000000006 0.46875 0.028125000000000056 0.46875 0.12343750000000005 0.5265625 0.12343750000000005
1 0.5875000000000001 0.9515625 0.5359375000000002 0.9515625 0.5359375000000002 1 0.5875000000000001 1
1 0.8234375 0.0515625000000001 0.7484375 0.05156250000000009 0.7484375 0.16562500000000008 0.8234375 0.16562500000000008
1 0.3328125 0.014062500000000033 0.2390625 0.014062500000000028 0.2390625 0.07343750000000003 0.3328125 0.07343750000000004
1 0.21875 0.009375000000000022 0.1421875 0.009375000000000017 0.1421875 0.051562500000000025 0.21875 0.051562500000000025
1 0.26875 0.01250000000000003 0.2078125 0.012500000000000028 0.2078125 0.06093750000000002 0.26875 0.06093750000000002
1 0.2078125000000001 0.7515625 0.17343750000000008 0.7515625 0.17343750000000008 0.84375 0.2078125000000001 0.84375
1 0.575 0.03125000000000007 0.5203125 0.03125000000000007 0.5203125 0.17812500000000006 0.575 0.1781250000000001
1 0.625 0.03281250000000007 0.553125 0.032812500000000064 0.553125 0.09218750000000006 0.625 0.09218750000000006
1 0.65 0.03593750000000008 0.6109375 0.03593750000000008 0.6109375 0.07500000000000008 0.65 0.0750000000000001
1 0.5078125000000001 0.6734375 0.4453125 0.6734375 0.4453125000000001 0.765625 0.5078125000000002 0.765625