1 0.32343750000000004 0.34375 0.2296875 0.34375 0.22968750000000004 0.4515625 0.3234375000000001 0.4515625
1 0.4078125 0.4328125 0.3140625000000001 0.4328125 0.3140625000000001 0.5328125 0.4078125 0.5328125
1 0.3234375 0.2375 0.23125 0.2375 0.23125 0.346875 0.3234375 0.346875
1 0.1937500000000001 0.571875 0.12656250000000008 0.571875 0.12656250000000008 0.7015625 0.1937500000000001 0.7015625
1 0.3265625 0.06718750000000004 0.246875 0.06718750000000002 0.246875 0.18281250000000004 0.3265625 0.18281250000000004
1 0.4953125 0.05156250000000005 0.4328125 0.051562500000000046 0.4328125 0.15625000000000006 0.4953125 0.15625000000000006
1 0.24062500000000003 0.271875 0.16875000000000004 0.271875 0.16875000000000004 0.4046875 0.2406250000000001 0.4046875
1 0.5875 0.4234375 0.5125 0.4234375 0.5125 0.534375 0.5875 0.534375
1 0.3656250000000001 0.796875 0.2921875000000001 0.796875 0.2921875000000001 0.896875 0.3656250000000001 0.896875
1 0.4265625 0.05625000000000004 0.3640625 0.05625000000000004 0.3640625 0.17031250000000003 0.4265625 0.17031250000000003
1 0.4625 0.3531250000000001 0.3859375 0.3531250000000001 0.38593750000000004 0.4609375 0.4625 0.4609375
1 0.528125 0.4109375 0.45625 0.4109375 0.45625 0.51875 0.528125 0.51875
1 0.38906250000000003 0.28437500000000004 0.3421875 0.284375 0.34218750000000003 0.4171875 0.3890625000000001 0.4171875
1 0.59375 0.32500000000000007 0.515625 0.32500000000000007 0.515625 0.4359375 0.59375 0.4359375
1 0.18906250000000008 0.66875 0.11875000000000009 0.66875 0.11875000000000009 0.759375 0.18906250000000008 0.759375
1 0.2562500000000001 0.5515625 0.1906250000000001 0.5515625 0.1906250000000001 0.74375 0.2562500000000001 0.74375
1 0.6546875 0.3984375000000001 0.5859375 0.3984375000000001 0.5859375 0.4671875 0.6546875 0.4671875
1 0.5000000000000002 0.7828125 0.4265625000000002 0.7828125 0.4265625000000002 0.896875 0.5000000000000002 0.896875
1 0.5640625 0.057812500000000065 0.5 0.057812500000000065 0.5 0.15625000000000006 0.5640625 0.15625000000000008
1 0.2453125000000001 0.453125 0.17968750000000006 0.453125 0.17968750000000006 0.5234375 0.2453125000000001 0.5234375
1 0.7109375 0.31718750000000007 0.6515625 0.31718750000000007 0.6515625 0.4046875 0.7109375 0.4046875
1 0.7109375 0.050000000000000086 0.646875 0.050000000000000086 0.646875 0.14062500000000008 0.7109375 0.14062500000000008
1 0.271875 0.0015625000000000298 0.215625 0.0015625000000000263 0.215625 0.12343750000000005 0.271875 0.12343750000000005
1 0.6656250000000001 0.778125 0.5937500000000002 0.778125 0.5937500000000002 0.871875 0.6656250000000001 0.871875
1 0.19687500000000005 0.30625 0.13750000000000004 0.30625 0.13750000000000004 0.4125 0.19687500000000005 0.4125
1 0.5156250000000001 0.6796875 0.4375 0.6796875 0.4375000000000001 0.79375 0.5156250000000002 0.79375
1 0.6484375 0.08437500000000007 0.59375 0.08437500000000006 0.59375 0.18906250000000008 0.6484375 0.18906250000000008
1 0.7828125 0.5843750000000001 0.7078125 0.584375 0.7078125 0.6703125000000001 0.7828125 0.6703125000000002
1 0.5015625 0.5875 0.4265625 0.5875 0.4265625 0.696875 0.5015625 0.696875
1 0.8484375 0.7765625000000002 0.7984375000000001 0.7765625000000002 0.7984375000000001 0.878125 0.8484375 0.878125
1 0.3359375 0.0015625000000000372 0.271875 0.0015625000000000333 0.271875 0.11875000000000005 0.3359375 0.11875000000000005
1 0.3109375000000001 0.6671875 0.2531250000000001 0.6671875 0.2531250000000001 0.846875 0.3109375000000001 0.846875
1 0.7546875 0.06406250000000009 0.7078125 0.06406250000000009 0.7078125 0.15625000000000008 0.7546875 0.15625000000000008
1 0.5796875 0.0046875000000000675 0.521875 0.004687500000000064 0.521875 0.09375000000000007 0.5796875 0.09375000000000007
1 0.37187500000000007 0.6359375 0.30937500000000007 0.6359375 0.30937500000000007 0.8 0.37187500000000007 0.8
1 0.3796875 0.0015625000000000435 0.328125 0.0015625000000000402 0.328125 0.12812500000000004 0.3796875 0.12812500000000004
1 0.2390625000000001 0.9359375 0.18437500000000012 0.9359375 0.18437500000000012 1 0.2390625000000001 1
1 0.78125 0.4734375000000002 0.7296875 0.4734375000000002 0.7296875 0.5390625000000002 0.78125 0.5390625000000002
1 0.8921875 0.925 0.825 0.925 0.825 1 0.8921875 1
1 0.36875 0.25625000000000003 0.3171875 0.25625 0.31718750000000007 0.37343750000000003 0.3687500000000001 0.3734375000000001
1 0.7328125 0.4093750000000001 0.68125 0.409375 0.68125 0.4765625000000001 0.7328125 0.47656250000000017
1 0.7625000000000002 0.9421875 0.7031250000000002 0.9421875 0.7031250000000002 1 0.7625000000000002 1
1 0.4140625000000001 0.6671875 0.36406250000000007 0.6671875 0.36406250000000007 0.7953125 0.41406250000000017 0.7953125
1 0.428125 0.5890625 0.37187500000000007 0.5890625 0.37187500000000007 0.6765625 0.428125 0.6765625
1 0.6828125 0.6953125 0.61875 0.6953125 0.6187500000000001 0.809375 0.6828125000000002 0.809375
1 0.740625 0.24375000000000008 0.6890625 0.24375000000000008 0.6890625 0.3390625000000001 0.740625 0.3390625000000001
1 0.8078125 9.62495843704873e-17 0.7640625 9.357066949735246e-17 0.7640625 0.06875000000000009 0.8078125 0.06875000000000009
1 0.621875 0.2484375000000001 0.5640625 0.2484375000000001 0.5640625 0.3375000000000001 0.621875 0.3375000000000001
1 0.434375 4.965560068417785e-17 0.3765625 4.6115606030392526e-17 0.3765625 0.06250000000000004 0.434375 0.06250000000000004
1 0.3078125000000001 0.9390625 0.2375000000000001 0.9390625 0.2375000000000001 1 0.3078125000000001 1
1 0.640625 0.3031250000000001 0.596875 0.3031250000000001 0.596875 0.4 0.640625 0.4
1 0.6187500000000001 0.653125 0.559375 0.653125 0.5593750000000001 0.7859375 0.6187500000000001 0.7859375
1 0.50625 5.87447761465996e-17 0.453125 5.5491808086364444e-17 0.453125 0.05937500000000005 0.50625 0.05937500000000007
1 0.7140625 0.590625 0.6421875 0.590625 0.6421875 0.715625 0.7140625 0.715625
1 0.471875 0.2515625000000001 0.4078125 0.2515625000000001 0.4078125 0.3687500000000001 0.471875 0.3687500000000001
1 0.5125 0.34062500000000007 0.459375 0.34062500000000007 0.459375 0.4234375 0.5125 0.4234375
1 0.5859375000000002 0.9390625 0.5218750000000002 0.9390625 0.5218750000000002 1 0.5859375000000002 1
1 0.7421875000000001 0.6546875000000001 0.675 0.6546875 0.675 0.815625 0.7421875000000002 0.815625
1 0.5421875000000002 0.734375 0.4984375000000002 0.734375 0.4984375000000002 0.8703125 0.5421875000000002 0.8703125
1 0.6265625 0.03437500000000007 0.58125 0.034375000000000065 0.58125 0.10312500000000009 0.6265625 0.10312500000000009
1 0.7937500000000001 0.7000000000000002 0.7359375 0.7000000000000002 0.7359375000000001 0.803125 0.7937500000000002 0.803125
1 0.2953125000000001 0.590625 0.2578125000000001 0.590625 0.2578125000000001 0.6765625 0.2953125000000001 0.6765625
1 0.5625 0.5890625 0.5140625 0.5890625 0.5140625 0.7234375 0.5625 0.7234375
1 0.3843750000000001 0.9375 0.3343750000000001 0.9375 0.3343750000000001 1 0.3843750000000001 1
1 0.4281250000000002 0.9328125 0.3828125000000001 0.9328125 0.3828125000000001 1 0.4281250000000002 1
1 0.6484375 0.6265625 0.596875 0.6265625 0.596875 0.7125 0.6484375 0.7125
1 0.5218750000000002 0.934375 0.4703125000000002 0.934375 0.4703125000000002 1 0.5218750000000002 1
1 0.5859375000000002 0.7359375 0.5421875000000002 0.7359375 0.5421875000000002 0.8375 0.5859375000000002 0.8375
1 0.5359375 0.2812500000000001 0.49375 0.2812500000000001 0.49375 0.3687500000000001 0.5359375 0.3687500000000001
1 0.6140625 0.5890625 0.5640625 0.5890625 0.5640625 0.6546875 0.6140625 0.6546875
1 0.5015625 0.2468750000000001 0.446875 0.2468750000000001 0.446875 0.3390625000000001 0.5015625 0.3390625000000001
1 0.671875 0.12343750000000009 0.634375 0.12343750000000009 0.634375 0.18750000000000008 0.671875 0.18750000000000008
1 0.665625 0.02343750000000008 0.6265625 0.023437500000000076 0.6265625 0.08906250000000007 0.665625 0.08906250000000009
1 0.6640625 0.2687500000000001 0.6203125 0.2687500000000001 0.6203125 0.3468750000000001 0.6640625 0.3468750000000001
1 0.6984375000000002 0.83125 0.6625000000000002 0.83125 0.6625000000000002 0.8921875 0.6984375000000002 0.8921875
1 0.6703125 0.5859375 0.615625 0.5859375 0.615625 0.653125 0.6703125 0.653125
1 0.8390625 0.7046875000000001 0.7953125 0.7046875000000001 0.7953125000000001 0.7625000000000002 0.8390625 0.7625000000000002
1 0.7000000000000002 0.9484375 0.6531250000000002 0.9484375 0.6531250000000002 1 0.7000000000000002 1
1 0.4296875 0.2562500000000001 0.3890625 0.2562500000000001 0.38906250000000003 0.3734375000000001 0.4296875 0.3734375000000001
1 0.8796875 0.07656250000000012 0.8203125 0.07656250000000012 0.8203125 0.15000000000000008 0.8796875 0.15000000000000008
1 0.8140625 0.7046875000000001 0.7671875 0.7046875000000001 0.7671875000000001 0.7687500000000002 0.8140625 0.7687500000000002
1 0.565625 0.2531250000000001 0.5296875 0.2531250000000001 0.5296875 0.3187500000000001 0.565625 0.3187500000000001
1 0.47187500000000016 0.940625 0.4234375000000002 0.940625 0.4234375000000002 1 0.47187500000000016 1
1 0.6625 7.816690897682716e-17 0.6140625 7.520096751014216e-17 0.6140625 0.04062500000000008 0.6625 0.04062500000000008
1 0.6125 7.26177281681907e-17 0.5734375 7.022583988860603e-17 0.5734375 0.04687500000000007 0.6125 0.046875000000000076
1 0.3578125000000001 0.5890625 0.3265625000000001 0.5890625 0.3265625000000001 0.6375 0.3578125000000001 0.6375