1 0.49375 0.045312500000000054 0.4328125 0.045312500000000054 0.4328125 0.17187500000000006 0.49375 0.17187500000000006
1 0.4484375 0.003125000000000052 0.39375 0.0031250000000000487 0.39375 0.11250000000000004 0.4484375 0.11250000000000004
1 0.6015625 7.070421754452296e-17 0.553125 6.773827607783798e-17 0.553125 0.10937500000000008 0.6015625 0.10937500000000008
1 0.2421875 0.08750000000000002 0.2 0.08750000000000002 0.2 0.17343750000000005 0.2421875 0.17343750000000005
1 0.653125 0.615625 0.6109375 0.615625 0.6109375 0.7015625 0.653125 0.7015625
1 0.7156250000000001 0.678125 0.66875 0.678125 0.6687500000000001 0.759375 0.7156250000000002 0.759375
1 0.425 0.07812500000000004 0.378125 0.07812500000000004 0.378125 0.18750000000000006 0.425 0.18750000000000006
1 0.315625 0.17968750000000006 0.2625 0.17968750000000006 0.2625 0.275 0.315625 0.275
1 0.6218750000000001 0.61875 0.5703125 0.61875 0.5703125000000001 0.728125 0.6218750000000002 0.728125
1 0.215625 0.07187500000000002 0.1796875 0.07187500000000002 0.1796875 0.1375 0.215625 0.13750000000000004
1 0.5375000000000001 0.690625 0.4859375 0.690625 0.4859375000000001 0.79375 0.5375000000000002 0.79375
1 0.340625 0.2203125 0.303125 0.2203125 0.303125 0.2921875 0.340625 0.2921875
1 0.6859375 0.6375 0.6453125 0.6375 0.6453125 0.709375 0.6859375 0.709375
1 0.4375 0.625 0.4 0.625 0.4 0.7125 0.4375 0.7125
1 0.396875 4.439344646909155e-17 0.328125 4.0183723097022526e-17 0.328125 0.09062500000000004 0.396875 0.09062500000000004
1 0.721875 0.2828125000000001 0.6703125 0.2828125000000001 0.6703125 0.3656250000000001 0.721875 0.3656250000000001
1 0.56875 0.11718750000000007 0.5203125 0.11718750000000004 0.5203125 0.2250000000000001 0.56875 0.2250000000000001
1 0.675 0.6953125 0.6015625 0.6953125 0.6015625000000001 0.8171875 0.6750000000000002 0.8171875
1 0.5765625 0.2890625000000001 0.509375 0.2890625000000001 0.509375 0.3921875000000001 0.5765625 0.3921875000000001
1 0.2421875 0.17031250000000003 0.1671875 0.1703125 0.16718750000000002 0.2625 0.2421875 0.2625
1 0.528125 0.6 0.484375 0.6 0.484375 0.6984375 0.528125 0.6984375
1 0.8359375 0.6796875000000002 0.7765625 0.6796875000000002 0.7765625 0.7609375000000002 0.8359375 0.7609375000000002
1 0.4843750000000001 0.671875 0.4203125 0.671875 0.4203125000000001 0.79375 0.48437500000000017 0.79375
1 0.53125 0.07968750000000006 0.4828125 0.07968750000000006 0.4828125 0.21093750000000008 0.53125 0.21093750000000008
1 0.7093750000000002 0.7734375 0.6390625000000002 0.7734375 0.6390625000000002 0.8828125 0.7093750000000002 0.8828125
1 0.6609375 0.27031250000000007 0.60625 0.27031250000000007 0.60625 0.35625000000000007 0.6609375 0.35625000000000007
1 0.6171875 0.3296875000000001 0.5765625 0.3296875000000001 0.5765625 0.3921875000000001 0.6171875 0.3921875000000001
1 0.578125 0.3812500000000001 0.5109375 0.3812500000000001 0.5109375 0.471875 0.578125 0.471875
1 0.5546875 6.515503673588654e-17 0.509375 6.23804463315683e-17 0.509375 0.09375000000000007 0.5546875 0.09375000000000007
1 0.384375 0.17187500000000006 0.3234375 0.17187500000000006 0.3234375 0.25625000000000003 0.384375 0.2562500000000001
1 0.6734375 0.08750000000000008 0.621875 0.08750000000000006 0.621875 0.1671875000000001 0.6734375 0.1671875000000001
1 0.2953125 0.10468750000000004 0.2234375 0.10468750000000004 0.2234375 0.2140625 0.2953125 0.2140625
1 0.5781250000000001 0.61875 0.5234375 0.61875 0.5234375000000001 0.7578125 0.5781250000000002 0.7578125
1 0.384375 0.06875000000000005 0.3046875 0.06875000000000005 0.3046875 0.18125000000000005 0.384375 0.18125000000000005
1 0.7109375 0.6171875 0.6734375 0.6171875 0.6734375 0.6671875 0.7109375 0.6671875
1 0.846875 0.1843750000000001 0.80625 0.1843750000000001 0.80625 0.2531250000000001 0.846875 0.2531250000000001
1 0.403125 0.625 0.3312500000000001 0.625 0.3312500000000001 0.7171875 0.403125 0.7171875
1 0.8015625 0.6078125000000001 0.725 0.6078125 0.725 0.6875000000000001 0.8015625 0.6875000000000002
1 0.4921875 0.640625 0.4625 0.640625 0.4625 0.7078125 0.4921875 0.7078125
1 0.675 7.86452866327441e-17 0.609375 7.462691432304184e-17 0.609375 0.08281250000000008 0.675 0.0828125000000001
1 0.821875 0.2828125000000001 0.7640625 0.2828125000000001 0.7640625 0.3625000000000001 0.821875 0.3625000000000001
1 0.3765625 0.35781250000000003 0.290625 0.3578125 0.290625 0.4375 0.3765625000000001 0.4375
1 0.5203125 0.33281250000000007 0.48125 0.33281250000000007 0.48125 0.4265625 0.5203125 0.4265625
1 0.2140625000000001 0.440625 0.14843750000000006 0.440625 0.14843750000000006 0.515625 0.2140625000000001 0.515625
1 0.428125 0.3687500000000001 0.37187500000000007 0.3687500000000001 0.37187500000000007 0.478125 0.428125 0.478125
1 0.4859375 0.16250000000000003 0.428125 0.16250000000000003 0.428125 0.2906250000000001 0.4859375 0.2906250000000001
1 0.525 0.39531250000000007 0.459375 0.39531250000000007 0.459375 0.525 0.525 0.525
1 0.7796875000000001 0.6859375000000001 0.70625 0.6859375 0.70625 0.7828125000000001 0.7796875000000002 0.7828125000000001
1 0.7406250000000002 0.9828125 0.6968750000000001 0.9828125 0.6968750000000001 1 0.7406250000000002 1
1 0.3625000000000001 0.7484375 0.2671875000000001 0.7484375 0.2671875000000001 0.84375 0.3625000000000001 0.84375
1 0.4859375 0.29375000000000007 0.4078125 0.29375000000000007 0.4078125 0.38750000000000007 0.4859375 0.38750000000000007
1 0.3437500000000001 0.45 0.2687500000000001 0.45 0.2687500000000001 0.5828125 0.3437500000000001 0.5828125
1 0.5953125000000001 0.7828125 0.5453125000000002 0.7828125 0.5453125000000002 0.896875 0.5953125000000001 0.896875
1 0.409375 0.4328125 0.32500000000000007 0.4328125 0.32500000000000007 0.5578125 0.409375 0.5578125
1 0.3609375000000001 0.8359375 0.2734375000000001 0.8359375 0.2734375000000001 0.9609375 0.3609375000000001 0.9609375
1 0.40625 0.290625 0.334375 0.290625 0.33437500000000003 0.37968750000000007 0.40625 0.37968750000000007
1 0.6796875 0.3234375000000001 0.64375 0.3234375000000001 0.64375 0.3859375000000001 0.6796875 0.3859375000000001
1 0.8359375 0.978125 0.7906250000000001 0.978125 0.7906250000000001 1 0.8359375 1
1 0.7890625000000002 0.978125 0.7484375000000002 0.978125 0.7484375000000002 1 0.7890625000000002 1
1 0.41875000000000007 0.7125 0.3421875000000001 0.7125 0.3421875000000001 0.7953125 0.4187500000000002 0.7953125
1 0.3421875000000001 0.659375 0.27031250000000007 0.659375 0.27031250000000007 0.76875 0.3421875000000001 0.76875
1 0.2578125000000001 0.80625 0.15625000000000008 0.80625 0.1562500000000001 0.91875 0.2578125000000001 0.91875
1 0.465625 0.4109375 0.41875 0.4109375 0.41875 0.5453125 0.465625 0.5453125
1 0.2953125000000001 0.3671875 0.21875000000000008 0.3671875 0.21875000000000008 0.4875 0.2953125000000001 0.4875
1 0.6203125 0.4484375 0.5828125 0.4484375 0.5828125 0.5078125 0.6203125 0.5078125
1 0.5171875000000001 0.7640625 0.4546875000000002 0.7640625 0.4546875000000002 0.953125 0.5171875000000001 0.953125
1 0.5109375 5.87447761465996e-17 0.4484375 5.4917754899264124e-17 0.4484375 0.07187500000000005 0.5109375 0.07187500000000006
1 0.321875 0.2703125 0.2109375 0.2703125 0.21093750000000006 0.3734375 0.3218750000000001 0.3734375
1 0.24062500000000003 0.30625 0.17656250000000004 0.30625 0.17656250000000004 0.409375 0.2406250000000001 0.409375
1 0.2687500000000001 0.89375 0.1859375000000001 0.89375 0.18593750000000012 0.9859375 0.2687500000000001 0.9859375
1 0.28593750000000007 0.6375 0.2156250000000001 0.6375 0.2156250000000001 0.75 0.28593750000000007 0.75
1 0.42500000000000016 0.796875 0.3609375000000001 0.796875 0.3609375000000001 0.9671875 0.42500000000000016 0.9671875
1 0.2687500000000001 0.7234375 0.1546875000000001 0.7234375 0.1546875000000001 0.8140625 0.2687500000000001 0.8140625
1 0.8265625 0.3593750000000001 0.7765625 0.3593750000000001 0.7765625 0.4046875000000002 0.8265625 0.4046875000000002
1 0.2296875000000001 0.6328125 0.1453125000000001 0.6328125 0.1453125000000001 0.7296875 0.2296875000000001 0.7296875
1 0.2328125 2.458861151413045e-17 0.16875 2.0665914735611586e-17 0.16875 0.08437500000000002 0.2328125 0.08437500000000002
1 0.709375 0.029687500000000082 0.675 0.02968750000000008 0.675 0.08750000000000009 0.709375 0.08750000000000009
1 0.6890625000000001 0.984375 0.6531250000000002 0.984375 0.6531250000000002 1 0.6890625000000001 1
1 0.2578125000000001 0.53125 0.17343750000000005 0.53125 0.17343750000000008 0.6140625 0.2578125000000001 0.6140625
1 0.2375000000000001 0.4046875 0.19687500000000005 0.4046875 0.19687500000000005 0.4859375 0.2375000000000001 0.4859375
1 0.778125 0.0015625000000000912 0.7125 0.0015625000000000875 0.7125 0.0750000000000001 0.778125 0.0750000000000001
1 0.7890625000000002 0.7812500000000002 0.7500000000000002 0.7812500000000002 0.7500000000000002 0.8375 0.7890625000000002 0.8375
1 0.325 0.001562500000000034 0.2328125 0.0015625000000000285 0.2328125 0.07812500000000003 0.325 0.07812500000000004
1 0.6093750000000001 0.715625 0.5609375 0.715625 0.5609375000000001 0.796875 0.6093750000000002 0.796875
1 0.740625 0.5078125000000001 0.6984375 0.5078125 0.6984375 0.5718750000000001 0.740625 0.5718750000000001
1 0.46093750000000017 0.74375 0.41406250000000017 0.74375 0.41406250000000017 0.9046875 0.46093750000000017 0.9046875
1 0.6328125000000002 0.7625 0.5984375000000002 0.7625 0.5984375000000002 0.821875 0.6328125000000002 0.821875
1 0.7125 0.08437500000000009 0.66875 0.08437500000000009 0.66875 0.1625000000000001 0.7125 0.1625000000000001
1 0.2843750000000001 0.803125 0.2562500000000001 0.803125 0.2562500000000001 0.8578125 0.2843750000000001 0.8578125
1 0.5843750000000002 0.9875 0.5593750000000002 0.9875 0.5593750000000002 1 0.5843750000000002 1