1 0.5734375 0.615625 0.5046875 0.615625 0.5046875 0.7234375 0.5734375 0.7234375
1 0.7890625000000001 0.6015625000000001 0.6890625 0.6015625 0.6890625000000001 0.8140625 0.7890625000000002 0.8140625
1 0.50625 0.6171875 0.446875 0.6171875 0.446875 0.721875 0.50625 0.721875
1 0.2734375000000001 0.7046875 0.2000000000000001 0.7046875 0.2000000000000001 0.796875 0.2734375000000001 0.796875
1 0.14843750000000006 0.4203125 0.10312500000000005 0.4203125 0.10312500000000005 0.4765625 0.14843750000000006 0.4765625
1 0.353125 0.08125000000000004 0.30625 0.08125000000000004 0.30625 0.16718750000000004 0.353125 0.16718750000000004
1 0.5515625000000001 0.70625 0.478125 0.70625 0.4781250000000001 0.8109375 0.5515625000000002 0.8109375
1 0.7421875 8.610797806504827e-17 0.6640625 8.132420150587893e-17 0.6640625 0.1359375000000001 0.7421875 0.1359375000000001
1 0.5328125 0.2218750000000001 0.4703125 0.2218750000000001 0.4703125 0.3312500000000001 0.5328125 0.3312500000000001
1 0.2593750000000001 0.6265625 0.20312500000000008 0.6265625 0.20312500000000008 0.7109375 0.2593750000000001 0.7109375
1 0.3125000000000001 0.6265625 0.2578125000000001 0.6265625 0.2578125000000001 0.715625 0.3125000000000001 0.715625
1 0.3515625 0.2125 0.2734375 0.2125 0.2734375 0.3296875 0.3515625 0.3296875
1 0.4046875000000001 0.6203125 0.3437500000000001 0.6203125 0.3437500000000001 0.7828125 0.4046875000000002 0.7828125
1 0.3000000000000001 0.4046875 0.22812500000000008 0.4046875 0.22812500000000008 0.5046875 0.3000000000000001 0.5046875
1 0.38593750000000004 0.30468750000000006 0.33125 0.3046875 0.33125000000000004 0.384375 0.3859375000000001 0.3843750000000001
1 0.3078125000000001 0.7984375 0.2609375000000001 0.7984375 0.2609375000000001 0.875 0.3078125000000001 0.875
1 0.475 0.2328125000000001 0.40625 0.2328125000000001 0.40625 0.3843750000000001 0.475 0.3843750000000001
1 0.6421875000000001 0.6140625 0.571875 0.6140625 0.5718750000000001 0.7328125 0.6421875000000001 0.7328125
1 0.4531250000000001 0.6375 0.4046875 0.6375 0.4046875000000001 0.759375 0.45312500000000017 0.759375
1 0.3781250000000001 0.384375 0.30156250000000007 0.384375 0.30156250000000007 0.5515625 0.3781250000000001 0.5515625
1 0.265625 2.812860616791577e-17 0.19375 2.3727531733479968e-17 0.19375 0.02500000000000003 0.265625 0.025000000000000033
1 0.740625 0.3187500000000001 0.6484375 0.3187500000000001 0.6484375 0.5406250000000001 0.740625 0.5406250000000001
1 0.6875000000000002 0.7421875 0.6328125000000002 0.7421875 0.6328125000000002 0.81875 0.6875000000000002 0.81875
1 0.42968750000000017 0.746875 0.3671875000000001 0.746875 0.3671875000000001 0.8703125 0.42968750000000017 0.8703125
1 0.23437500000000008 0.4703125 0.17343750000000005 0.4703125 0.17343750000000005 0.540625 0.23437500000000008 0.540625
1 0.7000000000000001 0.6125 0.6296875 0.6125 0.6296875000000001 0.7484375 0.7000000000000002 0.7484375
1 0.4703125 0.04531250000000005 0.38125 0.04531250000000005 0.38125 0.17500000000000004 0.4703125 0.17500000000000004
1 0.4125 0.23906250000000004 0.353125 0.2390625 0.353125 0.33125000000000004 0.4125 0.3312500000000001
1 0.7109375 0.2093750000000001 0.6203125 0.2093750000000001 0.6203125 0.3593750000000001 0.7109375 0.3593750000000001
1 0.26093750000000004 0.303125 0.19687500000000005 0.303125 0.19687500000000005 0.3984375 0.2609375000000001 0.3984375
1 0.6187500000000001 0.7078125 0.546875 0.7078125 0.5468750000000001 0.796875 0.6187500000000001 0.796875
1 0.26250000000000007 0.790625 0.1781250000000001 0.790625 0.1781250000000001 0.8984375 0.26250000000000007 0.8984375
1 0.7968750000000002 0.7640625000000002 0.7421875000000002 0.7640625000000002 0.7421875000000002 0.865625 0.7968750000000002 0.865625
1 0.3515625000000001 0.7078125 0.3046875000000001 0.7078125 0.3046875000000001 0.81875 0.3515625000000001 0.81875
1 0.33906250000000004 0.321875 0.2625 0.321875 0.26250000000000007 0.4109375 0.3390625000000001 0.4109375
1 0.17812500000000012 0.8734375 0.1375000000000001 0.8734375 0.13750000000000012 0.9484375 0.17812500000000014 0.9484375
1 0.3531250000000001 0.625 0.3078125000000001 0.625 0.3078125000000001 0.715625 0.3531250000000001 0.715625
1 0.13281250000000006 0.38125 0.08750000000000005 0.38125 0.08750000000000005 0.428125 0.13281250000000006 0.428125
1 0.7953125 0.2062500000000001 0.6890625 0.2062500000000001 0.6890625 0.3265625000000001 0.7953125 0.3265625000000001
1 0.3171875 3.4921568881936244e-17 0.253125 3.099887210341738e-17 0.253125 0.09687500000000003 0.3171875 0.09687500000000004
1 0.534375 0.3265625000000001 0.4609375 0.3265625000000001 0.4609375 0.415625 0.534375 0.415625
1 0.4671875 5.357829746269671e-17 0.4078125 4.9942627277728e-17 0.4078125 0.07343750000000006 0.4671875 0.07343750000000007
1 0.5859375000000002 0.7796875 0.5062500000000002 0.7796875 0.5062500000000002 0.878125 0.5859375000000002 0.878125
1 0.8046875 0.2875000000000001 0.734375 0.2875000000000001 0.734375 0.4156250000000002 0.8046875 0.4156250000000002
1 0.640625 0.4234375 0.5734375 0.4234375 0.5734375 0.553125 0.640625 0.553125
1 0.578125 0.3046875000000001 0.521875 0.3046875000000001 0.521875 0.37187500000000007 0.578125 0.37187500000000007
1 0.24218750000000006 0.3546875 0.15468750000000003 0.3546875 0.15468750000000003 0.465625 0.24218750000000008 0.465625
1 0.5796875 0.4640625 0.48125 0.4640625 0.48125 0.5765625 0.5796875 0.5765625
1 0.4890625 0.3968750000000001 0.3812500000000001 0.3968750000000001 0.3812500000000001 0.4984375 0.4890625 0.4984375
1 0.671875 0.29375000000000007 0.58125 0.29375000000000007 0.58125 0.43125 0.671875 0.43125
1 0.2453125 0.059375000000000025 0.16875 0.059375000000000025 0.16875 0.203125 0.2453125 0.203125
1 0.6375 7.328745688647442e-17 0.559375 6.850368032730508e-17 0.559375 0.043750000000000074 0.6375 0.04375000000000008
1 0.1515625 1.3394574365674177e-17 0.0671875 8.228095681771279e-18 0.0671875 0.04218750000000002 0.1515625 0.042187500000000024
1 0.2828125 0.225 0.2078125 0.225 0.2078125 0.3328125 0.2828125 0.3328125
1 0.93125 0.5218750000000002 0.840625 0.5218750000000002 0.840625 0.6437500000000002 0.93125 0.6437500000000002
1 0.671875 7.816690897682716e-17 0.6046875 7.405286113594152e-17 0.6046875 0.11250000000000009 0.671875 0.11250000000000009
1 0.6937500000000002 0.8125 0.5953125000000001 0.8125 0.5953125000000001 0.9875 0.6937500000000002 0.9875
1 0.5328125 0.006250000000000061 0.4625 0.006250000000000056 0.4625 0.12031250000000004 0.5328125 0.12031250000000004
1 0.6125 0.0015625000000000701 0.5328125 0.0015625000000000651 0.5328125 0.16562500000000008 0.6125 0.16562500000000008
1 0.821875 0.6140625000000002 0.7734375 0.6140625000000002 0.7734375000000001 0.7656250000000002 0.821875 0.7656250000000002
1 0.609375 0.2156250000000001 0.5390625 0.2156250000000001 0.5390625 0.3187500000000001 0.609375 0.3187500000000001
1 0.3000000000000001 0.9 0.2140625000000001 0.9 0.2140625000000001 0.9953125 0.3000000000000001 0.9953125
1 0.17031250000000003 0.3125 0.11250000000000004 0.3125 0.11250000000000004 0.40625 0.17031250000000003 0.40625
1 0.2609375 0.014062500000000028 0.2 0.014062500000000023 0.2 0.10312500000000005 0.2609375 0.10312500000000005
1 0.825 9.577120671457036e-17 0.7390625 9.050905249948406e-17 0.7390625 0.0578125000000001 0.825 0.057812500000000114
1 0.90625 0.1828125000000001 0.8203125 0.1828125000000001 0.8203125 0.2953125000000001 0.90625 0.2953125000000001
1 0.5640625 6.525071226706992e-17 0.5015625 6.142369101973443e-17 0.5015625 0.026562500000000065 0.5640625 0.026562500000000065
1 0.928125 0.6343750000000001 0.8484375 0.6343750000000001 0.8484375 0.7328125000000002 0.928125 0.7328125000000002
1 0.13281250000000006 0.21875 0.05312500000000002 0.21875 0.05312500000000003 0.3671875 0.13281250000000006 0.3671875
1 0.2640625000000001 0.865625 0.2156250000000001 0.865625 0.2156250000000001 0.9265625 0.2640625000000001 0.9265625
1 0.5109375 5.893612720896637e-17 0.4515625 5.5300457023997667e-17 0.4515625 0.02968750000000006 0.5109375 0.029687500000000068
1 0.59375 0.3578125000000001 0.4953125 0.3578125000000001 0.4953125 0.4734375 0.59375 0.4734375
1 0.4125 4.448912200027494e-17 0.3140625 3.846156353572156e-17 0.3140625 0.11875000000000005 0.4125 0.11875000000000005