1 0.38125000000000003 0.30000000000000004 0.2515625 0.3 0.2515625 0.4046875 0.3812500000000001 0.4046875
1 0.546875 0.2921875000000001 0.4140625 0.2921875000000001 0.4140625 0.3781250000000001 0.546875 0.3781250000000001
1 0.4640625 0.446875 0.3750000000000001 0.446875 0.3750000000000001 0.4828125 0.4640625 0.4828125
1 0.5828125 0.4796875 0.4890625 0.4796875 0.4890625 0.53125 0.5828125 0.53125
1 0.31718750000000007 0.6953125 0.12031250000000009 0.6953125 0.12031250000000009 0.8125 0.31718750000000007 0.8125
1 0.1843750000000001 0.609375 0.010937500000000076 0.609375 0.010937500000000083 0.7265625 0.1843750000000001 0.7265625
1 0.3109375000000001 0.46875 0.2375000000000001 0.46875 0.2375000000000001 0.5109375 0.3109375000000001 0.5109375
1 0.32500000000000007 0.5078125 0.2390625000000001 0.5078125 0.2390625000000001 0.578125 0.32500000000000007 0.578125
1 0.5203125 0.559375 0.4296875 0.559375 0.4296875 0.6140625 0.5203125 0.6140625
1 0.925 0.5546875000000002 0.7734375 0.5546875000000002 0.7734375 0.6218750000000002 0.925 0.6218750000000002
1 0.934375 0.6453125000000002 0.8234375 0.6453125000000002 0.8234375 0.7250000000000002 0.934375 0.7250000000000002
1 0.9203125 0.4000000000000002 0.7953125 0.4000000000000002 0.7953125 0.4968750000000002 0.9203125 0.4968750000000002
1 0.784375 0.3218750000000001 0.6109375 0.3218750000000001 0.6109375 0.4078125000000001 0.784375 0.4078125000000002
1 0.790625 0.4000000000000001 0.6703125 0.4 0.6703125 0.4593750000000001 0.790625 0.4593750000000002
1 0.8453125 0.21093750000000008 0.740625 0.21093750000000008 0.740625 0.2812500000000001 0.8453125 0.2812500000000001
1 0.778125 0.18906250000000008 0.715625 0.18906250000000008 0.715625 0.2390625000000001 0.778125 0.2390625000000001
1 0.5546875 0.22812500000000008 0.4265625 0.22812500000000008 0.4265625 0.29375000000000007 0.5546875 0.29375000000000007
1 0.5984375000000001 0.71875 0.428125 0.71875 0.4281250000000001 0.8125 0.5984375000000002 0.8125
1 0.646875 0.621875 0.55625 0.621875 0.55625 0.709375 0.646875 0.709375
1 0.5703125 0.60625 0.41875 0.60625 0.41875 0.6734375 0.5703125 0.6734375
1 0.5515625 0.409375 0.45 0.409375 0.45 0.4546875 0.5515625 0.4546875
1 0.5421875 0.4453125 0.453125 0.4453125 0.453125 0.478125 0.5421875 0.478125
1 0.5390625 0.3687500000000001 0.4671875 0.3687500000000001 0.4671875 0.4125 0.5390625 0.4125
1 0.475 0.34062500000000007 0.375 0.34062500000000007 0.37500000000000006 0.4265625 0.475 0.4265625
1 0.271875 0.3171875 0.2265625 0.3171875 0.2265625 0.3625 0.271875 0.3625
1 0.25781250000000006 0.33125 0.16875000000000004 0.33125 0.16875000000000004 0.3859375 0.2578125000000001 0.3859375
1 0.20937500000000003 0.3578125 0.11406250000000004 0.3578125 0.11406250000000004 0.4359375 0.2093750000000001 0.4359375
1 0.3625000000000001 0.41875 0.19687500000000005 0.41875 0.19687500000000005 0.4828125 0.3625000000000001 0.4828125
1 0.16093750000000004 0.38125 4.6689659217492845e-17 0.38125 5.1760462370212356e-17 0.4640625 0.16093750000000004 0.4640625
1 0.07968750000000004 0.26875 3.2912382727085115e-17 0.26875 3.8557239066904946e-17 0.3609375 0.07968750000000005 0.3609375
1 0.13437500000000005 0.2125 0.03281250000000002 0.2125 0.03281250000000003 0.284375 0.13437500000000005 0.284375
1 0.14218750000000002 0.146875 0.05312500000000002 0.146875 0.05312500000000002 0.225 0.14218750000000005 0.225
1 0.3734375 0.12343750000000005 0.271875 0.12343750000000005 0.271875 0.20781250000000004 0.3734375 0.2078125000000001
1 0.4515625 0.18125000000000005 0.3875 0.18125000000000005 0.3875 0.2328125000000001 0.4515625 0.2328125000000001
1 0.775 0.4859375000000001 0.665625 0.4859375 0.665625 0.5375000000000001 0.775 0.5375000000000002
1 0.640625 0.53125 0.5328125 0.53125 0.5328125 0.6234375 0.640625 0.6234375
1 0.965625 0.8234375 0.8140625 0.8234375 0.8140625 0.896875 0.965625 0.896875
1 0.9453125 0.7453125000000002 0.83125 0.7453125000000002 0.83125 0.8390625 0.9453125 0.8390625
1 0.8359375 0.7671875000000001 0.7375000000000002 0.7671875000000001 0.7375000000000002 0.85625 0.8359375 0.85625
1 0.8890625 0.6843750000000002 0.784375 0.6843750000000002 0.784375 0.7515625000000001 0.8890625 0.7515625000000001
1 0.9328125 0.6156250000000002 0.834375 0.6156250000000002 0.834375 0.6531250000000002 0.9328125 0.6531250000000002
1 0.2656250000000001 0.575 0.09843750000000007 0.575 0.09843750000000008 0.6421875 0.2656250000000001 0.6421875
1 0.0625000000000001 0.734375 8.993499931238375e-17 0.734375 9.720633968232114e-17 0.853125 0.06250000000000011 0.853125
1 0.6640625 0.2578125000000001 0.553125 0.2578125000000001 0.553125 0.3140625000000001 0.6640625 0.3140625000000001
1 0.89375 0.5046875000000002 0.775 0.5046875000000002 0.775 0.5640625000000001 0.89375 0.5640625000000001
1 0.8375 0.4515625000000001 0.7171875 0.4515625 0.7171875 0.5140625000000001 0.8375 0.5140625000000002
1 0.5656250000000002 0.871875 0.4515625000000002 0.871875 0.4515625000000002 0.9484375 0.5656250000000002 0.9484375
1 0.2796875000000001 0.3828125 0.19687500000000005 0.3828125 0.19687500000000005 0.4359375 0.2796875000000001 0.4359375
1 0.5578125 0.2796875000000001 0.475 0.2796875000000001 0.475 0.3375000000000001 0.5578125 0.3375000000000001
1 0.66875 0.2078125000000001 0.5625 0.2078125000000001 0.5625 0.2718750000000001 0.66875 0.2718750000000001
1 0.2500000000000001 0.453125 0.09843750000000004 0.453125 0.09843750000000005 0.54375 0.2500000000000001 0.54375
1 0.8890625 0.2984375000000001 0.7890625 0.2984375000000001 0.7890625 0.3531250000000001 0.8890625 0.3531250000000001
1 0.609375 0.3203125000000001 0.5359375 0.3203125000000001 0.5359375 0.36406250000000007 0.609375 0.36406250000000007
1 0.6218750000000001 0.6671875 0.4703125 0.6671875 0.4703125000000001 0.7640625 0.6218750000000002 0.7640625
1 0.10937500000000007 0.496875 0.001562500000000061 0.496875 0.001562500000000066 0.5796875 0.10937500000000008 0.5796875
1 0.7390625 0.24375000000000008 0.671875 0.24375000000000008 0.671875 0.2875000000000001 0.7390625 0.2875000000000001
1 0.8828125 0.3453125000000001 0.796875 0.3453125000000001 0.796875 0.4156250000000002 0.8828125 0.4156250000000002
1 0.4296875000000001 0.6421875 0.32500000000000007 0.6421875 0.32500000000000007 0.74375 0.42968750000000017 0.74375
1 0.3203125000000001 0.796875 0.17187500000000008 0.796875 0.17187500000000008 0.865625 0.3203125000000001 0.865625
1 0.2453125000000001 0.5296875 0.09375000000000007 0.5296875 0.09375000000000007 0.584375 0.2453125000000001 0.584375
1 0.4328125 0.22031250000000005 0.3390625 0.2203125 0.3390625 0.2828125 0.4328125 0.2828125000000001
1 0.4296875 0.55 0.3187500000000001 0.55 0.3187500000000001 0.61875 0.4296875 0.61875
1 0.95 0.4593750000000002 0.8515625 0.4593750000000002 0.8515625 0.5296875000000002 0.95 0.5296875000000002
1 0.6125000000000002 0.7953125 0.5093750000000001 0.7953125 0.5093750000000001 0.85625 0.6125000000000002 0.85625
1 0.3390625 0.253125 0.28125 0.253125 0.28125 0.2953125 0.3390625 0.2953125
1 0.25468750000000007 0.43125 0.15625000000000006 0.43125 0.15625000000000006 0.4796875 0.25468750000000007 0.4796875
1 0.6281250000000002 0.8515625 0.5281250000000002 0.8515625 0.5281250000000002 0.925 0.6281250000000002 0.925
1 0.3265625000000001 0.6109375 0.23593750000000008 0.6109375 0.23593750000000008 0.678125 0.3265625000000001 0.678125
1 0.4546875 0.4171875 0.36406250000000007 0.4171875 0.36406250000000007 0.45625 0.4546875 0.45625
1 0.5062500000000002 0.7796875 0.4281250000000002 0.7796875 0.4281250000000002 0.85 0.5062500000000002 0.85
1 0.3156250000000001 0.6484375 0.1843750000000001 0.6484375 0.1843750000000001 0.71875 0.3156250000000001 0.71875
1 0.18125000000000005 0.209375 0.11406250000000004 0.209375 0.11406250000000004 0.25625 0.18125000000000005 0.25625
1 0.3375000000000001 0.3953125 0.2750000000000001 0.3953125 0.2750000000000001 0.4296875 0.3375000000000001 0.4296875
1 0.653125 0.4640625 0.559375 0.4640625 0.559375 0.5203125 0.653125 0.5203125
1 0.20312500000000008 0.7625 0.06875000000000009 0.7625 0.0687500000000001 0.8328125 0.20312500000000008 0.8328125
1 0.5796875 0.50625 0.44375 0.50625 0.44375 0.56875 0.5796875 0.56875
1 0.3 0.10312500000000005 0.20625 0.10312500000000005 0.20625 0.15937500000000004 0.3 0.15937500000000004
1 0.12031250000000004 0.35625 0.043750000000000046 0.35625 0.043750000000000046 0.403125 0.12031250000000004 0.403125
1 0.584375 0.4390625 0.528125 0.4390625 0.528125 0.4671875 0.584375 0.4671875
1 0.4703125 0.27656250000000004 0.3609375 0.2765625 0.3609375 0.34843750000000007 0.4703125 0.34843750000000007
1 0.6859375 0.3656250000000001 0.54375 0.3656250000000001 0.54375 0.4703125 0.6859375 0.4703125
1 0.17500000000000004 0.265625 0.06718750000000002 0.265625 0.06718750000000004 0.309375 0.17500000000000004 0.309375
1 0.9421875 0.3296875000000001 0.8625 0.3296875000000001 0.8625 0.3750000000000001 0.9421875 0.3750000000000001
1 0.7140625 0.4265625 0.65625 0.4265625 0.65625 0.4765625 0.7140625 0.4765625
1 0.9546875 0.3625000000000001 0.878125 0.3625000000000001 0.878125 0.4031250000000002 0.9546875 0.4031250000000002
1 0.80625 0.3390625000000001 0.7328125 0.3390625000000001 0.7328125 0.4109375000000002 0.80625 0.4109375000000002
1 0.4328125 0.3109375000000001 0.365625 0.3109375000000001 0.365625 0.3453125000000001 0.4328125 0.3453125000000001
1 0.946875 0.3984375000000001 0.8765625 0.3984375000000001 0.8765625 0.46406250000000016 0.946875 0.46406250000000016
1 0.15781250000000005 0.4953125 0.09687500000000007 0.4953125 0.09687500000000007 0.5359375 0.15781250000000005 0.5359375
1 0.9375 0.18593750000000012 0.8234375 0.1859375000000001 0.8234375 0.2312500000000001 0.9375 0.2312500000000001
1 0.48125 0.478125 0.3921875000000001 0.478125 0.3921875000000001 0.5125 0.48125 0.5125