1 0.3468750000000001 0.6046875 0.2984375000000001 0.6046875 0.2984375000000001 0.6859375 0.3468750000000001 0.6859375
1 0.5796875 0.14687500000000006 0.51875 0.14687500000000003 0.51875 0.2687500000000001 0.5796875 0.2687500000000001
1 0.48125 0.12968750000000004 0.4359375 0.12968750000000004 0.4359375 0.2453125000000001 0.48125 0.2453125000000001
1 0.296875 0.11406250000000002 0.1703125 0.1140625 0.17031250000000003 0.23125 0.296875 0.23125
1 0.5625 0.30156250000000007 0.49375 0.30156250000000007 0.49375 0.3937500000000001 0.5625 0.3937500000000001
1 0.55625 0.0015625000000000643 0.4953125 0.0015625000000000604 0.4953125 0.10625000000000007 0.55625 0.1062500000000001
1 0.390625 0.14062500000000006 0.3328125 0.14062500000000006 0.3328125 0.27031250000000007 0.390625 0.27031250000000007
1 0.4375 0.13437500000000005 0.384375 0.13437500000000005 0.384375 0.2734375000000001 0.4375 0.2734375000000001
1 0.6578125 0.009375000000000078 0.6078125 0.009375000000000074 0.6078125 0.09218750000000007 0.6578125 0.09218750000000009
1 0.8203125 0.2828125000000001 0.7890625 0.2828125000000001 0.7890625 0.3359375000000001 0.8203125 0.3359375000000001
1 0.2843750000000001 0.8359375 0.1671875000000001 0.8359375 0.1671875000000001 0.9984375 0.2843750000000001 0.9984375
1 0.5890625000000002 0.7375 0.5500000000000002 0.7375 0.5500000000000002 0.8140625 0.5890625000000002 0.8140625
1 0.4671875 0.2375000000000001 0.425 0.2375000000000001 0.425 0.3062500000000001 0.4671875 0.3062500000000001
1 0.4703125 0.001562500000000054 0.415625 0.0015625000000000506 0.415625 0.09218750000000006 0.4703125 0.09218750000000006
1 0.5906250000000001 0.6546875 0.546875 0.6546875 0.5468750000000001 0.7296875 0.5906250000000002 0.7296875
1 0.7734375000000002 0.7406250000000001 0.7218750000000002 0.740625 0.7218750000000002 0.8265625 0.7734375000000002 0.8265625
1 0.3859375000000001 0.5015625 0.3281250000000001 0.5015625 0.3281250000000001 0.6171875 0.3859375000000001 0.6171875
1 0.6921875 0.1468750000000001 0.653125 0.1468750000000001 0.653125 0.2390625000000001 0.6921875 0.2390625000000001
1 0.4515625000000002 0.8390625 0.3890625000000001 0.8390625 0.3890625000000001 0.9484375 0.4515625000000002 0.9484375
1 0.6609375 0.17968750000000008 0.6140625 0.17968750000000008 0.6140625 0.3000000000000001 0.6609375 0.3000000000000001
1 0.2484375000000001 0.490625 0.18125000000000005 0.490625 0.18125000000000008 0.58125 0.2484375000000001 0.58125
1 0.6375 0.3390625000000001 0.575 0.3390625000000001 0.575 0.4484375 0.6375 0.4484375
1 0.5203125 0.12343750000000005 0.4765625 0.12343750000000005 0.4765625 0.2296875000000001 0.5203125 0.2296875000000001
1 0.3468750000000001 0.8328125 0.2890625000000001 0.8328125 0.2890625000000001 0.9359375 0.3468750000000001 0.9359375
1 0.7921875 0.043750000000000094 0.734375 0.04375000000000009 0.734375 0.12656250000000008 0.7921875 0.12656250000000008
1 0.359375 0.2375 0.265625 0.2375 0.265625 0.35 0.359375 0.35
1 0.6453125 0.07812500000000008 0.5984375 0.07812500000000007 0.5984375 0.1531250000000001 0.6453125 0.1531250000000001
1 0.7421875 0.1453125000000001 0.6828125 0.1453125000000001 0.6828125 0.2906250000000001 0.7421875 0.2906250000000001
1 0.459375 0.4890625 0.4046875 0.4890625 0.4046875 0.571875 0.459375 0.571875
1 0.4609375 0.5609375 0.3843750000000001 0.5609375 0.3843750000000001 0.671875 0.4609375 0.671875
1 0.5484375000000001 0.578125 0.49375 0.578125 0.4937500000000001 0.7265625 0.5484375000000001 0.7265625
1 0.275 0.2359375 0.2109375 0.2359375 0.2109375 0.3359375 0.275 0.3359375
1 0.4531250000000001 0.665625 0.4015625 0.665625 0.4015625000000001 0.8078125 0.45312500000000017 0.8078125
1 0.4265625 0.020312500000000046 0.35 0.020312500000000046 0.35 0.12343750000000005 0.4265625 0.12343750000000005
1 0.5203125 0.446875 0.4515625 0.446875 0.4515625 0.596875 0.5203125 0.596875
1 0.5531250000000002 0.8359375 0.4937500000000002 0.8359375 0.4937500000000002 0.9421875 0.5531250000000002 0.9421875
1 0.2171875 0.19531250000000003 0.13437500000000005 0.1953125 0.13437500000000005 0.3015625 0.2171875 0.3015625
1 0.6125000000000002 0.8390625 0.5531250000000002 0.8390625 0.5531250000000002 0.9265625 0.6125000000000002 0.9265625
1 0.8171875 0.8578125 0.7593750000000001 0.8578125 0.7593750000000001 0.94375 0.8171875 0.94375
1 0.23593750000000008 0.5578125 0.1703125000000001 0.5578125 0.1703125000000001 0.66875 0.23593750000000008 0.66875
1 0.534375 0.2218750000000001 0.4921875 0.2218750000000001 0.4921875 0.3046875000000001 0.534375 0.3046875000000001
1 0.17968750000000003 0.1359375 0.14375 0.1359375 0.14375000000000002 0.2 0.17968750000000006 0.2
1 0.590625 0.5515625 0.540625 0.5515625 0.540625 0.65625 0.590625 0.65625
1 0.4937500000000002 0.840625 0.4468750000000002 0.840625 0.4468750000000002 0.9890625 0.4937500000000002 0.9890625
1 0.5812500000000002 0.9046875 0.5234375000000002 0.9046875 0.5234375000000002 1 0.5812500000000002 1
1 0.6890625 0.0015625000000000812 0.634375 0.0015625000000000777 0.634375 0.06875000000000007 0.6890625 0.06875000000000009
1 0.7171875 0.0671875000000001 0.675 0.0671875000000001 0.675 0.13281250000000008 0.7171875 0.13281250000000008
1 0.8359375 0.4937500000000002 0.7875 0.4937500000000002 0.7875 0.5796875000000001 0.8359375 0.5796875000000001
1 0.4109375 0.32031250000000006 0.3578125 0.3203125 0.35781250000000003 0.4421875 0.4109375 0.4421875
1 0.45312500000000017 0.9296875 0.40156250000000016 0.9296875 0.40156250000000016 1 0.45312500000000017 1
1 0.6703125 0.5484375 0.603125 0.5484375 0.603125 0.6390625 0.6703125 0.6390625
1 0.3984375000000001 0.8875 0.3140625000000001 0.8875 0.3140625000000001 1 0.3984375000000001 1
1 0.6890625 0.415625 0.6296875 0.415625 0.6296875 0.5203125 0.6890625 0.5203125
1 0.7109375000000002 0.890625 0.6500000000000001 0.890625 0.6500000000000001 0.9953125 0.7109375000000002 0.9953125
1 0.6921875000000001 0.6359375 0.6421875 0.6359375 0.6421875000000001 0.7734375 0.6921875000000002 0.7734375
1 0.63125 0.4921875 0.575 0.4921875 0.575 0.584375 0.63125 0.584375
1 0.6656250000000001 0.840625 0.6140625000000002 0.840625 0.6140625000000002 0.9328125 0.6656250000000001 0.9328125
1 0.809375 0.6031250000000001 0.7390625 0.6031250000000001 0.7390625 0.7000000000000002 0.809375 0.7000000000000002
1 0.3109375000000001 0.490625 0.23437500000000008 0.490625 0.23437500000000008 0.696875 0.3109375000000001 0.696875
1 0.14062500000000003 0.1609375 0.07968750000000002 0.1609375 0.07968750000000002 0.240625 0.14062500000000006 0.240625
1 0.4875 0.5734375 0.4546875 0.5734375 0.4546875 0.6359375 0.4875 0.6359375
1 0.7171875 0.615625 0.6765625 0.615625 0.6765625 0.6796875 0.7171875 0.6796875
1 0.7421875000000002 0.8390625 0.6718750000000002 0.8390625 0.6718750000000002 0.921875 0.7421875000000002 0.921875
1 0.5156250000000001 0.6484375 0.446875 0.6484375 0.4468750000000001 0.81875 0.5156250000000002 0.81875
1 0.7578125000000001 0.6609375000000001 0.6875 0.6609375 0.6875000000000001 0.7671875000000001 0.7578125000000002 0.7671875000000001
1 0.6515625 0.615625 0.5796875 0.615625 0.5796875 0.7234375 0.6515625 0.7234375
1 0.7125 0.4875 0.6578125 0.4875 0.6578125 0.5859375 0.7125 0.5859375
1 0.5515625 0.5296875 0.5171875 0.5296875 0.5171875 0.5875 0.5515625 0.5875
1 0.18593750000000006 0.5296875 0.11250000000000004 0.5296875 0.11250000000000007 0.675 0.1859375000000001 0.675
1 0.515625 0.00156250000000006 0.465625 0.001562500000000057 0.465625 0.05937500000000007 0.515625 0.05937500000000007
1 0.7453125 0.4937500000000001 0.703125 0.49375 0.703125 0.5640625000000001 0.7453125 0.5640625000000001
1 0.34375 0.0015625000000000348 0.221875 0.001562500000000027 0.221875 0.07500000000000004 0.34375 0.07500000000000004
1 0.496875 0.22656250000000008 0.465625 0.22656250000000008 0.465625 0.2921875000000001 0.496875 0.2921875000000001
1 0.796875 0.4968750000000002 0.7375 0.4968750000000002 0.7375 0.5968750000000002 0.796875 0.5968750000000002
1 0.17968750000000014 0.9265625 0.13593750000000013 0.9265625 0.13593750000000013 1 0.17968750000000014 1
1 0.8171875 0.9375 0.7656250000000002 0.9375 0.7656250000000002 1 0.8171875 1
1 0.7078125 0.3984375000000001 0.6734375 0.3984375000000001 0.6734375 0.46875 0.7078125 0.46875
1 0.6484375000000001 0.7171875 0.615625 0.7171875 0.6156250000000001 0.7859375 0.6484375000000002 0.7859375
1 0.6187500000000001 0.9109375 0.5750000000000002 0.9109375 0.5750000000000002 1 0.6187500000000001 1
1 0.6984375 0.2750000000000001 0.646875 0.2750000000000001 0.646875 0.3468750000000001 0.6984375 0.3468750000000001
1 0.678125 0.3656250000000001 0.6359375 0.3656250000000001 0.6359375 0.425 0.678125 0.425
1 0.6609375 0.4984375 0.625 0.4984375 0.625 0.5515625 0.6609375 0.5515625
1 0.2140625000000001 0.8390625 0.1546875000000001 0.8390625 0.15468750000000012 0.934375 0.2140625000000001 0.934375
1 0.36875 0.034375000000000044 0.35 0.034375000000000044 0.35 0.09687500000000004 0.36875 0.09687500000000004
1 0.7328125 0.3078125000000001 0.6765625 0.3078125000000001 0.6765625 0.3968750000000001 0.7328125 0.3968750000000001
1 0.7781250000000002 0.8859375 0.7109375000000002 0.8859375 0.7109375000000002 1 0.7781250000000002 1
1 0.9234375 0.0453125000000001 0.8453125 0.0453125000000001 0.8453125 0.17812500000000012 0.9234375 0.17812500000000014
1 0.6171875 0.2015625000000001 0.553125 0.2015625000000001 0.553125 0.3546875000000001 0.6171875 0.3546875000000001
1 0.621875 0.1531250000000001 0.578125 0.1531250000000001 0.578125 0.2218750000000001 0.621875 0.2218750000000001
1 0.6859375 0.2406250000000001 0.6578125 0.2406250000000001 0.6578125 0.2890625000000001 0.6859375 0.2890625000000001
1 0.4140625 4.735938793577655e-17 0.359375 4.4010744344358005e-17 0.359375 0.03750000000000005 0.4140625 0.037500000000000054
1 0.7390625 0.001562500000000087 0.6828125 0.001562500000000084 0.6828125 0.07343750000000009 0.7390625 0.07343750000000009
1 0.3906250000000001 0.8859375 0.3500000000000001 0.8859375 0.3500000000000001 0.928125 0.3906250000000001 0.928125
1 0.653125 0.26250000000000007 0.5984375 0.26250000000000007 0.5984375 0.3531250000000001 0.653125 0.3531250000000001