1 0.609375 0.00937500000000007 0.5390625 0.009375000000000067 0.5390625 0.14062500000000006 0.609375 0.14062500000000008
1 0.4859375 0.17812500000000003 0.4265625 0.17812500000000003 0.4265625 0.2843750000000001 0.4859375 0.2843750000000001
1 0.5359375 0.3593750000000001 0.45 0.3593750000000001 0.45 0.4765625 0.5359375 0.4765625
1 0.18437500000000004 0.240625 0.10156250000000004 0.240625 0.10156250000000004 0.3328125 0.18437500000000004 0.3328125
1 0.4015625 0.32500000000000007 0.3390625 0.325 0.33906250000000004 0.41875 0.4015625 0.41875
1 0.490625 0.5234375 0.4296875 0.5234375 0.4296875 0.6625 0.490625 0.6625
1 0.6359375 0.1859375000000001 0.578125 0.1859375000000001 0.578125 0.3031250000000001 0.6359375 0.3031250000000001
1 0.5453125 0.023437500000000062 0.471875 0.023437500000000056 0.471875 0.16250000000000006 0.5453125 0.1625000000000001
1 0.703125 0.0984375000000001 0.653125 0.0984375000000001 0.653125 0.1781250000000001 0.703125 0.1781250000000001
1 0.31093750000000003 0.3015625 0.2234375 0.3015625 0.22343750000000004 0.40625 0.3109375000000001 0.40625
1 0.23437500000000008 0.528125 0.17812500000000003 0.528125 0.17812500000000006 0.61875 0.23437500000000008 0.61875
1 0.70625 0.3453125000000001 0.6515625 0.3453125000000001 0.6515625 0.415625 0.70625 0.415625
1 0.6843750000000002 0.8703125 0.6187500000000001 0.8703125 0.6187500000000001 1 0.6843750000000002 1
1 0.525 0.21250000000000008 0.4640625 0.21250000000000008 0.4640625 0.3453125000000001 0.525 0.3453125000000001
1 0.4296875 0.18906250000000005 0.375 0.18906250000000005 0.375 0.27812500000000007 0.4296875 0.27812500000000007
1 0.2453125 0.08906250000000002 0.19375 0.08906250000000002 0.19375 0.16406250000000006 0.2453125 0.16406250000000006
1 0.5906250000000001 0.696875 0.528125 0.696875 0.5281250000000001 0.8046875 0.5906250000000002 0.8046875
1 0.240625 0.17343750000000005 0.1890625 0.17343750000000005 0.18906250000000002 0.253125 0.240625 0.253125
1 0.5859375 0.17812500000000006 0.5265625 0.17812500000000003 0.5265625 0.2609375000000001 0.5859375 0.2609375000000001
1 0.540625 0.6390625 0.5046875 0.6390625 0.5046875 0.7203125 0.540625 0.7203125
1 0.5109375 0.625 0.4703125 0.625 0.4703125 0.71875 0.5109375 0.71875
1 0.321875 0.16875000000000004 0.246875 0.16875000000000004 0.246875 0.29375 0.321875 0.29375
1 0.6484375 0.55625 0.575 0.55625 0.575 0.675 0.6484375 0.675
1 0.16875000000000007 0.4921875 0.09375000000000007 0.4921875 0.09375000000000007 0.6140625 0.1687500000000001 0.6140625
1 0.275 0.2390625 0.19218750000000004 0.2390625 0.19218750000000004 0.3296875 0.275 0.3296875
1 0.825 0.5234375000000002 0.7703125 0.5234375000000002 0.7703125 0.6015625000000002 0.825 0.6015625000000002
1 0.4515625 0.27031250000000007 0.375 0.27031250000000007 0.375 0.3546875000000001 0.4515625 0.3546875000000001
1 0.78125 0.25468750000000007 0.71875 0.25468750000000007 0.71875 0.3343750000000001 0.78125 0.3343750000000001
1 0.68125 0.21093750000000008 0.625 0.21093750000000008 0.625 0.3156250000000001 0.68125 0.3156250000000001
1 0.7406250000000001 0.7187500000000001 0.675 0.71875 0.675 0.8046875 0.7406250000000002 0.8046875
1 0.578125 0.2406250000000001 0.5171875 0.2406250000000001 0.5171875 0.3343750000000001 0.578125 0.3343750000000001
1 0.6828125 0.30937500000000007 0.640625 0.30937500000000007 0.640625 0.3734375000000001 0.6828125 0.3734375000000001
1 0.37968750000000007 0.5796875 0.2968750000000001 0.5796875 0.2968750000000001 0.696875 0.37968750000000007 0.696875
1 0.5859375 0.3203125000000001 0.534375 0.3203125000000001 0.534375 0.4515625 0.5859375 0.4515625
1 0.6421875 0.2968750000000001 0.578125 0.2968750000000001 0.578125 0.3859375000000001 0.6421875 0.3859375000000001
1 0.778125 0.5750000000000001 0.6953125 0.575 0.6953125 0.6687500000000001 0.778125 0.6687500000000002
1 0.46875 0.02656250000000005 0.390625 0.026562500000000044 0.390625 0.14062500000000006 0.46875 0.14062500000000006
1 0.778125 0.3890625000000001 0.7453125 0.3890625000000001 0.7453125 0.4437500000000002 0.778125 0.4437500000000002
1 0.803125 0.2140625000000001 0.765625 0.2140625000000001 0.765625 0.2734375000000001 0.803125 0.2734375000000001
1 0.2828125000000001 0.6 0.20468750000000008 0.6 0.20468750000000008 0.7578125 0.2828125000000001 0.7578125
1 0.253125 0.001562500000000026 0.171875 0.001562500000000021 0.171875 0.08906250000000002 0.253125 0.08906250000000002
1 0.7093750000000002 0.871875 0.6687500000000002 0.871875 0.6687500000000002 0.9484375 0.7093750000000002 0.9484375
1 0.7546875000000002 0.9171875 0.6921875000000002 0.9171875 0.6921875000000002 0.9984375 0.7546875000000002 0.9984375
1 0.5343750000000002 0.8828125 0.4937500000000002 0.8828125 0.4937500000000002 0.9890625 0.5343750000000002 0.9890625
1 0.503125 0.715625 0.4328125 0.715625 0.4328125000000001 0.8375 0.5031250000000002 0.8375
1 0.41093750000000007 0.6828125 0.3218750000000001 0.6828125 0.3218750000000001 0.8125 0.4109375000000002 0.8125
1 0.18906250000000002 0.17812500000000003 0.1328125 0.178125 0.13281250000000003 0.25625 0.18906250000000005 0.25625
1 0.7609375 0.1906250000000001 0.721875 0.1906250000000001 0.721875 0.2609375000000001 0.7609375 0.2609375000000001
1 0.5421875 0.525 0.4921875 0.525 0.4921875 0.634375 0.5421875 0.634375
1 0.596875 0.525 0.540625 0.525 0.540625 0.6328125 0.596875 0.6328125
1 0.7390625 0.10937500000000008 0.7 0.10937500000000008 0.7 0.1609375000000001 0.7390625 0.1609375000000001
1 0.3343750000000001 0.528125 0.2734375000000001 0.528125 0.2734375000000001 0.6375 0.3343750000000001 0.6375
1 0.703125 0.5671875 0.665625 0.5671875 0.665625 0.6140625 0.703125 0.6140625
1 0.5921875 0.6265625 0.5375 0.6265625 0.5375 0.7203125 0.5921875 0.7203125
1 0.2750000000000001 0.525 0.2296875000000001 0.525 0.2296875000000001 0.6078125 0.2750000000000001 0.6078125
1 0.4640625000000001 0.6484375 0.4015625 0.6484375 0.4015625000000001 0.7625 0.46406250000000016 0.7625
1 0.3703125000000001 0.5296875 0.3359375000000001 0.5296875 0.3359375000000001 0.584375 0.3703125000000001 0.584375
1 0.70625 0.621875 0.659375 0.621875 0.659375 0.684375 0.70625 0.684375
1 0.4125000000000002 0.871875 0.3546875000000001 0.871875 0.3546875000000001 0.9984375 0.4125000000000002 0.9984375
1 0.47968750000000016 0.8703125 0.41406250000000017 0.8703125 0.41406250000000017 0.971875 0.47968750000000016 0.971875
1 0.640625 7.587069622842586e-17 0.5984375 7.328745688647442e-17 0.5984375 0.06875000000000007 0.640625 0.06875000000000009
1 0.7796875 0.5250000000000001 0.7296875 0.5250000000000001 0.7296875 0.5953125000000001 0.7796875 0.5953125000000001
1 0.415625 0.525 0.3656250000000001 0.525 0.3656250000000001 0.5953125 0.415625 0.5953125
1 0.425 0.59375 0.3671875000000001 0.59375 0.3671875000000001 0.7078125 0.425 0.7078125
1 0.378125 0.17187500000000006 0.3171875 0.17187500000000006 0.3171875 0.33281250000000007 0.378125 0.33281250000000007
1 0.5796875000000001 0.896875 0.5296875000000002 0.896875 0.5296875000000002 0.9984375 0.5796875000000001 0.9984375
1 0.3578125000000001 0.8671875 0.28593750000000007 0.8671875 0.28593750000000007 0.996875 0.3578125000000001 0.996875
1 0.690625 0.0015625000000000805 0.625 0.0015625000000000764 0.625 0.1218750000000001 0.690625 0.1218750000000001
1 0.3859375 0.001562500000000042 0.3 0.0015625000000000367 0.3 0.09687500000000004 0.3859375 0.09687500000000004
1 0.5562500000000001 0.8640625 0.5281250000000002 0.8640625 0.5281250000000002 0.940625 0.5562500000000001 0.940625
1 0.6343750000000001 0.9296875 0.5828125000000002 0.9296875 0.5828125000000002 1 0.6343750000000001 1
1 0.29375000000000007 0.871875 0.2078125000000001 0.871875 0.2078125000000001 1 0.29375000000000007 1
1 0.21250000000000008 0.86875 0.1453125000000001 0.86875 0.14531250000000012 0.9609375 0.21250000000000008 0.9609375
1 0.22031250000000008 0.9375 0.17812500000000014 0.9375 0.17812500000000014 1 0.22031250000000008 1
1 0.675 0.5296875 0.646875 0.5296875 0.646875 0.5953125 0.675 0.5953125
1 0.478125 5.625721233583154e-17 0.440625 5.3960999587430256e-17 0.440625 0.05156250000000005 0.478125 0.05156250000000007
1 0.3015625 3.3390760383002056e-17 0.24375 2.985076572921674e-17 0.24375 0.06250000000000003 0.3015625 0.06250000000000004
1 0.5515625 6.496368567351975e-17 0.509375 6.23804463315683e-17 0.509375 0.05312500000000007 0.5515625 0.05312500000000007
1 0.18437500000000012 0.94375 0.12812500000000013 0.94375 0.12812500000000013 1 0.18437500000000012 1
1 0.5125 0.012500000000000058 0.4703125 0.012500000000000056 0.4703125 0.09062500000000007 0.5125 0.09062500000000007