1 0.9296875 0.16250000000000012 0.790625 0.1625000000000001 0.790625 0.3046875000000001 0.9296875 0.3046875000000001
1 0.5578125000000002 0.9359375 0.4750000000000002 0.9359375 0.4750000000000002 1 0.5578125000000002 1
1 0.9125 0.909375 0.7718750000000002 0.909375 0.7718750000000002 1 0.9125 1
1 0.790625 0.25468750000000007 0.6875 0.25468750000000007 0.6875 0.3968750000000001 0.790625 0.3968750000000001
1 0.19531250000000008 0.725 0.10781250000000009 0.725 0.10781250000000009 0.815625 0.19531250000000008 0.815625
1 0.3140625000000001 0.6375 0.2375000000000001 0.6375 0.2375000000000001 0.728125 0.3140625000000001 0.728125
1 0.871875 0.30156250000000007 0.7625 0.30156250000000007 0.7625 0.4343750000000002 0.871875 0.4343750000000002
1 0.17031250000000012 0.8140625 0.08906250000000009 0.8140625 0.0890625000000001 0.915625 0.17031250000000014 0.915625
1 0.93125 0.012500000000000108 0.81875 0.0125000000000001 0.81875 0.1328125000000001 0.93125 0.13281250000000014
1 0.7468750000000001 0.5937500000000001 0.653125 0.59375 0.6531250000000001 0.7421875000000001 0.7468750000000002 0.7421875000000002
1 0.8328125 0.010937500000000096 0.7203125 0.01093750000000009 0.7203125 0.11250000000000009 0.8328125 0.11250000000000009
1 0.8140625 0.7078125000000001 0.7078125 0.7078125 0.7078125000000001 0.89375 0.8140625 0.89375
1 0.6000000000000001 0.621875 0.5109375 0.621875 0.5109375 0.7859375 0.6000000000000002 0.7859375
1 0.4156250000000002 0.965625 0.34062500000000007 0.965625 0.34062500000000007 1 0.4156250000000002 1
1 0.3921875000000001 0.6125 0.3218750000000001 0.6125 0.3218750000000001 0.73125 0.3921875000000001 0.73125
1 0.4953125000000001 0.675 0.415625 0.675 0.4156250000000001 0.8046875 0.49531250000000016 0.8046875
1 0.7187500000000001 0.675 0.628125 0.675 0.628125 0.8328125 0.7187500000000002 0.8328125
1 0.859375 0.6937500000000002 0.765625 0.6937500000000002 0.7656250000000001 0.8046875 0.859375 0.8046875
1 0.15781250000000013 0.95625 0.10156250000000014 0.95625 0.10156250000000014 1 0.15781250000000013 1
1 0.6453125 0.010937500000000072 0.5546875 0.010937500000000067 0.5546875 0.1312500000000001 0.6453125 0.1312500000000001
1 0.353125 0.015625000000000035 0.24375 0.015625000000000028 0.24375 0.12031250000000004 0.353125 0.12031250000000004
1 0.8296875 0.4281250000000002 0.7390625 0.4281250000000002 0.7390625 0.5281250000000002 0.8296875 0.5281250000000002
1 0.440625 0.27343750000000006 0.3546875 0.2734375 0.35468750000000004 0.39062500000000006 0.440625 0.3906250000000001
1 0.32812500000000006 0.2671875 0.2609375 0.2671875 0.26093750000000004 0.390625 0.3281250000000001 0.390625
1 0.4109375 0.17187500000000006 0.3234375 0.17187500000000006 0.3234375 0.28437500000000004 0.4109375 0.2843750000000001
1 0.4890625 0.5453125 0.425 0.5453125 0.425 0.628125 0.4890625 0.628125
1 0.8875 0.3890625000000001 0.8171875 0.3890625000000001 0.8171875 0.5234375000000002 0.8875 0.5234375000000002
1 0.6750000000000002 0.7953125 0.5812500000000002 0.7953125 0.5812500000000002 0.90625 0.6750000000000002 0.90625
1 0.75 0.3906250000000001 0.6734375 0.3906250000000001 0.6734375 0.5265625 0.75 0.5265625000000002
1 0.603125 0.2593750000000001 0.5203125 0.2593750000000001 0.5203125 0.409375 0.603125 0.409375
1 0.3812500000000001 0.7203125 0.3109375000000001 0.7203125 0.3109375000000001 0.8140625 0.3812500000000001 0.8140625
1 0.6468750000000001 0.640625 0.5796875 0.640625 0.5796875000000001 0.7859375 0.6468750000000002 0.7859375
1 0.4296875000000001 0.6453125 0.37187500000000007 0.6453125 0.37187500000000007 0.7390625 0.42968750000000017 0.7390625
1 0.66875 0.11250000000000009 0.596875 0.11250000000000009 0.596875 0.2171875000000001 0.66875 0.2171875000000001
1 0.66875 0.2750000000000001 0.590625 0.2750000000000001 0.590625 0.3843750000000001 0.66875 0.3843750000000001
1 0.30937500000000007 0.728125 0.2515625000000001 0.728125 0.2515625000000001 0.8578125 0.30937500000000007 0.8578125
1 0.6781250000000002 0.9578125 0.6046875000000002 0.9578125 0.6046875000000002 1 0.6781250000000002 1
1 0.6359375 0.3687500000000001 0.5609375 0.3687500000000001 0.5609375 0.5328125 0.6359375 0.5328125
1 0.5671875 0.007812500000000066 0.5015625 0.00781250000000006 0.5015625 0.11875000000000006 0.5671875 0.11875000000000009
1 0.6859375 0.1859375000000001 0.6125 0.1859375000000001 0.6125 0.2843750000000001 0.6859375 0.2843750000000001
1 0.3812500000000001 0.80625 0.3140625000000001 0.80625 0.3140625000000001 0.8890625 0.3812500000000001 0.8890625
1 0.4765625 0.09687500000000006 0.40625 0.09687500000000004 0.40625 0.2328125000000001 0.4765625 0.2328125000000001
1 0.4875 0.4125 0.4203125 0.4125 0.4203125 0.521875 0.4875 0.521875
1 0.609375 0.16093750000000007 0.5390625 0.16093750000000004 0.5390625 0.2812500000000001 0.609375 0.2812500000000001
1 0.5359375 0.13906250000000003 0.4640625 0.13906250000000003 0.4640625 0.2968750000000001 0.5359375 0.2968750000000001
1 0.5078125 0.28593750000000007 0.434375 0.28593750000000007 0.434375 0.4 0.5078125 0.4
1 0.42968750000000017 0.7359375 0.3593750000000001 0.7359375 0.3593750000000001 0.871875 0.42968750000000017 0.871875
1 0.3421875000000001 0.425 0.2734375000000001 0.425 0.2734375000000001 0.515625 0.3421875000000001 0.515625
1 0.19687500000000005 0.3 0.14843750000000006 0.3 0.14843750000000006 0.365625 0.19687500000000005 0.365625
1 0.5140625 0.007812500000000059 0.453125 0.007812500000000056 0.453125 0.13125000000000003 0.5140625 0.13125000000000003
1 0.09843750000000012 0.95 0.04843750000000011 0.95 0.04843750000000012 1 0.09843750000000014 1
1 0.709375 0.03125000000000008 0.6421875 0.031250000000000076 0.6421875 0.1312500000000001 0.709375 0.1312500000000001
1 0.5875000000000001 0.778125 0.5203125000000002 0.778125 0.5203125000000002 0.8953125 0.5875000000000001 0.8953125
1 0.4671875 0.2093750000000001 0.4 0.2093750000000001 0.4 0.3140625000000001 0.4671875 0.3140625000000001
1 0.38750000000000007 0.38281250000000006 0.3265625000000001 0.3828125 0.3265625000000001 0.5046875 0.38750000000000007 0.5046875
1 0.553125 0.3078125000000001 0.478125 0.3078125000000001 0.478125 0.5140625 0.553125 0.5140625
1 0.5328125000000001 0.7765625 0.4734375000000002 0.7765625 0.4734375000000002 0.896875 0.5328125000000001 0.896875
1 0.84375 0.8078125 0.7562500000000002 0.8078125 0.7562500000000002 0.91875 0.84375 0.91875
1 0.4750000000000002 0.7734375 0.4000000000000002 0.7734375 0.4000000000000002 0.884375 0.4750000000000002 0.884375
1 0.7328125 0.009375000000000085 0.6546875 0.009375000000000081 0.6546875 0.048437500000000085 0.7328125 0.04843750000000009
1 0.6875 0.3656250000000001 0.625 0.3656250000000001 0.625 0.5171875 0.6875 0.5171875
1 0.7531250000000002 0.8171875 0.6609375000000002 0.8171875 0.6609375000000002 0.9125 0.7531250000000002 0.9125
1 0.34687500000000004 0.3578125 0.2859375 0.3578125 0.28593750000000007 0.4375 0.3468750000000001 0.4375
1 0.2875000000000001 0.4015625 0.2453125000000001 0.4015625 0.2453125000000001 0.4875 0.2875000000000001 0.4875
1 0.4296875 0.4234375 0.3703125000000001 0.4234375 0.3703125000000001 0.5203125 0.4296875 0.5203125
1 0.2718750000000001 0.83125 0.21875000000000008 0.83125 0.21875000000000008 0.8984375 0.2718750000000001 0.8984375
1 0.24843750000000003 0.3578125 0.2 0.3578125 0.20000000000000004 0.4171875 0.2484375000000001 0.4171875
1 0.31718750000000007 0.809375 0.2687500000000001 0.809375 0.2687500000000001 0.89375 0.31718750000000007 0.89375
1 0.5953125000000001 0.7453125 0.5484375000000001 0.7453125 0.5484375000000001 0.81875 0.5953125000000001 0.81875
1 0.4328125 0.565625 0.3921875000000001 0.565625 0.3921875000000001 0.625 0.4328125 0.625
1 0.6609375 0.009375000000000076 0.5859375 0.009375000000000073 0.5859375 0.02968750000000007 0.6609375 0.02968750000000008
1 0.8578125 0.0109375000000001 0.7609375 0.010937500000000095 0.7609375 0.04062500000000009 0.8578125 0.0406250000000001
1 0.4921875 0.007812500000000057 0.43125 0.007812500000000052 0.43125 0.028125000000000056 0.4921875 0.028125000000000056