1 0.7109375 0.2890625000000001 0.6296875 0.2890625000000001 0.6296875 0.3312500000000001 0.7109375 0.3312500000000001
1 0.771875 0.6515625 0.69375 0.6515625 0.69375 0.7031250000000001 0.771875 0.7031250000000002
1 0.6625 0.509375 0.5265625 0.509375 0.5265625 0.5765625 0.6625 0.5765625
1 1 0.6453125000000002 0.9046875 0.6453125000000002 0.9046875 0.6984375000000002 1 0.6984375000000002
1 1 0.6218750000000002 0.9625 0.6218750000000002 0.9625 0.6734375000000001 1 0.6734375000000001
1 0.6296875 0.4546875 0.53125 0.4546875 0.53125 0.5125 0.6296875 0.5125
1 0.5625 0.2000000000000001 0.425 0.2000000000000001 0.425 0.2906250000000001 0.5625 0.2906250000000001
1 0.3671875 0.22187500000000004 0.271875 0.221875 0.271875 0.30781250000000004 0.3671875 0.3078125000000001
1 0.9578125 0.6906250000000002 0.8734375 0.6906250000000002 0.8734375 0.7453125000000002 0.9578125 0.7453125000000002
1 0.7515625 0.14062500000000008 0.6515625 0.14062500000000008 0.6515625 0.2312500000000001 0.7515625 0.2312500000000001
1 0.5984375 0.56875 0.5171875 0.56875 0.5171875 0.6078125 0.5984375 0.6078125
1 1 0.2906250000000001 0.896875 0.2906250000000001 0.896875 0.37187500000000007 1 0.37187500000000007
1 1 0.36406250000000007 0.909375 0.36406250000000007 0.909375 0.4265625000000002 1 0.4265625000000002
1 0.278125 0.08281250000000004 0.140625 0.08281250000000002 0.140625 0.17187500000000003 0.278125 0.17187500000000006
1 0.9 0.33281250000000007 0.78125 0.33281250000000007 0.78125 0.4156250000000002 0.9 0.4156250000000002
1 0.6140625 0.2390625000000001 0.5484375 0.2390625000000001 0.5484375 0.2875000000000001 0.6140625 0.2875000000000001
1 0.7234375 0.5890625 0.6125 0.5890625 0.6125 0.6546875 0.7234375 0.6546875
1 0.6203125 0.6046875 0.5265625 0.6046875 0.5265625 0.6796875 0.6203125 0.6796875
1 0.39531250000000007 0.6546875 0.2953125000000001 0.6546875 0.2953125000000001 0.6984375 0.39531250000000007 0.6984375
1 0.659375 0.1437500000000001 0.553125 0.1437500000000001 0.553125 0.2328125000000001 0.659375 0.2328125000000001
1 0.2812500000000001 0.484375 0.16562500000000005 0.484375 0.16562500000000008 0.5453125 0.2812500000000001 0.5453125
1 0.19687500000000008 0.746875 0.11718750000000008 0.746875 0.11718750000000008 0.80625 0.19687500000000008 0.80625
1 0.22343750000000004 0.2671875 0.057812500000000024 0.2671875 0.05781250000000003 0.365625 0.2234375000000001 0.365625
1 0.10937500000000003 0.171875 0.012500000000000022 0.171875 0.01250000000000003 0.3015625 0.10937500000000004 0.3015625
1 1 0.5203125000000002 0.925 0.5203125000000002 0.925 0.6062500000000002 1 0.6062500000000002
1 0.896875 0.4125000000000002 0.7859375 0.4125000000000002 0.7859375 0.47656250000000017 0.896875 0.47656250000000017
1 0.39531250000000007 0.4578125 0.26250000000000007 0.4578125 0.26250000000000007 0.5125 0.39531250000000007 0.5125
1 0.95625 0.13125000000000012 0.8125 0.1312500000000001 0.8125 0.22031250000000008 0.95625 0.22031250000000008
1 0.18906250000000005 0.2109375 0.09687500000000002 0.2109375 0.09687500000000003 0.284375 0.18906250000000005 0.284375
1 0.2390625 0.2765625 0.15468750000000003 0.2765625 0.15468750000000003 0.3234375 0.2390625 0.3234375
1 0.7671875 0.5078125000000001 0.6421875 0.5078125 0.6421875 0.5937500000000001 0.7671875 0.5937500000000002
1 0.8828125 0.0906250000000001 0.7703125 0.0906250000000001 0.7703125 0.1703125000000001 0.8828125 0.1703125000000001
1 0.1906250000000001 0.6046875 0.07968750000000006 0.6046875 0.07968750000000008 0.678125 0.1906250000000001 0.678125
1 0.4156250000000002 0.78125 0.3078125000000001 0.78125 0.3078125000000001 0.85625 0.4156250000000002 0.85625
1 1 0.4500000000000002 0.9171875 0.4500000000000002 0.9171875 0.5000000000000002 1 0.5000000000000002
1 0.7937500000000002 0.8015625 0.7234375000000002 0.8015625 0.7234375000000002 0.85625 0.7937500000000002 0.85625
1 0.3281250000000001 0.4984375 0.18593750000000003 0.4984375 0.18593750000000006 0.5828125 0.3281250000000001 0.5828125
1 0.7546875 0.22812500000000008 0.6046875 0.22812500000000008 0.6046875 0.2953125000000001 0.7546875 0.2953125000000001
1 0.18593750000000006 0.5421875 0.07500000000000007 0.5421875 0.07500000000000007 0.60625 0.1859375000000001 0.60625
1 0.490625 0.15937500000000004 0.3859375 0.15937500000000004 0.3859375 0.2171875000000001 0.490625 0.2171875000000001
1 0.3687500000000001 0.69375 0.2093750000000001 0.69375 0.2093750000000001 0.7640625 0.3687500000000001 0.7640625
1 0.7765625 0.4312500000000001 0.64375 0.43125 0.64375 0.4875000000000001 0.7765625 0.48750000000000016
1 0.6671875 0.36406250000000007 0.5140625 0.36406250000000007 0.5140625 0.465625 0.6671875 0.465625
1 0.18593750000000006 0.4625 0.05156250000000007 0.4625 0.05156250000000007 0.5484375 0.1859375000000001 0.5484375
1 0.359375 0.13125000000000003 0.2453125 0.13125000000000003 0.2453125 0.2265625 0.359375 0.2265625
1 0.5796875000000001 0.7609375 0.49531250000000016 0.7609375 0.49531250000000016 0.8078125 0.5796875000000001 0.8078125
1 0.3906250000000001 0.4 0.2609375000000001 0.4 0.2609375000000001 0.4609375 0.3906250000000001 0.4609375
1 0.2640625000000001 0.4359375 0.16718750000000004 0.4359375 0.16718750000000004 0.4875 0.2640625000000001 0.4875
1 0.534375 0.596875 0.44375 0.596875 0.44375 0.675 0.534375 0.675
1 0.9484375 0.2578125000000001 0.803125 0.2578125000000001 0.803125 0.3203125000000001 0.9484375 0.3203125000000001
1 0.7421875000000002 0.7468750000000001 0.6875000000000002 0.746875 0.6875000000000002 0.7703125000000001 0.7421875000000002 0.7703125000000002
1 0.9734375 0.40156250000000016 0.8625 0.40156250000000016 0.8625 0.4625000000000002 0.9734375 0.4625000000000002
1 0.7515625 0.3781250000000001 0.6453125 0.3781250000000001 0.6453125 0.4484375000000001 0.7515625 0.44843750000000016
1 0.14843750000000003 0.1234375 0.017187500000000015 0.1234375 0.017187500000000022 0.2109375 0.14843750000000006 0.2109375
1 0.4546875000000002 0.846875 0.3343750000000001 0.846875 0.3343750000000001 0.9171875 0.4546875000000002 0.9171875
1 1 0.7015625000000002 0.9640625 0.7015625000000002 0.9640625 0.7500000000000002 1 0.7500000000000002
1 0.909375 0.2093750000000001 0.76875 0.2093750000000001 0.76875 0.2671875000000001 0.909375 0.2671875000000001
1 0.6359375 0.2796875000000001 0.53125 0.2796875000000001 0.53125 0.3187500000000001 0.6359375 0.3187500000000001
1 0.665625 0.5640625 0.5875 0.5640625 0.5875 0.6015625 0.665625 0.6015625
1 0.4078125 0.5296875 0.3000000000000001 0.5296875 0.3000000000000001 0.6 0.4078125 0.6
1 0.3609375 0.284375 0.2203125 0.284375 0.22031250000000005 0.3765625 0.3609375000000001 0.3765625
1 0.3687500000000001 0.578125 0.23593750000000008 0.578125 0.23593750000000008 0.6453125 0.3687500000000001 0.6453125
1 0.7984375 0.2984375000000001 0.65625 0.2984375000000001 0.65625 0.3812500000000001 0.7984375 0.3812500000000001
1 0.7812500000000002 0.7625000000000001 0.7093750000000002 0.7625 0.7093750000000002 0.7984375000000001 0.7812500000000002 0.7984375000000001
1 0.5906250000000002 0.7984375 0.5078125000000002 0.7984375 0.5078125000000002 0.8375 0.5906250000000002 0.8375
1 0.26406250000000003 0.35 0.06093750000000005 0.35 0.06093750000000005 0.4359375 0.2640625000000001 0.4359375
1 1 0.1640625000000001 0.9 0.16406250000000008 0.9 0.2718750000000001 1 0.2718750000000001
1 0.1515625000000001 0.79375 0.08437500000000009 0.79375 0.0843750000000001 0.8453125 0.1515625000000001 0.8453125
1 0.9515625 0.4750000000000002 0.8453125 0.4750000000000002 0.8453125 0.5671875000000002 0.9515625 0.5671875000000002
1 0.875 0.4500000000000002 0.7625 0.4500000000000002 0.7625 0.5515625000000002 0.875 0.5515625000000002
1 0.690625 0.6484375 0.63125 0.6484375 0.63125 0.68125 0.690625 0.68125
1 0.534375 0.2734375000000001 0.4140625 0.2734375000000001 0.4140625 0.3593750000000001 0.534375 0.3593750000000001
1 0.5671875 0.3437500000000001 0.4109375 0.3437500000000001 0.4109375 0.4671875 0.5671875 0.4671875
1 0.2531250000000001 0.6921875 0.1453125000000001 0.6921875 0.1453125000000001 0.759375 0.2531250000000001 0.759375
1 0.8953125 0.2765625000000001 0.7421875 0.2765625000000001 0.7421875 0.3390625000000001 0.8953125 0.3390625000000001
1 0.7609375 0.5859375000000001 0.7109375 0.5859375 0.7109375 0.6203125 0.7609375 0.6203125000000002
1 0.2921875000000001 0.64375 0.19687500000000008 0.64375 0.19687500000000008 0.7015625 0.2921875000000001 0.7015625
1 0.6640625 0.3062500000000001 0.515625 0.3062500000000001 0.515625 0.3812500000000001 0.6640625 0.3812500000000001
1 0.996875 0.5812500000000002 0.8953125 0.5812500000000002 0.8953125 0.6406250000000002 0.996875 0.6406250000000002
1 1 0.4234375000000002 0.9546875 0.4234375000000002 0.9546875 0.4546875000000002 1 0.4546875000000002
1 1 0.3343750000000001 0.990625 0.3343750000000001 0.990625 0.38750000000000007 1 0.38750000000000007
1 0.759375 0.3890625000000001 0.7234375 0.3890625000000001 0.7234375 0.42656250000000007 0.759375 0.4265625000000002
1 0.2796875 0.1609375 0.1421875 0.1609375 0.14218750000000002 0.2921875 0.2796875 0.2921875