1 0.18906250000000005 0.3328125 0.11875000000000005 0.3328125 0.11875000000000005 0.409375 0.18906250000000005 0.409375
1 0.2609375 0.16875 0.1703125 0.16875 0.17031250000000003 0.2828125 0.2609375 0.2828125
1 0.5015625 0.2812500000000001 0.4265625 0.2812500000000001 0.4265625 0.37968750000000007 0.5015625 0.37968750000000007
1 0.2109375 0.24375 0.14531250000000004 0.24375 0.14531250000000004 0.35 0.2109375 0.35
1 0.40625 0.33437500000000003 0.328125 0.334375 0.32812500000000006 0.4203125 0.40625 0.4203125
1 0.2859375 0.07968750000000004 0.2078125 0.07968750000000002 0.2078125 0.16562500000000005 0.2859375 0.16562500000000005
1 0.2468750000000001 0.534375 0.17500000000000004 0.534375 0.17500000000000007 0.653125 0.2468750000000001 0.653125
1 0.27812500000000007 0.3375 0.20625 0.3375 0.20625000000000004 0.49375 0.27812500000000007 0.49375
1 0.4296875 0.515625 0.3375000000000001 0.515625 0.3375000000000001 0.6140625 0.4296875 0.6140625
1 0.428125 0.2515625 0.3515625 0.2515625 0.3515625 0.35468750000000004 0.428125 0.3546875000000001
1 0.40625 0.034375000000000044 0.3390625 0.034375000000000044 0.3390625 0.14062500000000006 0.40625 0.14062500000000006
1 0.3203125 0.18437500000000004 0.2515625 0.18437500000000004 0.2515625 0.3078125 0.3203125 0.3078125
1 0.4171875000000001 0.6140625 0.3109375000000001 0.6140625 0.3109375000000001 0.746875 0.41718750000000016 0.746875
1 0.675 0.3437500000000001 0.6015625 0.3437500000000001 0.6015625 0.4609375 0.675 0.4609375
1 0.2734375000000001 0.65625 0.2093750000000001 0.65625 0.2093750000000001 0.775 0.2734375000000001 0.775
1 0.22031250000000005 0.35625 0.17187500000000006 0.35625 0.17187500000000006 0.4703125 0.22031250000000008 0.4703125
1 0.5046875 0.5203125 0.4296875 0.5203125 0.4296875 0.6109375 0.5046875 0.6109375
1 0.7578125 0.2890625000000001 0.703125 0.2890625000000001 0.703125 0.3656250000000001 0.7578125 0.3656250000000001
1 0.5703125 0.004687500000000066 0.5078125 0.004687500000000062 0.5078125 0.11875000000000006 0.5703125 0.11875000000000009
1 0.3859375 0.17656250000000004 0.315625 0.17656250000000004 0.315625 0.29531250000000003 0.3859375 0.2953125000000001
1 0.5546875 0.19531250000000006 0.4921875 0.19531250000000006 0.4921875 0.30937500000000007 0.5546875 0.30937500000000007
1 0.5953125 0.3390625000000001 0.53125 0.3390625000000001 0.53125 0.4171875 0.5953125 0.4171875
1 0.3812500000000001 0.8609375 0.3046875000000001 0.8609375 0.3046875000000001 0.984375 0.3812500000000001 0.984375
1 0.8359375 0.3437500000000001 0.7828125 0.3437500000000001 0.7828125 0.41406250000000017 0.8359375 0.41406250000000017
1 0.2171875000000001 0.6328125 0.16562500000000008 0.6328125 0.16562500000000008 0.7375 0.2171875000000001 0.7375
1 0.18593750000000006 0.5234375 0.13750000000000004 0.5234375 0.13750000000000007 0.6015625 0.1859375000000001 0.6015625
1 0.28593750000000007 0.515625 0.2171875000000001 0.515625 0.2171875000000001 0.6125 0.28593750000000007 0.6125
1 0.45625000000000016 0.8625 0.3687500000000001 0.8625 0.3687500000000001 0.978125 0.45625000000000016 0.978125
1 0.2531250000000001 0.865625 0.15781250000000008 0.865625 0.1578125000000001 0.9984375 0.2531250000000001 0.9984375
1 0.521875 0.5984375 0.453125 0.5984375 0.453125 0.6890625 0.521875 0.6890625
1 0.1640625 0.07656250000000002 0.1046875 0.07656250000000002 0.1046875 0.1625 0.1640625 0.1625
1 0.66875 0.23437500000000008 0.609375 0.23437500000000008 0.609375 0.34843750000000007 0.66875 0.34843750000000007
1 0.34062500000000007 0.5203125 0.2828125000000001 0.5203125 0.2828125000000001 0.659375 0.34062500000000007 0.659375
1 0.33281250000000007 0.2921875 0.2796875 0.2921875 0.27968750000000003 0.45 0.33281250000000007 0.45
1 0.7890625 0.1859375000000001 0.740625 0.1859375000000001 0.740625 0.2765625000000001 0.7890625 0.2765625000000001
1 0.31718750000000007 0.8625 0.25468750000000007 0.8625 0.25468750000000007 0.996875 0.31718750000000007 0.996875
1 0.4609375 0.18281250000000004 0.4015625 0.18281250000000004 0.4015625 0.2984375000000001 0.4609375 0.2984375000000001
1 0.2640625 0.0015625000000000268 0.16875 0.001562500000000021 0.16875 0.08125000000000002 0.2640625 0.08125000000000002
1 0.340625 3.807886141098801e-17 0.28125 3.444319122601931e-17 0.28125 0.11875000000000005 0.340625 0.11875000000000005
1 0.5718750000000001 0.7015625 0.5140625 0.7015625 0.5140625000000001 0.7875 0.5718750000000001 0.7875
1 0.815625 0.6187500000000001 0.7609375 0.6187500000000001 0.7609375 0.6937500000000002 0.815625 0.6937500000000002
1 0.8234375 0.8609375 0.7609375000000002 0.8609375 0.7609375000000002 0.934375 0.8234375 0.934375
1 0.7828125000000001 0.7625000000000002 0.7343750000000002 0.7625000000000002 0.7343750000000002 0.828125 0.7828125000000001 0.828125
1 0.4546875 0.04531250000000005 0.40625 0.04531250000000005 0.40625 0.12968750000000004 0.4546875 0.12968750000000004
1 0.5203125000000001 0.675 0.4640625 0.675 0.4640625000000001 0.7484375 0.5203125000000002 0.7484375
1 0.7359375 0.2093750000000001 0.6828125 0.2093750000000001 0.6828125 0.2875000000000001 0.7359375 0.2875000000000001
1 0.6953125000000002 0.8625 0.6296875000000002 0.8625 0.6296875000000002 0.9546875 0.6953125000000002 0.9546875
1 0.6359375 0.56875 0.56875 0.56875 0.56875 0.6890625 0.6359375 0.6890625
1 0.6843750000000001 0.6484375 0.60625 0.6484375 0.6062500000000001 0.78125 0.6843750000000002 0.78125
1 0.45625 0.625 0.4109375 0.625 0.4109375 0.70625 0.45625 0.70625
1 0.590625 0.2453125000000001 0.546875 0.2453125000000001 0.546875 0.3375000000000001 0.590625 0.3375000000000001
1 0.6953125 0.2984375000000001 0.65625 0.2984375000000001 0.65625 0.3765625000000001 0.6953125 0.3765625000000001
1 0.7921875 0.5125000000000002 0.7390625 0.5125000000000002 0.7390625 0.5968750000000002 0.7921875 0.5968750000000002
1 0.484375 0.09531250000000005 0.4484375 0.09531250000000005 0.4484375 0.16406250000000006 0.484375 0.16406250000000006
1 0.6234375 0.4203125 0.58125 0.4203125 0.58125 0.5078125 0.6234375 0.5078125
1 0.7953125 0.10312500000000009 0.759375 0.10312500000000009 0.759375 0.1828125000000001 0.7953125 0.1828125000000001
1 0.66875 0.054687500000000076 0.6296875 0.05468750000000007 0.6296875 0.1296875000000001 0.66875 0.1296875000000001
1 0.6234375000000001 0.7234375 0.58125 0.7234375 0.58125 0.8296875 0.6234375000000002 0.8296875
1 0.7625 0.6390625000000001 0.7109375 0.6390625 0.7109375 0.7125000000000001 0.7625 0.7125000000000001
1 0.5875 0.6296875 0.5265625 0.6296875 0.5265625 0.7203125 0.5875 0.7203125
1 0.7875 0.5937500000000002 0.7296875 0.5937500000000002 0.7296875 0.6562500000000002 0.7875 0.6562500000000002
1 0.5468750000000002 0.8625 0.49531250000000016 0.8625 0.49531250000000016 0.9625 0.5468750000000002 0.9625
1 0.4890625000000002 0.8609375 0.4515625000000002 0.8609375 0.4515625000000002 0.9671875 0.4890625000000002 0.9671875
1 0.6265625 0.014062500000000075 0.5921875 0.014062500000000071 0.5921875 0.10312500000000009 0.6265625 0.10312500000000009
1 0.8421875 0.014062500000000103 0.80625 0.0140625000000001 0.80625 0.0828125000000001 0.8421875 0.08281250000000011
1 0.5875 0.4484375 0.5546875 0.4484375 0.5546875 0.509375 0.5875 0.509375
1 0.5875 0.5234375 0.5421875 0.5234375 0.5421875 0.6265625 0.5875 0.6265625
1 0.7500000000000002 0.9390625 0.6890625000000001 0.9390625 0.6890625000000001 1 0.7500000000000002 1
1 0.5859375000000002 0.8734375 0.5437500000000002 0.8734375 0.5437500000000002 0.975 0.5859375000000002 0.975
1 0.6046875 0.18750000000000008 0.559375 0.18750000000000008 0.559375 0.2843750000000001 0.6046875 0.2843750000000001
1 0.7125 0.05937500000000009 0.675 0.05937500000000009 0.675 0.12343750000000009 0.7125 0.12343750000000009
1 0.546875 0.5265625 0.5078125 0.5265625 0.5078125 0.6265625 0.546875 0.6265625
1 0.546875 0.3859375000000001 0.5140625 0.3859375000000001 0.5140625 0.45 0.546875 0.45
1 0.709375 0.6265625 0.6609375 0.6265625 0.6609375 0.7 0.709375 0.7
1 0.8359375 0.928125 0.7921875000000002 0.928125 0.7921875000000002 0.9984375 0.8359375 0.9984375
1 0.2968750000000001 0.63125 0.2578125000000001 0.63125 0.2578125000000001 0.7125 0.2968750000000001 0.7125
1 0.5140625 0.3968750000000001 0.4859375 0.3968750000000001 0.4859375 0.446875 0.5140625 0.446875
1 0.7281250000000001 0.6765625000000001 0.678125 0.6765625 0.6781250000000001 0.7437500000000001 0.7281250000000001 0.7437500000000001
1 0.3218750000000001 0.603125 0.2812500000000001 0.603125 0.2812500000000001 0.6953125 0.3218750000000001 0.6953125
1 0.7296875000000002 0.865625 0.6937500000000002 0.865625 0.6937500000000002 0.9390625 0.7296875000000002 0.9390625
1 0.75 0.5078125000000001 0.703125 0.5078125 0.703125 0.565625 0.75 0.5656250000000002
1 0.496875 0.18750000000000006 0.4578125 0.18750000000000006 0.4578125 0.2921875000000001 0.496875 0.2921875000000001
1 0.6328125000000002 0.8921875 0.6000000000000002 0.8921875 0.6000000000000002 0.9703125 0.6328125000000002 0.9703125
1 0.5796875000000001 0.7671875 0.5515625000000002 0.7671875 0.5515625000000002 0.8296875 0.5796875000000001 0.8296875
1 0.6078125000000002 0.9296875 0.5671875000000002 0.9296875 0.5671875000000002 1 0.6078125000000002 1
1 0.6859375 0.10312500000000009 0.65625 0.10312500000000009 0.65625 0.1625000000000001 0.6859375 0.1625000000000001
1 0.6078125000000002 0.8546875 0.5750000000000002 0.8546875 0.5750000000000002 0.9203125 0.6078125000000002 0.9203125
1 0.16562500000000013 0.91875 0.13906250000000014 0.91875 0.13906250000000014 1 0.16562500000000013 1
1 0.6828125000000002 0.9375 0.6218750000000002 0.9375 0.6218750000000002 1 0.6828125000000002 1