1 0.1717356158793974 0.132990315835756 0.12900162354544636 -0.012601114868552069 0.06192938244621378 0.007085927308928974 0.10466337478016483 0.15267735801323706
1 0.2553306967290875 0.0037818167385390337 0.1455156417150748 0.0021564294502282024 0.14394396304980303 0.10834280135826675 0.25375901806381573 0.10996818864657758
1 0.3484729961928338 0.08274051200967214 0.3177373768776755 -0.013090638331990612 0.2363970295679872 0.01299739192706435 0.2671326488831455 0.1088285422687271
1 0.398584373127421 0.19470395229461607 0.3458859574784728 0.07889643978627636 0.2690922658856682 0.11384154646476863 0.32179068153461643 0.22964905897310833
1 0.28868084331850574 0.08342556042522212 0.24271987912814258 0.08338553815082497 0.24262834566391162 0.18850116026650357 0.2885893098542748 0.18854118254090071
1 0.21667813731059354 0.11638370537093548 0.16517396754439612 0.0756991384170329 0.1335836202236363 0.11569058316376099 0.1850877899898337 0.1563751501176636
1 0.1963546121522281 0.22748018166522693 0.1783986675939063 0.1343231243488508 0.09673835222532583 0.15006308155245332 0.11469429678364765 0.24322013886882946
1 0.24258289934157173 0.18203524496362877 0.23752399319708042 0.11555870967651147 0.196124158155633 0.11870926316079773 0.20118306430012436 0.18518579844791502
1 0.29084239132271683 0.2925075125785077 0.24494341302635828 0.15972300039647955 0.18790444194578976 0.1794393848802716 0.2338034202421483 0.3122238970622998
1 0.3736351677515332 0.24161007940965878 0.28167770245693285 0.16546840127316353 0.23646294834514808 0.22007494901150998 0.3284204136397485 0.29621662714800523
1 0.40441693481277446 0.005991984784674898 0.3272639109636791 0.004849072956112368 0.3264112822164697 0.06240634415052414 0.40356430606556504 0.06354925597908666
1 0.43169945467737686 0.21543217063900907 0.3797316243449888 0.05724154592723578 0.3327743899246249 0.0726676534837478 0.3847422202570129 0.23085827819552107
1 0.4485522981199403 0.14037794738702838 0.41804891678350486 0.03910338851443344 0.3779509145702993 0.051180702560079915 0.4084542959067347 0.15245526143267485
1 0.48789969340768363 0.1378864262214116 0.41496644784106457 0.13311729411550338 0.40856899327487756 0.23095210231865196 0.48150223884149657 0.23572123442456014
1 0.4697347742953972 0.11633649877432446 0.45022135009689074 0.003076207961593025 0.4189613773506487 0.008461935865468428 0.43847480154915514 0.12172222667819987
1 0.5478526480078505 0.008116544775004755 0.44308195443002196 0.006563573743126207 0.44172864439117926 0.09786420233493794 0.5464993379690077 0.09941717336681648
1 0.5143098774911621 0.0929830544801007 0.46660234827762564 0.09227662158359841 0.4653973672500505 0.17365259920217685 0.5131048964635869 0.17435903209867915
1 0.5861320887714128 0.03157917937961805 0.5389080505929945 0.023395984833834416 0.5221056150905753 0.12036042228149295 0.5693296532689935 0.12854361682727658
1 0.6189816057840355 0.010116069161434682 0.5677768910961409 -0.013404978977760251 0.537979044173085 0.05146416464964858 0.5891837588609796 0.07498521278884351
1 0.7007641924786404 0.022865828810564003 0.6436602561891468 -0.01855938749576822 0.5610609833896106 0.09530226567276867 0.6181649196791043 0.1367274819791009
1 0.6042452847016 0.17559020188695737 0.6032451737509446 0.10637955347502033 0.5577078888585031 0.10703757848026199 0.5587079998091584 0.17624822689219904
1 0.5779549723316035 0.1384595697975458 0.5316932887204372 0.11335615178321679 0.46871939242886757 0.22940721958362936 0.514981076040034 0.2545106375979584
1 0.5910330742766569 0.2776203698956006 0.5663767069405856 0.21470654725199054 0.4962646795778637 0.24218394138721283 0.520921046913935 0.3050977640308229
1 0.6301609681727003 0.2279994303400415 0.5861061861086914 0.16356671188747943 0.5413343845462224 0.19417867437824096 0.5853891666102313 0.25861139283080303
1 0.6933599048723624 0.0903148244851369 0.6397405785655227 0.07817323851650422 0.6164088451276376 0.18121017551486324 0.6700281714344773 0.19335176148349592
1 0.7181718152673512 0.20751428740751016 0.713531373727277 0.1592117125702598 0.6701735279160566 0.163377112644033 0.6748139694561307 0.21167968748128335
1 0.7118968120672512 0.010547308762129805 0.6798869115253094 0.010072214824837283 0.6790620893591993 0.06564538347531237 0.7110719899011411 0.0661204774126049
1 0.859417143279374 0.29842294826847315 0.8103574992097313 0.2694550689123458 0.7296982996693577 0.4060584968590308 0.7787579437390003 0.43502637621515816
1 0.7689211424664864 0.38961060007230364 0.7555822029951054 0.2975341150573073 0.7052553698487785 0.30482486449258184 0.7185943093201594 0.3969013495075781
1 0.7199561827016848 0.403115694862666 0.7096257593869477 0.2965267133715152 0.6484035873036836 0.30246026245904734 0.6587340106184206 0.4090492439501981
1 0.8550837066491976 0.39260346028522186 0.8190421450675205 0.36894491999399115 0.7806820281594602 0.4273829511997729 0.8167235897411373 0.45104149149100364
1 0.5920963990118099 0.46322364753260337 0.5754102426475083 0.3255996207021028 0.5266652195722461 0.3315096866676705 0.5433513759365478 0.469133713498171
1 0.6125817256185381 0.3686581822886087 0.603901334052028 0.3112895044614995 0.5697425208688631 0.3164580369274338 0.5784229124353732 0.373826714754543
1 0.6222766428329363 0.36183737658808635 0.58787405929793 0.35879098073988 0.5840554819257772 0.40191371776295054 0.6184580654607833 0.4049601136111568
1 0.6572675412219916 0.5403733584896615 0.648207621643939 0.4535511598436105 0.574128880855553 0.4612812961964371 0.5831888004336057 0.5481034948424883
1 0.5497838122902154 0.3982189938508033 0.5152147924086636 0.2961177811204627 0.44801483274782417 0.3188700744520846 0.48258385262937586 0.42097128718242516
1 0.5588044208080494 0.4320168292664106 0.4971886684777672 0.3916878719111903 0.4347624741071018 0.48706442472869294 0.49637822643738394 0.5273933820839132
1 0.44712753711389475 0.49176272098372237 0.43501317240283977 0.3134997421158167 0.37600397790834206 0.3175098787574895 0.3881183426193971 0.49577285762539514
1 0.39600554145942773 0.4761108613244577 0.37575563901475273 0.35704804054958184 0.3075492003994425 0.36864841856070146 0.3277991028441175 0.4877112393355773
1 0.4736493900046126 0.36288787625321245 0.4393897957014712 0.3612349525209148 0.43472874933336403 0.4578428930321913 0.46898834363650543 0.4594958167644889
1 0.403778125 0.31369062500000006 0.3738744296553677 0.3015241005472788 0.34935644000938504 0.36178605092476135 0.37926013535401737 0.3739525753774825
1 0.45358497109063955 0.3616382929571036 0.42115864857089064 0.31199571842209606 0.40862055248025103 0.32018555046499253 0.44104687499999995 0.36982812500000006
1 0.3339665117185394 0.32151909529185 0.28556651411634515 0.3116386091091044 0.2675822119740491 0.39973550681888737 0.3159822095762434 0.4096159930016331
1 0.284787311471737 0.32407594910224835 0.22303958465004176 0.32179049707918533 0.21795806752729968 0.4590815572145555 0.27970579434899495 0.4613670092376186
1 0.23955792610642881 0.4495046657580281 0.1896196450948095 0.30905207306748383 0.11724650193708588 0.3347845304858216 0.16718478294870517 0.4752371231763658
1 0.13374876709818365 0.32960062659698686 0.08223211935214876 0.29245490666307583 0.039718435673291586 0.3514162747659619 0.09123508341932647 0.3885619946998729
1 0.14185954131115927 0.42161106081485544 0.1350793485314212 0.34163380253083564 0.09207259689370359 0.3452797648104941 0.09885278967344166 0.4252570230945139
1 0.5789104256869733 0.47228046942082014 0.5366773252186178 0.4541704141605777 0.49933048217675446 0.5412641834339132 0.54156358264511 0.5593742386941557
1 0.37008483770947376 0.5390734146050922 0.3540905662031022 0.45030627974684156 0.30287028847597636 0.45953527006975337 0.3188645599823479 0.548302404928004
1 0.25620467435907324 0.4346862602789999 0.187780665949556 0.43016096528197423 0.17766078906230182 0.5831769657177193 0.24608479747181905 0.587702260714745
1 0.3518780683063203 0.49559231000649806 0.27150806862730137 0.4739991059250944 0.2305471772566567 0.6264557220854632 0.3109171769356756 0.6480489261668667
1 0.4184632812800779 0.5551465384581489 0.38084302130266257 0.5544888273216125 0.3791255240924988 0.6527275342060912 0.41674578406991414 0.6533852453426274
1 0.46580167992351756 0.6732153082963237 0.3619616829220701 0.6525716321520751 0.34207855338663146 0.7525859947545693 0.4459185503880789 0.7732296708988179
1 0.38064981205928844 0.8001482973662684 0.3137718611538694 0.6655828369609139 0.2345934479445516 0.7049338711373707 0.3014713988499707 0.8394993315427252
1 0.25721110299315 0.67794194803216 0.19055081117412734 0.6673640498149636 0.17354434815292322 0.7745361708285604 0.24020463997194588 0.7851140690457569
1 0.18402390429561102 0.6828477994821806 0.1306638265221379 0.6782403848517488 0.11963895312017252 0.8059232936757009 0.17299903089364563 0.8105307083061328
1 0.12550473864960449 0.6884515355470576 0.041942788023380036 0.6827968629326222 0.03543821535873008 0.7789182154686876 0.11900016598495453 0.7845728880831229
1 0.1506021688180899 0.8415403746911598 0.12265321319367392 0.7590006412943718 0.05311501409380322 0.7825471195886635 0.0810639697182192 0.8650868529854515
1 0.7301928007175938 0.5190369018434069 0.6956651760517982 0.5102087921455218 0.6820046377381557 0.5636365310123327 0.7165322624039513 0.5724646407102177
1 0.8368895362637316 0.5901876977584377 0.8020074238933683 0.5505493951536399 0.7714601626034069 0.57743129803296 0.8063422749737701 0.6170696006377578
1 0.81409968381768 0.7127940793112663 0.7657328266388654 0.6505286999546314 0.7234864014412321 0.6833451195277931 0.7718532586200467 0.7456104988844279
1 0.8317781400593702 0.7841596067351204 0.8313969027034995 0.6837454065875688 0.7840873729100077 0.6839250242115649 0.7844686102658787 0.7843392243591165
1 0.8397439119266649 0.8276595567666348 0.7953277595208132 0.7842331230819684 0.7614418731074755 0.8188912924879818 0.8058580255133272 0.8623177261726482
1 0.7933282539012529 0.8002761772974516 0.7892322624077226 0.7464528180023055 0.7517383388782024 0.7493061291639862 0.7558343303717328 0.8031294884591323
1 0.7768790097310923 0.7555842712603151 0.7173324073299223 0.7244979977034857 0.6673423192298891 0.8202553709586077 0.726888921631059 0.8513416445154369
1 0.7485444470653227 0.710769558169874 0.6910445873919733 0.6535758745331235 0.6256509332668263 0.7193196017531583 0.6831507929401759 0.7765132853899088
1 0.7704416454627749 0.740204341095739 0.733566089186396 0.7032960755999109 0.712989664274881 0.7238542650622964 0.7498652205512599 0.7607625305581245
1 0.7061039778363344 0.8076692933238409 0.627018778046009 0.7141820208831112 0.5548059918428058 0.7752701505845858 0.6338911916331311 0.8687574230253154
1 0.7133167641684957 0.8991621022381573 0.7110116849708715 0.8176007988944021 0.6708286579104271 0.8187364484730291 0.6731337371080512 0.9002977518167843
1 0.6805985929940268 0.8832578522478226 0.6384987933766582 0.8816995981102892 0.6359821736601461 0.9496918358501464 0.6780819732775146 0.9512500899876798
1 0.5776262759764854 0.9489661084088585 0.5706951089965964 0.8787046611079434 0.5234266740518679 0.8833676082584168 0.5303578410317569 0.9536290555593319
1 0.5205394772890606 0.8130252046471421 0.48209402351269404 0.7958905347884089 0.4494563720477385 0.8691203857928376 0.487901825824105 0.8862550556515707
1 0.6001951388307218 0.8755206408809958 0.5884126730466946 0.7808287255451437 0.5262494896442497 0.7885636581301243 0.5380319554282769 0.8832555734659764
1 0.6168806333418821 0.6715096214553654 0.5316996924903904 0.6604964986405273 0.5193673152460849 0.755881205981677 0.6045482560975766 0.7668943287965151
1 0.5397241354476616 0.7980648838381289 0.5211400183489004 0.6815232529117946 0.47558318708169517 0.688787897143978 0.4941673041804563 0.8053295280703123
1 0.49730938702535415 0.7474382072891476 0.48226216915763614 0.6634190502524391 0.44271837320808005 0.6705010555230893 0.4577655910757981 0.7545202125597977
1 0.5030543329298892 0.8132840875639656 0.46031687180458203 0.732926595933535 0.3865148278126021 0.7721775969550879 0.42925228893790923 0.8525350885855184
1 0.41772925593029414 0.7889211709775406 0.36242328218681946 0.7661036246868594 0.3025772814993566 0.9111604726278031 0.3578832552428312 0.9339780189184843
1 0.2905509171177444 0.83088847278828 0.2347028819217834 0.7526129172754331 0.11559285667161504 0.837595525687218 0.17144089186757605 0.9158710812000649
1 0.2750543479644901 0.9033851408350543 0.19894078118281794 0.8616758952130865 0.12544921354706412 0.9957877751505076 0.20156278032873626 1.0374970207724752