1 0.23211031682544458 0.1318423096929969 0.20479598826002773 0.054718053428629045 0.16054165812238885 0.07039116811875232 0.1878559866878057 0.14751542438312018
1 0.3569752209158691 0.015365868066865424 0.2887213987962045 0.0044876092155136825 0.26779006113441917 0.13581779881810857 0.33604388325408374 0.14669605766946034
1 0.5507184018351876 0.09689006384828511 0.5448433169123723 0.003576090019210948 0.4899677454681334 0.007031077832863225 0.4958428303909487 0.10034505166193738
1 0.6769517963427725 0.002016529873144024 0.6216233372871948 -0.002880262136343792 0.6138341741139148 0.08512886605922125 0.6691626331694926 0.09002565806870907
1 0.7101548166876851 0.0803984672836962 0.7084772776106271 0.01816831647621311 0.6743995597964492 0.019086950009130146 0.6760770988735072 0.08131710081661324
1 0.7800787290601925 0.1340791988039983 0.7380249564216129 0.11133337833806922 0.7002395371025416 0.181193220741987 0.7422933097411212 0.20393904120791606
1 0.7351855865481909 0.17946630163068197 0.6699161585756869 0.16966359760187602 0.6593117889432765 0.2402707625109166 0.7245812169157805 0.25007346653972257
1 0.6818918527281942 0.14186075866139777 0.6297564778899879 0.12770379323251427 0.5961774642450376 0.25136408412402006 0.6483128390832438 0.26552104955290357
1 0.611137494887301 0.2725720149929508 0.6081540980566674 0.14101629148081404 0.5564313913584471 0.142189249639651 0.5594147881890805 0.2737449731517877
1 0.5723953125000001 0.24080937500000008 0.5291671874999999 0.24080937500000008 0.5291671874999999 0.31525781250000007 0.5723953125000001 0.31525781250000007
1 0.5376717799278812 0.3085057759904126 0.5190802957628928 0.23059163331621774 0.4720072609099861 0.24182396613832569 0.4905987450749746 0.31973810881252057
1 0.5354171875 0.13511093750000006 0.49010468749999997 0.13511093750000006 0.49010468749999997 0.2389703125000001 0.5354171875 0.2389703125000001
1 0.4922018299650778 0.24721782767794886 0.4883137898798492 0.13569262085214617 0.44302430437335083 0.13727152252021196 0.44691234445857936 0.24879672934601466
1 0.44739531250000003 0.14797812500000007 0.3994796875 0.14797812500000007 0.3994796875 0.2233453125000001 0.44739531250000003 0.2233453125000001
1 0.4790604969404182 0.36463924583022156 0.46406467620165487 0.2270546145830588 0.4153846629188064 0.2323604161550296 0.4303804836575697 0.3699450474021923
1 0.43793386330522965 0.3109272834386355 0.39074410439884877 0.20683847273088576 0.3368265630035213 0.23128255814189216 0.38401632190990226 0.33537136884964197
1 0.4331281022229704 0.2356666185153248 0.399444546241489 0.19603791490311187 0.3760112150783562 0.21595574844593615 0.40969477105983765 0.25558445205814906
1 0.403125 0.12132343750000005 0.3572921875 0.12132343750000005 0.3572921875 0.21323593750000006 0.403125 0.21323593750000008
1 0.35996201555723767 0.22772232127411346 0.32513370551611176 0.1843012122646636 0.2695866032677252 0.22885584808872536 0.3044149133088511 0.27227695709817523
1 0.3064851201161441 0.13477554670305886 0.2468971033957344 0.13378340622466403 0.24516772037459553 0.23765025434111203 0.30475573709500525 0.2386423948195069
1 0.2744496089248244 0.20803279679352352 0.17408062157641208 0.09733207680993407 0.11868300853978438 0.14755941338759848 0.21905199588819668 0.2582601333711879
1 0.1880537956520643 0.19143739363228013 0.1272636775353449 0.17058838479715255 0.09395936985925306 0.26769481385741917 0.15474948797597246 0.28854382269254675
1 0.2608761576812081 0.2425115325989994 0.17405811071672944 0.21999777639890983 0.15037227580922924 0.31133561932109904 0.23719032277370786 0.33384937552118854
1 0.31702385846026243 0.25960067138197995 0.24953454678726122 0.24835695205725755 0.23301325280594914 0.3475243829174709 0.3005025644789504 0.3587681022421933
1 0.39428750452066164 0.3661535490296511 0.3418063045600862 0.24266903417955712 0.2883163600758512 0.2654023823711509 0.34079756003642664 0.3888868972212448
1 0.2802078125000001 0.45680156250000004 0.19375000000000003 0.45680156250000004 0.19375000000000006 0.5459562499999999 0.2802078125000001 0.5459562499999999
1 0.27251910177835337 0.639111951126621 0.25849831818773983 0.5463792872435742 0.17987597828259427 0.558266649981131 0.1938967618732078 0.6509993138641776
1 0.21092871473778327 0.7315401185064294 0.20235714911481023 0.5801348662712119 0.13377494677509033 0.5840175377059496 0.1423465123980634 0.7354227899411672
1 0.1618335179498124 0.6437621368122179 0.08603505251624229 0.6389947576471638 0.07562553359759637 0.8044998564903201 0.1514239990311665 0.8092672356553742
1 0.26681752107963436 0.6396072684102363 0.21814507550339446 0.6247547573925619 0.19125699904284338 0.712868372431702 0.2399294446190833 0.7277208834493765
1 0.2942784184654303 0.5866284089804684 0.26931148238056507 0.5761179934448396 0.252120613852682 0.6169539922047405 0.2770875499375472 0.6274644077403693
1 0.3548159571516737 0.45234915711724283 0.2856590972826436 0.44783090893913274 0.2760167843098834 0.5954173319915791 0.34517364417891355 0.5999355801696892
1 0.42156455168525875 0.6232295531616712 0.38892179602112037 0.5016207804213493 0.3143347189586904 0.5216417680309371 0.3469774746228288 0.643250540771259
1 0.4458904806637885 0.5096021933350877 0.4086599268229668 0.5053834900415504 0.40008284158840224 0.5810772782517725 0.43731339542922393 0.5852959815453097
1 0.44166233095187224 0.4733500237115125 0.3754293387050785 0.4358209964934964 0.34018479489393105 0.4980222249832371 0.40641778714072474 0.5355512522012532
1 0.4973597122787125 0.4481876938862313 0.42831217646833697 0.444278678343073 0.4229943854974148 0.5382103494871027 0.49204192130779034 0.5421193650302609
1 0.5519975477197792 0.5957724630445975 0.5424489377553684 0.5149042713963947 0.48506780628718865 0.5216796181988778 0.49461641625159947 0.6025478098470806
1 0.4962992392925855 0.5489917842408094 0.4425463108237526 0.5343711046627235 0.409809592947305 0.6547276479354835 0.46356252141613796 0.6693483275135694
1 0.5351454247904622 0.5183482363605001 0.5230943341000073 0.4520512885282031 0.4908074828562795 0.4579202128930415 0.5028585735467346 0.5242171607253385
1 0.5993278300503277 0.5157939206190236 0.5676925754033657 0.42274830965137855 0.5123229145386597 0.44157384374110586 0.5439581691856219 0.5346194547087509
1 0.6126431970028331 0.5990522835733311 0.6066301049195878 0.5176951476870224 0.5452574098776546 0.5222311931446671 0.5512705019608999 0.6035883290309758
1 0.6497935689910783 0.46911672658751796 0.6070735044835572 0.46705697883953345 0.6029291205072518 0.5530133057659482 0.6456491850147728 0.5550730535139328
1 0.6406755256183339 0.45391322171057824 0.6180816282377151 0.43541857601754624 0.5818104327458051 0.47972911228942144 0.6044043301264239 0.49822375798245344
1 0.6917404625059712 0.5117151142419287 0.6839351520827963 0.44277992518919734 0.6411499567958462 0.447624355665414 0.6489552672190211 0.5165595447181454
1 0.7782695617128434 0.5419068989142766 0.7408214188782168 0.5110683532899615 0.7122564201564549 0.5457556619988406 0.7497045629910815 0.5765942076231557
1 0.7823680419783834 0.8101110446560995 0.7466175095850875 0.7330050908465156 0.7105698829188034 0.7497187398082673 0.7463204153120993 0.8268246936178512
1 0.7406250000000002 0.7637875000000002 0.6890625000000001 0.7637875000000001 0.6890625000000001 0.8777578125 0.7406250000000002 0.8777578125
1 0.7035710691659963 0.8258493758831136 0.6773211736568185 0.7366019623372508 0.6424676064516648 0.746853267791467 0.6687175019608427 0.83610068133733
1 0.6887465738484436 0.8370089608805118 0.6103614636478694 0.7317661899916738 0.5615456100094325 0.768124374355953 0.6399307202100067 0.8733671452447911
1 0.5835780630435161 0.8311691981373788 0.5758166384262534 0.7444197551902341 0.5109026333618538 0.7502275752729396 0.5186640579791165 0.8369770182200844
1 0.4959638260272933 0.7539738567303862 0.44442590668170967 0.7490120704627293 0.4372253428341005 0.8238041027676694 0.48876326217968413 0.8287658890353263
1 0.45419004786424866 0.9164506595862678 0.42448902140263883 0.7480690750458224 0.36491512373923785 0.7585773851781392 0.3946161502008477 0.9269589697185845
1 0.3791164985869225 0.7608102948248281 0.306759127987063 0.7556851092036453 0.2999127571931296 0.8523421720723992 0.37227012779298907 0.8574673576935817
1 0.33168198209590977 0.7157607587859488 0.2772054989394426 0.6620759430708404 0.23611213264366726 0.7037752959890684 0.29058861580013445 0.7574601117041768
1 0.3888081897971286 0.6677688441781412 0.3112810223289129 0.5780557313389313 0.24964212150770937 0.6313220737418181 0.3271692889759251 0.7210351865810282
1 0.8880203124999999 0.890625 0.8416671875 0.890625 0.8416671875 0.9806984375000001 0.8880203124999999 0.9806984375000001
1 0.6851613621691011 0.9749609897472794 0.6402558958312119 0.8331467900381719 0.5756269297813305 0.8536115521378669 0.6205323961192194 0.9954257518469743
1 0.7250477092517699 0.9432310337030325 0.6934232032656463 0.8290757529921805 0.6456872246096552 0.8423000798332984 0.6773117305957788 0.9564553605441504
1 0.6058730758427624 0.8279708127139467 0.5305692005185104 0.8073226428964932 0.48051186795141465 0.9898817347686908 0.5558157432756665 1.0105299045861442
1 0.5077139934394171 0.9422863000543709 0.4986786459421729 0.8200470837641601 0.43606687368416 0.8246750512605026 0.4451022211814042 0.9469142675507133
1 0.2147207348167403 0.9089274909288914 0.1671294107148895 0.7852852309122829 0.0935212024486994 0.8136178745867209 0.1411125265505502 0.9372601346033294
1 0.23896124486087778 0.7679223224673399 0.18328327175391493 0.7610634019604212 0.17118828179491774 0.8592456924515768 0.2268662549018806 0.8661046129584953
1 0.3201115108359975 0.7627377858465143 0.253650940436125 0.7389530241394829 0.21576919647191545 0.8448040872114756 0.28222976687178797 0.868588848918507
1 0.28700006152182 0.9692796168330842 0.28216355940198873 0.8497889954605364 0.21363851238497822 0.8525626151082744 0.21847501450480947 0.9720532364808221
1 0.3233395247087806 0.8466281634406109 0.2960932549061416 0.8412142801840261 0.2789078672751497 0.927702607668264 0.30615413707778877 0.9331164909248489
1 0.4329026620945718 0.9669253734287533 0.3572882321246716 0.8364501540346916 0.2799053130463355 0.8812959519010534 0.3555197430162356 1.011771171295115