1 0.5421875 0.6546875 0.45 0.6546875 0.45 0.725 0.5421875 0.725
1 0.4703125 0.665625 0.3781250000000001 0.665625 0.3781250000000001 0.7171875 0.4703125 0.7171875
1 0.421875 0.32500000000000007 0.2734375 0.325 0.27343750000000006 0.4203125 0.421875 0.4203125
1 0.1437500000000001 0.6015625 0.05468750000000007 0.6015625 0.054687500000000076 0.6609375 0.1437500000000001 0.6609375
1 0.7812500000000001 0.6265625000000001 0.6734375 0.6265625 0.6734375000000001 0.7375 0.7812500000000002 0.7375000000000002
1 0.415625 0.6171875 0.3390625000000001 0.6171875 0.3390625000000001 0.6765625 0.415625 0.6765625
1 0.3781250000000001 0.528125 0.2640625000000001 0.528125 0.2640625000000001 0.5796875 0.3781250000000001 0.5796875
1 0.3703125000000001 0.465625 0.2750000000000001 0.465625 0.2750000000000001 0.5375 0.3703125000000001 0.5375
1 0.4843750000000001 0.7125 0.4046875 0.7125 0.4046875000000001 0.771875 0.48437500000000017 0.771875
1 0.4703125 0.20312500000000006 0.328125 0.203125 0.328125 0.27343750000000006 0.4703125 0.2734375000000001
1 0.53125 0.27812500000000007 0.415625 0.27812500000000007 0.415625 0.4 0.53125 0.4
1 0.6984375 0.584375 0.60625 0.584375 0.60625 0.6640625 0.6984375 0.6640625
1 0.503125 0.5953125 0.4015625 0.5953125 0.4015625 0.6640625 0.503125 0.6640625
1 0.18750000000000008 0.7875 0.08125000000000009 0.7875 0.0812500000000001 0.8453125 0.18750000000000008 0.8453125
1 0.784375 0.5453125000000001 0.6546875 0.5453125 0.6546875 0.6125 0.784375 0.6125000000000002
1 0.8796875 0.6046875000000002 0.75 0.6046875000000002 0.75 0.6859375000000002 0.8796875 0.6859375000000002
1 0.434375 0.39687500000000003 0.3359375000000001 0.396875 0.3359375000000001 0.48125 0.434375 0.48125
1 0.4125 0.5703125 0.2953125000000001 0.5703125 0.2953125000000001 0.6234375 0.4125 0.6234375
1 0.784375 0.7203125000000001 0.678125 0.7203125 0.6781250000000001 0.8078125 0.7843750000000002 0.8078125
1 0.890625 0.5390625000000002 0.78125 0.5390625000000002 0.78125 0.6140625000000002 0.890625 0.6140625000000002
1 0.7453125 0.1515625000000001 0.609375 0.1515625000000001 0.609375 0.24375000000000008 0.7453125 0.24375000000000008
1 0.6875000000000002 0.73125 0.6046875000000002 0.73125 0.6046875000000002 0.7859375 0.6875000000000002 0.7859375
1 0.4500000000000002 0.7515625 0.3234375000000001 0.7515625 0.3234375000000001 0.8171875 0.4500000000000002 0.8171875
1 0.18750000000000006 0.2921875 0.017187500000000033 0.2921875 0.017187500000000043 0.3890625 0.18750000000000006 0.3890625
1 0.19218750000000004 0.4734375 0.03437500000000006 0.4734375 0.03437500000000006 0.5375 0.19218750000000004 0.5375
1 0.44375 0.24843750000000003 0.2953125 0.2484375 0.2953125 0.32812500000000006 0.44375 0.3281250000000001
1 0.690625 0.659375 0.6046875 0.659375 0.6046875 0.7421875 0.6906250000000002 0.7421875
1 0.20468750000000005 0.3515625 0.05625000000000004 0.3515625 0.05625000000000004 0.4375 0.20468750000000008 0.4375
1 0.7421875 0.3546875000000001 0.6171875 0.3546875000000001 0.6171875 0.45000000000000007 0.7421875 0.4500000000000002
1 0.13437500000000008 0.7390625 0.03906250000000009 0.7390625 0.0390625000000001 0.8 0.13437500000000008 0.8
1 0.575 0.4609375 0.4078125 0.4609375 0.4078125 0.540625 0.575 0.540625
1 0.3765625 0.12656250000000005 0.246875 0.12656250000000005 0.246875 0.18750000000000006 0.3765625 0.18750000000000006
1 0.2015625000000001 0.659375 0.037500000000000075 0.659375 0.03750000000000008 0.734375 0.2015625000000001 0.734375
1 0.3453125000000001 0.4109375 0.27812500000000007 0.4109375 0.27812500000000007 0.4703125 0.3453125000000001 0.4703125
1 0.809375 0.7968750000000001 0.6875000000000002 0.796875 0.6875000000000002 0.8703125 0.809375 0.8703125
1 0.7890625 0.3265625000000001 0.675 0.3265625000000001 0.675 0.4046875000000001 0.7890625 0.4046875000000002
1 0.18437500000000007 0.528125 0.09375000000000007 0.528125 0.09375000000000007 0.5890625 0.1843750000000001 0.5890625
1 0.746875 0.2218750000000001 0.621875 0.2218750000000001 0.621875 0.3359375000000001 0.746875 0.3359375000000001
1 0.5984375000000002 0.76875 0.4906250000000002 0.76875 0.4906250000000002 0.865625 0.5984375000000002 0.865625
1 0.846875 0.20468750000000008 0.7359375 0.20468750000000008 0.7359375 0.3140625000000001 0.846875 0.3140625000000001
1 0.11875000000000005 0.2140625 0.003125000000000026 0.2140625 0.0031250000000000314 0.2953125 0.11875000000000005 0.2953125
1 0.865625 0.9328125 0.7765625000000002 0.9328125 0.7765625000000002 0.9921875 0.865625 0.9921875
1 0.7093750000000002 0.765625 0.6078125000000002 0.765625 0.6078125000000002 0.825 0.7093750000000002 0.825
1 0.3578125 0.2890625 0.21875 0.2890625 0.21875 0.3515625 0.3578125 0.3515625
1 0.840625 0.8796875 0.7453125000000002 0.8796875 0.7453125000000002 0.959375 0.840625 0.959375
1 0.060937500000000075 0.6015625 0.009375000000000074 0.6015625 0.009375000000000078 0.6671875 0.06093750000000009 0.6671875
1 0.96875 0.6718750000000002 0.8421875 0.6718750000000002 0.8421875 0.7484375000000002 0.96875 0.7484375000000002
1 0.4265625000000002 0.796875 0.3125000000000001 0.796875 0.3125000000000001 0.85625 0.4265625000000002 0.85625
1 0.09375000000000008 0.709375 0.010937500000000086 0.709375 0.010937500000000091 0.784375 0.09375000000000008 0.784375
1 0.050000000000000114 0.8578125 0.012500000000000105 0.8578125 0.012500000000000105 0.88125 0.050000000000000114 0.88125
1 0.9015625 0.85625 0.81875 0.85625 0.81875 0.9109375 0.9015625 0.9109375
1 0.8109375 0.4781250000000001 0.6125 0.478125 0.6125 0.5562500000000001 0.8109375 0.5562500000000001
1 0.5640625 0.17500000000000007 0.4625 0.17500000000000004 0.4625 0.2687500000000001 0.5640625 0.2687500000000001
1 0.878125 0.7218750000000002 0.7734375 0.7218750000000002 0.7734375000000001 0.815625 0.878125 0.815625
1 0.84375 0.6703125000000002 0.7609375 0.6703125000000002 0.7609375 0.7406250000000002 0.84375 0.7406250000000002
1 0.7125 0.440625 0.6140625 0.440625 0.6140625 0.484375 0.7125 0.484375
1 0.040625000000000064 0.4421875 0.007812500000000056 0.4421875 0.007812500000000059 0.51875 0.040625000000000064 0.51875
1 0.1281250000000001 0.55 0.06562500000000007 0.55 0.06562500000000007 0.5921875 0.1281250000000001 0.5921875
1 0.03281250000000009 0.6921875 0.010937500000000086 0.6921875 0.010937500000000088 0.725 0.03281250000000009 0.725
1 0.3671875 0.16250000000000003 0.228125 0.16250000000000003 0.228125 0.2515625 0.3671875 0.2515625000000001
1 1 0.7343750000000002 0.85 0.7343750000000002 0.85 0.8375 1 0.8375
1 0.09687500000000006 0.421875 0.01718750000000005 0.421875 0.017187500000000053 0.4671875 0.09687500000000007 0.4671875
1 0.9640625 0.6484375000000002 0.878125 0.6484375000000002 0.878125 0.7015625000000002 0.9640625 0.7015625000000002
1 0.06250000000000004 0.275 0.004687500000000034 0.275 0.004687500000000038 0.3484375 0.06250000000000004 0.3484375
1 0.04687500000000008 0.6609375 0.01093750000000008 0.6609375 0.010937500000000083 0.696875 0.04687500000000009 0.696875
1 0.2640625000000001 0.6015625 0.13437500000000008 0.6015625 0.13437500000000008 0.6875 0.2640625000000001 0.6875
1 0.03750000000000007 0.51875 0.007812500000000064 0.51875 0.007812500000000066 0.571875 0.03750000000000007 0.571875
1 0.553125 0.5 0.36406250000000007 0.5 0.36406250000000007 0.6125 0.553125 0.6125