1 1 0.6484375000000002 0.903125 0.6484375000000002 0.903125 0.7218750000000002 1 0.7218750000000002
1 0.6515625 0.4015625 0.5359375 0.4015625 0.5359375 0.4578125 0.6515625 0.4578125
1 1 0.7062500000000002 0.921875 0.7062500000000002 0.921875 0.7859375000000002 1 0.7859375000000002
1 1 0.2531250000000001 0.984375 0.2531250000000001 0.984375 0.3359375000000001 1 0.3359375000000001
1 0.15000000000000005 0.2125 0.06406250000000002 0.2125 0.06406250000000004 0.2765625 0.15000000000000005 0.2765625
1 0.625 0.11562500000000006 0.5390625 0.11562500000000005 0.5390625 0.19218750000000007 0.625 0.1921875000000001
1 0.615625 0.5546875 0.4828125 0.5546875 0.4828125 0.64375 0.615625 0.64375
1 1 0.5906250000000002 0.9796875 0.5906250000000002 0.9796875 0.6781250000000002 1 0.6781250000000002
1 1 0.4421875000000002 0.909375 0.4421875000000002 0.909375 0.5125000000000002 1 0.5125000000000002
1 1 0.33281250000000007 0.9640625 0.33281250000000007 0.9640625 0.3968750000000001 1 0.3968750000000001
1 0.6921875 0.29375000000000007 0.571875 0.29375000000000007 0.571875 0.36406250000000007 0.6921875 0.36406250000000007
1 0.7765625 0.4703125000000001 0.65625 0.4703125 0.65625 0.5468750000000001 0.7765625 0.5468750000000002
1 0.996875 0.2218750000000001 0.9 0.2218750000000001 0.9 0.2906250000000001 0.996875 0.2906250000000001
1 0.784375 0.6421875000000001 0.659375 0.6421875 0.659375 0.7078125000000001 0.784375 0.7078125000000002
1 0.915625 0.2453125000000001 0.85 0.2453125000000001 0.85 0.2968750000000001 0.915625 0.2968750000000001
1 0.5546875000000001 0.7125 0.4140625 0.7125 0.4140625000000001 0.8265625 0.5546875000000002 0.8265625
1 0.4296875 0.35156250000000006 0.3 0.3515625 0.30000000000000004 0.45 0.4296875 0.45
1 0.7109375 0.440625 0.5671875 0.440625 0.5671875 0.5109375 0.7109375 0.5109375
1 0.9875 0.5953125000000001 0.871875 0.5953125000000001 0.871875 0.6671875000000002 0.9875 0.6671875000000002
1 1 0.3843750000000001 0.86875 0.3843750000000001 0.86875 0.4515625000000002 1 0.4515625000000002
1 0.7875 0.37187500000000007 0.675 0.37187500000000007 0.675 0.45000000000000007 0.7875 0.4500000000000002
1 0.8203125 0.721875 0.6734375 0.721875 0.6734375000000001 0.8390625 0.8203125 0.8390625
1 0.7578125 0.1687500000000001 0.6671875 0.1687500000000001 0.6671875 0.2468750000000001 0.7578125 0.2468750000000001
1 0.6765625 0.5 0.54375 0.5 0.54375 0.5921875 0.6765625 0.5921875
1 0.2156250000000001 0.371875 0.12343750000000005 0.371875 0.12343750000000005 0.415625 0.2156250000000001 0.415625
1 0.22656250000000008 0.4109375 0.09531250000000005 0.4109375 0.09531250000000005 0.4921875 0.22656250000000008 0.4921875
1 0.8265625 0.5671875000000001 0.671875 0.5671875 0.671875 0.6656250000000001 0.8265625 0.6656250000000001
1 0.66875 0.17187500000000008 0.5703125 0.17187500000000008 0.5703125 0.2296875000000001 0.66875 0.2296875000000001
1 0.3765625000000001 0.753125 0.2578125000000001 0.753125 0.2578125000000001 0.81875 0.3765625000000001 0.81875
1 0.28593750000000007 0.4796875 0.15937500000000004 0.4796875 0.15937500000000007 0.546875 0.28593750000000007 0.546875
1 0.6953125 0.2156250000000001 0.5890625 0.2156250000000001 0.5890625 0.2796875000000001 0.6953125 0.2796875000000001
1 0.3421875000000001 0.55 0.22812500000000008 0.55 0.22812500000000008 0.6328125 0.3421875000000001 0.6328125
1 1 0.19062500000000013 0.9515625 0.19062500000000013 0.9515625 0.2531250000000001 1 0.2531250000000001
1 0.4140625 0.10312500000000005 0.3328125 0.10312500000000005 0.3328125 0.16406250000000006 0.4140625 0.16406250000000006
1 0.3578125000000001 0.4484375 0.2468750000000001 0.4484375 0.2468750000000001 0.521875 0.3578125000000001 0.521875
1 0.4437500000000001 0.603125 0.2968750000000001 0.603125 0.2968750000000001 0.734375 0.4437500000000002 0.734375
1 0.6703125000000002 0.75625 0.5562500000000001 0.75625 0.5562500000000001 0.81875 0.6703125000000002 0.81875
1 0.4421875 0.4921875 0.3218750000000001 0.4921875 0.3218750000000001 0.6109375 0.4421875 0.6109375
1 0.4593750000000002 0.7828125 0.3500000000000001 0.7828125 0.3500000000000001 0.8609375 0.4593750000000002 0.8609375
1 0.65625 0.10312500000000009 0.596875 0.10312500000000009 0.596875 0.1468750000000001 0.65625 0.1468750000000001
1 0.9984375 0.28593750000000007 0.8796875 0.28593750000000007 0.8796875 0.37968750000000007 0.9984375 0.37968750000000007
1 1 0.07343750000000013 0.9375 0.07343750000000011 0.9375 0.14687500000000014 1 0.14687500000000014
1 0.3734375000000001 0.8078125 0.2453125000000001 0.8078125 0.2453125000000001 0.8953125 0.3734375000000001 0.8953125
1 1 0.5093750000000001 0.9328125 0.5093750000000001 0.9328125 0.5875000000000001 1 0.5875000000000001
1 0.41875 0.19062500000000004 0.321875 0.19062500000000004 0.321875 0.26250000000000007 0.41875 0.26250000000000007
1 0.215625 0.2484375 0.12500000000000006 0.2484375 0.12500000000000006 0.30625 0.215625 0.30625
1 0.2984375000000001 0.4046875 0.19218750000000004 0.4046875 0.19218750000000004 0.4578125 0.2984375000000001 0.4578125
1 0.9140625 0.6421875000000001 0.784375 0.6421875000000001 0.784375 0.7515625000000001 0.9140625 0.7515625000000001
1 0.76875 0.2593750000000001 0.6625 0.2593750000000001 0.6625 0.3375000000000001 0.76875 0.3375000000000001
1 0.6687500000000001 0.6359375 0.534375 0.6359375 0.534375 0.78125 0.6687500000000002 0.78125
1 0.33125 0.18906250000000005 0.25625 0.18906250000000005 0.25625 0.246875 0.33125 0.246875
1 0.80625 0.8109375 0.7109375000000002 0.8109375 0.7109375000000002 0.8953125 0.80625 0.8953125
1 0.4390625 0.4390625 0.3296875000000001 0.4390625 0.3296875000000001 0.490625 0.4390625 0.490625
1 0.3453125000000001 0.703125 0.17968750000000008 0.703125 0.17968750000000008 0.78125 0.3453125000000001 0.78125
1 0.26406250000000003 0.3203125 0.13281250000000006 0.3203125 0.13281250000000006 0.390625 0.2640625000000001 0.390625
1 0.3109375000000001 0.625 0.19531250000000008 0.625 0.19531250000000008 0.728125 0.3109375000000001 0.728125
1 0.6984375 0.34843750000000007 0.5671875 0.34843750000000007 0.5671875 0.415625 0.6984375 0.415625
1 0.4437500000000001 0.715625 0.3437500000000001 0.715625 0.3437500000000001 0.7671875 0.4437500000000002 0.7671875
1 0.6734375 0.2656250000000001 0.5953125 0.2656250000000001 0.5953125 0.3062500000000001 0.6734375 0.3062500000000001
1 0.9609375 0.4937500000000002 0.85 0.4937500000000002 0.85 0.5875000000000001 0.9609375 0.5875000000000001
1 0.7359375000000001 0.7000000000000001 0.628125 0.7 0.628125 0.7640625000000001 0.7359375000000001 0.7640625000000002
1 0.34687500000000004 0.3078125 0.225 0.3078125 0.22500000000000003 0.3734375 0.3468750000000001 0.3734375
1 0.425 0.31093750000000003 0.3390625 0.3109375 0.3390625 0.35937500000000006 0.425 0.3593750000000001
1 0.2734375 0.2046875 0.19531250000000006 0.2046875 0.19531250000000006 0.25625 0.2734375 0.25625
1 0.7140625000000002 0.8015625 0.6281250000000002 0.8015625 0.6281250000000002 0.9015625 0.7140625000000002 0.9015625
1 0.2640625000000001 0.5875 0.15781250000000008 0.5875 0.15781250000000008 0.64375 0.2640625000000001 0.64375
1 0.425 0.26250000000000007 0.3375 0.2625 0.3375 0.32031250000000006 0.425 0.3203125000000001
1 0.4140625 0.15781250000000005 0.3296875 0.15781250000000005 0.3296875 0.20937500000000003 0.4140625 0.2093750000000001
1 0.359375 0.2515625 0.2578125 0.2515625 0.2578125 0.3265625 0.359375 0.3265625
1 0.2656250000000001 0.80625 0.12343750000000009 0.80625 0.12343750000000012 0.9171875 0.2656250000000001 0.9171875
1 0.28125 0.246875 0.20625 0.246875 0.20625 0.290625 0.28125 0.290625
1 0.709375 0.584375 0.609375 0.584375 0.609375 0.6578125 0.709375 0.6578125
1 0.22656250000000008 0.6453125 0.1468750000000001 0.6453125 0.1468750000000001 0.7125 0.22656250000000008 0.7125
1 0.2578125 0.284375 0.18593750000000003 0.284375 0.18593750000000003 0.328125 0.2578125 0.328125
1 0.2328125000000001 0.9015625 0.1453125000000001 0.9015625 0.14531250000000012 0.946875 0.2328125000000001 0.946875
1 0.2046875 0.2484375 0.16093750000000004 0.2484375 0.16093750000000004 0.265625 0.2046875 0.265625