1 0.2812500000000001 0.5 0.2015625000000001 0.5 0.2015625000000001 0.6375 0.2812500000000001 0.6375
1 0.6375 0.3734375000000001 0.5921875 0.3734375000000001 0.5921875 0.45 0.6375 0.45
1 0.2453125000000001 0.6078125 0.1468750000000001 0.6078125 0.1468750000000001 0.7109375 0.2453125000000001 0.7109375
1 0.5453125 0.503125 0.503125 0.503125 0.503125 0.596875 0.5453125 0.596875
1 0.23906250000000004 0.2546875 0.15468750000000003 0.2546875 0.15468750000000003 0.36875 0.2390625000000001 0.36875
1 0.3437500000000001 0.3640625 0.27812500000000007 0.3640625 0.27812500000000007 0.4484375 0.3437500000000001 0.4484375
1 0.15781250000000008 0.6828125 0.0828125000000001 0.6828125 0.0828125000000001 0.7609375 0.15781250000000008 0.7609375
1 0.25468750000000007 0.6984375 0.1781250000000001 0.6984375 0.1781250000000001 0.78125 0.25468750000000007 0.78125
1 0.8265625 0.5000000000000002 0.7765625 0.5000000000000002 0.7765625 0.5640625000000001 0.8265625 0.5640625000000001
1 0.2218750000000001 0.8515625 0.1296875000000001 0.8515625 0.12968750000000012 0.9640625 0.2218750000000001 0.9640625
1 0.4593750000000001 0.7046875 0.409375 0.7046875 0.4093750000000001 0.7828125 0.4593750000000002 0.7828125
1 0.4125 0.575 0.3531250000000001 0.575 0.3531250000000001 0.7046875 0.4125 0.7046875
1 0.70625 0.2375000000000001 0.65625 0.2375000000000001 0.65625 0.36406250000000007 0.70625 0.36406250000000007
1 0.4390625 0.5015625 0.3781250000000001 0.5015625 0.3781250000000001 0.625 0.4390625 0.625
1 0.5203125 0.5953125 0.4390625 0.5953125 0.4390625 0.7109375 0.5203125 0.7109375
1 0.3484375 0.16093750000000004 0.296875 0.16093750000000004 0.296875 0.2515625 0.3484375 0.2515625
1 0.20312500000000008 0.509375 0.13437500000000005 0.509375 0.13437500000000008 0.615625 0.20312500000000008 0.615625
1 0.5093750000000001 0.70625 0.4578125 0.70625 0.45781250000000007 0.7828125 0.5093750000000001 0.7828125
1 0.8734375 0.49531250000000016 0.8234375 0.49531250000000016 0.8234375 0.5625000000000002 0.8734375 0.5625000000000002
1 0.3703125000000001 0.490625 0.2796875000000001 0.490625 0.2796875000000001 0.628125 0.3703125000000001 0.628125
1 0.6015625 0.4984375 0.5390625 0.4984375 0.5390625 0.603125 0.6015625 0.603125
1 0.7828125 0.3578125000000001 0.7109375 0.3578125000000001 0.7109375 0.4484375000000001 0.7828125 0.44843750000000016
1 0.6171875 0.3046875000000001 0.565625 0.3046875000000001 0.565625 0.3968750000000001 0.6171875 0.3968750000000001
1 0.6640625 0.25468750000000007 0.615625 0.25468750000000007 0.615625 0.3812500000000001 0.6640625 0.3812500000000001
1 0.5593750000000001 0.66875 0.50625 0.66875 0.5062500000000001 0.7671875 0.5593750000000002 0.7671875
1 0.65 0.503125 0.590625 0.503125 0.590625 0.5921875 0.65 0.5921875
1 0.6015625 0.23437500000000008 0.5421875 0.23437500000000008 0.5421875 0.3203125000000001 0.6015625 0.3203125000000001
1 0.6453125 0.1828125000000001 0.6015625 0.1828125000000001 0.6015625 0.3000000000000001 0.6453125 0.3000000000000001
1 0.3984375000000001 0.690625 0.3343750000000001 0.690625 0.3343750000000001 0.828125 0.3984375000000001 0.828125
1 0.6453125000000002 0.8109375 0.5625000000000002 0.8109375 0.5625000000000002 0.9125 0.6453125000000002 0.9125
1 0.284375 0.2859375 0.24375 0.2859375 0.24375 0.3484375 0.284375 0.3484375
1 0.7015625 0.3625000000000001 0.6359375 0.3625000000000001 0.6359375 0.4453125 0.7015625 0.4453125
1 0.6984375 0.528125 0.646875 0.528125 0.646875 0.60625 0.6984375 0.60625
1 0.740625 0.22656250000000008 0.69375 0.22656250000000008 0.69375 0.3156250000000001 0.740625 0.3156250000000001
1 0.296875 0.13750000000000004 0.2078125 0.13750000000000004 0.2078125 0.284375 0.296875 0.284375
1 0.7406250000000002 0.7609375 0.6625000000000002 0.7609375 0.6625000000000002 0.85625 0.7406250000000002 0.85625
1 0.7953125 0.028125000000000094 0.734375 0.028125000000000087 0.734375 0.1140625000000001 0.7953125 0.1140625000000001
1 0.1593750000000001 0.6 0.08437500000000006 0.6 0.08437500000000007 0.7015625 0.1593750000000001 0.7015625
1 0.26250000000000007 0.896875 0.2015625000000001 0.896875 0.2015625000000001 1 0.26250000000000007 1
1 0.33125 0.06250000000000003 0.2546875 0.06250000000000003 0.2546875 0.15937500000000004 0.33125 0.15937500000000004
1 0.4890625 0.18437500000000004 0.446875 0.18437500000000004 0.446875 0.26250000000000007 0.4890625 0.26250000000000007
1 0.7265625000000001 0.6671875 0.6640625 0.6671875 0.6640625000000001 0.7609375 0.7265625000000002 0.7609375000000002
1 0.4484375 0.21093750000000008 0.3734375 0.21093750000000008 0.3734375 0.3468750000000001 0.4484375 0.3468750000000001
1 0.784375 0.5250000000000001 0.753125 0.5250000000000001 0.753125 0.5953125000000001 0.784375 0.5953125000000001
1 0.6578125000000001 0.7234375 0.571875 0.7234375 0.5718750000000001 0.8203125 0.6578125000000001 0.8203125
1 0.8703125 0.1609375000000001 0.8296875 0.1609375000000001 0.8296875 0.24218750000000008 0.8703125 0.24218750000000008
1 0.6609375 0.5828125 0.5984375 0.5828125 0.5984375 0.6640625 0.6609375 0.6640625
1 0.684375 0.17187500000000008 0.6421875 0.17187500000000008 0.6421875 0.23437500000000008 0.684375 0.23437500000000008
1 0.7671875 0.6234375000000001 0.7203125 0.6234375 0.7203125 0.6968750000000001 0.7671875 0.6968750000000001
1 0.5609375 0.17187500000000006 0.51875 0.17187500000000006 0.51875 0.2468750000000001 0.5609375 0.2468750000000001
1 0.5796875000000001 0.84375 0.4968750000000002 0.84375 0.4968750000000002 0.959375 0.5796875000000001 0.959375
1 0.6078125 0.5921875 0.521875 0.5921875 0.521875 0.6828125 0.6078125 0.6828125
1 0.434375 0.665625 0.3937500000000001 0.665625 0.3937500000000001 0.7171875 0.434375 0.7171875
1 0.6703125000000002 0.8484375 0.6250000000000002 0.8484375 0.6250000000000002 0.953125 0.6703125000000002 0.953125
1 0.33281250000000007 0.8453125 0.27031250000000007 0.8453125 0.27031250000000007 0.9390625 0.33281250000000007 0.9390625
1 0.4984375 0.2453125000000001 0.434375 0.2453125000000001 0.434375 0.39531250000000007 0.4984375 0.39531250000000007
1 0.2734375 0.0015625000000000291 0.203125 0.001562500000000025 0.203125 0.07187500000000004 0.2734375 0.07187500000000005
1 0.8046875 0.846875 0.7671875000000001 0.846875 0.7671875000000001 0.915625 0.8046875 0.915625
1 0.6015625 0.1781250000000001 0.5625 0.1781250000000001 0.5625 0.2390625000000001 0.6015625 0.2390625000000001
1 0.565625 0.27031250000000007 0.496875 0.27031250000000007 0.496875 0.4234375 0.565625 0.4234375
1 0.6375 0.0031250000000000743 0.5828125 0.003125000000000071 0.5828125 0.1437500000000001 0.6375 0.1437500000000001
1 0.4000000000000002 0.8375 0.3296875000000001 0.8375 0.3296875000000001 0.95625 0.4000000000000002 0.95625
1 0.37187500000000007 0.25312500000000004 0.2796875 0.253125 0.27968750000000003 0.38125000000000003 0.37187500000000007 0.3812500000000001
1 0.3593750000000001 0.615625 0.28593750000000007 0.615625 0.28593750000000007 0.71875 0.3593750000000001 0.71875
1 0.7593750000000001 0.8515625 0.7015625000000002 0.8515625 0.7015625000000002 0.9578125 0.7593750000000001 0.9578125
1 0.4671875000000002 0.84375 0.4109375000000002 0.84375 0.4109375000000002 0.98125 0.4671875000000002 0.98125
1 0.5140625000000002 0.8921875 0.4546875000000002 0.8921875 0.4546875000000002 1 0.5140625000000002 1
1 0.5015625 0.503125 0.4375 0.503125 0.4375 0.596875 0.5015625 0.596875
1 0.6125000000000002 0.9 0.5468750000000002 0.9 0.5468750000000002 1 0.6125000000000002 1
1 0.821875 0.3265625000000001 0.7890625 0.3265625000000001 0.7890625 0.38750000000000007 0.821875 0.38750000000000007
1 0.6921875 8.113285044351215e-17 0.6328125 7.749718025854345e-17 0.6328125 0.07656250000000007 0.6921875 0.07656250000000009
1 0.6796875 0.6359375 0.625 0.6359375 0.625 0.7078125 0.6796875 0.7078125
1 0.675 0.70625 0.6265625 0.70625 0.6265625000000001 0.771875 0.6750000000000002 0.771875
1 0.3000000000000001 0.9125 0.2390625000000001 0.9125 0.2390625000000001 1 0.3000000000000001 1
1 0.4515625 0.5765625 0.409375 0.5765625 0.409375 0.675 0.4515625 0.675
1 0.4703125 0.0015625000000000534 0.4015625 0.0015625000000000493 0.4015625 0.07187500000000005 0.4703125 0.07187500000000006
1 0.6718750000000002 0.928125 0.6031250000000001 0.928125 0.6031250000000001 1 0.6718750000000002 1
1 0.3796875 3.9801020972288984e-17 0.2703125 3.3103733789451887e-17 0.2703125 0.07500000000000004 0.3796875 0.07500000000000004
1 0.6171875000000001 0.6578125 0.5578125 0.6578125 0.5578125 0.734375 0.6171875000000002 0.734375
1 0.7015625 0.503125 0.6625 0.503125 0.6625 0.5625 0.7015625 0.5625
1 0.5890625 0.0015625000000000695 0.54375 0.0015625000000000667 0.54375 0.09843750000000007 0.5890625 0.09843750000000007
1 0.403125 0.11718750000000004 0.3421875 0.11718750000000004 0.3421875 0.275 0.403125 0.2750000000000001
1 0.6828125 0.22656250000000008 0.65 0.22656250000000008 0.65 0.3000000000000001 0.6828125 0.3000000000000001
1 0.646875 0.18125000000000008 0.63125 0.18125000000000008 0.63125 0.2406250000000001 0.646875 0.2406250000000001
1 0.7078125 0.2015625000000001 0.6765625 0.2015625000000001 0.6765625 0.2562500000000001 0.7078125 0.2562500000000001