1 0.2936112150192487 0.07604903956707207 0.26659718352976924 -0.011967565793784229 0.19000175112840095 0.011541082538625513 0.2170157826178804 0.09955768789948181
1 0.25544913992338775 0.1515382433573514 0.2419114994110394 0.07190713433561605 0.20237751260578926 0.0786280868372736 0.21591515311813758 0.15825919585900897
1 0.30174266801148175 0.14977045994005808 0.2731558062041676 0.07662462589611438 0.2383973247525049 0.09020893891787621 0.26698418655981904 0.1633547729618199
1 0.318630361750728 0.051968175643955575 0.28251365826023 0.05094583101097896 0.2804104579891392 0.12524627542272043 0.3165271614796372 0.12626862005569703
1 0.40833281250000003 4.36917621233926e-17 0.3 3.705829051985483e-17 0.3 0.09926406250000004 0.40833281250000003 0.09926406250000004
1 0.47083281250000003 5.3865324056246864e-17 0.4088546875 5.0070258436326633e-17 0.4088546875 0.05790468750000004 0.47083281250000003 0.05790468750000005
1 0.46438040907053935 0.1595124240505341 0.46176586643474826 0.048997115870576244 0.4134858754352355 0.050139311436083724 0.41610041807102666 0.16065461961604158
1 0.51875 0.07812500000000007 0.46510468749999995 0.07812500000000007 0.46510468749999995 0.1599265625 0.51875 0.1599265625
1 0.41041718749999995 0.09742656250000006 0.3760421875 0.09742656250000006 0.3760421875 0.15165468750000005 0.41041718749999995 0.15165468750000005
1 0.34525674011142743 0.1343696560614962 0.3064859107244291 0.13237134501898573 0.3030144030082677 0.1997248403036099 0.34178523239526604 0.2017231513461204
1 0.42239531250000006 0.17279375000000002 0.3708328125 0.17279375000000002 0.3708328125 0.3253671875000001 0.42239531250000006 0.3253671875000001
1 0.3573212295799237 0.28123916584892444 0.34041663987036924 0.23334450466842488 0.28544096904040883 0.25274836172643 0.30234555874996333 0.30064302290692957
1 0.3099990930117845 0.2793343433036231 0.24341446193690003 0.2632425025886004 0.20703000180682113 0.4137936979132261 0.27361463288170557 0.42988553862824885
1 0.26975778897269626 0.262741737868572 0.20690780737685605 0.22599572337176782 0.1529160495384984 0.31834263589919176 0.21576603113433865 0.35508865039599613
1 0.19447583895457052 0.2459858735107872 0.15721372127002006 0.23657265543112876 0.13669569481544955 0.3177930319203416 0.1739578125 0.3272062500000001
1 0.407072839842144 0.34310244564972425 0.37172871728846013 0.2682577317300433 0.2887559117867811 0.30744020504968766 0.3241000343404649 0.3822849189693686
1 0.4561714306601242 0.2454445261321183 0.4247924285900118 0.24137964374815732 0.41494419454156783 0.3174034317456704 0.4463231966116803 0.3214683141296314
1 0.5076202225706885 0.24207363797760362 0.4549202801210819 0.23621867437145222 0.43816814368098544 0.38700298076295764 0.490868086130592 0.392857944369109
1 0.5466839484159972 0.32132003603422066 0.5317585314127646 0.22034959000735194 0.4885226793094188 0.22674069896571786 0.5034480963126514 0.3277111449925866
1 0.5946758882882766 0.1559824518885468 0.592999997564944 0.08493072446510645 0.5433961397650685 0.08610072621091748 0.5450720304884009 0.15715245363435784
1 0.632667526875648 0.10374847380694385 0.5957631860558747 0.011061769682508072 0.5489847732872495 0.02968716481473448 0.5858891141070228 0.12237386893917027
1 0.6261011020102163 0.2316598360304271 0.5643936227247031 0.21797645678166253 0.541315355867952 0.3220517475499933 0.6030228351534651 0.33573512679875783
1 0.682929180026769 0.09960521948906578 0.6126200064502725 0.09770404850667083 0.6104548686526444 0.17777525232796196 0.6807640422291409 0.17967642331035688
1 0.7057296875 8.362041425428021e-17 0.6567703125000001 8.062251716017995e-17 0.6567703125000001 0.07169062500000009 0.7057296875 0.07169062500000009
1 0.7576824974810512 0.03000497492489478 0.6991803408410615 0.016979631366980753 0.6683316229621244 0.15553386738173108 0.7268337796021141 0.16855921093964513
1 0.6737281550983194 0.09761481970980682 0.6671971152166957 0.039137474180123734 0.6139308584285585 0.04508651383431852 0.6204618983101822 0.10356385936400161
1 0.791793648408825 0.22937151570068495 0.7508252814998234 0.22771487135573049 0.7482032446384961 0.29255713427773156 0.7891716115474978 0.294213778622686
1 0.7571520170304911 0.241373033696927 0.7077636080486601 0.22905699862474913 0.6901444247039147 0.29971150941953456 0.7395328336857456 0.3120275444917125
1 0.7074483552843792 0.2483667436980304 0.6316513552802412 0.2253069550343115 0.6071349167031821 0.30589193011912263 0.6829319167073201 0.3289517187828415
1 0.862603425514943 0.25059571965113897 0.8156832386174852 0.21406313964733004 0.7766448987460558 0.26420156958419644 0.8235650856435136 0.3007341495880054
1 0.8442188938581461 0.4025042894469152 0.8014484644156944 0.3998101845797779 0.7958446244350188 0.48877429485769736 0.8386150538774704 0.4914683997248347
1 0.8042579195957437 0.46525208227459325 0.7941249931459042 0.4167069820046171 0.7554859014598942 0.4247722053117176 0.7656188279097337 0.47331730558169377
1 0.8778703882860827 0.4644819870627968 0.8284443927832358 0.45700899005696655 0.8175369204285623 0.5291504186068386 0.8669629159314092 0.5366234156126689
1 0.8666671875 0.5790437500000003 0.8229171875000001 0.5790437500000003 0.8229171875000001 0.6415437500000003 0.8666671875 0.6415437500000003
1 0.8338546875 0.5487125 0.8083328125 0.5487125 0.8083328125 0.5919125000000003 0.8338546875 0.5919125000000003
1 0.8027459816005591 0.6742019048252981 0.7974812844581356 0.6300913201469849 0.7620207696380946 0.6343236120652037 0.7672854667805181 0.6784341967435169
1 0.7355599473799772 0.6168748909188493 0.7329200219439846 0.5469247945690661 0.6915560874560105 0.5484858746602426 0.6941960128920031 0.6184359710100259
1 0.6963524314841741 0.621239400642609 0.6622345638407572 0.5471546631271024 0.6186444675054579 0.5672289886522519 0.6527623351488749 0.6413137261677585
1 0.5314577576540038 0.3721775827590003 0.494934842588458 0.3571898699287259 0.4638473057298314 0.4329457561765048 0.5003702207953772 0.4479334690067793
1 0.5703757343617555 0.4063893253781636 0.5652867122841979 0.35156982565154593 0.5374102315551845 0.3541576644056759 0.542499253632742 0.40897716413229357
1 0.6476193358198239 0.40670958522766404 0.6438675336375017 0.3536301835548436 0.5974869423955511 0.35690849487627746 0.6012387445778733 0.4099878965490979
1 0.45425010547464517 0.4214682984278162 0.41268370457239756 0.3389434432331794 0.3240576909722977 0.38358289643768756 0.36562409187454525 0.4661077516323243
1 0.33437500000000003 0.35569843749999996 0.2838546875 0.35569843749999996 0.28385468750000004 0.43658125 0.3343750000000001 0.43658125
1 0.36960218750000007 0.4781746875 0.3358153125 0.41060093749999993 0.28667281250000004 0.4351721874999999 0.32045968750000003 0.5027459375000001
1 0.25266694840262877 0.38250651725211504 0.1838961369790139 0.3225580107855508 0.1054431719645644 0.4125564841527118 0.17421398338817928 0.47250499061927603
1 0.1903999470783263 0.46274374335124663 0.12466596457047958 0.44101246217506757 0.08061773708866045 0.5742519795011531 0.14635171959650717 0.5959832606773322
1 0.2957926730166049 0.5002296991576989 0.25943968358524583 0.4109609302480539 0.1404842712072338 0.45940323433491603 0.17683726063859295 0.548672003244561
1 0.34451901773592974 0.62715552511974 0.3110395181411256 0.4425600839717864 0.23445351879667325 0.45645024787873345 0.2679330183914773 0.641045689026687
1 0.24783618263972707 0.6089864629660101 0.1604960327086597 0.552945135427913 0.11731706884584572 0.6202393510241192 0.20465721877691306 0.6762806785622164
1 0.18716192671275872 0.6774553519351565 0.1319978967916405 0.5965405138442839 0.08055151457620272 0.6316143004923948 0.1357155444973209 0.7125291385832673
1 0.13878047648514863 0.6679499226485149 0.05654579207920801 0.6597264542079209 0.04345699257425754 0.7906144492574256 0.12569167698019817 0.7988379176980197
1 0.1864578125000001 0.703125 0.12864531250000008 0.703125 0.12864531250000008 0.787684375 0.1864578125000001 0.787684375
1 0.2047058981116961 0.7999323938217173 0.16429562506117862 0.7824865923015677 0.13723010014060924 0.8451793411003294 0.1776403731911267 0.8626251426204791
1 0.24555973750112123 0.6623461635038836 0.16078219059226326 0.6565945542293469 0.15479962384479082 0.7447763671550981 0.2395771707536488 0.7505279764296349
1 0.28406980803753984 0.6326261085649099 0.25340561932704936 0.5696775024745385 0.21342999441866764 0.5891508503712428 0.24409418312915815 0.6520994564616142
1 0.37353733456094024 0.7598537260874936 0.3037056996101223 0.6630321642281845 0.23281580370453764 0.7141608305863414 0.3026474386553556 0.8109823924456505
1 0.33613201101668067 0.6737651112582284 0.3273421417822048 0.6240254946903033 0.2773411301503342 0.6328615570518912 0.28613099938481 0.6826011736198161
1 0.4106572729054701 0.7006647815021677 0.35647538479825125 0.6341482434178564 0.3082602169016008 0.6734225187677824 0.3624421050088197 0.7399390568520937
1 0.3953970763671867 0.5532133271493287 0.33164466062366416 0.5494145341918996 0.32580164401738587 0.647473688258529 0.38955405976090846 0.651272481215958
1 0.43281106288867627 0.6968633722632264 0.42780679268748784 0.567875754628514 0.3806883100495987 0.5697037876049642 0.38569258025078723 0.6986914052396765
1 0.4854999255075224 0.7193138226844145 0.4767205644415836 0.5643635563959051 0.4272441740985545 0.567166850029825 0.4360235351644933 0.7221171163183344
1 0.5355919069513716 0.7314350140274314 0.5291416497817955 0.6024298706359101 0.47970843594139645 0.6049015313279302 0.48615869311097254 0.7339066747194514
1 0.48576066333007245 0.43229853854684946 0.45146157351186467 0.4128619327602593 0.41385950624375695 0.47921696906340444 0.4481585960619647 0.4986535748499946
1 0.5426521062327139 0.4662211132519845 0.4886184281029152 0.43003303749655875 0.43130120341431777 0.5156153848710991 0.4853348815441164 0.5518034606265247
1 0.5891757575356186 0.6997703128053451 0.5725568499550129 0.5573021809527479 0.5179082082137589 0.5636769450118652 0.5345271157943646 0.7061450768644624
1 0.6169098817313909 0.6331259203721482 0.61293227615603 0.5524407578014731 0.571975599133892 0.5544598341927341 0.5759532047092529 0.6351449967634093
1 0.6334418061979884 0.7661620183610734 0.5839037395239652 0.6903935453831546 0.5439936946865439 0.716487069304319 0.5935317613605673 0.7922555422822379
1 0.6544522898253153 0.7431383214138811 0.641942159702384 0.6642810674113856 0.5939615314521121 0.6718928453052989 0.6064716615750434 0.7507500993077945
1 0.7107053599793289 0.7103576066123707 0.7032887380157249 0.6264074900905562 0.6528569995142611 0.6308629114160942 0.6602736214778653 0.7148130279379087
1 0.7100636473243918 0.8590155117904146 0.677710151212543 0.7529617777503941 0.6314185930405569 0.7670838052384937 0.6637720891524056 0.8731375392785143
1 0.7283702868814605 0.7982855577116645 0.6922148647386571 0.7974817021593563 0.6908029781240226 0.8609848482448743 0.7269584002668261 0.8617887037971826
1 0.4958352408472659 0.07515062273539821 0.4885969365998421 0.005455039017425722 0.46128836371998155 0.008291198046773285 0.46852666796740533 0.07798678176474579