1 0.3497678936335239 0.5468544802894002 0.2684633564159332 0.5052785263336597 0.19708294086869788 0.6448676662159445 0.27838747808628855 0.686443620171685
1 0.4252161866447878 0.5021102577248381 0.32370624409875604 0.42012701672724717 0.267448206894008 0.4897845473995745 0.3689581494400398 0.5717677883971655
1 0.5300263087965822 0.43711012735993043 0.5270874242618453 0.3439457277976524 0.43345801413457447 0.3468992811582968 0.4363968986693115 0.4400636807205749
1 0.262758496867717 0.35489741024111365 0.15390570522123817 0.31549269966508814 0.12386246136313002 0.39848508601345295 0.23271525300960888 0.43788979658947846
1 0.2465999283067283 0.43220447790232497 0.13614659392411604 0.39682904011092435 0.10860666352043782 0.4828174357793671 0.21905999790305009 0.5181928735707677
1 0.304789352665341 0.4737911352776017 0.25027065215664174 0.4457059994514044 0.20660730891624954 0.5304650245835176 0.2611260094249488 0.5585501604097151
1 0.3234601170964941 0.37799147259559274 0.2566367072549293 0.34404507071465035 0.21187612070136339 0.4321561768786575 0.2786995305429281 0.46610257875959993
1 0.6368391897852353 0.4443726192108602 0.5909637482008243 0.38941076979793754 0.517971610595749 0.45033569464290857 0.5638470521801601 0.5052975440558312
1 0.6516406060188114 0.42137145888858873 0.6376258776648037 0.34717748698247014 0.5952155577240436 0.3551885032160854 0.6092302860780512 0.429382475122204
1 0.7479723046707811 0.3407035210093147 0.6966777848990101 0.33101313519114334 0.6810266363053753 0.413860006930934 0.7323211560771463 0.42355039274910533
1 0.7295299555632692 0.4822912829867752 0.7248318821995571 0.4157112739054556 0.6798070504778072 0.4188883531149104 0.6845051238415193 0.48546836219623
1 0.726837079949137 0.5424043463381567 0.7181630170107013 0.4883143847039202 0.6705190971338834 0.49595473694598446 0.6791931600723191 0.550044698580221
1 0.40181413773320446 0.7109942809950472 0.2756725589822855 0.6776253084455006 0.24905332537498923 0.7782514858735944 0.3751949041259082 0.811620458423141
1 0.35885668855049574 0.8146697709394856 0.31920434390826485 0.8037762023233194 0.2978532117022828 0.8814938431225932 0.3375055563445137 0.8923874117387591
1 0.30990198353922765 0.7853073986133484 0.2535621730781531 0.7663891131840002 0.20579408273743566 0.9086454062256797 0.26213389319851016 0.9275636916550279
1 0.2844986074262716 0.7178822965746532 0.22808863696939707 0.6904836153924356 0.16089375371037687 0.8288282807537218 0.21730372416725138 0.8562269619359395
1 0.2544331844101734 0.9980526106306591 0.24760941851004858 0.823529938231508 0.1586283160612866 0.8270090633463051 0.16545208196141142 1.001531735745456
1 0.21200322637982327 0.7193260681304573 0.1525090445896363 0.6936390108506093 0.11991827876841685 0.769122976387222 0.17941246055860383 0.79481003366707
1 0.3311757341302043 0.7970491266662422 0.30028407926557155 0.7884396570884625 0.2905759598587657 0.82327337958325 0.32146761472339846 0.8318828491610295
1 0.4733704684078859 0.8176109300439769 0.3957065897675857 0.7623477085176666 0.34694585304766934 0.8308733542262559 0.42460973168796945 0.8861365757525661
1 0.5025901342542521 0.7226707103062203 0.4193176347029194 0.6692300471549075 0.3691452483980735 0.7474098407744212 0.4524177479494062 0.800850503925734
1 0.5521021417311193 0.6893724181367397 0.489323292127509 0.676267277109071 0.4705324269437293 0.7662830119114371 0.5333112765473396 0.7793881529391057
1 0.5666671875000002 0.7628671875 0.4932296875000001 0.7628671875 0.4932296875000001 0.8621328125 0.5666671875000002 0.8621328125
1 0.5541687432862855 0.9517727244789433 0.5240407908158728 0.8910729245073856 0.4702183564661869 0.9177873411066011 0.5003463089365996 0.9784871410781589
1 0.6816903298421018 0.7571777478811308 0.6622290673171984 0.6760104315310145 0.6168977773348802 0.686879389316104 0.6363590398597834 0.7680467056662202
1 0.2802078125 0.2086390625 0.16562500000000005 0.2086390625 0.16562500000000005 0.3235296875 0.2802078125 0.3235296875
1 0.32437717599157984 0.1448291449734868 0.31202254675112673 0.02466725100394724 0.22323068063307802 0.03379652276571331 0.23558530987353116 0.1539584167352529
1 0.3772057455760956 0.22546745740930554 0.3083038921435689 0.19507098381991309 0.2828479612727381 0.2527737568962808 0.3517498147052648 0.28317023048567325
1 0.4216353333789904 0.15097075802430587 0.39667925844127827 0.048212336891494734 0.31854896634387037 0.06718718491848205 0.34350504128158255 0.16994560605129322
1 0.5382336310314897 0.07478518837975634 0.4891278590264757 0.05075405831965609 0.43863798612629284 0.1539262429400982 0.4877437581313068 0.17795737300019848
1 0.5660461191399089 0.1262322902647057 0.5018826582806123 0.12103813007209689 0.49574058014764066 0.19691122124869603 0.5599040410069372 0.20210538144130483
1 0.6026046875 0.05147031250000007 0.5671875 0.05147031250000007 0.5671875 0.12224218750000009 0.6026046875 0.12224218750000009
1 0.6647100668229302 0.050370673097294386 0.6198435164712407 0.04157682922836327 0.5958263046072094 0.1641136244530131 0.6406928549588989 0.17290746832194426
1 0.7448387248904854 0.15499473928214888 0.7117261207536809 0.14769545537061732 0.698032529634111 0.20981531088647695 0.7311451337709156 0.21711459479800851
1 0.4980785834510657 0.4366791472899985 0.4032076745715682 0.4309192718192015 0.39671463849583666 0.5378660690225753 0.4915855473753341 0.5436259444933723
1 0.1865981470386731 0.21973881366112663 0.1402663668094967 0.06788368346716214 0.07832425791524461 0.08678253905771409 0.12465603814442101 0.2386376692516786
1 0.2636805572366002 0.1156217361156145 0.17829234252350123 -0.013532251438066422 0.09958584911991217 0.0385033619050172 0.1849740638330112 0.16765734945869812
1 0.24744420166335881 0.5366337470206796 0.1755812830302322 0.5094869472990246 0.1358899004161774 0.614557844365201 0.207752819049304 0.6417046440868559
1 0.4423502204307316 0.44507934195803484 0.43101892113023316 0.36509170019581616 0.37868265930568545 0.37250581860133364 0.3900139586061839 0.4524934603635523
1 0.4516225049186232 0.050547329972743346 0.41575009776885485 0.04663851824820499 0.40699144447877844 0.12701946239367626 0.4428638516285468 0.13092827411821462
1 0.46822968749999994 0.057904687500000065 0.453125 0.05790468750000005 0.453125 0.11029375000000004 0.46822968749999994 0.11029375000000004
1 0.6016517391462601 0.3867104414767103 0.575403708633351 0.3464643362912666 0.5303149613827942 0.3758706802882383 0.5565629918957035 0.41611678547368197
1 0.5586187760974405 0.39568303011509814 0.5266538711364228 0.38941790874273907 0.5169389002095501 0.43898408694107227 0.5489038051705678 0.4452492083134313
1 0.688713252347781 0.34989295608964843 0.6631188427601677 0.34844396962370555 0.6606727242508984 0.3916513842528985 0.6862671338385117 0.3931003707188414
1 0.35364531250000003 0.8795953125 0.25520781250000013 0.8795953125 0.25520781250000013 0.99908125 0.35364531250000003 0.99908125
1 0.1949638872332716 0.5093382864338671 0.13414259596511421 0.48151085619837214 0.1138451515476571 0.5258741613424712 0.1746664428158145 0.5537015915779662
1 0.24110132217970937 0.13117690400078602 0.17756965146669595 0.13035950015458272 0.17657301678698656 0.20782165865379673 0.2401046875 0.20863906250000003
1 0.32435312930417776 0.222266059622913 0.27898773958613743 0.11934582256814293 0.22907749074206502 0.1413453627414793 0.27444288046010534 0.24426559979624934
1 0.37234317465602373 0.2157114505896256 0.37023854906011355 0.1302055055834121 0.3074809112087883 0.1317502090651544 0.3095855368046984 0.21725615407136786
1 0.5670590442264655 0.05483260318778418 0.5273940028761618 0.05333563953734488 0.5247283423363851 0.12396763885482143 0.5643933836866888 0.12546460250526073