1 0.2020828125 1.9804834954961103e-17 0.1130203125 1.4351329677508044e-17 0.1130203125 0.10018437499999999 0.2020828125 0.10018437500000002
1 0.2380203125 0.027573437500000027 0.190625 0.02757343750000002 0.190625 0.13970625000000006 0.2380203125 0.13970625000000006
1 0.20177264156466457 0.18093556311796433 0.19299525950205373 0.09642063455758255 0.1290939590575682 0.10305716774589624 0.13787134112017901 0.18757209630627802
1 0.27131022248150666 0.20999666460061253 0.22763878325483788 0.12810759798394497 0.16731516621727596 0.16027818295007673 0.21098660544394474 0.24216724956674432
1 0.3466101164389077 0.05025044163089778 0.2739881004684446 0.018894074727156384 0.21442722639592224 0.15683833215301773 0.2870492423663854 0.18819469905675912
1 0.29375 3.1126407586484836e-17 0.2109375 2.6055604433765322e-17 0.2109375 0.07720625000000003 0.29375 0.07720625000000005
1 0.3635421875 4.305398903252414e-17 0.3192703125 4.0343118531974055e-17 0.3192703125 0.11948593750000006 0.3635421875 0.11948593750000006
1 0.3588570112711727 0.18982156375446269 0.35370940137449086 0.11264600308457144 0.3053346948102773 0.11587259601240456 0.31048230470695914 0.1930481566822958
1 0.4540669870459556 0.11720040745082101 0.393841464795772 0.09639104986443868 0.3616576543567105 0.18953601042592227 0.4218831766068941 0.21034536801230458
1 0.5212494226677082 0.017672760978150716 0.4692386248368754 -0.0012351000288305825 0.42815209793616144 0.11178366203077454 0.4801628957669942 0.13069152303775583
1 0.5300510829934608 0.2440791455069824 0.5177810870232472 0.1271719193552696 0.4263681221384693 0.13676616555957125 0.4386381181086829 0.253673391711284
1 0.5403053583950589 0.1595610591590705 0.538538781692735 0.05034099565323582 0.4903368722032001 0.05112063601946937 0.49210344890552404 0.16034069952530408
1 0.5818807834691533 0.12025418167792931 0.5774319781394303 -0.0015535738588354914 0.5278841049087223 0.00025607152485833395 0.5323329102384453 0.12206382706162314
1 0.5925525582940919 0.13285885104028844 0.541436519807558 0.12458296040861479 0.5211035044866457 0.25016982953823313 0.5722195429731796 0.2584457201699068
1 0.6278547244715256 0.007124603661449361 0.5794327866593625 0.005681953103030132 0.5750984805420788 0.15116105061917443 0.6235204183542418 0.15260370117759364
1 0.633301901256035 0.22105193954684038 0.6321396930315378 0.13482516358761018 0.5835871166199263 0.13547957984054745 0.5847493248444235 0.22170635579977765
1 0.6595016319366473 0.2173813858042366 0.6033343758886154 0.2014678769850176 0.5808352872724287 0.28087915488160026 0.6370025433204607 0.29679266370081925
1 0.6896428058590249 0.0009104797710081103 0.6374452976408282 -0.006047448074477657 0.6184791550817316 0.13623419152864485 0.6706766632999283 0.14319211937413062
1 0.6805037549549334 0.2265422154448225 0.6786863668777212 0.11096615745347396 0.6321119700846815 0.11169852153394255 0.6339293581618937 0.22727457952529106
1 0.7282226919631452 0.22595902346246682 0.7101445528498526 0.11747934081444703 0.6628666939873797 0.12535819599387818 0.6809448331006723 0.23383787864189803
1 0.7979171875 9.382583613901854e-17 0.7276046875 8.952043723576613e-17 0.7276046875 0.07904375000000008 0.7979171875 0.07904375000000008
1 0.8144351870816742 0.27549077127137755 0.7827219483902011 0.25150708240024977 0.7560646228534577 0.2867556270326291 0.7877778615449307 0.3107393159037568
1 0.846482611151604 0.4253571055849964 0.8386385219469783 0.32835422467014463 0.7904417631706432 0.3322516313414706 0.7982858523752687 0.4292545122563225
1 0.8784225811895399 0.37261327952190565 0.8227383732451313 0.37051023237103736 0.8176973762407634 0.5039850930380775 0.8733815841851719 0.5060881401889457
1 0.753366983851935 0.33062197551152533 0.7085441022569415 0.3260619281903368 0.6993069010376223 0.4168587878191447 0.7441297826326158 0.4214188351403333
1 0.740625 0.39154375 0.68125 0.39154375 0.68125 0.4669125 0.740625 0.4669125000000001
1 0.8027494219862108 0.4741670740485947 0.7485068468739557 0.4631016772488691 0.7314677405271274 0.5466273765610217 0.7857103156393824 0.5576927733607473
1 0.7808429350855364 0.43397329635701054 0.7450708336970396 0.4230596946126184 0.7318892257114221 0.4662657624506011 0.7676613270999189 0.4771793641949932
1 0.8284095954271727 0.5123405782861862 0.7962886364000114 0.5014187969100684 0.7728829742522229 0.570254849286713 0.8050039332793842 0.5811766306628308
1 0.6807296875 0.3483453125000001 0.6114578125000001 0.3483453125000001 0.6114578125000001 0.44761093750000003 0.6807296875 0.44761093750000003
1 0.6315721423046888 0.3689982420430359 0.5869904724846325 0.3320771337691484 0.5347478217084567 0.39515933027718797 0.579329491528513 0.4320804385510755
1 0.6505783945285148 0.5167544720417151 0.6407963050113235 0.4045209558557216 0.5805558752545061 0.4097714130850819 0.5903379647716975 0.5220049292710753
1 0.6726953090212744 0.5098335980045742 0.6181865070500954 0.5088664316287577 0.6164787766081344 0.6051128922259944 0.6709875785793135 0.606080058601811
1 0.551905381688071 0.33255773596341986 0.49048883289433276 0.29609958391092406 0.4325869121826555 0.39363980299606693 0.4940034609763938 0.43009795504856274
1 0.4230533209495076 0.4020586213356564 0.36411772026240763 0.39649134948517795 0.35548773267774025 0.4878491124765566 0.4144233333648402 0.4934163843270351
1 0.36718750000000006 0.34191250000000006 0.30104218750000006 0.3419125 0.3010421875000001 0.48345625 0.3671875000000001 0.48345625
1 0.23655046374807226 0.39889378508087686 0.23415233976491084 0.3269860194688402 0.19124780118931672 0.32841688583033635 0.19364592517247817 0.40032465144237295
1 0.21834214053142437 0.34045374728022565 0.15472702988540435 0.33338398798376456 0.1365383367735725 0.49704949288926975 0.2001534474195925 0.5041192521857307
1 0.2661178852393521 0.4822292127092063 0.24385571973837533 0.39929151513531735 0.19568191378602032 0.4122223448098188 0.2179440792869971 0.49516004238370775
1 0.22790981296938426 0.5101632368214152 0.13513153419279905 0.46639490605655665 0.10487233642141927 0.5305370891677058 0.19765061519800448 0.5743054199325643
1 0.25572968750000014 0.49724218750000004 0.2114578125000001 0.49724218750000004 0.2114578125000001 0.5652578125 0.25572968750000014 0.5652578125
1 0.3912453108026576 0.6363547918026367 0.3113379636226042 0.47798578351326293 0.21325696237708397 0.5274739548603515 0.2931643095571374 0.6858429631497253
1 0.1698446878125576 0.5697652123010422 0.12414333292511914 0.5155109010715537 0.08591243759606586 0.5477148619274411 0.1316137924835043 0.6019691731569295
1 0.24576058318321378 0.6453156676036629 0.23125445765870692 0.5521195675077244 0.14765792264584218 0.5651315050143595 0.16216404817034907 0.6583276051102979
1 0.1594287508325227 0.587417125323964 0.06593324446178195 0.5815275750808432 0.05661557711375366 0.729443798041259 0.1501110834844944 0.7353333482843798
1 0.2192847011854055 0.696372199245616 0.1746486776268869 0.6792632114156357 0.15214866823588385 0.7379639925035643 0.19678469179440244 0.7550729803335445
1 0.2716506472730351 0.8697275045833839 0.17169896425052059 0.8047417085891141 0.11400009766901542 0.8934856984884064 0.21395178069152995 0.9584714944826762
1 0.2684715623023647 0.8051364958727595 0.20446425186434883 0.744566099712611 0.16339213226174215 0.7879687530946442 0.22739944269975804 0.8485391492547928
1 0.3118504464668638 0.750982003378256 0.2815916443569496 0.6743273799932108 0.1879304052842155 0.7112994082065034 0.21818920739412961 0.7879540315915486
1 0.33194674472320174 0.7708249680615793 0.28424380145197337 0.7437948717616576 0.22096846200073245 0.8554637276480133 0.2686714052719608 0.882493823947935
1 0.3661403523442007 0.8331073631337347 0.29695494306961634 0.8086022829853178 0.2505898427358534 0.9395052803728119 0.3197752520104378 0.9640103605212287
1 0.3674489126467859 0.8356476505245954 0.3420087048627523 0.6992287195617469 0.28534922267925145 0.7097949143670453 0.3107894304632851 0.8462138453298937
1 0.40615218260438973 0.7845300323836882 0.3950072428322549 0.6818219824236169 0.3358074225528412 0.688245806376966 0.346952362324976 0.7909538563370373
1 0.4555998713656869 0.90584349372409 0.41457367162407904 0.7755148399994753 0.3394920110525624 0.7991498206081709 0.38051821079417036 0.9294784743327854
1 0.47708281250000006 0.6801468749999999 0.3984375000000001 0.6801468749999999 0.3984375000000001 0.7619484375 0.4770828125000001 0.7619484375
1 0.4963441623502839 0.8460801828322377 0.4714575825065436 0.7494897979558103 0.4091610356313445 0.7655405465865606 0.43404761547508475 0.8621309314629879
1 0.542751436752005 0.8499535523942322 0.4874225106970046 0.8117876346653841 0.41372052926096414 0.9186330015173748 0.4690494553159647 0.9567989192462232
1 0.5264856221250309 0.8295017851994615 0.5129995314385406 0.683350466508755 0.46623233293444144 0.6876659026322847 0.47971842362093176 0.8338172213229911
1 0.5719058050298484 0.7419764484575258 0.5215712497429091 0.7415241586787795 0.5204315796427855 0.8683560933348458 0.5707661349297248 0.868808383113592
1 0.5651288103619443 0.8867101471640627 0.5159099782498479 0.8702744848212965 0.4745192041750858 0.9942248019846378 0.5237380362871822 1.0106604643274038
1 0.5908418038340016 0.9651502680398958 0.5791336230733823 0.8618489891889514 0.5384066593999857 0.8664649886985737 0.5501148401606051 0.9697662675495181
1 0.6445854875195935 0.9320048610642843 0.5979440251619407 0.8095467068402659 0.5539130455516172 0.8263170827378856 0.6005545079092702 0.948775236961904
1 0.6542880690092695 0.931088599285102 0.6439020287898802 0.7970555135886781 0.6108302991289363 0.7996181966202492 0.6212163393483257 0.933651282316673
1 0.6940149263414513 0.9313564678037661 0.6912330615930958 0.8035911841360663 0.6363114422643106 0.8047870059770815 0.6390933070126661 0.9325522896447813
1 0.758794811688767 0.851617128533983 0.6889533387743522 0.842817683419908 0.6763326370576364 0.9429885902989129 0.7461741099720511 0.951788035412988
1 0.7890625000000002 0.8777578125 0.7411453125000003 0.8777578125 0.7411453125000003 0.9595593750000001 0.7890625000000002 0.9595593750000001
1 0.8508043058275945 0.8322888669408404 0.7737732070143516 0.7507206364074971 0.721191919584608 0.8003771548981415 0.7982230183978509 0.8819453854314847
1 0.7636100121127242 0.7115678292740292 0.7158607377645938 0.7041362323135472 0.7041946465673883 0.7790928522847075 0.7519439209155185 0.7865244492451895
1 0.8088546875 0.6810656250000002 0.7520828125000001 0.6810656250000002 0.7520828125000002 0.7683828125000002 0.8088546875 0.7683828125000002
1 0.7524233094304655 0.4664292286631765 0.7197231395233746 0.4557737735789118 0.6994705613275223 0.5179262337811048 0.7321707312346131 0.5285816888653695
1 0.7330649432822052 0.7410180436310474 0.6811013868680801 0.6603195696654656 0.6388959116155791 0.6874966213059176 0.6908594680297042 0.7681950952714995
1 0.6556027667073063 0.7041859891459484 0.6168143113805028 0.6907842063182573 0.5945749643241267 0.7551510096670723 0.6333634196509303 0.7685527924947634
1 0.6428484358600506 0.812377861083619 0.6213428823339001 0.7326724597309243 0.5622047395476085 0.7486286995031832 0.583710293073759 0.828334100855878
1 0.5553718863939664 0.7415630393553603 0.5447539379256927 0.672854294817155 0.5088689045023911 0.6783998107224707 0.5194868529706648 0.747108555260676
1 0.6173630941080712 0.6862661231609485 0.5759687914319016 0.6628114040606494 0.531215769141347 0.7417942365749365 0.5726100718175167 0.7652489556752357
1 0.581794672711071 0.6804187014057612 0.5783747144918118 0.5233471067950977 0.5255565111768168 0.5244971304451497 0.528976469396076 0.6815687250558131
1 0.5302782080855281 0.5453083577867067 0.4885670692395611 0.5438751551486345 0.48552231159174025 0.6324881018645268 0.5272334504377072 0.633921304502599
1 0.4253606936741914 0.5256115345050107 0.36854051505066704 0.5230344191002855 0.36352154105297846 0.6336926374061498 0.42034171967650275 0.6362697528108751
1 0.5358261986020031 0.4443121145144885 0.47206634089819355 0.40474094635083785 0.3866931355625681 0.5423002774629728 0.4504529932663776 0.5818714456266235
1 0.6308170670583236 0.5263588571100406 0.5789151169519395 0.5255647315179883 0.5768115376944769 0.6630491127775117 0.628713487800861 0.6638432383695638
1 0.6919959689246336 0.6190403043668214 0.6734375 0.5909921875000002 0.6358083566078271 0.61589009032963 0.6543668255324607 0.6439382071964513
1 0.5598918774933767 0.46105005170955443 0.5040409382368829 0.45181399125690086 0.49000445530808284 0.5366933355888215 0.5458553945645768 0.5459293960414751
1 0.5986049539628213 0.5394683413869369 0.5822985654532383 0.4408335543353975 0.5394572201079743 0.4479161226903944 0.5557636086175572 0.5465509097419338
1 0.5602133728233607 0.4013781131122749 0.5101409866671993 0.3992201680295223 0.5075574969518888 0.45916677913164294 0.5576298831080502 0.4613247242143955
1 0.6932296874999999 0.5551468749999999 0.671875 0.5551468749999999 0.671875 0.6112124999999999 0.6932296874999999 0.6112124999999999
1 0.5613736484422724 0.35456302974190596 0.5286173854612095 0.34674619425778874 0.516619928795052 0.3970212507635921 0.5493761917761149 0.4048380862477094
1 0.47278209042888564 0.4617720055367761 0.46544496943106495 0.3937784153746774 0.4230327371896519 0.3983550773659188 0.4303698581874726 0.46634866752801757
1 0.47087965629482564 0.3021541071001582 0.42106063099811675 0.29207263954823615 0.39372057135128224 0.42717748575681214 0.4435395966479911 0.4372589533087342
1 0.1630424284269071 0.2578968755422179 0.15814607705861905 0.1454572391659448 0.08888707516474975 0.1484732255175413 0.09378342653303781 0.2609128618938144
1 0.13247891744224052 0.1441250201820125 0.13063605488655536 0.08236563981135274 0.10645294702512194 0.08308724912301454 0.10829580958080709 0.14484662949367427