1 0.4828125000000001 0.6921875 0.421875 0.6921875 0.4218750000000001 0.775 0.4828125000000002 0.775
1 0.7390625000000001 0.6640625000000001 0.6296875 0.6640625 0.6296875000000001 0.803125 0.7390625000000002 0.803125
1 0.859375 0.5828125000000002 0.7703125 0.5828125000000002 0.7703125 0.7156250000000002 0.859375 0.7156250000000002
1 0.7937500000000001 0.6531250000000001 0.7109375 0.653125 0.7109375000000001 0.7625000000000001 0.7937500000000002 0.7625000000000002
1 0.20468750000000008 0.8453125 0.16562500000000008 0.8453125 0.1656250000000001 0.915625 0.20468750000000008 0.915625
1 0.5750000000000001 0.6734375 0.5015625 0.6734375 0.5015625000000001 0.7828125 0.5750000000000002 0.7828125
1 0.525 0.12500000000000006 0.4453125 0.12500000000000006 0.4453125 0.2375000000000001 0.525 0.2375000000000001
1 0.8359375 0.7953125000000001 0.6906250000000002 0.7953125 0.6906250000000002 0.93125 0.8359375 0.93125
1 0.6562500000000001 0.6703125 0.578125 0.6703125 0.5781250000000001 0.8 0.6562500000000002 0.8
1 0.7062500000000002 0.8796875 0.6250000000000002 0.8796875 0.6250000000000002 0.9734375 0.7062500000000002 0.9734375
1 0.271875 0.184375 0.17968750000000006 0.184375 0.17968750000000006 0.2984375 0.271875 0.2984375
1 0.85 0.1687500000000001 0.775 0.1687500000000001 0.775 0.3000000000000001 0.85 0.3000000000000001
1 0.38750000000000007 0.34062500000000007 0.2828125 0.340625 0.2828125 0.4578125 0.38750000000000007 0.4578125
1 0.4234375000000001 0.709375 0.3625000000000001 0.709375 0.3625000000000001 0.78125 0.4234375000000002 0.78125
1 0.41875 0.640625 0.3546875000000001 0.640625 0.3546875000000001 0.7078125 0.41875 0.7078125
1 0.7921875000000002 0.9140625 0.7203125000000001 0.9140625 0.7203125000000001 0.971875 0.7921875000000002 0.971875
1 0.3593750000000001 0.925 0.2875000000000001 0.925 0.2875000000000001 0.9875 0.3593750000000001 0.9875
1 0.828125 0.2921875000000001 0.7234375 0.2921875000000001 0.7234375 0.4125000000000001 0.828125 0.4125000000000002
1 0.6609375 0.3546875000000001 0.6015625 0.3546875000000001 0.6015625 0.428125 0.6609375 0.428125
1 0.4375 4.9368574090627673e-17 0.36875 4.5158850718558645e-17 0.36875 0.05468750000000004 0.4375 0.05468750000000004
1 0.459375 0.2968750000000001 0.390625 0.2968750000000001 0.39062500000000006 0.453125 0.459375 0.453125
1 0.3531250000000001 0.7234375 0.30937500000000007 0.7234375 0.30937500000000007 0.78125 0.3531250000000001 0.78125
1 0.2218750000000001 0.6921875 0.1671875000000001 0.6921875 0.1671875000000001 0.75625 0.2218750000000001 0.75625
1 0.9109375 0.07656250000000012 0.821875 0.07656250000000012 0.821875 0.1906250000000001 0.9109375 0.19062500000000013
1 0.3609375000000001 0.671875 0.3187500000000001 0.671875 0.3187500000000001 0.73125 0.3609375000000001 0.73125
1 0.2015625000000001 0.7375 0.15000000000000008 0.7375 0.15000000000000008 0.8015625 0.2015625000000001 0.8015625
1 0.7359375 0.057812500000000086 0.6578125 0.057812500000000086 0.6578125 0.1703125000000001 0.7359375 0.1703125000000001
1 0.84375 0.0671875000000001 0.746875 0.0671875000000001 0.746875 0.2234375000000001 0.84375 0.2234375000000001
1 0.759375 0.2000000000000001 0.65 0.2000000000000001 0.65 0.4281250000000001 0.759375 0.4281250000000002
1 0.5078125 0.3187500000000001 0.44375 0.3187500000000001 0.44375 0.45 0.5078125 0.45
1 0.6640625000000002 0.8140625 0.5625000000000002 0.8140625 0.5625000000000002 0.9734375 0.6640625000000002 0.9734375
1 0.32500000000000007 0.6640625 0.2468750000000001 0.6640625 0.2468750000000001 0.7921875 0.32500000000000007 0.7921875
1 0.23125 0.2515625 0.15625000000000006 0.2515625 0.15625000000000006 0.3578125 0.23125 0.3578125
1 0.76875 0.0828125000000001 0.7078125 0.0828125000000001 0.7078125 0.2015625000000001 0.76875 0.2015625000000001
1 0.6390625 0.22656250000000008 0.528125 0.22656250000000008 0.528125 0.4375 0.6390625 0.4375
1 0.7765625 0.47343750000000007 0.678125 0.4734375 0.678125 0.690625 0.7765625 0.6906250000000002
1 0.3390625 3.6930755036787366e-17 0.2640625 3.2338329539984796e-17 0.2640625 0.07812500000000003 0.3390625 0.07812500000000004
1 0.390625 4.4010744344358005e-17 0.328125 4.0183723097022526e-17 0.328125 0.08437500000000005 0.390625 0.08437500000000005
1 0.5046875 5.788369636594911e-17 0.440625 5.3960999587430256e-17 0.440625 0.04375000000000006 0.5046875 0.04375000000000007
1 0.6328125 7.099124413807313e-17 0.5265625 6.448530801760282e-17 0.5265625 0.037500000000000075 0.6328125 0.037500000000000075
1 0.7640625 8.773446209516586e-17 0.66875 8.189825469297925e-17 0.66875 0.04375000000000008 0.7640625 0.04375000000000009
1 0.7343750000000002 0.9375 0.6890625000000001 0.9375 0.6890625000000001 0.971875 0.7343750000000002 0.971875
1 0.47968750000000016 0.9546875 0.4359375000000002 0.9546875 0.4359375000000002 0.98125 0.47968750000000016 0.98125
1 0.11250000000000002 0.1390625 0.07500000000000002 0.1390625 0.07500000000000002 0.215625 0.11250000000000004 0.215625
1 0.10937500000000004 0.221875 0.034375000000000024 0.221875 0.03437500000000003 0.31875 0.10937500000000004 0.31875
1 0.88125 1.0275552049095762e-16 0.796875 9.758904180705471e-17 0.796875 0.028125000000000105 0.88125 0.02812500000000011
1 0.534375 6.218909526920152e-17 0.48125 5.893612720896637e-17 0.48125 0.06406250000000006 0.534375 0.06406250000000006
1 0.8265625 9.644093543285407e-17 0.7484375 9.165715887368473e-17 0.7484375 0.0390625000000001 0.8265625 0.0390625000000001
1 0.5343750000000002 0.9640625 0.4781250000000002 0.9640625 0.4781250000000002 0.98125 0.5343750000000002 0.98125
1 0.5796875000000001 0.9625 0.5406250000000001 0.9625 0.5406250000000001 0.978125 0.5796875000000001 0.978125