1 0.575 0.48125 0.4828125 0.48125 0.4828125 0.546875 0.575 0.546875
1 0.3046875 0.2015625 0.17656250000000004 0.2015625 0.17656250000000004 0.290625 0.3046875 0.290625
1 0.18593750000000003 0.15625000000000003 0.1296875 0.15625 0.1296875 0.203125 0.18593750000000003 0.203125
1 0.996875 0.29375000000000007 0.9078125 0.29375000000000007 0.9078125 0.3531250000000001 0.996875 0.3531250000000001
1 0.8015625 0.7796875000000001 0.6859375000000002 0.7796875 0.6859375000000002 0.8765625 0.8015625 0.8765625
1 0.5015625 0.2312500000000001 0.44375 0.2312500000000001 0.44375 0.2718750000000001 0.5015625 0.2718750000000001
1 0.559375 0.4 0.4796875 0.4 0.4796875 0.4578125 0.559375 0.4578125
1 1 0.4625000000000002 0.9140625 0.4625000000000002 0.9140625 0.5453125000000002 1 0.5453125000000002
1 0.9203125 0.3234375000000001 0.80625 0.3234375000000001 0.80625 0.4125000000000002 0.9203125 0.4125000000000002
1 0.6484375 0.440625 0.559375 0.440625 0.559375 0.503125 0.6484375 0.503125
1 0.8578125 0.3468750000000001 0.715625 0.3468750000000001 0.715625 0.41875000000000007 0.8578125 0.4187500000000002
1 0.9640625 0.2500000000000001 0.8625 0.2500000000000001 0.8625 0.31718750000000007 0.9640625 0.31718750000000007
1 0.5359375 0.3359375000000001 0.465625 0.3359375000000001 0.465625 0.3890625000000001 0.5359375 0.3890625000000001
1 0.9921875 0.4156250000000002 0.8375 0.4156250000000002 0.8375 0.4812500000000002 0.9921875 0.4812500000000002
1 0.7265625000000001 0.6343750000000001 0.58125 0.634375 0.58125 0.7281250000000001 0.7265625000000002 0.7281250000000001
1 0.6203125 0.5859375 0.4953125 0.5859375 0.4953125 0.6578125 0.6203125 0.6578125
1 0.20156250000000003 0.3046875 0.07968750000000005 0.3046875 0.07968750000000005 0.39375 0.2015625000000001 0.39375
1 1 0.3140625000000001 0.953125 0.3140625000000001 0.953125 0.3765625000000001 1 0.3765625000000001
1 0.403125 0.5890625 0.2609375000000001 0.5890625 0.2609375000000001 0.6640625 0.403125 0.6640625
1 0.3140625000000001 0.4875 0.21250000000000008 0.4875 0.21250000000000008 0.565625 0.3140625000000001 0.565625
1 0.3125000000000001 0.4125 0.17968750000000006 0.4125 0.17968750000000006 0.49375 0.3125000000000001 0.49375
1 0.6921875000000002 0.784375 0.5906250000000002 0.784375 0.5906250000000002 0.8625 0.6921875000000002 0.8625
1 0.6343750000000001 0.7296875 0.5203125000000002 0.7296875 0.5203125000000002 0.8078125 0.6343750000000001 0.8078125
1 0.40937500000000016 0.74375 0.3296875000000001 0.74375 0.3296875000000001 0.8046875 0.40937500000000016 0.8046875
1 0.909375 0.5234375000000002 0.8328125 0.5234375000000002 0.8328125 0.5781250000000002 0.909375 0.5781250000000002
1 0.39375 0.14218750000000005 0.346875 0.14218750000000005 0.346875 0.16562500000000005 0.39375 0.16562500000000005
1 0.7343750000000001 0.70625 0.60625 0.70625 0.6062500000000001 0.80625 0.7343750000000002 0.80625
1 0.9140625 0.4734375000000002 0.8328125 0.4734375000000002 0.8328125 0.5296875000000002 0.9140625 0.5296875000000002
1 0.5953125000000001 0.6546875 0.484375 0.6546875 0.4843750000000001 0.740625 0.5953125000000001 0.740625
1 0.4109375 0.4546875 0.30156250000000007 0.4546875 0.30156250000000007 0.5453125 0.4109375 0.5453125
1 0.2328125000000001 0.3734375 0.15625000000000006 0.3734375 0.15625000000000006 0.421875 0.2328125000000001 0.421875
1 0.7703125 0.2218750000000001 0.6734375 0.2218750000000001 0.6734375 0.2875000000000001 0.7703125 0.2875000000000001
1 0.30156250000000007 0.7671875 0.20468750000000008 0.7671875 0.20468750000000008 0.85 0.30156250000000007 0.85
1 0.17656250000000004 0.1984375 0.08125000000000002 0.1984375 0.08125000000000003 0.278125 0.17656250000000004 0.278125
1 0.9328125 0.5906250000000002 0.8 0.5906250000000002 0.8 0.6562500000000002 0.9328125 0.6562500000000002
1 0.3500000000000001 0.7125 0.2171875000000001 0.7125 0.2171875000000001 0.771875 0.3500000000000001 0.771875
1 0.8640625 0.24218750000000008 0.771875 0.24218750000000008 0.771875 0.3265625000000001 0.8640625 0.3265625000000001
1 0.40625 0.5390625 0.2671875000000001 0.5390625 0.2671875000000001 0.596875 0.40625 0.596875
1 0.73125 0.4781250000000001 0.5796875 0.478125 0.5796875 0.5406250000000001 0.73125 0.5406250000000001
1 0.54375 0.2562500000000001 0.4890625 0.2562500000000001 0.4890625 0.2953125000000001 0.54375 0.2953125000000001
1 1 0.7437500000000001 0.934375 0.7437500000000001 0.934375 0.8484375 1 0.8484375
1 0.6 0.2687500000000001 0.5328125 0.2687500000000001 0.5328125 0.3156250000000001 0.6 0.3156250000000001
1 0.803125 0.5218750000000001 0.646875 0.521875 0.646875 0.58125 0.803125 0.5812500000000002
1 0.5515625 0.3000000000000001 0.49375 0.3000000000000001 0.49375 0.3468750000000001 0.5515625 0.3468750000000001
1 0.4156250000000002 0.7921875 0.2734375000000001 0.7921875 0.2734375000000001 0.8984375 0.4156250000000002 0.8984375
1 0.40625 0.2515625 0.3359375 0.2515625 0.3359375 0.29687500000000006 0.40625 0.2968750000000001
1 0.3906250000000001 0.38593750000000004 0.2718750000000001 0.3859375 0.2718750000000001 0.440625 0.3906250000000001 0.440625
1 0.7765625 0.3156250000000001 0.690625 0.3156250000000001 0.690625 0.3593750000000001 0.7765625 0.3593750000000001
1 0.21250000000000008 0.7765625 0.12656250000000008 0.7765625 0.12656250000000008 0.8578125 0.21250000000000008 0.8578125
1 0.95625 0.7359375000000001 0.8421875 0.7359375000000001 0.8421875 0.8203125 0.95625 0.8203125
1 1 0.5312500000000002 0.946875 0.5312500000000002 0.946875 0.5781250000000002 1 0.5781250000000002
1 0.353125 0.33125 0.2484375 0.33125 0.24843750000000003 0.3984375 0.3531250000000001 0.3984375
1 0.9390625 0.6484375000000002 0.8171875 0.6484375000000002 0.8171875 0.7156250000000002 0.9390625 0.7156250000000002
1 0.7828125 0.596875 0.66875 0.596875 0.66875 0.6671875 0.7828125 0.6671875000000002
1 0.771875 0.4125000000000001 0.6765625 0.4125 0.6765625 0.4953125000000001 0.771875 0.49531250000000016
1 0.6296875 0.3062500000000001 0.5515625 0.3062500000000001 0.5515625 0.3500000000000001 0.6296875 0.3500000000000001
1 0.959375 0.5515625000000002 0.8921875 0.5515625000000002 0.8921875 0.6000000000000002 0.959375 0.6000000000000002
1 0.6953125 0.5421875 0.5828125 0.5421875 0.5828125 0.615625 0.6953125 0.615625
1 1 0.3703125000000001 0.95 0.3703125000000001 0.95 0.45625000000000016 1 0.45625000000000016
1 0.03281250000000002 0.165625 0.003125000000000021 0.165625 0.0031250000000000236 0.2171875 0.03281250000000002 0.2171875
1 0.71875 0.3781250000000001 0.621875 0.3781250000000001 0.621875 0.453125 0.71875 0.453125
1 1 0.5718750000000001 0.9546875 0.5718750000000001 0.9546875 0.6359375000000002 1 0.6359375000000002
1 0.4062500000000001 0.65 0.2312500000000001 0.65 0.2312500000000001 0.728125 0.40625000000000017 0.728125
1 0.959375 0.3625000000000001 0.8765625 0.3625000000000001 0.8765625 0.4234375000000002 0.959375 0.4234375000000002
1 0.30625 0.2890625 0.2203125 0.2890625 0.2203125 0.3484375 0.30625 0.3484375
1 0.03437500000000007 0.575 0.014062500000000071 0.575 0.014062500000000075 0.621875 0.03437500000000008 0.621875
1 0.7765625 0.1765625000000001 0.709375 0.1765625000000001 0.709375 0.2140625000000001 0.7765625 0.2140625000000001
1 0.7890625000000001 0.7109375000000001 0.715625 0.7109375 0.7156250000000001 0.7546875000000001 0.7890625000000002 0.7546875000000002
1 0.259375 0.34375 0.19218750000000004 0.34375 0.19218750000000004 0.3875 0.2593750000000001 0.3875
1 0.321875 0.20625 0.2671875 0.20625 0.2671875 0.246875 0.321875 0.246875
1 0.035937500000000046 0.35625 0.007812500000000045 0.35625 0.007812500000000047 0.4 0.035937500000000046 0.4
1 0.665625 0.3531250000000001 0.5578125 0.3531250000000001 0.5578125 0.43125 0.665625 0.43125
1 0.3515625 0.265625 0.275 0.265625 0.275 0.325 0.3515625 0.325
1 1 0.4265625000000002 0.971875 0.4265625000000002 0.971875 0.46093750000000017 1 0.46093750000000017
1 0.69375 0.3156250000000001 0.609375 0.3156250000000001 0.609375 0.3859375000000001 0.69375 0.3859375000000001
1 0.03593750000000008 0.6515625 0.014062500000000078 0.6515625 0.014062500000000084 0.725 0.03593750000000009 0.725
1 0.040625000000000036 0.3046875 0.007812500000000036 0.3046875 0.007812500000000038 0.340625 0.04062500000000004 0.340625
1 0.378125 0.31093750000000003 0.3140625 0.3109375 0.3140625 0.3453125 0.378125 0.3453125000000001
1 0.6078125 0.3468750000000001 0.521875 0.3468750000000001 0.521875 0.4125 0.6078125 0.4125
1 0.14218750000000008 0.8 0.08906250000000009 0.8 0.0890625000000001 0.8390625 0.14218750000000008 0.8390625
1 0.03437500000000006 0.4609375 0.010937500000000055 0.4609375 0.010937500000000062 0.54375 0.034375000000000065 0.54375
1 1 0.11875000000000013 0.959375 0.11875000000000013 0.959375 0.18125000000000013 1 0.18125000000000013
1 0.4046875 0.3296875 0.34375 0.3296875 0.34375000000000006 0.39375000000000004 0.4046875 0.3937500000000001
1 0.04218750000000009 0.734375 0.01562500000000009 0.734375 0.015625000000000094 0.8328125 0.0421875000000001 0.8328125
1 0.79375 0.6609375000000001 0.7140625 0.6609375 0.7140625 0.7171875000000001 0.79375 0.7171875000000002
1 0.7578125 0.2593750000000001 0.7015625 0.2593750000000001 0.7015625 0.2843750000000001 0.7578125 0.2843750000000001
1 1 0.825 0.890625 0.825 0.890625 0.915625 1 0.915625