1 0.7953125 0.04843750000000009 0.7203125 0.04843750000000009 0.7203125 0.14062500000000008 0.7953125 0.14062500000000008
1 0.29218750000000004 0.3578125 0.2015625 0.3578125 0.20156250000000003 0.4828125 0.2921875000000001 0.4828125
1 0.8109375 0.11562500000000009 0.728125 0.11562500000000009 0.728125 0.21093750000000008 0.8109375 0.21093750000000008
1 0.6875 0.3468750000000001 0.6234375 0.3468750000000001 0.6234375 0.4625 0.6875 0.4625
1 0.528125 0.05625000000000006 0.4515625 0.05625000000000004 0.4515625 0.16406250000000006 0.528125 0.16406250000000006
1 0.6656250000000001 0.74375 0.5953125000000001 0.74375 0.5953125000000001 0.871875 0.6656250000000001 0.871875
1 0.4984375 0.13593750000000004 0.4171875 0.13593750000000004 0.4171875 0.2406250000000001 0.4984375 0.2406250000000001
1 0.7343750000000002 0.8109375 0.6828125000000002 0.8109375 0.6828125000000002 0.9046875 0.7343750000000002 0.9046875
1 0.7328125 0.1546875000000001 0.68125 0.1546875000000001 0.68125 0.22812500000000008 0.7328125 0.22812500000000008
1 0.31875 0.17812500000000003 0.2609375 0.17812500000000003 0.2609375 0.2453125 0.31875 0.2453125
1 0.3703125000000001 0.36718750000000006 0.2765625000000001 0.3671875 0.2765625000000001 0.540625 0.3703125000000001 0.540625
1 0.525 0.46875 0.428125 0.46875 0.428125 0.578125 0.525 0.578125
1 0.6046875000000002 0.746875 0.5218750000000002 0.746875 0.5218750000000002 0.8828125 0.6046875000000002 0.8828125
1 0.2140625 0.07656250000000002 0.13125 0.07656250000000002 0.13125000000000003 0.20625 0.2140625 0.20625
1 0.378125 0.11562500000000005 0.3234375 0.11562500000000005 0.3234375 0.18593750000000003 0.378125 0.18593750000000003
1 0.2156250000000001 0.36875 0.11250000000000004 0.36875 0.11250000000000004 0.475 0.2156250000000001 0.475
1 0.4484375 0.36718750000000006 0.3500000000000001 0.3671875 0.3500000000000001 0.540625 0.4484375 0.540625
1 0.7390625 0.3390625000000001 0.6796875 0.3390625000000001 0.6796875 0.4640625000000001 0.7390625 0.46406250000000016
1 0.16562500000000008 0.7734375 0.0671875000000001 0.7734375 0.0671875000000001 0.890625 0.16562500000000008 0.890625
1 0.440625 4.955992515299445e-17 0.36875 4.5158850718558645e-17 0.36875 0.08750000000000005 0.440625 0.08750000000000005
1 0.4500000000000002 0.759375 0.4031250000000002 0.759375 0.4031250000000002 0.871875 0.4500000000000002 0.871875
1 0.7046875000000001 0.74375 0.6484375000000002 0.74375 0.6484375000000002 0.8625 0.7046875000000001 0.8625
1 0.496875 0.3656250000000001 0.4296875 0.3656250000000001 0.4296875 0.484375 0.496875 0.484375
1 0.421875 0.5390625 0.3296875000000001 0.5390625 0.3296875000000001 0.65625 0.421875 0.65625
1 0.27031250000000007 0.4390625 0.18125000000000005 0.4390625 0.18125000000000008 0.578125 0.27031250000000007 0.578125
1 0.4265625000000002 0.840625 0.3375000000000001 0.840625 0.3375000000000001 0.9640625 0.4265625000000002 0.9640625
1 0.3296875000000001 0.5109375 0.2390625000000001 0.5109375 0.2390625000000001 0.6625 0.3296875000000001 0.6625
1 0.11562500000000012 0.8765625 0.05937500000000011 0.8765625 0.05937500000000011 0.9609375 0.11562500000000013 0.9609375
1 0.5625 0.001562500000000065 0.4984375 0.001562500000000061 0.4984375 0.09531250000000006 0.5625 0.09531250000000006
1 0.63125 0.10781250000000009 0.565625 0.10781250000000009 0.565625 0.20468750000000008 0.63125 0.20468750000000008
1 0.74375 8.773446209516586e-17 0.6890625 8.438581850374731e-17 0.6890625 0.07031250000000008 0.74375 0.07031250000000008
1 0.8484375 0.21093750000000008 0.80625 0.21093750000000008 0.80625 0.2750000000000001 0.8484375 0.2750000000000001
1 0.7687500000000002 0.7468750000000001 0.7125000000000001 0.746875 0.7125000000000001 0.85 0.7687500000000002 0.85
1 0.690625 0.4609375 0.625 0.4609375 0.625 0.575 0.690625 0.575
1 0.2734375 0.12656250000000005 0.2140625 0.12656250000000005 0.2140625 0.2296875 0.2734375 0.2296875
1 0.5140625000000002 0.746875 0.4359375000000002 0.746875 0.4359375000000002 0.890625 0.5140625000000002 0.890625
1 0.2843750000000001 0.9109375 0.2171875000000001 0.9109375 0.2171875000000001 0.9859375 0.2843750000000001 0.9859375
1 0.69375 0.07031250000000008 0.64375 0.07031250000000008 0.64375 0.1671875000000001 0.69375 0.1671875000000001
1 0.7765625 0.3859375000000001 0.725 0.3859375000000001 0.725 0.4765625000000001 0.7765625 0.47656250000000017
1 0.3218750000000001 0.90625 0.2687500000000001 0.90625 0.2687500000000001 0.984375 0.3218750000000001 0.984375
1 0.6296875 0.3671875000000001 0.5515625 0.3671875000000001 0.5515625 0.540625 0.6296875 0.540625
1 0.796875 9.424039821563617e-17 0.7421875 9.089175462421762e-17 0.7421875 0.05468750000000009 0.796875 0.05468750000000009
1 0.4156250000000002 0.7578125 0.35625000000000007 0.7578125 0.35625000000000007 0.8515625 0.4156250000000002 0.8515625
1 0.3859375 4.286263797015736e-17 0.3140625 3.846156353572156e-17 0.3140625 0.11250000000000004 0.3859375 0.11250000000000004
1 0.7796875 0.4875000000000001 0.7140625 0.4875 0.7140625 0.5671875000000001 0.7796875 0.5671875000000002
1 0.6 0.00781250000000007 0.55 0.007812500000000066 0.55 0.11875000000000009 0.6 0.11875000000000009
1 0.5953125 0.3265625000000001 0.4890625 0.3265625000000001 0.4890625 0.471875 0.5953125 0.471875
1 0.4625 0.07187500000000005 0.3890625 0.07187500000000005 0.3890625 0.16875000000000004 0.4625 0.16875000000000004
1 0.7703125 0.2328125000000001 0.6890625 0.2328125000000001 0.6890625 0.3343750000000001 0.7703125 0.3343750000000001
1 0.81875 0.7421875000000002 0.7609375000000002 0.7421875000000002 0.7609375000000002 0.8359375 0.81875 0.8359375
1 0.2156250000000001 0.46875 0.11250000000000004 0.46875 0.11250000000000007 0.6265625 0.2156250000000001 0.6265625
1 0.5500000000000002 0.85 0.4578125000000002 0.85 0.4578125000000002 0.9734375 0.5500000000000002 0.9734375
1 0.88125 0.7250000000000002 0.8109375 0.7250000000000002 0.8109375 0.84375 0.88125 0.84375
1 0.6953125 8.247230788007957e-17 0.6515625 7.979339300694473e-17 0.6515625 0.07343750000000009 0.6953125 0.07343750000000009
1 0.6906250000000002 0.8484375 0.5953125000000001 0.8484375 0.5953125000000001 0.965625 0.6906250000000002 0.965625
1 0.17343750000000002 0.1109375 0.07187500000000002 0.1109375 0.07187500000000004 0.2734375 0.17343750000000005 0.2734375
1 0.6625 7.711447813380989e-17 0.596875 7.309610582410764e-17 0.596875 0.1453125000000001 0.6625 0.1453125000000001
1 0.771875 0.20312500000000008 0.725 0.20312500000000008 0.725 0.26250000000000007 0.771875 0.26250000000000007
1 0.2015625000000001 0.85 0.09843750000000011 0.85 0.09843750000000011 0.975 0.2015625000000001 0.975
1 0.5015625 5.73096431788488e-17 0.434375 5.319559533796316e-17 0.434375 0.09062500000000005 0.5015625 0.09062500000000007
1 0.1671875 1.3203223303307403e-17 0.0484375 5.931882933369992e-18 0.04843750000000001 0.1203125 0.1671875 0.1203125
1 0.4078125 0.17500000000000004 0.3046875 0.17500000000000004 0.30468750000000006 0.37031250000000004 0.4078125 0.3703125000000001
1 0.25625 2.7745904043182222e-17 0.196875 2.4110233858213517e-17 0.196875 0.14375000000000004 0.25625 0.14375000000000004
1 0.4781250000000002 0.9 0.4031250000000002 0.9 0.4031250000000002 0.9765625 0.4781250000000002 0.9765625
1 0.5984375000000002 0.90625 0.5078125000000002 0.90625 0.5078125000000002 0.9703125 0.5984375000000002 0.9703125
1 0.17500000000000013 0.946875 0.07343750000000011 0.946875 0.07343750000000011 0.99375 0.17500000000000013 0.99375
1 0.40625000000000017 0.9359375 0.3140625000000001 0.9359375 0.3140625000000001 0.98125 0.40625000000000017 0.98125
1 0.35625000000000007 0.7625 0.28593750000000007 0.7625 0.28593750000000007 0.965625 0.35625000000000007 0.965625
1 0.3140625000000001 0.7234375 0.14843750000000008 0.7234375 0.1484375000000001 0.93125 0.3140625000000001 0.93125
1 0.3328125 3.367778697655221e-17 0.2171875 2.659779766898158e-17 0.2171875 0.18281250000000004 0.3328125 0.18281250000000004