1 0.9823750000000002 0.17126562500000012 0.9051244430550012 0.16554391129293639 0.8964747273523684 0.2823262932250052 0.9737252842973675 0.28804800693206895
1 0.7399502575227432 0.23686678910076986 0.7219123467022394 0.17249620538838348 0.5474576811144155 0.2213818534377186 0.5654955919349194 0.28575243715010495
1 0.6807814963930707 0.18437900696398185 0.6634477737031227 0.12331439125994048 0.5715413149522565 0.1494028395541828 0.5888750376422045 0.21046745525822413
1 0.49579373600715637 0.2536601070861274 0.3726994599455077 0.17808934598562468 0.32721352059586584 0.25217962499951396 0.4503077966575145 0.3277503861000167
1 0.2635930035534123 0.33881561363594115 0.21962610122330473 0.20852061763893345 0.1011918049323826 0.2484852309973588 0.1451587072624902 0.3787802269943665
1 0.25464729932057495 0.4382130449566728 0.24474373689727677 0.346755146517276 0.11996363543769557 0.360267019685992 0.1298671978609937 0.4517249181253889
1 0.23280982673362302 0.4591895679573044 0.17874256359560123 0.4239122014260853 0.13180113161181392 0.4958561985182988 0.18586839474983569 0.5311335650495179
1 0.30938385405894564 0.5227654391954235 0.2981443940832393 0.4508642101113776 0.1931792255425242 0.4672721606524958 0.20441868551823053 0.5391733897365417
1 0.21437520556448364 0.6477331469697141 0.21310152803018423 0.6036865862116445 0.1201721862587315 0.6063737884098285 0.12144586379303088 0.6504203491678979
1 0.1583181598647893 0.2765502638747615 0.13787505176342169 0.17740482283693812 -0.01560715968472463 0.20905179931338974 0.004835948416642999 0.3081972403512131
1 0.26451092099218837 0.13533744698940095 0.23430694543044028 0.07332792544182856 0.16017109755307754 0.10943846591454405 0.19037507311482563 0.17144798746211645
1 0.4331922965139004 0.1125863663695241 0.28965894515913604 0.10775642184697902 0.2865245467567772 0.20090256567360046 0.43005789811154155 0.20573251019614552
1 0.7017351933682043 0.06559393506940862 0.6578707878293859 -0.00653956240383109 0.5433386982932145 0.06310744208928472 0.587203103832033 0.13524093956252442
1 0.79930625 9.235625998004173e-17 0.6849921875 8.535654244313395e-17 0.6849921875 0.10254687500000008 0.79930625 0.10254687500000008
1 0.9950625000000002 1.1102230246251565e-16 0.9543494808183615 -0.0030168864976546582 0.9508470427850793 0.044248672528968844 0.991560061966718 0.04726555902662361
1 0.990821875 0.05724218750000013 0.9334069390407664 0.0529891417209233 0.9246671988069817 0.17097320582192474 0.9820821347662152 0.17522625160100155
1 0.8524741355996828 0.18128615230596426 0.7694136375724382 0.09420154737180893 0.6928564304151072 0.16722110988657007 0.7759169284423517 0.2543057148207254
1 0.5070150565887973 0.33228247005371914 0.48251153503082644 0.2744488223541081 0.37178701968866285 0.3213616604094679 0.39629054124663377 0.3791953081090789
1 0.568167766176973 0.6829198264807264 0.4901858883910453 0.6357668652316304 0.45467988309475843 0.6944869305750266 0.5326617608806861 0.7416398918241226
1 0.9565390034491518 0.5751344853896352 0.956035451428184 0.5194117507616719 0.878518736718535 0.5201122493752348 0.8790222887395027 0.5758349840031982
1 0.963135734175952 0.5154490927660372 0.960132362340379 0.4704200939980779 0.8812985755399361 0.47567819836295866 0.884301947375509 0.5207071971309181
1 0.12062010227756956 0.18114738358118865 0.10068646219765535 0.10597899022559243 -0.013916530684960826 0.1363701521251964 0.0060171093949533795 0.21153854548079262
1 0.30197796645831676 0.17008895744371158 0.26311334770203054 0.11424623067497834 0.151466391047733 0.19194867567983792 0.19033100980401924 0.24779140244857115
1 0.363147666092579 0.22133028194546153 0.3324233517691785 0.15915279890209266 0.22035093324162341 0.21453214276235402 0.25107524756502386 0.2767096258057229
1 0.3083970480144173 0.2812421192880391 0.30018991136466905 0.24868309230858113 0.23747977271824397 0.26449040367327836 0.24568690936799223 0.29704943065273637
1 0.3526192353465094 0.2795102258588932 0.30545285012358303 0.24715469138849766 0.27449914566252975 0.2922775543726493 0.32166553088545613 0.32463308884304476
1 0.7925444291091255 0.3886999897968603 0.7647221267688132 0.32924512508232123 0.6744335164829934 0.37149628527450684 0.7022558188233058 0.43095114998904593
1 0.7228421972941717 0.369675325541885 0.7064379435561385 0.30689468854054625 0.5999674821902126 0.3347148660232128 0.6163717359282457 0.3974955030245516
1 0.7988283555148938 0.27741363376746225 0.7605050356509803 0.21686355306461835 0.6740416269000653 0.27158792059019277 0.7123649467639789 0.33213800129303667
1 0.6243487051944449 0.34323166902461405 0.5074349525689513 0.3074449878262489 0.48305374113285354 0.38709749616446293 0.5999674937583471 0.4228841773628281
1 0.6726592728883941 0.273194839125117 0.528615021302436 0.25643826502614353 0.5210071996069939 0.3218372526620771 0.6650514511929521 0.33859382676105054
1 0.6078201281998549 0.21842094010253793 0.5960401290143069 0.17310934211884804 0.5005464737642953 0.19793555066428611 0.5123264729498433 0.243247148647976
1 0.6068509587431912 0.17516777712126053 0.5912179821657065 0.08338836525536228 0.4875278512577223 0.10105011918084301 0.503160827835207 0.19282953104674125
1 0.9702687500000001 0.33470312500000016 0.9013705345274106 0.32959960519876563 0.8951870121140025 0.41307800367887415 0.9640852275865921 0.4181815234801086
1 0.9744828125000001 0.27781093750000013 0.9118478247121237 0.2731708647063731 0.9074414097189678 0.33265177407135177 0.9700763975068443 0.3372918468649788
1 0.5807736538588671 0.44672253634016534 0.4950861832177396 0.4410050381308094 0.4895023186875835 0.5246897565989024 0.575189789328711 0.5304072548082583
1 0.4253469462477562 0.46227569650647726 0.39419748164515156 0.43078732435620626 0.3471363674146935 0.4773419225070722 0.37828583201729804 0.5088302946573432
1 0.3346628503065368 0.3734364694024941 0.25787153175755106 0.3168562368051767 0.21503458091577868 0.374995021089951 0.2918258994647644 0.4315752536872684