1 0.8046875 0.21250000000000008 0.73125 0.21250000000000008 0.73125 0.3046875000000001 0.8046875 0.3046875000000001
1 0.5125 0.3453125000000001 0.428125 0.3453125000000001 0.428125 0.453125 0.5125 0.453125
1 0.7203125000000001 0.7328125 0.6531250000000002 0.7328125 0.6531250000000002 0.828125 0.7203125000000001 0.828125
1 0.7703125 0.33281250000000007 0.7125 0.33281250000000007 0.7125 0.4203125000000001 0.7703125 0.4203125000000002
1 0.22343750000000004 0.3359375 0.16250000000000003 0.3359375 0.16250000000000003 0.465625 0.2234375000000001 0.465625
1 0.3203125000000001 0.3640625 0.2484375000000001 0.3640625 0.2484375000000001 0.4546875 0.3203125000000001 0.4546875
1 0.3609375 0.2765625 0.265625 0.2765625 0.26562500000000006 0.38125 0.3609375000000001 0.38125
1 0.85625 0.49218750000000017 0.7515625 0.49218750000000017 0.7515625 0.5859375000000002 0.85625 0.5859375000000002
1 0.6640625 0.459375 0.590625 0.459375 0.590625 0.55625 0.6640625 0.55625
1 0.3078125000000001 0.6765625 0.22656250000000008 0.6765625 0.22656250000000008 0.753125 0.3078125000000001 0.753125
1 0.37812500000000004 0.3453125 0.3171875 0.3453125 0.31718750000000007 0.4625 0.3781250000000001 0.4625
1 0.7609375 0.06562500000000009 0.70625 0.06562500000000009 0.70625 0.1921875000000001 0.7609375 0.1921875000000001
1 0.5703125 0.010937500000000065 0.4984375 0.010937500000000062 0.4984375 0.12031250000000007 0.5703125 0.12031250000000009
1 0.16562500000000008 0.7921875 0.07968750000000009 0.7921875 0.0796875000000001 0.9 0.16562500000000008 0.9
1 0.5984375000000001 0.709375 0.5640625 0.709375 0.5640625000000001 0.7875 0.5984375000000002 0.7875
1 0.4359375 0.37968750000000007 0.3625000000000001 0.3796875 0.3625000000000001 0.490625 0.4359375 0.490625
1 0.884375 0.5671875000000002 0.8046875 0.5671875000000002 0.8046875 0.6718750000000002 0.884375 0.6718750000000002
1 0.75625 0.3890625000000001 0.6609375 0.3890625000000001 0.6609375 0.48125000000000007 0.75625 0.4812500000000002
1 0.7390625 0.017187500000000085 0.6875 0.017187500000000085 0.6875 0.1062500000000001 0.7390625 0.1062500000000001
1 0.6953125 0.01562500000000008 0.628125 0.015625000000000076 0.628125 0.15000000000000008 0.6953125 0.15000000000000008
1 0.4046875 0.18437500000000004 0.3515625 0.18437500000000004 0.3515625 0.30312500000000003 0.4046875 0.3031250000000001
1 0.5859375 0.5453125 0.521875 0.5453125 0.521875 0.6328125 0.5859375 0.6328125
1 0.8390625 0.0968750000000001 0.79375 0.09687500000000009 0.79375 0.1609375000000001 0.8390625 0.1609375000000001
1 0.6015625000000002 0.81875 0.5234375000000002 0.81875 0.5234375000000002 0.9140625 0.6015625000000002 0.9140625
1 0.459375 0.490625 0.3750000000000001 0.490625 0.3750000000000001 0.5765625 0.459375 0.5765625
1 0.715625 0.09375000000000008 0.6703125 0.09375000000000008 0.6703125 0.1984375000000001 0.715625 0.1984375000000001
1 0.5640625 0.2218750000000001 0.50625 0.2218750000000001 0.50625 0.3078125000000001 0.5640625 0.3078125000000001
1 0.7015625 0.5484375 0.6390625 0.5484375 0.6390625 0.6625 0.7015625 0.6625
1 0.534375 0.575 0.4703125 0.575 0.4703125 0.6984375 0.534375 0.6984375
1 0.6375 0.2000000000000001 0.575 0.2000000000000001 0.575 0.30156250000000007 0.6375 0.30156250000000007
1 0.21875000000000008 0.5640625 0.1703125000000001 0.5640625 0.1703125000000001 0.6546875 0.21875000000000008 0.6546875
1 0.3921875000000001 0.71875 0.3125000000000001 0.71875 0.3125000000000001 0.8328125 0.3921875000000001 0.8328125
1 0.7328125 0.5734375 0.6890625 0.5734375 0.6890625 0.659375 0.7328125 0.6593750000000002
1 0.675 0.421875 0.625 0.421875 0.625 0.4953125 0.675 0.4953125
1 0.646875 0.553125 0.571875 0.553125 0.571875 0.6640625 0.646875 0.6640625
1 0.7484375 0.4796875000000001 0.7109375 0.4796875 0.7109375 0.5234375000000001 0.7484375 0.5234375000000002
1 0.1640625000000001 0.89375 0.06718750000000011 0.89375 0.06718750000000012 1 0.16406250000000014 1
1 0.275 0.01875000000000003 0.2046875 0.018750000000000027 0.2046875 0.12968750000000004 0.275 0.12968750000000004
1 0.6265625 0.05937500000000007 0.5546875 0.05937500000000007 0.5546875 0.18125000000000008 0.6265625 0.18125000000000008
1 0.2984375000000001 0.5015625 0.19531250000000006 0.5015625 0.19531250000000006 0.6421875 0.2984375000000001 0.6421875
1 0.4078125 0.015625000000000045 0.334375 0.015625000000000038 0.334375 0.11093750000000005 0.4078125 0.11093750000000005
1 0.3968750000000001 0.81875 0.34843750000000007 0.81875 0.34843750000000007 0.8890625 0.3968750000000001 0.8890625
1 0.3515625000000001 0.8140625 0.2593750000000001 0.8140625 0.2593750000000001 0.9125 0.3515625000000001 0.9125
1 0.4734375 0.571875 0.3812500000000001 0.571875 0.3812500000000001 0.6578125 0.4734375 0.6578125
1 0.2640625 0.228125 0.2203125 0.228125 0.2203125 0.2953125 0.2640625 0.2953125
1 0.209375 0.04375000000000002 0.121875 0.04375000000000001 0.12187500000000002 0.1921875 0.209375 0.19218750000000004
1 0.3828125000000001 0.4703125 0.2734375000000001 0.4703125 0.2734375000000001 0.5890625 0.3828125000000001 0.5890625
1 0.4609375 0.08750000000000005 0.390625 0.08750000000000005 0.390625 0.2515625000000001 0.4609375 0.2515625000000001
1 0.640625 0.015625000000000076 0.584375 0.015625000000000073 0.584375 0.09375000000000008 0.640625 0.09375000000000008
1 0.51875 0.434375 0.4515625 0.434375 0.4515625 0.5890625 0.51875 0.5890625
1 0.3437500000000001 0.5796875 0.3046875000000001 0.5796875 0.3046875000000001 0.64375 0.3437500000000001 0.64375
1 0.58125 0.10156250000000007 0.490625 0.10156250000000004 0.490625 0.24375000000000008 0.58125 0.24375000000000008
1 0.4203125000000002 0.878125 0.3578125000000001 0.878125 0.3578125000000001 0.9796875 0.4203125000000002 0.9796875
1 0.234375 0.13437500000000002 0.1421875 0.134375 0.14218750000000002 0.2953125 0.234375 0.2953125
1 0.7187500000000002 0.8484375 0.6359375000000002 0.8484375 0.6359375000000002 0.978125 0.7187500000000002 0.978125
1 0.6453125000000002 0.915625 0.6015625000000002 0.915625 0.6015625000000002 0.99375 0.6453125000000002 0.99375
1 0.5046875 0.012500000000000058 0.44375 0.012500000000000056 0.44375 0.18750000000000006 0.5046875 0.18750000000000006
1 0.7390625000000002 0.90625 0.6796875000000002 0.90625 0.6796875000000002 0.9984375 0.7390625000000002 0.9984375
1 0.18437500000000007 0.5109375 0.09062500000000007 0.5109375 0.09062500000000008 0.6859375 0.1843750000000001 0.6859375
1 0.396875 0.09062500000000004 0.315625 0.09062500000000004 0.315625 0.22656250000000006 0.396875 0.22656250000000008
1 0.44062500000000016 0.7265625 0.38750000000000007 0.7265625 0.38750000000000007 0.8453125 0.44062500000000016 0.8453125
1 0.65625 0.1296875000000001 0.5828125 0.1296875000000001 0.5828125 0.2250000000000001 0.65625 0.2250000000000001
1 0.6890625 0.1625000000000001 0.6234375 0.1625000000000001 0.6234375 0.2984375000000001 0.6890625 0.2984375000000001
1 0.5296875000000002 0.8546875 0.4500000000000002 0.8546875 0.4500000000000002 0.975 0.5296875000000002 0.975
1 0.803125 0.91875 0.7515625000000001 0.91875 0.7515625000000001 1 0.803125 1
1 0.6187500000000001 0.875 0.5640625000000001 0.875 0.5640625000000001 0.9984375 0.6187500000000001 0.9984375
1 0.3453125 0.012500000000000039 0.2734375 0.012500000000000034 0.2734375 0.15781250000000005 0.3453125 0.15781250000000005
1 0.46406250000000016 0.8078125 0.4046875000000002 0.8078125 0.4046875000000002 0.915625 0.46406250000000016 0.915625
1 0.5125000000000002 0.7953125 0.4656250000000002 0.7953125 0.4656250000000002 0.865625 0.5125000000000002 0.865625
1 0.3937500000000001 0.546875 0.3375000000000001 0.546875 0.3375000000000001 0.653125 0.3937500000000001 0.653125
1 0.4859375000000001 0.7125 0.4328125 0.7125 0.4328125000000001 0.8421875 0.4859375000000002 0.8421875
1 0.47187500000000016 0.903125 0.41718750000000016 0.903125 0.41718750000000016 1 0.47187500000000016 1
1 0.5859375 0.2078125000000001 0.553125 0.2078125000000001 0.553125 0.2750000000000001 0.5859375 0.2750000000000001
1 0.2515625000000001 0.721875 0.14843750000000008 0.721875 0.1484375000000001 0.9125 0.2515625000000001 0.9125
1 0.5140625 0.13281250000000006 0.4640625 0.13281250000000006 0.4640625 0.2687500000000001 0.5140625 0.2687500000000001
1 0.3359375 0.08125000000000003 0.2109375 0.08125000000000002 0.2109375 0.2875 0.3359375 0.2875
1 0.5687500000000002 0.9015625 0.5046875000000002 0.9015625 0.5046875000000002 1 0.5687500000000002 1
1 0.5359375000000001 0.6734375 0.4921875 0.6734375 0.4921875000000001 0.7328125 0.5359375000000002 0.7328125
1 0.1390625 0.003125000000000012 0.0578125 0.003125000000000007 0.0578125 0.05781250000000001 0.1390625 0.057812500000000024
1 0.21250000000000008 0.890625 0.14843750000000008 0.890625 0.1484375000000001 1 0.21250000000000008 1
1 0.3625000000000001 0.9 0.2609375000000001 0.9 0.2609375000000001 1 0.3625000000000001 1
1 0.2921875000000001 0.8796875 0.1859375000000001 0.8796875 0.18593750000000012 1 0.2921875000000001 1
1 0.6796875 0.63125 0.640625 0.63125 0.640625 0.675 0.6796875 0.675
1 0.6359375 0.38750000000000007 0.565625 0.38750000000000007 0.565625 0.4640625 0.6359375 0.4640625