1 0.9634453282465898 0.07551998437461682 0.9271076662312675 -0.006021788297424191 0.7906202646520137 0.054801430347625676 0.8269579266673361 0.13634320301966668
1 0.8642671875 9.980775737519746e-17 0.7493265625000001 9.276967395028514e-17 0.7493265625000001 0.07183437500000009 0.8642671875 0.07183437500000009
1 0.9978080157132853 0.1617014239123539 0.9951662296020938 0.10035448080492096 0.8219570783702522 0.10781339410813517 0.8245988644814437 0.1691603372155681
1 0.8990437889331455 0.20594359868087228 0.8902657918293733 0.13903718840314996 0.7751028106018343 0.15414635823427603 0.7838808077056065 0.22105276851199837
1 0.8286447068406175 0.07295879896913113 0.7168375242524421 0.060994391808350534 0.7096436535254821 0.12822099209670695 0.8214508361136577 0.14018539925748755
1 0.7645157418875955 0.0641016903926992 0.7456970981690944 0.03147805239290018 0.6832706648749589 0.06748816281609563 0.7020893085934601 0.10011180081589463
1 0.8209346604748127 0.14704798421858234 0.7643108277601135 0.09284653916364602 0.7016924814695299 0.15826344385383187 0.7583163141842292 0.2124648889087682
1 0.9197521865338976 0.25011485156588986 0.9151615969451579 0.2058393287402866 0.7504215315002348 0.22291996338933578 0.7550121210889745 0.26719548621493905
1 0.791182340757978 0.21620398117179981 0.7655780893228721 0.1771274818441769 0.7108758298870108 0.21297026276785364 0.7364800813221167 0.25204676209547655
1 0.971591893443992 0.18352683695368302 0.9078911443408746 0.14531054143697725 0.8702328125 0.20808125000000013 0.9339335616031172 0.24629754551670588
1 1.0160737977162344 0.26561387239267786 0.9597497314064046 0.19764592875850892 0.8402887686871285 0.2966415261809096 0.896612834996958 0.3646094698150785
1 0.863441577260837 0.3002390313357232 0.8395060964686568 0.2448339461259494 0.7353344894083971 0.28983699034907284 0.7592699702005772 0.3452420755588467
1 0.7774280745853043 0.26306546190317687 0.666071132924683 0.1865677975934591 0.6198336630532598 0.25387525438273434 0.7311906047138811 0.3303729186924521
1 0.7844724608270757 0.37411151813861093 0.7793228959710269 0.3176736140963109 0.7015864418577042 0.32476652300086173 0.706736006713753 0.38120442704316176
1 0.904486087937572 0.3506561473051435 0.8099507414526437 0.2971205821866616 0.7667199449960075 0.3734593359254661 0.8612552914809356 0.426994901043948
1 1.000269206717874 0.389040157313287 0.9740605052565312 0.334123107711248 0.8398000177641401 0.39819779963737406 0.866008719225483 0.4531148492394131
1 0.8028647322171464 0.4188447128123546 0.8001811109142546 0.37567850992422513 0.6976965380335227 0.38204992470243193 0.7003801593364145 0.4252161275905613
1 0.848491099247336 0.43566022918483577 0.8365843788363282 0.39667182916053745 0.7573032468916407 0.420883601670959 0.7692099673026487 0.45987200169525727
1 0.7758462308287449 0.4332567301868703 0.6957491030552037 0.42403859930853294 0.688172589742746 0.48987157161878436 0.7682697175162873 0.49908970249712165
1 0.8872834174821287 0.4982149036089796 0.8741876792892549 0.4341018665481494 0.7649420065863672 0.45641640340379697 0.778037744779241 0.5205294404646272
1 0.9938891681256508 0.4672990714022098 0.8824076706690125 0.4552550816972204 0.8741173945854472 0.5319914800803851 0.9855988920420854 0.5440354697853745
1 0.9894877137780016 0.40637475268814277 0.9000161634278033 0.4043869716305163 0.8985941103523194 0.4683946715005165 0.9880656607025177 0.470382452558143
1 0.9154948809621242 0.5668832811199562 0.9042135328682447 0.4972009732442492 0.7966351996218809 0.5146175695325977 0.8079165477157606 0.5842998774083049
1 0.8011915049272021 0.5009564595643485 0.7181845791339975 0.4907692192551453 0.7135721945721311 0.5283515135209134 0.7965791203653356 0.5385387538301165
1 0.8001225000865444 0.535710075823389 0.7005431007592948 0.5262551641116276 0.6961990993154817 0.5720063109905053 0.7957784986427313 0.5814612227022666
1 0.8003552382558785 0.6481245448990813 0.7992693105438811 0.5720543883959379 0.6825203853505519 0.5737210195564526 0.6836063130625495 0.649791176059596
1 0.8582347063929088 0.5844703104571108 0.7836196642405613 0.578044274335163 0.7772518273606239 0.6519835439251664 0.8518668695129714 0.6584095800471144
1 0.9933953707070255 0.6178169022420139 0.8858521726000081 0.5925702509695183 0.8709945870666098 0.6558591302416357 0.9785377851736271 0.6811057815141313
1 0.9875353752827654 0.5898084655558874 0.9831479188608521 0.5501952814247052 0.8912660646103205 0.5603718839960561 0.8956535210322336 0.5999850681272382
1 0.7939342683036059 0.6789721595393675 0.7421461035758087 0.6213943697054866 0.6475930182226284 0.7064398494628661 0.6993811829504255 0.7640176392967469
1 0.7902344843185849 0.7388941844324554 0.7698313362445687 0.7002339859184669 0.6942085301251769 0.7401443684393506 0.7146116781991934 0.7788045669533391
1 0.8195454136781267 0.7872850611360609 0.788994868895207 0.7364794202891909 0.7359528910827795 0.7683747234784041 0.7665034358656991 0.8191803643252742
1 0.9821775659709819 0.7955428350834602 0.9813840733644039 0.7600895854215666 0.9192953956609176 0.7614792156297923 0.9200888882674956 0.7969324652916859
1 0.6259827690491317 0.6120126678842276 0.5818128219443122 0.5537897401135573 0.5316669398067215 0.5918321582184343 0.5758368869115411 0.6500550859891046
1 0.5946369665688839 0.5102838219984367 0.47298116520480427 0.4848238965583251 0.45969312538119506 0.5483184710849305 0.5813489267452747 0.573778396525042
1 0.5406470814690071 0.5616797292824305 0.4662834552863383 0.5474139602156969 0.4586774939255583 0.5870617958666895 0.533041120108227 0.6013275649334231
1 0.5291113641098386 0.5953082869184896 0.4723149519856903 0.5896107878732464 0.46874046791888613 0.6252435924735221 0.5255368800430344 0.6309410915187653
1 0.5638044330756165 0.6690332452017671 0.5441055025441159 0.6134239936653794 0.4824992879318869 0.6352472786121461 0.5021982184633875 0.6908565301485338
1 0.5532468153438174 0.4767769955106944 0.5519273000037594 0.44451831785506696 0.5026269963403067 0.4465349072406548 0.5039465116803646 0.47879358489628226
1 0.5877643116100292 0.3920696951392334 0.5232837008204068 0.36937439796807225 0.5008323633376548 0.4331618841161429 0.5653129741272773 0.4558571812873041
1 0.6262680457538015 0.35759391256432016 0.5956270757204385 0.314573552963236 0.5408856445622832 0.3535627796283281 0.5715266145956461 0.39658313922941224
1 0.6675842336318476 0.378331485274614 0.6024832925464709 0.35947370468332285 0.5854793494102521 0.4181748172013724 0.6505802904956288 0.43703259779266357
1 0.6249854727345835 0.4531769118374108 0.6143033094797202 0.41787674775048134 0.5426385405237374 0.4395631841003144 0.5533207037786008 0.47486334818724407
1 0.6227130223097707 0.26679061232206586 0.6164410889150511 0.21666184173681624 0.5080298945598111 0.23022586459833297 0.5143018279545306 0.28035463518358256
1 0.6106424867021335 0.21820722813143467 0.6005631182772688 0.17324330817864805 0.50106676723556 0.1955469769898212 0.5111461356604245 0.24051089694260783
1 0.7071651788997206 0.20780576268803358 0.6860698860696578 0.15653888090491427 0.595930340181538 0.19362949476598385 0.6170256330116008 0.24489637654910315
1 0.6789872441924782 0.1580977253871678 0.6753785951327435 0.10396798949115019 0.6104940542035396 0.10829362555309756 0.6141027032632744 0.1624233614491152
1 0.48411988850171384 0.15334667900589558 0.459092276157593 0.09553327149396015 0.35635255692084733 0.1400096304574105 0.3813801692649681 0.19782303796934592
1 0.5304167708910263 0.21185458904935714 0.5182702202973992 0.1501293008103089 0.3946631045320432 0.17445320642840234 0.4068096551256703 0.2361784946674506
1 0.49608828011971606 0.2330934458567946 0.3645481945371497 0.2179016465866817 0.3587768625539662 0.2678734431787338 0.49031694813653254 0.2830652424488466
1 0.4408428773555519 0.28443716228693117 0.3617920048897819 0.27572790675218073 0.35392306531791673 0.3471515245406774 0.43297393778368676 0.35586078007542776
1 0.5140222059048186 0.3852402328692756 0.5004745786995772 0.3043492026607131 0.43918299012904216 0.3146143159944131 0.45273061733428355 0.3955053462029756
1 0.46426124440497213 0.3972335912206257 0.36552439241322243 0.3962391193300613 0.36507923926057406 0.4404364680573008 0.46381609125232365 0.4414309399478652
1 0.4385278939505507 0.39191854777229784 0.43233998145836444 0.34411019777832075 0.3388229209301744 0.3562142630126956 0.3450108334223606 0.4040226130066727
1 0.4238260702928523 0.47790167134013223 0.423673321822527 0.43730112792768044 0.3586357371674198 0.4375458141001977 0.35878848563774507 0.47814635751264956
1 0.49259903430791957 0.4650046616466944 0.48246303790716966 0.46483144859562764 0.48204085946858594 0.48953627948224143 0.49217685586933585 0.4897094925333082
1 0.4820826540420475 0.4527014127677031 0.43859426162852755 0.4291258424555844 0.40740834514873947 0.4866525684559786 0.45089673756225945 0.5102281387680974
1 0.4395241730012168 0.5580963414094674 0.3626210198272702 0.5283774817097318 0.34323762695175003 0.5785356656507588 0.4201407801256967 0.6082545253504944
1 0.46838970046120226 0.5187002518366431 0.37454521405179925 0.4557155367746543 0.3409632362176057 0.5057512233592519 0.4348077226270088 0.5687359384212407
1 0.40197308356255573 0.5978480243720835 0.3511715816326099 0.5846950020076644 0.3423007863052228 0.6189570684330576 0.39310228823516863 0.6321100907974767
1 0.48013882771969635 0.6756145176471253 0.4622368926187165 0.5958646482495152 0.38515692049858297 0.6131672553748044 0.4030588555995628 0.6929171247724144
1 0.4367087893726224 0.7326286293351864 0.4301846700508623 0.6790567181915739 0.3369894778647323 0.6904062582967747 0.3435135971864925 0.7439781694403871
1 0.3919195365593021 0.7388422129807937 0.3398841614735927 0.7260391971000016 0.3302285941101194 0.7652823780896819 0.3822639691958288 0.7780853939704738
1 0.39484520951433305 0.6289105200190539 0.3422684517145455 0.6277424059129681 0.34111391760769216 0.6797079286229298 0.3936906754074797 0.6808760427290155
1 0.3134648735394272 0.7049048447939461 0.28476626136528765 0.6839735837297933 0.25460414343283333 0.7253285179710287 0.2833027556069729 0.7462597790351815
1 0.2859339984464066 0.6862592080929082 0.263215674540378 0.6492500398896566 0.21736699578352522 0.6773945561063199 0.24008531968955388 0.7144037243095716
1 0.2635504001332479 0.6549596217098282 0.24376882279922468 0.6030717464093278 0.15042351084727734 0.6386584320551006 0.1702050881813005 0.6905463073556011
1 0.1743678356775219 0.6611289640738354 0.16539231790691356 0.6127384692225372 0.04772038434829717 0.634564378091681 0.05669590211890552 0.6829548729429792
1 0.14886738776902086 0.7251872716631127 0.12822111919821813 0.6793538493658052 0.03799017833586808 0.7199995647644072 0.058636446906670824 0.7658329870617147
1 0.1314013600012416 0.7673043130149697 0.11530465417555694 0.7274132917081044 -0.003976033934294377 0.7755450788694193 0.0121206718913903 0.8154361001762845
1 0.25224023409348395 0.6922197151415866 0.16737980176771586 0.690341431511397 0.16630487184730577 0.7389065237582468 0.25116530417307387 0.7407848073884364
1 0.30766410354887974 0.5807817738557886 0.28848042007043057 0.5302956821208374 0.21745037243008225 0.5572856491506734 0.23663405590853143 0.6077717408856245
1 0.14490352023162797 0.6136049531308638 0.137702977939423 0.5819802170468672 0.05877214117533223 0.5999517449916196 0.06597268346753722 0.6315764810756163
1 0.1742457957188906 0.5535626488288508 0.16276543325636653 0.51720758558808 0.03463802106803075 0.5576682257901224 0.04611838353055482 0.5940232890308931
1 0.22899137758966948 0.5307810915627816 0.20875323409678606 0.496840939992059 0.16003187724821516 0.5258929555381512 0.18027002074109857 0.5598331071088738
1 0.3066361893406107 0.5360759170508248 0.3010881807802645 0.4896180412303258 0.22622149380527729 0.4985586355404668 0.2317695023656235 0.5450165113609657
1 0.22411409410071048 0.6020509440019698 0.19819908332503944 0.5634440714568926 0.1387701008900784 0.6033360030913695 0.16468511166574948 0.6419428756364467
1 0.12480000000000002 0.5301484375000002 0.11239926918279539 0.4867230487385984 0.03631907906107838 0.5084488175832919 0.04871980987828302 0.5518742063446936
1 0.1915718064219524 0.5016304954878231 0.11476402210900453 0.4462551775626077 0.079249519192413 0.49551521582880814 0.15605730350536087 0.5508905337540235
1 0.22723052673213492 0.4921087050320838 0.20142923627702042 0.4355836300533144 0.14966177710765152 0.45921327142316376 0.17546306756276597 0.5157383464019332
1 0.30849126370998503 0.491273691794816 0.3034430233498212 0.4250831967442644 0.20939461867356313 0.43225611412361176 0.21444285903372698 0.49844660917416334
1 0.16429353900025698 0.4648156700227985 0.15988065114376998 0.42601916745476753 0.05733753838603055 0.43768288008611905 0.061750426242517545 0.47647938265415
1 0.23356664787177359 0.40956487843349415 0.16855101431685812 0.40523004487758235 0.16579133695398512 0.4466208318224815 0.23080697050890056 0.45095566537839343
1 0.1593626926652886 0.4310320780415834 0.1587736291131723 0.38477940444946945 0.05128919200920294 0.3861483018428621 0.05187825556131923 0.43240097543497596
1 0.311504269755088 0.3746585149209186 0.2853697219191008 0.31086187625142336 0.14537348831768454 0.3682118924939516 0.17150803615367172 0.43200853116344673
1 0.2962928663695504 0.3227454617265139 0.2810576219265268 0.2598626022832198 0.1717196480114433 0.2863529809690585 0.18695489245446686 0.34923584041235267
1 0.2605176896681997 0.27006960812441155 0.2550320759061727 0.22552889117317937 0.2008019537971649 0.2322078475196454 0.2062875675591919 0.2767485644708776
1 0.3623452313503466 0.26628593353829466 0.31113080288711054 0.17310481539008687 0.23171005796996197 0.2167562346892923 0.282924486433198 0.3099373528375001
1 0.32919286349151355 0.18463534641175783 0.3101502904170681 0.13724788254659998 0.21727375141608368 0.17457016436063513 0.23631632449052914 0.22195762822579299
1 0.2246511038075177 0.1401617453991834 0.12724450820448205 0.12108177457962233 0.11487604021082551 0.1842249717826307 0.2122826358138612 0.20330494260219178
1 0.22131206430258463 0.2080891678504478 0.1275469385413592 0.17568465140253992 0.09583186167112148 0.2674548272064368 0.1895969874323469 0.2998593436543447
1 0.12933962891585865 0.18334689217899477 0.057065727439179204 0.16260248271190075 0.03856018692819342 0.2270761238529153 0.11083408840487285 0.24782053332000936
1 0.13864558161880067 0.28774908140098004 0.09554489837940683 0.22968890548795345 0.0444552549558479 0.2676150485521936 0.08755593819524174 0.3256752244652202
1 0.18118258381421395 0.327599893988238 0.1480539825292453 0.27301869234820153 0.055568446970541883 0.3291537047716661 0.08869704825551054 0.3837349064117026
1 0.678598323028131 0.2944005089908234 0.6204687324887938 0.25063107883699015 0.5878158113298086 0.2939969835383753 0.6459454018691458 0.3377664136922085