1 0.25625 2.2101047703362388e-17 0.1046875 1.2820521178573852e-17 0.1046875 0.06562500000000002 0.25625 0.06562500000000002
1 0.46875 4.8411818778793805e-17 0.321875 3.941831884755543e-17 0.321875 0.09375000000000006 0.46875 0.09375000000000007
1 0.1875 0.032812500000000015 0.05625 0.03281250000000001 0.05625000000000001 0.10937500000000003 0.1875 0.10937500000000004
1 0.228125 0.09531250000000002 0.11875 0.09531250000000002 0.11875 0.15781250000000002 0.228125 0.15781250000000005
1 0.13125 0.07500000000000001 0.01406250000000001 0.075 0.014062500000000016 0.175 0.13125 0.175
1 0.03437500000000002 0.0875 0.004687500000000011 0.0875 0.0046875000000000154 0.1609375 0.034375000000000024 0.1609375
1 0.054687500000000035 0.225 0.012500000000000028 0.225 0.012500000000000034 0.315625 0.05468750000000004 0.315625
1 0.18593750000000003 0.2984375 0.015625000000000038 0.2984375 0.01562500000000004 0.384375 0.18593750000000003 0.384375
1 0.26875000000000004 0.3578125 0.11562500000000005 0.3578125 0.11562500000000005 0.4671875 0.2687500000000001 0.4671875
1 0.15156250000000007 0.4609375 0.046875000000000056 0.4609375 0.04687500000000006 0.5484375 0.1515625000000001 0.5484375
1 0.2250000000000001 0.6203125 0.10781250000000009 0.6203125 0.10781250000000009 0.703125 0.2250000000000001 0.703125
1 0.5687500000000001 0.709375 0.4140625 0.709375 0.4140625000000001 0.7765625 0.5687500000000002 0.7765625
1 0.8578125 0.6843750000000002 0.7484375 0.6843750000000002 0.7484375000000001 0.7500000000000002 0.8578125 0.7500000000000002
1 0.9265625 0.3968750000000001 0.7515625 0.3968750000000001 0.7515625 0.5312500000000002 0.9265625 0.5312500000000002
1 0.89375 0.3109375000000001 0.7546875 0.3109375000000001 0.7546875 0.40937500000000016 0.89375 0.40937500000000016
1 0.5734375 0.13906250000000006 0.4203125 0.13906250000000003 0.4203125 0.2671875000000001 0.5734375 0.2671875000000001
1 0.540625 0.10000000000000005 0.434375 0.10000000000000005 0.434375 0.17656250000000004 0.540625 0.17656250000000004
1 0.68125 0.05000000000000008 0.509375 0.050000000000000065 0.509375 0.17187500000000006 0.68125 0.17187500000000008
1 0.9375 1.0189444071030711e-16 0.7265625 8.897824400054988e-17 0.7265625 0.012500000000000103 0.9375 0.012500000000000117
1 1 1.1490631295124777e-16 0.8765625 1.0734794598776019e-16 0.8765625 0.16093750000000012 1 0.16093750000000012
1 0.89375 0.0312500000000001 0.7359375 0.03125000000000009 0.7359375 0.11093750000000009 0.89375 0.11093750000000009
1 0.9 0.10000000000000009 0.7390625 0.10000000000000009 0.7390625 0.1828125000000001 0.9 0.1828125000000001
1 1 0.1437500000000001 0.821875 0.1437500000000001 0.821875 0.2468750000000001 1 0.2468750000000001
1 0.9125 0.19218750000000012 0.7546875 0.1921875000000001 0.7546875 0.2750000000000001 0.9125 0.2750000000000001
1 0.7765625 0.1906250000000001 0.640625 0.1906250000000001 0.640625 0.2953125000000001 0.7765625 0.2953125000000001
1 0.6203125 0.36406250000000007 0.45625 0.36406250000000007 0.45625 0.4546875 0.6203125 0.4546875
1 0.453125 0.4359375 0.3687500000000001 0.4359375 0.3687500000000001 0.484375 0.453125 0.484375
1 0.465625 0.484375 0.36406250000000007 0.484375 0.36406250000000007 0.534375 0.465625 0.534375
1 0.5984375 0.525 0.459375 0.525 0.459375 0.6171875 0.5984375 0.6171875
1 0.696875 0.4125 0.5828125 0.4125 0.5828125 0.49375 0.696875 0.49375
1 0.4578125 0.525 0.3671875000000001 0.525 0.3671875000000001 0.5828125 0.4578125 0.5828125
1 0.9796875 0.49531250000000016 0.8484375 0.49531250000000016 0.8484375 0.5703125000000002 0.9796875 0.5703125000000002
1 0.6453125 0.646875 0.5453125 0.646875 0.5453125 0.7125 0.6453125 0.7125
1 0.490625 0.3140625 0.35625 0.3140625 0.35625000000000007 0.421875 0.490625 0.421875
1 0.34375000000000006 0.3328125 0.2203125 0.3328125 0.22031250000000005 0.4296875 0.3437500000000001 0.4296875
1 0.684375 0.2375000000000001 0.55 0.2375000000000001 0.55 0.3312500000000001 0.684375 0.3312500000000001
1 0.459375 0.08750000000000005 0.365625 0.08750000000000005 0.365625 0.14843750000000006 0.459375 0.14843750000000006
1 0.7265625 0.031250000000000076 0.5828125 0.03125000000000007 0.5828125 0.10937500000000008 0.7265625 0.10937500000000008
1 0.31875 0.2765625 0.2109375 0.2765625 0.2109375 0.3390625 0.31875 0.3390625
1 1 0.2312500000000001 0.8921875 0.2312500000000001 0.8921875 0.34062500000000007 1 0.34062500000000007
1 0.446875 0.2156250000000001 0.3671875 0.2156250000000001 0.3671875 0.2578125000000001 0.446875 0.2578125000000001
1 0.590625 0.2750000000000001 0.4734375 0.2750000000000001 0.4734375 0.3812500000000001 0.590625 0.3812500000000001
1 0.721875 0.3187500000000001 0.584375 0.3187500000000001 0.584375 0.37968750000000007 0.721875 0.37968750000000007
1 0.2328125 0.228125 0.04375000000000003 0.228125 0.04375000000000003 0.315625 0.2328125 0.315625
1 0.678125 0.559375 0.590625 0.559375 0.590625 0.6203125 0.678125 0.6203125
1 0.2390625000000001 0.690625 0.1390625000000001 0.690625 0.1390625000000001 0.7546875 0.2390625000000001 0.7546875
1 0.35 0.12187500000000004 0.25625 0.12187500000000004 0.25625 0.2046875 0.35 0.2046875
1 0.4609375 0.24375000000000005 0.3609375 0.24375 0.3609375 0.28750000000000003 0.4609375 0.2875000000000001
1 0.20312500000000008 0.4140625 0.06718750000000004 0.4140625 0.06718750000000005 0.484375 0.20312500000000008 0.484375
1 0.865625 0.5406250000000001 0.76875 0.5406250000000001 0.76875 0.6078125000000002 0.865625 0.6078125000000002
1 0.69375 0.50625 0.596875 0.50625 0.596875 0.565625 0.69375 0.565625
1 0.5453125 0.06562500000000007 0.4578125 0.06562500000000007 0.4578125 0.11562500000000006 0.5453125 0.11562500000000009
1 0.1687500000000001 0.58125 0.057812500000000065 0.58125 0.05781250000000008 0.65625 0.1687500000000001 0.65625
1 0.5828125 0.6296875 0.5046875 0.6296875 0.5046875 0.68125 0.5828125 0.68125
1 0.9484375 0.6171875000000002 0.8515625 0.6171875000000002 0.8515625 0.6890625000000001 0.9484375 0.6890625000000001
1 0.6453125000000002 0.7953125 0.5718750000000001 0.7953125 0.5718750000000001 0.865625 0.6453125000000002 0.865625
1 0.3078125000000001 0.534375 0.2312500000000001 0.534375 0.2312500000000001 0.58125 0.3078125000000001 0.58125
1 1 0.3375000000000001 0.9578125 0.3375000000000001 0.9578125 0.47656250000000017 1 0.47656250000000017
1 0.5328125 0.58125 0.4421875 0.58125 0.4421875 0.6640625 0.5328125 0.6640625
1 1 0.5906250000000002 0.93125 0.5906250000000002 0.93125 0.6718750000000002 1 0.6718750000000002
1 0.965625 0.6906250000000002 0.8546875 0.6906250000000002 0.8546875 0.7718750000000002 0.965625 0.7718750000000002
1 1 0.4234375000000002 0.8875 0.4234375000000002 0.8875 0.4828125000000002 1 0.4828125000000002
1 0.8640625 0.26250000000000007 0.7703125 0.26250000000000007 0.7703125 0.3203125000000001 0.8640625 0.3203125000000001
1 0.1375000000000001 0.65625 0.05625000000000009 0.65625 0.05625000000000009 0.7 0.1375000000000001 0.7
1 0.4609375 0.11406250000000004 0.359375 0.11406250000000004 0.359375 0.20937500000000003 0.4609375 0.2093750000000001
1 0.9515625 0.5843750000000002 0.8609375 0.5843750000000002 0.8609375 0.6328125000000002 0.9515625 0.6328125000000002
1 1 0.4937500000000002 0.965625 0.4937500000000002 0.965625 0.5656250000000002 1 0.5656250000000002
1 0.13906250000000003 0.3734375 0.034375000000000044 0.3734375 0.03437500000000005 0.4296875 0.13906250000000003 0.4296875
1 0.9609375 0.3046875000000001 0.846875 0.3046875000000001 0.846875 0.37968750000000007 0.9609375 0.37968750000000007
1 0.45 0.5734375 0.36406250000000007 0.5734375 0.36406250000000007 0.6703125 0.45 0.6703125
1 0.475 0.27343750000000006 0.325 0.2734375 0.325 0.33437500000000003 0.475 0.3343750000000001
1 0.12187500000000002 0.165625 0.03281250000000002 0.165625 0.03281250000000003 0.2421875 0.12187500000000004 0.2421875
1 0.16875 0.165625 0.09843750000000002 0.165625 0.09843750000000002 0.2421875 0.16875000000000004 0.2421875
1 0.3546875000000001 0.7125 0.2765625000000001 0.7125 0.2765625000000001 0.7640625 0.3546875000000001 0.7640625
1 0.675 0.13593750000000007 0.5359375 0.13593750000000004 0.5359375 0.22812500000000008 0.675 0.22812500000000008
1 0.9671875 0.3703125000000001 0.8546875 0.3703125000000001 0.8546875 0.4359375000000002 0.9671875 0.4359375000000002
1 0.13437500000000008 0.5453125 0.040625000000000064 0.5453125 0.04062500000000007 0.59375 0.13437500000000008 0.59375
1 0.3265625 0.15000000000000002 0.1171875 0.15 0.11718750000000003 0.2984375 0.3265625 0.2984375