1 0.521875 0.5109375 0.4625 0.5109375 0.4625 0.5921875 0.521875 0.5921875
1 0.671875 0.58125 0.609375 0.58125 0.609375 0.64375 0.671875 0.64375
1 0.6234375 0.5296875 0.5671875 0.5296875 0.5671875 0.615625 0.6234375 0.615625
1 0.3421875000000001 0.4875 0.2453125000000001 0.4875 0.2453125000000001 0.578125 0.3421875000000001 0.578125
1 0.7171875 0.4609375 0.66875 0.4609375 0.66875 0.5625 0.7171875 0.5625
1 0.78125 0.5609375000000002 0.7296875 0.5609375000000002 0.7296875 0.6140625000000002 0.78125 0.6140625000000002
1 0.753125 0.4062500000000001 0.6984375 0.40625 0.6984375 0.4796875000000001 0.753125 0.47968750000000016
1 0.840625 0.7312500000000002 0.7890625000000002 0.7312500000000002 0.7890625000000002 0.7906250000000001 0.840625 0.7906250000000001
1 0.5671875 0.43125 0.5046875 0.43125 0.5046875 0.5140625 0.5671875 0.5140625
1 0.3296875000000001 0.3859375 0.2390625000000001 0.3859375 0.2390625000000001 0.4921875 0.3296875000000001 0.4921875
1 0.534375 0.7109375 0.4828125 0.7109375 0.4828125000000001 0.79375 0.5343750000000002 0.79375
1 0.4234375 0.3906250000000001 0.37968750000000007 0.3906250000000001 0.37968750000000007 0.4859375 0.4234375 0.4859375
1 0.6359375 0.4546875 0.5734375 0.4546875 0.5734375 0.521875 0.6359375 0.521875
1 0.521875 0.11406250000000004 0.4359375 0.11406250000000004 0.4359375 0.2328125000000001 0.521875 0.2328125000000001
1 0.5687500000000001 0.6484375 0.5125 0.6484375 0.5125000000000001 0.73125 0.5687500000000002 0.73125
1 0.7015625 0.646875 0.6421875 0.646875 0.6421875 0.7140625 0.7015625 0.7140625
1 0.7312500000000001 0.7171875000000001 0.659375 0.7171875 0.659375 0.8375 0.7312500000000002 0.8375
1 0.721875 0.3593750000000001 0.675 0.3593750000000001 0.675 0.4421875 0.721875 0.4421875
1 0.3890625000000001 0.6484375 0.3343750000000001 0.6484375 0.3343750000000001 0.746875 0.3890625000000001 0.746875
1 0.2515625 0.04218750000000003 0.171875 0.042187500000000024 0.171875 0.14843750000000003 0.2515625 0.14843750000000006
1 0.2890625000000001 0.7 0.1843750000000001 0.7 0.1843750000000001 0.8359375 0.2890625000000001 0.8359375
1 0.6765625 0.5015625 0.609375 0.5015625 0.609375 0.5875 0.6765625 0.5875
1 0.24843750000000003 0.325 0.17343750000000005 0.325 0.17343750000000005 0.434375 0.2484375000000001 0.434375
1 0.5921875 0.496875 0.521875 0.496875 0.521875 0.5828125 0.5921875 0.5828125
1 0.6515625000000002 0.8109375 0.6171875000000002 0.8109375 0.6171875000000002 0.9 0.6515625000000002 0.9
1 0.3203125 0.07343750000000003 0.24375 0.07343750000000002 0.24375 0.17031250000000003 0.3203125 0.17031250000000003
1 0.746875 0.1062500000000001 0.7046875 0.1062500000000001 0.7046875 0.2078125000000001 0.746875 0.2078125000000001
1 0.4078125 0.11875000000000005 0.340625 0.11875000000000005 0.340625 0.22500000000000003 0.4078125 0.2250000000000001
1 0.2515625000000001 0.6515625 0.1828125000000001 0.6515625 0.1828125000000001 0.7265625 0.2515625000000001 0.7265625
1 0.3453125 0.3015625 0.2703125 0.3015625 0.27031250000000007 0.415625 0.3453125000000001 0.415625
1 0.4484375 0.2953125000000001 0.390625 0.2953125000000001 0.39062500000000006 0.4015625 0.4484375 0.4015625
1 0.1906250000000001 0.65625 0.12343750000000009 0.65625 0.12343750000000009 0.7375 0.1906250000000001 0.7375
1 0.75625 0.3078125000000001 0.7078125 0.3078125000000001 0.7078125 0.37968750000000007 0.75625 0.37968750000000007
1 0.3437500000000001 0.6484375 0.2687500000000001 0.6484375 0.2687500000000001 0.753125 0.3437500000000001 0.753125
1 0.5328125000000001 0.7875 0.4578125000000002 0.7875 0.4578125000000002 0.8953125 0.5328125000000001 0.8953125
1 0.8140625 0.2968750000000001 0.75625 0.2968750000000001 0.75625 0.40156250000000016 0.8140625 0.40156250000000016
1 0.3750000000000001 0.7453125 0.2484375000000001 0.7453125 0.2484375000000001 0.89375 0.3750000000000001 0.89375
1 0.6609375000000001 0.6734375 0.5953125 0.6734375 0.5953125000000001 0.7875 0.6609375000000002 0.7875
1 0.6281250000000002 0.7578125 0.5734375000000002 0.7578125 0.5734375000000002 0.884375 0.6281250000000002 0.884375
1 0.275 0.30625 0.228125 0.30625 0.22812500000000005 0.378125 0.2750000000000001 0.378125
1 0.86875 0.6531250000000002 0.790625 0.6531250000000002 0.7906250000000001 0.7359375000000001 0.86875 0.7359375000000001
1 0.771875 0.46875000000000017 0.7328125 0.46875000000000017 0.7328125 0.5171875000000001 0.771875 0.5171875000000001
1 0.7156250000000002 0.78125 0.6406250000000002 0.78125 0.6406250000000002 0.909375 0.7156250000000002 0.909375
1 0.60625 0.3531250000000001 0.5453125 0.3531250000000001 0.5453125 0.4671875 0.60625 0.4671875
1 0.4625000000000002 0.7703125 0.3781250000000001 0.7703125 0.3781250000000001 0.9234375 0.4625000000000002 0.9234375
1 0.1921875000000001 0.7390625 0.12500000000000008 0.7390625 0.12500000000000008 0.8765625 0.1921875000000001 0.8765625
1 0.4375000000000001 0.6484375 0.38750000000000007 0.6484375 0.38750000000000007 0.7703125 0.43750000000000017 0.7703125
1 0.7921875 0.13281250000000008 0.7171875 0.13281250000000008 0.7171875 0.27031250000000007 0.7921875 0.27031250000000007
1 0.6062500000000001 0.7125 0.534375 0.7125 0.534375 0.8234375 0.6062500000000002 0.8234375
1 0.484375 0.3375000000000001 0.421875 0.3375000000000001 0.421875 0.4671875 0.484375 0.4671875
1 0.83125 0.7734375000000002 0.7718750000000002 0.7734375000000002 0.7718750000000002 0.9296875 0.83125 0.9296875
1 0.4906250000000001 0.6671875 0.415625 0.6671875 0.4156250000000001 0.7921875 0.4906250000000002 0.7921875
1 0.39375000000000004 0.30156250000000007 0.33125 0.3015625 0.33125000000000004 0.4265625 0.3937500000000001 0.4265625
1 0.6703125 0.1140625000000001 0.6109375 0.1140625000000001 0.6109375 0.2296875000000001 0.6703125 0.2296875000000001
1 0.715625 0.05937500000000009 0.6640625 0.05937500000000009 0.6640625 0.18906250000000008 0.715625 0.18906250000000008
1 0.6859375 0.36406250000000007 0.628125 0.36406250000000007 0.628125 0.4921875 0.6859375 0.4921875
1 0.9015625 0.42968750000000017 0.846875 0.42968750000000017 0.846875 0.5187500000000002 0.9015625 0.5187500000000002
1 0.85625 0.40625000000000017 0.809375 0.40625000000000017 0.809375 0.4734375000000002 0.85625 0.4734375000000002
1 0.5750000000000002 0.796875 0.5312500000000002 0.796875 0.5312500000000002 0.8828125 0.5750000000000002 0.8828125
1 0.853125 0.8625 0.821875 0.8625 0.821875 0.915625 0.853125 0.915625
1 0.3765625 0.05468750000000004 0.3015625 0.05468750000000004 0.3015625 0.15625000000000006 0.3765625 0.15625000000000006
1 0.4078125000000001 0.715625 0.3609375000000001 0.715625 0.3609375000000001 0.796875 0.4078125000000002 0.796875
1 0.5171875 0.3703125000000001 0.46875 0.3703125000000001 0.46875 0.465625 0.5171875 0.465625
1 0.6515625 0.17187500000000008 0.5859375 0.17187500000000008 0.5859375 0.2984375000000001 0.6515625 0.2984375000000001
1 0.5859375 0.2328125000000001 0.546875 0.2328125000000001 0.546875 0.3125000000000001 0.5859375 0.3125000000000001
1 0.2468750000000001 0.815625 0.2062500000000001 0.815625 0.2062500000000001 0.8671875 0.2468750000000001 0.8671875
1 0.865625 0.29375000000000007 0.80625 0.29375000000000007 0.80625 0.4031250000000002 0.865625 0.4031250000000002
1 0.6296875 0.403125 0.6015625 0.403125 0.6015625 0.459375 0.6296875 0.459375
1 0.5953125 0.15937500000000007 0.5234375 0.15937500000000004 0.5234375 0.2578125000000001 0.5953125 0.2578125000000001
1 0.4203125 0.0015625000000000471 0.35 0.001562500000000043 0.35 0.07812500000000004 0.4203125 0.07812500000000004
1 0.4921875 0.01562500000000006 0.4375 0.015625000000000056 0.4375 0.12343750000000005 0.4921875 0.12343750000000005
1 0.55 0.2906250000000001 0.503125 0.2906250000000001 0.503125 0.3984375000000001 0.55 0.3984375000000001
1 0.6625 0.043750000000000074 0.584375 0.04375000000000007 0.584375 0.15625000000000008 0.6625 0.15625000000000008
1 0.6953125 0.001562500000000083 0.65625 0.0015625000000000805 0.65625 0.07656250000000009 0.6953125 0.07656250000000009
1 0.775 9.165715887368473e-17 0.721875 8.840419081344957e-17 0.721875 0.0750000000000001 0.775 0.0750000000000001
1 0.20000000000000004 0.309375 0.13906250000000003 0.309375 0.13906250000000003 0.4203125 0.2000000000000001 0.4203125
1 0.5390625 0.10468750000000004 0.5140625 0.10468750000000004 0.5140625 0.16562500000000005 0.5390625 0.16562500000000005
1 0.6359375 0.3109375000000001 0.578125 0.3109375000000001 0.578125 0.4140625 0.6359375 0.4140625
1 0.540625 0.0015625000000000628 0.4890625 0.0015625000000000597 0.4890625 0.11250000000000004 0.540625 0.11250000000000004
1 0.5640625000000001 0.8984375 0.5171875000000001 0.8984375 0.5171875000000001 0.9984375 0.5640625000000001 0.9984375
1 0.8203125 0.028125000000000094 0.753125 0.028125000000000087 0.753125 0.13281250000000008 0.8203125 0.13281250000000008
1 0.353125 0.0015625000000000378 0.2671875 0.0015625000000000326 0.2671875 0.07343750000000003 0.353125 0.07343750000000004
1 0.246875 2.5736717888331097e-17 0.1734375 2.1239967922711906e-17 0.1734375 0.059375000000000025 0.246875 0.059375000000000025
1 0.29375 3.2529680602351567e-17 0.2375 2.9085361479749636e-17 0.2375 0.06250000000000003 0.29375 0.06250000000000004
1 0.2078125000000001 0.728125 0.1781250000000001 0.728125 0.1781250000000001 0.815625 0.2078125000000001 0.815625
1 0.5828125 0.01718750000000007 0.5359375 0.017187500000000067 0.5359375 0.16093750000000007 0.5828125 0.1609375000000001
1 0.6328125 7.347880794884119e-17 0.5671875 6.946043563913895e-17 0.5671875 0.07500000000000007 0.6328125 0.07500000000000007
1 0.65625 7.816690897682715e-17 0.6203125 7.596637175960925e-17 0.6203125 0.05625000000000008 0.65625 0.05625000000000009
1 0.4984375 0.640625 0.440625 0.640625 0.440625 0.725 0.4984375 0.725