1 0.7953125 0.4750000000000001 0.6859375 0.475 0.6859375 0.5265625 0.7953125 0.5265625000000002
1 0.8234375 0.42187500000000017 0.7296875 0.42187500000000017 0.7296875 0.4812500000000002 0.8234375 0.4812500000000002
1 0.7390625 0.3500000000000001 0.6265625 0.3500000000000001 0.6265625 0.41093750000000007 0.7390625 0.4109375000000002
1 0.821875 0.5375000000000001 0.7125 0.5375 0.7125 0.6140625000000001 0.821875 0.6140625000000002
1 0.9734375 0.3984375000000001 0.9453125 0.3984375000000001 0.9453125 0.4656250000000002 0.9734375 0.4656250000000002
1 0.590625 6.611179204772041e-17 0.4890625 5.989288252080025e-17 0.4890625 0.057812500000000065 0.590625 0.057812500000000065
1 0.71875 0.5171875 0.5984375 0.5171875 0.5984375 0.571875 0.71875 0.571875
1 0.8671875 0.1140625000000001 0.703125 0.1140625000000001 0.703125 0.23593750000000008 0.8671875 0.23593750000000008
1 0.85625 9.825877052533841e-17 0.7484375 9.165715887368473e-17 0.7484375 0.0656250000000001 0.85625 0.06562500000000011
1 0.7234375 0.14062500000000008 0.6109375 0.14062500000000008 0.6109375 0.22031250000000008 0.7234375 0.22031250000000008
1 0.6 0.53125 0.478125 0.53125 0.478125 0.603125 0.6 0.603125
1 0.8578125 0.2500000000000001 0.66875 0.2500000000000001 0.66875 0.3500000000000001 0.8578125 0.3500000000000001
1 0.17031250000000003 0.1125 0.050000000000000024 0.1125 0.050000000000000024 0.2140625 0.17031250000000003 0.2140625
1 0.7859375 0.3843750000000001 0.6921875 0.3843750000000001 0.6921875 0.4218750000000001 0.7859375 0.42187500000000017
1 1 1.1423658423296405e-16 0.865625 1.0600848855119278e-16 0.865625 0.03906250000000012 1 0.039062500000000125
1 0.44375 0.5125 0.3234375000000001 0.5125 0.3234375000000001 0.5828125 0.44375 0.5828125
1 0.5796875 0.4359375 0.4765625 0.4359375 0.4765625 0.4796875 0.5796875 0.4796875
1 0.5171875 0.471875 0.421875 0.471875 0.421875 0.5453125 0.5171875 0.5453125
1 0.79375 0.025000000000000088 0.628125 0.025000000000000078 0.628125 0.11562500000000009 0.79375 0.11562500000000009
1 0.453125 0.453125 0.3218750000000001 0.453125 0.3218750000000001 0.5203125 0.453125 0.5203125
1 0.7203125000000001 0.7859375 0.6234375000000002 0.7859375 0.6234375000000002 0.8671875 0.7203125000000001 0.8671875
1 0.7125 0.2953125000000001 0.5984375 0.2953125000000001 0.5984375 0.3593750000000001 0.7125 0.3593750000000001
1 0.5109375 0.03125000000000006 0.4140625 0.031250000000000056 0.4140625 0.10937500000000004 0.5109375 0.10937500000000004
1 0.503125 0.10625000000000004 0.346875 0.10625000000000004 0.346875 0.18750000000000006 0.503125 0.18750000000000006
1 0.5515625 0.3234375000000001 0.4359375 0.3234375000000001 0.4359375 0.421875 0.5515625 0.421875
1 0.15781250000000005 0.375 0.04687500000000004 0.375 0.04687500000000005 0.4453125 0.15781250000000005 0.4453125
1 0.8 0.09375000000000008 0.7 0.09375000000000008 0.7 0.15625000000000008 0.8 0.15625000000000008
1 0.721875 0.6421875 0.5828125 0.6421875 0.5828125 0.7046875 0.721875 0.7046875
1 0.3359375 0.07656250000000003 0.21875 0.07656250000000002 0.21875 0.15312500000000004 0.3359375 0.15312500000000004
1 0.5359375000000001 0.7140625 0.4328125 0.7140625 0.4328125000000001 0.78125 0.5359375000000002 0.78125
1 0.6921875 0.478125 0.5890625 0.478125 0.5890625 0.521875 0.6921875 0.521875
1 0.3062500000000001 0.7015625 0.19531250000000008 0.7015625 0.19531250000000008 0.771875 0.3062500000000001 0.771875
1 0.8203125 0.6875000000000001 0.721875 0.6875 0.721875 0.7421875000000001 0.8203125 0.7421875000000002
1 0.39375 0.23593750000000005 0.2671875 0.2359375 0.2671875 0.30937500000000007 0.39375 0.30937500000000007
1 0.11562500000000005 0.2921875 0.026562500000000034 0.2921875 0.026562500000000037 0.346875 0.11562500000000005 0.346875
1 0.14218750000000008 0.4671875 0.028125000000000056 0.4671875 0.02812500000000006 0.546875 0.14218750000000008 0.546875
1 0.8703125 0.7343750000000002 0.8109375 0.7343750000000002 0.8109375 0.7781250000000002 0.8703125 0.7781250000000002
1 0.17187500000000006 0.53125 0.06093750000000007 0.53125 0.06093750000000007 0.5828125 0.17187500000000008 0.5828125
1 0.471875 0.36406250000000007 0.32500000000000007 0.3640625 0.32500000000000007 0.446875 0.471875 0.446875
1 0.4578125000000002 0.81875 0.3453125000000001 0.81875 0.3453125000000001 0.9 0.4578125000000002 0.9
1 0.340625 3.5495622069036564e-17 0.2390625 2.9276712542116413e-17 0.2390625 0.05312500000000003 0.340625 0.05312500000000005
1 0.73125 0.5671875000000001 0.5859375 0.5671875 0.5859375 0.6500000000000001 0.73125 0.6500000000000001
1 0.440625 0.571875 0.3593750000000001 0.571875 0.3593750000000001 0.6453125 0.440625 0.6453125
1 0.1828125000000001 0.8109375 0.08437500000000009 0.8109375 0.0843750000000001 0.86875 0.1828125000000001 0.86875
1 0.796875 0.6093750000000001 0.7 0.609375 0.7 0.6984375 0.796875 0.6984375000000002
1 0.4234375 0.03281250000000004 0.3171875 0.032812500000000036 0.3171875 0.12812500000000004 0.4234375 0.12812500000000004
1 0.496875 5.128208471429542e-17 0.340625 4.171453159595672e-17 0.340625 0.04218750000000005 0.496875 0.04218750000000006
1 0.9578125 0.6187500000000001 0.93125 0.6187500000000001 0.93125 0.6625000000000002 0.9578125 0.6625000000000002
1 0.3265625000000001 0.4875 0.2062500000000001 0.4875 0.2062500000000001 0.5484375 0.3265625000000001 0.5484375
1 0.540625 0.66875 0.4625 0.66875 0.4625 0.7234375 0.540625 0.7234375
1 0.33593750000000006 0.3296875 0.203125 0.3296875 0.20312500000000006 0.415625 0.3359375000000001 0.415625
1 0.7421875 0.4093750000000001 0.5921875 0.409375 0.5921875 0.4906250000000001 0.7421875 0.4906250000000002
1 0.06093750000000005 0.3484375 4.267128690779059e-17 0.3484375 4.802911665406026e-17 0.4359375 0.06093750000000005 0.4359375
1 0.4875 0.29218750000000004 0.3296875 0.2921875 0.3296875 0.36718750000000006 0.4875 0.3671875000000001
1 0.07812500000000006 0.425 5.204748896376251e-17 0.425 5.788369636594911e-17 0.5203125 0.07812500000000007 0.5203125
1 0.503125 0.18593750000000003 0.31875 0.18593750000000003 0.31875 0.26093750000000004 0.503125 0.2609375000000001
1 0.71875 0.2406250000000001 0.64375 0.2406250000000001 0.64375 0.2984375000000001 0.71875 0.2984375000000001
1 0.27031250000000007 0.5375 0.14375000000000004 0.5375 0.14375000000000007 0.6015625 0.27031250000000007 0.6015625
1 0.309375 0.17812500000000003 0.2 0.17812500000000003 0.2 0.25 0.309375 0.25
1 0.5328125 0.58125 0.425 0.58125 0.425 0.6859375 0.5328125 0.6859375
1 0.09375000000000007 0.5578125 6.831232926493829e-17 0.5578125 7.166097285635683e-17 0.6125 0.09375000000000007 0.6125
1 0.2296875000000001 0.709375 0.1296875000000001 0.709375 0.1296875000000001 0.7890625 0.2296875000000001 0.7890625
1 0.3171875 0.25625 0.16250000000000003 0.25625 0.16250000000000003 0.334375 0.3171875 0.334375
1 0.042187500000000065 0.509375 6.23804463315683e-17 0.509375 6.553773886062008e-17 0.5609375 0.042187500000000065 0.5609375
1 0.13281250000000008 0.696875 0.004687500000000085 0.696875 0.004687500000000088 0.75 0.13281250000000008 0.75
1 0.2390625000000001 0.7875 0.1390625000000001 0.7875 0.1390625000000001 0.8265625 0.2390625000000001 0.8265625
1 0.3734375000000001 0.5765625 0.2140625000000001 0.5765625 0.2140625000000001 0.7140625 0.3734375000000001 0.7140625
1 0.03906250000000004 0.3046875 3.731345716152092e-17 0.3046875 4.018372309702253e-17 0.3515625 0.03906250000000004 0.3515625
1 0.3828125000000001 0.415625 0.2000000000000001 0.415625 0.2000000000000001 0.490625 0.3828125000000001 0.490625
1 0.9484375 0.7781250000000002 0.9203125 0.7781250000000002 0.9203125 0.8375 0.9484375 0.8375
1 0.0671875000000001 0.76875 9.414472268445279e-17 0.76875 9.653661096403746e-17 0.8078125 0.0671875000000001 0.8078125
1 0.06562500000000009 0.6671875 8.170690363061247e-17 0.6671875 8.51512227532144e-17 0.7234375 0.06562500000000009 0.7234375
1 0.03750000000000003 0.234375 2.870265935501609e-17 0.234375 3.3390760383002056e-17 0.3109375 0.03750000000000003 0.3109375
1 0.3500000000000001 0.5171875 0.2812500000000001 0.5171875 0.2812500000000001 0.5671875 0.3500000000000001 0.5671875
1 0.1296875000000001 0.6109375 7.481826538540861e-17 0.6109375 7.893231322629426e-17 0.678125 0.1296875000000001 0.678125
1 0.02656250000000008 0.59375 7.271340369937409e-17 0.59375 7.55836696348757e-17 0.640625 0.02656250000000008 0.640625
1 0.4718750000000001 0.6765625 0.4 0.6765625 0.4000000000000001 0.7421875 0.47187500000000016 0.7421875
1 0.965625 0.5015625000000001 0.940625 0.5015625000000001 0.940625 0.5281250000000002 0.965625 0.5281250000000002
1 0.4000000000000001 0.6921875 0.2843750000000001 0.6921875 0.2843750000000001 0.771875 0.4000000000000002 0.771875