1 0.7875 0.3593750000000001 0.6921875 0.3593750000000001 0.6921875 0.4078125000000001 0.7875 0.4078125000000002
1 0.778125 0.4000000000000001 0.6953125 0.4 0.6953125 0.4531250000000001 0.778125 0.45312500000000017
1 0.990625 0.2171875000000001 0.90625 0.2171875000000001 0.90625 0.28593750000000007 0.990625 0.28593750000000007
1 0.46875 0.64375 0.3968750000000001 0.64375 0.3968750000000001 0.6984375 0.46875 0.6984375
1 0.665625 0.1750000000000001 0.578125 0.1750000000000001 0.578125 0.23437500000000008 0.665625 0.23437500000000008
1 0.9890625 0.2765625000000001 0.9109375 0.2765625000000001 0.9109375 0.3281250000000001 0.9890625 0.3281250000000001
1 0.809375 0.7312500000000001 0.7156250000000002 0.73125 0.7156250000000002 0.7968750000000001 0.809375 0.7968750000000002
1 0.4625 0.3687500000000001 0.3781250000000001 0.3687500000000001 0.3781250000000001 0.4109375 0.4625 0.4109375
1 0.9140625 0.22812500000000008 0.825 0.22812500000000008 0.825 0.2656250000000001 0.9140625 0.2656250000000001
1 0.8296875 0.3140625000000001 0.70625 0.3140625000000001 0.70625 0.3734375000000001 0.8296875 0.3734375000000001
1 0.11093750000000005 0.35 0.035937500000000046 0.35 0.03593750000000005 0.4109375 0.11093750000000005 0.4109375
1 0.4359375 0.4546875 0.3500000000000001 0.4546875 0.3500000000000001 0.5171875 0.4359375 0.5171875
1 0.4125 0.26875000000000004 0.33125 0.26875 0.33125 0.34687500000000004 0.4125 0.3468750000000001
1 1 0.5890625000000002 0.9390625 0.5890625000000002 0.9390625 0.6671875000000002 1 0.6671875000000002
1 0.7921875 0.2718750000000001 0.728125 0.2718750000000001 0.728125 0.3234375000000001 0.7921875 0.3234375000000001
1 0.396875 0.11250000000000004 0.296875 0.11250000000000004 0.296875 0.17187500000000006 0.396875 0.17187500000000006
1 0.76875 0.20312500000000008 0.678125 0.20312500000000008 0.678125 0.2843750000000001 0.76875 0.2843750000000001
1 0.06250000000000004 0.3125 0.01093750000000004 0.3125 0.010937500000000041 0.3703125 0.06250000000000004 0.3703125
1 0.9421875 0.4781250000000002 0.8515625 0.4781250000000002 0.8515625 0.5406250000000001 0.9421875 0.5406250000000001
1 0.578125 0.2296875000000001 0.46875 0.2296875000000001 0.46875 0.2906250000000001 0.578125 0.2906250000000001
1 0.5671875 0.2828125000000001 0.496875 0.2828125000000001 0.496875 0.33281250000000007 0.5671875 0.33281250000000007
1 0.2359375 0.2359375 0.12656250000000005 0.2359375 0.12656250000000005 0.3296875 0.2359375 0.3296875
1 1 0.7390625000000002 0.8875 0.7390625000000002 0.8875 0.8390625 1 0.8390625
1 0.415625 0.34062500000000007 0.3453125 0.340625 0.3453125 0.38281250000000006 0.415625 0.3828125000000001
1 0.5453125 0.12031250000000007 0.4421875 0.12031250000000004 0.4421875 0.19843750000000007 0.5453125 0.1984375000000001
1 0.4765625 0.5484375 0.3656250000000001 0.5484375 0.3656250000000001 0.60625 0.4765625 0.60625
1 0.4281250000000002 0.790625 0.3218750000000001 0.790625 0.3218750000000001 0.8421875 0.4281250000000002 0.8421875
1 0.5828125 0.18593750000000006 0.4609375 0.18593750000000003 0.4609375 0.2484375000000001 0.5828125 0.2484375000000001
1 0.7796875 0.1468750000000001 0.6625 0.1468750000000001 0.6625 0.2140625000000001 0.7796875 0.2140625000000001
1 0.421875 0.15156250000000004 0.3640625 0.15156250000000004 0.3640625 0.18750000000000006 0.421875 0.18750000000000006
1 0.94375 0.6640625000000002 0.8734375 0.6640625000000002 0.8734375 0.7078125000000002 0.94375 0.7078125000000002
1 0.503125 0.09218750000000006 0.4296875 0.09218750000000005 0.4296875 0.14062500000000006 0.503125 0.14062500000000006
1 0.34843750000000007 0.3734375 0.2578125000000001 0.3734375 0.2578125000000001 0.44375 0.34843750000000007 0.44375
1 0.9265625 0.06718750000000011 0.8421875 0.06718750000000011 0.8421875 0.12968750000000012 0.9265625 0.12968750000000012
1 0.5828125 0.571875 0.4875 0.571875 0.4875 0.625 0.5828125 0.625
1 0.6390625 0.6671875 0.56875 0.6671875 0.56875 0.7203125 0.6390625 0.7203125
1 0.75 0.2812500000000001 0.6484375 0.2812500000000001 0.6484375 0.3468750000000001 0.75 0.3468750000000001
1 0.7390625 0.51875 0.6390625 0.51875 0.6390625 0.6093750000000001 0.7390625 0.6093750000000002
1 0.5984375000000001 0.7015625 0.4984375 0.7015625 0.4984375000000001 0.7765625 0.5984375000000002 0.7765625
1 0.3968750000000001 0.6828125 0.3031250000000001 0.6828125 0.3031250000000001 0.7515625 0.3968750000000001 0.7515625
1 0.8859375 0.6562500000000002 0.7265625 0.6562500000000002 0.7265625000000001 0.7390625000000002 0.8859375 0.7390625000000002
1 0.2890625000000001 0.49375 0.2093750000000001 0.49375 0.2093750000000001 0.540625 0.2890625000000001 0.540625
1 0.88125 0.10312500000000009 0.8109375 0.10312500000000009 0.8109375 0.1468750000000001 0.88125 0.1468750000000001
1 0.95625 0.3750000000000001 0.840625 0.3750000000000001 0.840625 0.4593750000000002 0.95625 0.4593750000000002
1 0.15781250000000008 0.5375 0.07656250000000006 0.5375 0.07656250000000006 0.596875 0.15781250000000008 0.596875
1 0.6796875 0.48125 0.609375 0.48125 0.609375 0.53125 0.6796875 0.53125
1 0.12812500000000007 0.5015625 0.050000000000000065 0.5015625 0.050000000000000065 0.5453125 0.1281250000000001 0.5453125
1 0.2640625000000001 0.375 0.16718750000000004 0.375 0.16718750000000004 0.434375 0.2640625000000001 0.434375
1 0.690625 0.3062500000000001 0.571875 0.3062500000000001 0.571875 0.3843750000000001 0.690625 0.3843750000000001
1 0.3453125 0.321875 0.2328125 0.321875 0.23281250000000003 0.384375 0.3453125000000001 0.384375
1 0.7046875000000001 0.7390625 0.5640625000000001 0.7390625 0.5640625000000001 0.8359375 0.7046875000000001 0.8359375
1 0.41875 0.39375000000000004 0.30937500000000007 0.39375 0.30937500000000007 0.475 0.41875 0.475
1 0.684375 0.2296875000000001 0.58125 0.2296875000000001 0.58125 0.3218750000000001 0.684375 0.3218750000000001
1 0.3359375000000001 0.6640625 0.2156250000000001 0.6640625 0.2156250000000001 0.715625 0.3359375000000001 0.715625
1 0.16406250000000008 0.78125 0.09531250000000009 0.78125 0.0953125000000001 0.834375 0.16406250000000008 0.834375
1 0.696875 0.415625 0.578125 0.415625 0.578125 0.4859375 0.696875 0.4859375
1 0.11718750000000008 0.5828125 0.034375000000000065 0.5828125 0.03437500000000007 0.640625 0.11718750000000008 0.640625
1 1 0.3656250000000001 0.921875 0.3656250000000001 0.921875 0.4312500000000002 1 0.4312500000000002
1 0.07031250000000007 0.4984375 0.018750000000000062 0.4984375 0.018750000000000065 0.5359375 0.07031250000000007 0.5359375
1 0.90625 0.7421875000000002 0.7687500000000002 0.7421875000000002 0.7687500000000002 0.840625 0.90625 0.840625
1 0.24218750000000008 0.565625 0.1609375000000001 0.565625 0.1609375000000001 0.625 0.24218750000000008 0.625
1 1 0.2750000000000001 0.978125 0.2750000000000001 0.978125 0.3281250000000001 1 0.3281250000000001
1 0.6093750000000002 0.76875 0.4937500000000002 0.76875 0.4937500000000002 0.871875 0.6093750000000002 0.871875
1 0.5890625 0.615625 0.4890625 0.615625 0.4890625 0.69375 0.5890625 0.69375
1 0.17187500000000008 0.7203125 0.08437500000000009 0.7203125 0.08437500000000009 0.775 0.17187500000000008 0.775
1 0.590625 0.46875 0.4796875 0.46875 0.4796875 0.5265625 0.590625 0.5265625
1 0.5921875 0.3468750000000001 0.4703125 0.3468750000000001 0.4703125 0.4234375 0.5921875 0.4234375
1 1 0.45312500000000017 0.9125 0.45312500000000017 0.9125 0.5171875000000001 1 0.5171875000000001
1 0.4125 0.4921875 0.3062500000000001 0.4921875 0.3062500000000001 0.571875 0.4125 0.571875
1 0.23906250000000004 0.3171875 0.13125000000000003 0.3171875 0.13125000000000003 0.3921875 0.2390625000000001 0.3921875
1 1 0.6468750000000002 0.928125 0.6468750000000002 0.928125 0.7609375000000002 1 0.7609375000000002
1 0.5984375 0.39531250000000007 0.4796875 0.39531250000000007 0.4796875 0.48125 0.5984375 0.48125
1 0.03906250000000005 0.390625 0.01562500000000005 0.390625 0.015625000000000052 0.4328125 0.039062500000000056 0.4328125
1 1 0.7906250000000001 0.9625 0.7906250000000001 0.9625 0.8984375 1 0.8984375
1 0.08906250000000009 0.73125 0.028125000000000087 0.73125 0.028125000000000094 0.7765625 0.08906250000000009 0.7765625
1 0.2640625000000001 0.421875 0.19687500000000005 0.421875 0.19687500000000005 0.4609375 0.2640625000000001 0.4609375
1 0.49687500000000007 0.6875 0.37968750000000007 0.6875 0.37968750000000007 0.80625 0.4968750000000002 0.80625
1 0.3390625000000001 0.53125 0.23437500000000008 0.53125 0.23437500000000008 0.6140625 0.3390625000000001 0.6140625
1 0.3265625000000001 0.4375 0.22656250000000008 0.4375 0.22656250000000008 0.503125 0.3265625000000001 0.503125
1 0.2484375000000001 0.459375 0.15781250000000005 0.459375 0.15781250000000005 0.528125 0.2484375000000001 0.528125
1 0.08437500000000006 0.534375 0.020312500000000067 0.534375 0.02031250000000007 0.6015625 0.08437500000000006 0.6015625
1 0.2328125000000001 0.7 0.1531250000000001 0.7 0.1531250000000001 0.74375 0.2328125000000001 0.74375
1 0.3046875000000001 0.70625 0.1703125000000001 0.70625 0.1703125000000001 0.7796875 0.3046875000000001 0.7796875
1 0.40156250000000016 0.7375 0.2765625000000001 0.7375 0.2765625000000001 0.80625 0.40156250000000016 0.80625
1 0.76875 0.6421875000000001 0.61875 0.6421875 0.6187500000000001 0.7578125000000001 0.7687500000000002 0.7578125000000002
1 0.2656250000000001 0.7546875 0.1546875000000001 0.7546875 0.1546875000000001 0.8046875 0.2656250000000001 0.8046875
1 0.03125000000000004 0.359375 0.014062500000000044 0.359375 0.014062500000000047 0.3953125 0.03125000000000004 0.3953125
1 1 0.7375000000000002 0.9671875 0.7375000000000002 0.9671875 0.7921875000000002 1 0.7921875000000002
1 0.6984375 0.578125 0.5796875 0.578125 0.5796875 0.6859375 0.6984375 0.6859375
1 0.2734375000000001 0.525 0.16562500000000005 0.525 0.16562500000000008 0.56875 0.2734375000000001 0.56875
1 0.3359375000000001 0.8515625 0.1703125000000001 0.8515625 0.17031250000000012 0.928125 0.3359375000000001 0.928125
1 0.5140625 0.26250000000000007 0.4296875 0.26250000000000007 0.4296875 0.35625000000000007 0.5140625 0.35625000000000007
1 0.10000000000000005 0.4140625 0.01562500000000005 0.4140625 0.015625000000000056 0.490625 0.10000000000000005 0.490625
1 0.6375 0.5109375 0.4859375 0.5109375 0.4859375 0.5859375 0.6375 0.5859375
1 0.2015625000000001 0.625 0.06406250000000006 0.625 0.06406250000000008 0.7296875 0.2015625000000001 0.7296875
1 1 0.3187500000000001 0.8453125 0.3187500000000001 0.8453125 0.3843750000000001 1 0.3843750000000001
1 1 0.42968750000000017 0.9 0.42968750000000017 0.9 0.4812500000000002 1 0.4812500000000002
1 0.4234375 0.5828125 0.2984375000000001 0.5828125 0.2984375000000001 0.6921875 0.4234375 0.6921875
1 0.828125 0.4359375000000001 0.6953125 0.4359375 0.6953125 0.5453125000000001 0.828125 0.5453125000000002
1 0.30937500000000007 0.6046875 0.1937500000000001 0.6046875 0.1937500000000001 0.6734375 0.30937500000000007 0.6734375
1 1 0.5156250000000002 0.85 0.5156250000000002 0.85 0.6031250000000001 1 0.6031250000000001
1 0.9671875 0.5828125000000002 0.8625 0.5828125000000002 0.8625 0.6250000000000002 0.9671875 0.6250000000000002
1 0.0906250000000001 0.6859375 0.02656250000000009 0.6859375 0.02656250000000009 0.7375 0.0906250000000001 0.7375
1 0.037500000000000075 0.590625 0.02187500000000007 0.590625 0.02187500000000008 0.671875 0.037500000000000075 0.671875
1 1 0.5640625000000001 0.978125 0.5640625000000001 0.978125 0.6171875000000002 1 0.6171875000000002
1 0.9046875 0.5343750000000002 0.865625 0.5343750000000002 0.865625 0.5546875000000002 0.9046875 0.5546875000000002
1 0.3421875000000001 0.775 0.15000000000000008 0.775 0.15000000000000008 0.8875 0.3421875000000001 0.8875
1 0.925 0.2468750000000001 0.8296875 0.2468750000000001 0.8296875 0.34062500000000007 0.925 0.34062500000000007