1 0.278125 0.2265625 0.215625 0.2265625 0.215625 0.3109375 0.278125 0.3109375
1 0.5000000000000001 0.6515625 0.4296875 0.6515625 0.4296875000000001 0.78125 0.5000000000000002 0.78125
1 0.3843750000000001 0.5859375 0.2765625000000001 0.5859375 0.2765625000000001 0.715625 0.3843750000000001 0.715625
1 0.30156250000000007 0.6296875 0.2140625000000001 0.6296875 0.2140625000000001 0.7671875 0.30156250000000007 0.7671875
1 0.4421875 0.4859375 0.39531250000000007 0.4859375 0.39531250000000007 0.55625 0.4421875 0.55625
1 0.4015625 0.4328125 0.3281250000000001 0.4328125 0.3281250000000001 0.5234375 0.4015625 0.5234375
1 0.6359375 0.5828125 0.5703125 0.5828125 0.5703125 0.6734375 0.6359375 0.6734375
1 0.5984375 0.3453125000000001 0.53125 0.3453125000000001 0.53125 0.453125 0.5984375 0.453125
1 0.6109375000000001 0.74375 0.5718750000000001 0.74375 0.5718750000000001 0.8 0.6109375000000001 0.8
1 0.2218750000000001 0.578125 0.1312500000000001 0.578125 0.1312500000000001 0.7 0.2218750000000001 0.7
1 0.6296875 0.4390625 0.5515625 0.4390625 0.5515625 0.5484375 0.6296875 0.5484375
1 0.675 0.640625 0.5984375 0.640625 0.5984375000000001 0.7484375 0.6750000000000002 0.7484375
1 0.721875 0.584375 0.65625 0.584375 0.65625 0.6625 0.721875 0.6625
1 0.3140625 0.3140625 0.253125 0.3140625 0.25312500000000004 0.4125 0.3140625000000001 0.4125
1 0.275 0.33125 0.2140625 0.33125 0.21406250000000004 0.4421875 0.2750000000000001 0.4421875
1 0.503125 0.434375 0.4296875 0.434375 0.4296875 0.528125 0.503125 0.528125
1 0.4859375000000002 0.7671875 0.41718750000000016 0.7671875 0.41718750000000016 0.896875 0.4859375000000002 0.896875
1 0.80625 0.49531250000000016 0.7671875 0.49531250000000016 0.7671875 0.5390625000000002 0.80625 0.5390625000000002
1 0.5578125 0.584375 0.496875 0.584375 0.496875 0.675 0.5578125 0.675
1 0.5171875 0.21093750000000008 0.434375 0.21093750000000008 0.434375 0.32500000000000007 0.5171875 0.32500000000000007
1 0.4203125000000002 0.7703125 0.3531250000000001 0.7703125 0.3531250000000001 0.9078125 0.4203125000000002 0.9078125
1 0.6359375 0.24218750000000008 0.56875 0.24218750000000008 0.56875 0.3296875000000001 0.6359375 0.3296875000000001
1 0.38750000000000007 0.24375000000000005 0.309375 0.24375 0.30937500000000007 0.39062500000000006 0.38750000000000007 0.3906250000000001
1 0.6265625 0.12500000000000008 0.5578125 0.12500000000000008 0.5578125 0.22812500000000008 0.6265625 0.22812500000000008
1 0.64375 0.0031250000000000756 0.584375 0.003125000000000072 0.584375 0.10000000000000009 0.64375 0.10000000000000009
1 0.18125000000000005 0.3859375 0.13281250000000006 0.3859375 0.13281250000000006 0.45 0.18125000000000005 0.45
1 0.459375 0.22031250000000008 0.36875 0.22031250000000008 0.36875 0.3765625000000001 0.459375 0.3765625000000001
1 0.440625 0.584375 0.3765625000000001 0.584375 0.3765625000000001 0.6640625 0.440625 0.6640625
1 0.6015625000000001 0.703125 0.5734375 0.703125 0.5734375 0.746875 0.6015625000000002 0.746875
1 0.2890625000000001 0.4390625 0.2250000000000001 0.4390625 0.2250000000000001 0.56875 0.2890625000000001 0.56875
1 0.4312500000000001 0.675 0.36406250000000007 0.675 0.36406250000000007 0.7765625 0.4312500000000002 0.7765625
1 0.265625 0.13906250000000003 0.2125 0.13906250000000003 0.2125 0.21875 0.265625 0.21875
1 0.22812500000000005 0.2265625 0.14687500000000003 0.2265625 0.14687500000000003 0.3671875 0.22812500000000008 0.3671875
1 0.5515625000000001 0.68125 0.5 0.68125 0.5000000000000001 0.7984375 0.5515625000000002 0.7984375
1 0.7718750000000001 0.6937500000000002 0.7375 0.6937500000000002 0.7375 0.7640625000000002 0.7718750000000002 0.7640625000000002
1 0.5625 0.4359375 0.5 0.4359375 0.5 0.5578125 0.5625 0.5578125
1 0.725 0.10312500000000009 0.665625 0.10312500000000009 0.665625 0.17968750000000008 0.725 0.17968750000000008
1 0.6734375 0.3828125000000001 0.5984375 0.3828125000000001 0.5984375 0.475 0.6734375 0.475
1 0.4546875 0.3625000000000001 0.3765625 0.3625000000000001 0.3765625 0.4484375 0.4546875 0.4484375
1 0.553125 0.09687500000000007 0.4953125 0.09687500000000007 0.4953125 0.2015625000000001 0.553125 0.2015625000000001
1 0.8 0.5718750000000001 0.75 0.5718750000000001 0.75 0.6656250000000001 0.8 0.6656250000000001
1 0.3546875000000001 0.7765625 0.2671875000000001 0.7765625 0.2671875000000001 0.909375 0.3546875000000001 0.909375
1 0.7015625000000001 0.690625 0.6625 0.690625 0.6625000000000001 0.7796875 0.7015625000000002 0.7796875
1 0.84375 0.40937500000000016 0.803125 0.40937500000000016 0.803125 0.4812500000000002 0.84375 0.4812500000000002
1 0.3703125000000001 0.70625 0.2968750000000001 0.70625 0.2968750000000001 0.8140625 0.3703125000000001 0.8140625
1 0.9 0.42500000000000016 0.8234375 0.42500000000000016 0.8234375 0.5375000000000002 0.9 0.5375000000000002
1 0.7328125 0.4375000000000001 0.675 0.4375 0.675 0.5296875000000001 0.7328125 0.5296875000000002
1 0.4984375 0.58125 0.4375 0.58125 0.4375 0.6578125 0.4984375 0.6578125
1 0.1765625000000001 0.7078125 0.11718750000000008 0.7078125 0.11718750000000008 0.7875 0.1765625000000001 0.7875
1 0.8328125 0.5828125000000002 0.796875 0.5828125000000002 0.796875 0.6375000000000002 0.8328125 0.6375000000000002
1 0.653125 0.3109375000000001 0.5890625 0.3109375000000001 0.5890625 0.3968750000000001 0.653125 0.3968750000000001
1 0.15625000000000006 0.46875 0.057812500000000065 0.46875 0.057812500000000065 0.6296875 0.15625000000000008 0.6296875
1 0.315625 0.2625 0.2703125 0.2625 0.2703125 0.334375 0.315625 0.334375
1 0.22031250000000008 0.3671875 0.16250000000000003 0.3671875 0.16250000000000003 0.4390625 0.22031250000000008 0.4390625
1 0.825 0.11250000000000009 0.775 0.11250000000000009 0.775 0.1750000000000001 0.825 0.1750000000000001
1 0.2390625000000001 0.778125 0.1625000000000001 0.778125 0.1625000000000001 0.890625 0.2390625000000001 0.890625
1 0.790625 0.2734375000000001 0.759375 0.2734375000000001 0.759375 0.3296875000000001 0.790625 0.3296875000000001
1 0.4921875 0.007812500000000059 0.4484375 0.007812500000000056 0.4484375 0.10781250000000005 0.4921875 0.10781250000000005
1 0.28593750000000007 0.575 0.23593750000000008 0.575 0.23593750000000008 0.640625 0.28593750000000007 0.640625
1 0.7265625 0.32500000000000007 0.671875 0.32500000000000007 0.671875 0.4218750000000001 0.7265625 0.42187500000000017
1 0.65625 0.10156250000000008 0.6078125 0.10156250000000008 0.6078125 0.17187500000000008 0.65625 0.17187500000000008
1 0.428125 0.02500000000000005 0.3828125 0.025000000000000043 0.3828125 0.09843750000000004 0.428125 0.09843750000000004
1 0.1515625000000001 0.621875 0.08906250000000007 0.621875 0.08906250000000007 0.73125 0.1515625000000001 0.73125
1 0.2515625000000001 0.7 0.17187500000000008 0.7 0.17187500000000008 0.7875 0.2515625000000001 0.7875
1 0.6796875 0.471875 0.615625 0.471875 0.615625 0.5625 0.6796875 0.5625
1 0.6921875 0.048437500000000085 0.64375 0.04843750000000008 0.64375 0.1281250000000001 0.6921875 0.1281250000000001
1 0.753125 0.6031250000000001 0.696875 0.603125 0.696875 0.6890625000000001 0.753125 0.6890625000000001
1 0.8453125 0.14843750000000008 0.7953125 0.14843750000000008 0.7953125 0.21875000000000008 0.8453125 0.21875000000000008
1 0.5953125000000001 0.925 0.5593750000000002 0.925 0.5593750000000002 1 0.5953125000000001 1
1 0.5125 0.3500000000000001 0.471875 0.3500000000000001 0.471875 0.4375 0.5125 0.4375
1 0.303125 0.10468750000000004 0.2609375 0.10468750000000004 0.2609375 0.17500000000000004 0.303125 0.17500000000000004
1 0.15468750000000003 0.253125 0.07187500000000002 0.253125 0.07187500000000004 0.3796875 0.15468750000000003 0.3796875
1 0.7015625 0.2515625000000001 0.64375 0.2515625000000001 0.64375 0.3359375000000001 0.7015625 0.3359375000000001
1 0.7531250000000002 0.9296875 0.7093750000000002 0.9296875 0.7093750000000002 0.996875 0.7531250000000002 0.996875
1 0.7640625 0.24375000000000008 0.7203125 0.24375000000000008 0.7203125 0.2875000000000001 0.7640625 0.2875000000000001
1 0.29375000000000007 0.934375 0.2375000000000001 0.934375 0.2375000000000001 1 0.29375000000000007 1
1 0.765625 0.2765625000000001 0.7140625 0.2765625000000001 0.7140625 0.4093750000000001 0.765625 0.40937500000000016
1 0.42500000000000016 0.9328125 0.3750000000000001 0.9328125 0.3750000000000001 1 0.42500000000000016 1
1 0.5562500000000001 0.93125 0.4859375000000002 0.93125 0.4859375000000002 1 0.5562500000000001 1
1 0.384375 0.0031250000000000444 0.3359375 0.003125000000000042 0.3359375 0.11406250000000004 0.384375 0.11406250000000004
1 0.7765625000000002 0.7453125 0.7187500000000002 0.7453125 0.7187500000000002 0.8203125 0.7765625000000002 0.8203125
1 0.465625 0.06250000000000006 0.4234375 0.06250000000000004 0.4234375 0.14531250000000004 0.465625 0.14531250000000004
1 0.2015625000000001 0.9375 0.14375000000000013 0.9375 0.14375000000000013 1 0.2015625000000001 1
1 0.5859375 0.0031250000000000687 0.528125 0.0031250000000000652 0.528125 0.12812500000000007 0.5859375 0.1281250000000001
1 0.525 0.02500000000000006 0.4890625 0.025000000000000057 0.4890625 0.09375000000000007 0.525 0.09375000000000007
1 0.48437500000000017 0.9328125 0.42187500000000017 0.9328125 0.42187500000000017 1 0.48437500000000017 1
1 0.2390625000000001 0.934375 0.17968750000000014 0.934375 0.17968750000000014 1 0.2390625000000001 1
1 0.6468750000000002 0.93125 0.5953125000000001 0.93125 0.5953125000000001 1 0.6468750000000002 1
1 0.56875 0.2390625000000001 0.521875 0.2390625000000001 0.521875 0.3421875000000001 0.56875 0.3421875000000001
1 0.828125 0.9203125 0.7796875000000002 0.9203125 0.7796875000000002 1 0.828125 1
1 0.6984375 8.189825469297925e-17 0.6390625 7.826258450801054e-17 0.6390625 0.06562500000000009 0.6984375 0.06562500000000009
1 0.37968750000000007 0.9421875 0.3203125000000001 0.9421875 0.3203125000000001 1 0.37968750000000007 1
1 0.7984375 0.4281250000000002 0.728125 0.4281250000000002 0.728125 0.5125000000000002 0.7984375 0.5125000000000002