1 0.7859375 0.5046875000000001 0.609375 0.5046875 0.609375 0.5671875000000001 0.7859375 0.5671875000000002
1 0.9828125 0.4937500000000002 0.8296875 0.4937500000000002 0.8296875 0.5703125000000002 0.9828125 0.5703125000000002
1 0.709375 0.21250000000000008 0.6078125 0.21250000000000008 0.6078125 0.2843750000000001 0.709375 0.2843750000000001
1 0.3859375000000001 0.8171875 0.25468750000000007 0.8171875 0.25468750000000007 0.915625 0.3859375000000001 0.915625
1 0.6890625 0.2796875000000001 0.5828125 0.2796875000000001 0.5828125 0.3671875000000001 0.6890625 0.3671875000000001
1 0.403125 0.4203125 0.2640625000000001 0.4203125 0.2640625000000001 0.48125 0.403125 0.48125
1 0.4 0.36875 0.2468750000000001 0.36875 0.2468750000000001 0.4296875 0.4 0.4296875
1 0.5875 0.3140625000000001 0.4390625 0.3140625000000001 0.4390625 0.38750000000000007 0.5875 0.38750000000000007
1 0.3843750000000001 0.6984375 0.2218750000000001 0.6984375 0.2218750000000001 0.790625 0.3843750000000001 0.790625
1 0.4015625 0.30781250000000004 0.2328125 0.3078125 0.23281250000000003 0.37812500000000004 0.4015625 0.3781250000000001
1 0.5843750000000001 0.65625 0.4015625 0.65625 0.4015625000000001 0.734375 0.5843750000000002 0.734375
1 0.890625 0.2968750000000001 0.803125 0.2968750000000001 0.803125 0.3593750000000001 0.890625 0.3593750000000001
1 0.7890625 0.3281250000000001 0.6578125 0.3281250000000001 0.6578125 0.3906250000000001 0.7890625 0.3906250000000001
1 0.6125 0.3656250000000001 0.49375 0.3656250000000001 0.49375 0.43125 0.6125 0.43125
1 0.27031250000000007 0.6546875 0.19687500000000008 0.6546875 0.19687500000000008 0.7109375 0.27031250000000007 0.7109375
1 0.296875 0.25 0.19687500000000005 0.25 0.19687500000000005 0.325 0.296875 0.325
1 0.39531250000000007 0.4953125 0.2640625000000001 0.4953125 0.2640625000000001 0.56875 0.39531250000000007 0.56875
1 0.8796875 0.3812500000000001 0.7796875 0.3812500000000001 0.7796875 0.4468750000000002 0.8796875 0.4468750000000002
1 0.7609375 0.6140625000000001 0.6046875 0.6140625 0.6046875 0.7156250000000001 0.7609375 0.7156250000000002
1 0.5984375 0.2609375000000001 0.496875 0.2609375000000001 0.496875 0.3234375000000001 0.5984375 0.3234375000000001
1 0.40625 0.18750000000000006 0.3203125 0.18750000000000006 0.3203125 0.27343750000000006 0.40625 0.2734375000000001
1 0.8984375 0.4546875000000002 0.7671875 0.4546875000000002 0.7671875 0.5156250000000002 0.8984375 0.5156250000000002
1 0.3859375000000001 0.64375 0.2671875000000001 0.64375 0.2671875000000001 0.709375 0.3859375000000001 0.709375
1 0.5046875 0.4140625 0.41875 0.4140625 0.41875 0.4703125 0.5046875 0.4703125
1 0.3687500000000001 0.765625 0.2250000000000001 0.765625 0.2250000000000001 0.8328125 0.3687500000000001 0.8328125
1 0.7375 0.3703125000000001 0.61875 0.3703125000000001 0.61875 0.42656250000000007 0.7375 0.4265625000000002
1 0.9078125 0.1718750000000001 0.815625 0.17187500000000008 0.815625 0.2250000000000001 0.9078125 0.2250000000000001
1 0.9796875 0.5890625000000002 0.84375 0.5890625000000002 0.84375 0.6718750000000002 0.9796875 0.6718750000000002
1 0.6078125 0.428125 0.49375 0.428125 0.49375 0.5234375 0.6078125 0.5234375
1 0.2515625000000001 0.471875 0.13437500000000005 0.471875 0.13437500000000008 0.575 0.2515625000000001 0.575
1 0.8171875 0.6953125000000001 0.6625 0.6953125 0.6625000000000001 0.7968750000000001 0.8171875 0.7968750000000002
1 0.65625 0.40625 0.56875 0.40625 0.56875 0.465625 0.65625 0.465625
1 0.7500000000000002 0.7984375000000001 0.6375000000000002 0.7984375 0.6375000000000002 0.8859375 0.7500000000000002 0.8859375
1 0.3312500000000001 0.4640625 0.2296875000000001 0.4640625 0.2296875000000001 0.5140625 0.3312500000000001 0.5140625
1 0.9875 0.2406250000000001 0.88125 0.2406250000000001 0.88125 0.3281250000000001 0.9875 0.3281250000000001
1 0.834375 0.21250000000000008 0.76875 0.21250000000000008 0.76875 0.24218750000000008 0.834375 0.24218750000000008
1 0.55 0.5171875 0.440625 0.5171875 0.440625 0.5953125 0.55 0.5953125
1 0.26250000000000007 0.3609375 0.17187500000000006 0.3609375 0.17187500000000006 0.415625 0.26250000000000007 0.415625
1 0.2296875000000001 0.7625 0.1359375000000001 0.7625 0.1359375000000001 0.8375 0.2296875000000001 0.8375
1 0.153125 0.1734375 0.1015625 0.1734375 0.10156250000000003 0.21875 0.15312500000000004 0.21875
1 0.18593750000000003 0.334375 0.08750000000000005 0.334375 0.08750000000000005 0.403125 0.18593750000000003 0.403125
1 0.25 0.3046875 0.15156250000000004 0.3046875 0.15156250000000004 0.3578125 0.25 0.3578125
1 0.045312500000000054 0.434375 5.319559533796316e-17 0.434375 5.57788346799146e-17 0.4765625 0.045312500000000054 0.4765625
1 0.050000000000000044 0.28125 3.444319122601931e-17 0.28125 3.7122106099154144e-17 0.325 0.050000000000000044 0.325
1 0.759375 0.5546875000000001 0.6609375 0.5546875 0.6609375 0.6203125 0.759375 0.6203125000000002
1 0.7296875 0.1687500000000001 0.6765625 0.1687500000000001 0.6765625 0.22031250000000008 0.7296875 0.22031250000000008
1 0.22656250000000008 0.8546875 0.08593750000000011 0.8546875 0.08593750000000011 0.940625 0.22656250000000008 0.940625
1 0.746875 0.30156250000000007 0.6734375 0.30156250000000007 0.6734375 0.3453125000000001 0.746875 0.3453125000000001
1 0.2750000000000001 0.4265625 0.17968750000000006 0.4265625 0.17968750000000006 0.4796875 0.2750000000000001 0.4796875
1 0.6578125 0.12343750000000009 0.5765625 0.12343750000000009 0.5765625 0.18125000000000008 0.6578125 0.18125000000000008
1 0.9828125 0.4546875000000002 0.90625 0.4546875000000002 0.90625 0.4984375000000002 0.9828125 0.4984375000000002
1 0.7375 0.4203125000000001 0.6546875 0.4203125 0.6546875 0.4609375000000001 0.7375 0.46093750000000017
1 0.7359375 0.4718750000000001 0.61875 0.471875 0.61875 0.51875 0.7359375 0.5187500000000002
1 0.9484375 0.3687500000000001 0.8546875 0.3687500000000001 0.8546875 0.4187500000000002 0.9484375 0.4187500000000002
1 0.4109375 0.6015625 0.2968750000000001 0.6015625 0.2968750000000001 0.6515625 0.4109375 0.6515625
1 0.6765625 0.590625 0.5328125 0.590625 0.5328125 0.653125 0.6765625 0.653125
1 0.9734375 0.7578125000000002 0.89375 0.7578125000000002 0.89375 0.8234375 0.9734375 0.8234375
1 0.04375000000000003 0.234375 2.870265935501609e-17 0.234375 3.1668600821701084e-17 0.2828125 0.04375000000000003 0.2828125
1 0.940625 0.6796875000000002 0.825 0.6796875000000002 0.825 0.7609375000000002 0.940625 0.7609375000000002
1 0.2687500000000001 0.815625 0.1937500000000001 0.815625 0.1937500000000001 0.8921875 0.2687500000000001 0.8921875
1 0.2875000000000001 0.559375 0.1781250000000001 0.559375 0.1781250000000001 0.6390625 0.2875000000000001 0.6390625
1 0.9875 0.3375000000000001 0.9 0.3375000000000001 0.9 0.4109375000000002 0.9875 0.4109375000000002
1 0.3921875000000001 0.553125 0.2953125000000001 0.553125 0.2953125000000001 0.59375 0.3921875000000001 0.59375
1 0.765625 0.1781250000000001 0.721875 0.1781250000000001 0.721875 0.2140625000000001 0.765625 0.2140625000000001
1 0.03906250000000007 0.5328125 6.52507122670699e-17 0.5328125 6.917340904558878e-17 0.596875 0.039062500000000076 0.596875
1 0.678125 0.5546875 0.5859375 0.5546875 0.5859375 0.5984375 0.678125 0.5984375
1 0.040625000000000064 0.4671875 5.72139676476654e-17 0.4671875 6.171071761328458e-17 0.540625 0.040625000000000064 0.540625
1 0.740625 0.45000000000000007 0.6515625 0.45 0.6515625 0.48125000000000007 0.740625 0.4812500000000002
1 0.04218750000000005 0.378125 4.63069570927593e-17 0.378125 5.003830280891139e-17 0.4390625 0.04218750000000006 0.4390625
1 0.05312500000000002 0.146875 0.001562500000000018 0.146875 0.0015625000000000205 0.1859375 0.05312500000000002 0.1859375
1 0.98125 0.21093750000000008 0.8671875 0.21093750000000008 0.8671875 0.2500000000000001 0.98125 0.2500000000000001
1 0.6359375 0.2000000000000001 0.575 0.2000000000000001 0.575 0.2375000000000001 0.6359375 0.2375000000000001
1 0.6515625 0.64375 0.5734375 0.64375 0.5734375 0.721875 0.6515625 0.721875