1 0.8828125 0.5171875000000001 0.7953125 0.5171875000000001 0.7953125 0.6390625000000002 0.8828125 0.6390625000000002
1 0.6140625 0.13437500000000008 0.509375 0.13437500000000005 0.509375 0.2578125000000001 0.6140625 0.2578125000000001
1 0.903125 0.19531250000000008 0.8125 0.19531250000000008 0.8125 0.30937500000000007 0.903125 0.30937500000000007
1 0.9015625 0.3062500000000001 0.8171875 0.3062500000000001 0.8171875 0.40156250000000016 0.9015625 0.40156250000000016
1 0.671875 0.5421875 0.6015625 0.5421875 0.6015625 0.66875 0.671875 0.66875
1 0.8640625 0.8640625 0.7609375000000002 0.8640625 0.7609375000000002 0.9765625 0.8640625 0.9765625
1 0.821875 0.2000000000000001 0.7375 0.2000000000000001 0.7375 0.3000000000000001 0.821875 0.3000000000000001
1 0.71875 0.13437500000000008 0.6359375 0.13437500000000008 0.6359375 0.2562500000000001 0.71875 0.2562500000000001
1 0.6984375 0.3062500000000001 0.615625 0.3062500000000001 0.615625 0.415625 0.6984375 0.415625
1 0.809375 0.27812500000000007 0.6921875 0.27812500000000007 0.6921875 0.4281250000000001 0.809375 0.4281250000000002
1 0.8765625 0.6968750000000001 0.796875 0.6968750000000001 0.7968750000000001 0.7968750000000002 0.8765625 0.7968750000000002
1 0.565625 0.4875 0.4921875 0.4875 0.4921875 0.6171875 0.565625 0.6171875
1 0.5125 0.10468750000000004 0.4203125 0.10468750000000004 0.4203125 0.2296875000000001 0.5125 0.2296875000000001
1 0.753125 0.1843750000000001 0.665625 0.1843750000000001 0.665625 0.3156250000000001 0.753125 0.3156250000000001
1 0.2078125000000001 0.5 0.13593750000000004 0.5 0.13593750000000007 0.5828125 0.2078125000000001 0.5828125
1 0.9203125 0.6859375000000002 0.85625 0.6859375000000002 0.85625 0.7828125000000001 0.9203125 0.7828125000000001
1 0.66875 7.778420685209361e-17 0.6015625 7.367015901120797e-17 0.6015625 0.04062500000000008 0.66875 0.04062500000000008
1 0.1906250000000001 0.6546875 0.11250000000000009 0.6546875 0.11250000000000009 0.7515625 0.1906250000000001 0.7515625
1 0.8 9.318796737261892e-17 0.721875 8.840419081344957e-17 0.721875 0.035937500000000094 0.8 0.0359375000000001
1 0.8046875 0.6687500000000002 0.728125 0.6687500000000002 0.7281250000000001 0.8109375 0.8046875 0.8109375
1 0.28125 0.08750000000000004 0.209375 0.08750000000000002 0.209375 0.2609375 0.28125 0.2609375
1 0.6 0.5703125 0.525 0.5703125 0.525 0.6765625 0.6 0.6765625
1 0.446875 0.02031250000000005 0.371875 0.020312500000000046 0.371875 0.15000000000000005 0.446875 0.15000000000000005
1 0.94375 1.0916578108024452e-16 0.8390625 1.027555204909576e-16 0.8390625 0.032812500000000105 0.94375 0.03281250000000011
1 0.5437500000000002 0.815625 0.4656250000000002 0.815625 0.4656250000000002 0.9484375 0.5437500000000002 0.9484375
1 0.21875 2.1909696640995617e-17 0.1390625 1.703024455064288e-17 0.1390625 0.057812500000000024 0.21875 0.057812500000000024
1 0.6062500000000001 0.6671875 0.53125 0.6671875 0.5312500000000001 0.7921875 0.6062500000000002 0.7921875
1 0.5 0.48125 0.4359375 0.48125 0.4359375 0.5828125 0.5 0.5828125
1 0.5390625 6.257179739393507e-17 0.4828125 5.912747827133314e-17 0.4828125 0.04687500000000006 0.5390625 0.04687500000000007
1 0.5515625000000002 0.9234375 0.46875000000000017 0.9234375 0.46875000000000017 0.9859375 0.5515625000000002 0.9859375
1 0.871875 0.6234375000000002 0.8015625 0.6234375000000002 0.8015625 0.6984375000000002 0.871875 0.6984375000000002
1 0.3609375000000001 0.503125 0.2875000000000001 0.503125 0.2875000000000001 0.6078125 0.3609375000000001 0.6078125
1 0.4390625 0.4984375 0.3578125000000001 0.4984375 0.3578125000000001 0.5921875 0.4390625 0.5921875
1 0.4140625 0.12031250000000004 0.3421875 0.12031250000000004 0.3421875 0.23281250000000003 0.4140625 0.2328125000000001
1 0.7234375 0.61875 0.6578125 0.61875 0.6578125 0.7078125 0.7234375 0.7078125
1 0.6750000000000002 0.840625 0.6156250000000002 0.840625 0.6156250000000002 0.9640625 0.6750000000000002 0.9640625
1 0.734375 8.562960040913134e-17 0.6640625 8.132420150587893e-17 0.6640625 0.034375000000000086 0.734375 0.034375000000000086
1 0.615625 0.19687500000000008 0.54375 0.19687500000000005 0.54375 0.409375 0.615625 0.409375
1 0.778125 0.6046875 0.715625 0.6046875 0.715625 0.6843750000000001 0.778125 0.6843750000000002
1 0.84375 9.9885254555456e-17 0.7875 9.644093543285407e-17 0.7875 0.0375000000000001 0.84375 0.0375000000000001
1 0.465625 0.2984375000000001 0.3859375 0.2984375000000001 0.38593750000000004 0.41875 0.465625 0.41875
1 0.7312500000000001 0.6968750000000001 0.65 0.696875 0.6500000000000001 0.7968750000000001 0.7312500000000002 0.7968750000000002
1 0.5515625 0.2531250000000001 0.4875 0.2531250000000001 0.4875 0.40625 0.5515625 0.40625
1 0.3046875000000001 0.4453125 0.2453125000000001 0.4453125 0.2453125000000001 0.54375 0.3046875000000001 0.54375
1 0.6125000000000002 0.884375 0.5515625000000002 0.884375 0.5515625000000002 0.9828125 0.6125000000000002 0.9828125
1 0.2640625 2.7937255105548996e-17 0.1921875 2.3536180671113197e-17 0.1921875 0.06875000000000002 0.2640625 0.06875000000000002
1 0.7625000000000002 0.821875 0.7062500000000002 0.821875 0.7062500000000002 0.9296875 0.7625000000000002 0.9296875
1 0.28437500000000004 0.325 0.21875 0.325 0.21875000000000006 0.4203125 0.2843750000000001 0.4203125
1 0.3937500000000001 0.7984375 0.31718750000000007 0.7984375 0.31718750000000007 0.884375 0.3937500000000001 0.884375
1 0.8296875 0.2843750000000001 0.7796875 0.2843750000000001 0.7796875 0.3968750000000001 0.8296875 0.3968750000000001
1 0.4453125 0.22187500000000004 0.3546875 0.221875 0.3546875 0.3375 0.4453125 0.3375000000000001
1 0.359375 0.19218750000000004 0.2953125 0.19218750000000004 0.2953125 0.33125 0.359375 0.33125
1 0.3468750000000001 0.9328125 0.2875000000000001 0.9328125 0.2875000000000001 0.990625 0.3468750000000001 0.990625
1 0.4750000000000002 0.8328125 0.40937500000000016 0.8328125 0.40937500000000016 0.9875 0.4750000000000002 0.9875
1 0.5015625 0.17968750000000006 0.4421875 0.17968750000000006 0.4421875 0.3734375000000001 0.5015625 0.3734375000000001
1 0.3140625 3.4921568881936244e-17 0.25625 3.138157422815093e-17 0.25625 0.054687500000000035 0.3140625 0.05468750000000004
1 0.790625 0.4546875000000002 0.74375 0.4546875000000002 0.74375 0.5156250000000002 0.790625 0.5156250000000002
1 0.6656250000000001 0.675 0.603125 0.675 0.6031250000000001 0.790625 0.6656250000000001 0.790625
1 0.7171875000000002 0.828125 0.6703125000000002 0.828125 0.6703125000000002 0.9375 0.7171875000000002 0.9375
1 0.428125 0.5796875 0.3546875000000001 0.5796875 0.3546875000000001 0.6890625 0.428125 0.6890625
1 0.4265625 0.4359375 0.36406250000000007 0.4359375 0.36406250000000007 0.5078125 0.4265625 0.5078125
1 0.3937500000000001 0.8859375 0.3375000000000001 0.8859375 0.3375000000000001 0.9625 0.3937500000000001 0.9625
1 0.4953125 0.02343750000000006 0.4453125 0.023437500000000056 0.4453125 0.11250000000000004 0.4953125 0.11250000000000004
1 0.3703125000000001 0.440625 0.2984375000000001 0.440625 0.2984375000000001 0.5078125 0.3703125000000001 0.5078125
1 0.3109375000000001 0.628125 0.2078125000000001 0.628125 0.2078125000000001 0.75 0.3109375000000001 0.75
1 0.2078125000000001 0.5828125 0.14843750000000008 0.5828125 0.14843750000000008 0.6625 0.2078125000000001 0.6625
1 0.534375 0.6578125 0.4765625 0.6578125 0.4765625000000001 0.7875 0.5343750000000002 0.7875
1 0.4375000000000001 0.6796875 0.3671875000000001 0.6796875 0.3671875000000001 0.79375 0.43750000000000017 0.79375
1 0.4843750000000001 0.665625 0.428125 0.665625 0.4281250000000001 0.76875 0.48437500000000017 0.76875
1 0.4546875 5.185613790139574e-17 0.3921875 4.802911665406026e-17 0.3921875 0.02968750000000005 0.4546875 0.029687500000000054
1 0.6671875000000002 0.953125 0.6093750000000002 0.953125 0.6093750000000002 0.98125 0.6671875000000002 0.98125
1 0.2750000000000001 0.965625 0.21093750000000008 0.965625 0.21093750000000008 0.9921875 0.2750000000000001 0.9921875
1 0.3078125 0.17812500000000003 0.259375 0.17812500000000003 0.259375 0.2765625 0.3078125 0.2765625
1 0.8171875 0.5828125000000002 0.771875 0.5828125000000002 0.771875 0.6593750000000002 0.8171875 0.6593750000000002
1 0.32500000000000007 0.7921875 0.2593750000000001 0.7921875 0.2593750000000001 0.93125 0.32500000000000007 0.93125
1 0.51875 0.56875 0.45625 0.56875 0.45625 0.6671875 0.51875 0.6671875
1 0.6234375 7.242637710582393e-17 0.559375 6.850368032730508e-17 0.559375 0.003125000000000072 0.6234375 0.0031250000000000765
1 0.2562500000000001 0.6625 0.1828125000000001 0.6625 0.1828125000000001 0.759375 0.2562500000000001 0.759375
1 0.4281250000000002 0.81875 0.3828125000000001 0.81875 0.3828125000000001 0.9328125 0.4281250000000002 0.9328125
1 0.1515625 1.5977813707625627e-17 0.109375 1.3394574365674177e-17 0.109375 0.07187500000000002 0.1515625 0.07187500000000002
1 0.21093750000000008 0.9703125 0.15781250000000013 0.9703125 0.15781250000000013 0.99375 0.21093750000000008 0.99375
1 0.3531250000000001 0.6828125 0.3000000000000001 0.6828125 0.3000000000000001 0.7859375 0.3531250000000001 0.7859375
1 0.3828125000000001 0.965625 0.3218750000000001 0.965625 0.3218750000000001 0.9890625 0.3828125000000001 0.9890625
1 0.3390625000000001 0.8640625 0.2765625000000001 0.8640625 0.2765625000000001 0.9484375 0.3390625000000001 0.9484375
1 0.465625 0.5671875 0.421875 0.5671875 0.421875 0.675 0.465625 0.675
1 0.196875 0.04843750000000002 0.1484375 0.04843750000000002 0.1484375 0.11718750000000003 0.196875 0.11718750000000004
1 0.3609375 0.3234375 0.3140625 0.3234375 0.3140625 0.4 0.3609375000000001 0.4
1 0.3625000000000001 0.5921875 0.3078125000000001 0.5921875 0.3078125000000001 0.684375 0.3625000000000001 0.684375
1 0.625 0.6234375 0.58125 0.6234375 0.58125 0.70625 0.625 0.70625
1 0.4078125 0.33281250000000007 0.35625 0.3328125 0.35625000000000007 0.41875 0.4078125 0.41875
1 0.4281250000000002 0.94375 0.3812500000000001 0.94375 0.3812500000000001 0.9875 0.4281250000000002 0.9875