1 0.2234375 0.13906250000000003 0.1640625 0.1390625 0.16406250000000003 0.215625 0.2234375 0.215625
1 0.3046875 0.11562500000000005 0.2390625 0.11562500000000005 0.2390625 0.2328125 0.3046875 0.2328125
1 0.3140625 0.2546875 0.2546875 0.2546875 0.2546875 0.35 0.3140625 0.35
1 0.8796875 0.5265625000000002 0.81875 0.5265625000000002 0.81875 0.6437500000000002 0.8796875 0.6437500000000002
1 0.409375 0.09375000000000004 0.340625 0.09375000000000004 0.340625 0.24218750000000006 0.409375 0.24218750000000008
1 0.3765625000000001 0.671875 0.3218750000000001 0.671875 0.3218750000000001 0.753125 0.3765625000000001 0.753125
1 0.49375 0.565625 0.425 0.565625 0.425 0.6609375 0.49375 0.6609375
1 0.3125 3.5112919944303015e-17 0.2609375 3.195562741525125e-17 0.2609375 0.04218750000000003 0.3125 0.04218750000000003
1 0.3625 0.290625 0.3109375 0.290625 0.3109375 0.359375 0.3625 0.359375
1 0.3625 4.085345181530624e-17 0.3046875 3.731345716152092e-17 0.3046875 0.03593750000000004 0.3625 0.035937500000000046
1 0.43125 0.521875 0.3765625000000001 0.521875 0.3765625000000001 0.63125 0.43125 0.63125
1 0.3625000000000001 0.5984375 0.3078125000000001 0.5984375 0.3078125000000001 0.6828125 0.3625000000000001 0.6828125
1 0.175 1.827402645602691e-17 0.1234375 1.511673392697514e-17 0.1234375 0.05625000000000002 0.175 0.05625000000000002
1 0.3812500000000001 0.896875 0.3281250000000001 0.896875 0.3281250000000001 0.978125 0.3812500000000001 0.978125
1 0.8234375 0.6562500000000002 0.7359375 0.6562500000000002 0.7359375000000001 0.7609375000000002 0.8234375 0.7609375000000002
1 0.83125 0.5562500000000001 0.7328125 0.5562500000000001 0.7328125 0.6656250000000001 0.83125 0.6656250000000001
1 0.23593750000000008 0.709375 0.1671875000000001 0.709375 0.1671875000000001 0.7984375 0.23593750000000008 0.7984375
1 0.7875 0.1281250000000001 0.734375 0.1281250000000001 0.734375 0.25468750000000007 0.7875 0.25468750000000007
1 0.41875 4.831614324761041e-17 0.3703125 4.5350201780925416e-17 0.3703125 0.02812500000000005 0.41875 0.028125000000000056
1 0.8875 0.0984375000000001 0.7796875 0.0984375000000001 0.7796875 0.2171875000000001 0.8875 0.2171875000000001
1 0.86875 0.93125 0.821875 0.93125 0.821875 0.953125 0.86875 0.953125
1 0.65 0.02968750000000007 0.571875 0.029687500000000068 0.571875 0.1937500000000001 0.65 0.1937500000000001
1 0.58125 0.12187500000000007 0.5203125 0.12187500000000004 0.5203125 0.2968750000000001 0.58125 0.2968750000000001
1 0.6828125 0.2890625000000001 0.590625 0.2890625000000001 0.590625 0.4 0.6828125 0.4
1 0.35 0.15625000000000006 0.2828125 0.15625000000000006 0.2828125 0.3015625 0.35 0.3015625
1 0.5390625000000002 0.76875 0.4656250000000002 0.76875 0.4656250000000002 0.8609375 0.5390625000000002 0.8609375
1 0.6843750000000001 0.625 0.63125 0.625 0.6312500000000001 0.75 0.6843750000000002 0.75
1 0.6875 0.1687500000000001 0.5765625 0.1687500000000001 0.5765625 0.30937500000000007 0.6875 0.30937500000000007
1 0.5218750000000002 0.8421875 0.4546875000000002 0.8421875 0.4546875000000002 0.934375 0.5218750000000002 0.934375
1 0.5921875000000001 0.65625 0.521875 0.65625 0.5218750000000001 0.7734375 0.5921875000000002 0.7734375
1 0.5265625 0.03750000000000006 0.4484375 0.037500000000000054 0.4484375 0.2015625000000001 0.5265625 0.2015625000000001
1 0.6421875000000001 0.65 0.590625 0.65 0.5906250000000001 0.7796875 0.6421875000000001 0.7796875
1 0.5 5.673558999174847e-17 0.4265625 5.223884002612928e-17 0.4265625 0.021875000000000054 0.5 0.02187500000000006
1 0.8921875 0.20468750000000008 0.8171875 0.20468750000000008 0.8171875 0.3750000000000001 0.8921875 0.3750000000000001
1 0.81875 0.7734375000000002 0.7437500000000001 0.7734375000000002 0.7437500000000001 0.8875 0.81875 0.8875
1 0.7625000000000002 0.7875000000000001 0.6484375000000002 0.7875 0.6484375000000002 0.9328125 0.7625000000000002 0.9328125
1 0.2968750000000001 0.478125 0.2578125000000001 0.478125 0.2578125000000001 0.534375 0.2968750000000001 0.534375
1 0.6046875 0.55 0.509375 0.55 0.509375 0.6796875 0.6046875 0.6796875
1 0.7765625000000002 0.9125 0.6906250000000002 0.9125 0.6906250000000002 0.959375 0.7765625000000002 0.959375
1 0.8234375 0.928125 0.7640625000000002 0.928125 0.7640625000000002 0.95625 0.8234375 0.95625
1 0.446875 0.34062500000000007 0.4046875 0.34062500000000007 0.4046875 0.4234375 0.446875 0.4234375
1 0.5953125 6.792962714020475e-17 0.5140625 6.295449951866863e-17 0.5140625 0.012500000000000067 0.5953125 0.012500000000000072
1 0.66875 0.4890625 0.55625 0.4890625 0.55625 0.65 0.66875 0.65
1 0.48906250000000007 0.640625 0.4203125 0.640625 0.4203125000000001 0.7703125 0.4890625000000002 0.7703125
1 0.9296875 0.6718750000000002 0.8609375 0.6718750000000002 0.8609375 0.8125 0.9296875 0.8125
1 0.3375000000000001 0.95 0.2734375000000001 0.95 0.2734375000000001 0.9859375 0.3375000000000001 0.9859375
1 0.2906250000000001 0.846875 0.2593750000000001 0.846875 0.2593750000000001 0.9078125 0.2906250000000001 0.9078125
1 0.7765625 0.2375000000000001 0.678125 0.2375000000000001 0.678125 0.4000000000000001 0.7765625 0.4000000000000002
1 0.30625 0.33125 0.2078125 0.33125 0.20781250000000004 0.4421875 0.3062500000000001 0.4421875
1 0.846875 0.24375000000000008 0.75625 0.24375000000000008 0.75625 0.4156250000000002 0.846875 0.4156250000000002
1 0.41718750000000016 0.8109375 0.3546875000000001 0.8109375 0.3546875000000001 0.9296875 0.41718750000000016 0.9296875
1 0.32500000000000007 0.59375 0.2890625000000001 0.59375 0.2890625000000001 0.6734375 0.32500000000000007 0.6734375
1 0.6515625000000002 0.7625 0.5953125000000001 0.7625 0.5953125000000001 0.9109375 0.6515625000000002 0.9109375
1 0.6125000000000002 0.815625 0.5296875000000002 0.815625 0.5296875000000002 0.9171875 0.6125000000000002 0.9171875
1 0.2968750000000001 0.684375 0.23593750000000008 0.684375 0.23593750000000008 0.80625 0.2968750000000001 0.80625
1 0.5359375000000001 0.6171875 0.48125 0.6171875 0.48125000000000007 0.771875 0.5359375000000002 0.771875
1 0.646875 7.615772282197602e-17 0.596875 7.309610582410764e-17 0.596875 0.006250000000000077 0.646875 0.00625000000000008
1 0.4734375000000002 0.8859375 0.42187500000000017 0.8859375 0.42187500000000017 0.9765625 0.4734375000000002 0.9765625
1 0.6093750000000002 0.8953125 0.5343750000000002 0.8953125 0.5343750000000002 0.96875 0.6093750000000002 0.96875
1 0.4765625 0.11875000000000005 0.3828125 0.11875000000000005 0.3828125 0.3203125000000001 0.4765625 0.3203125000000001
1 0.5984375 0.2843750000000001 0.4953125 0.2843750000000001 0.4953125 0.415625 0.5984375 0.415625
1 0.5171875 0.19687500000000005 0.434375 0.19687500000000005 0.434375 0.3765625000000001 0.5171875 0.3765625000000001
1 0.6968750000000001 0.909375 0.6078125000000002 0.909375 0.6078125000000002 0.965625 0.6968750000000001 0.965625
1 0.765625 0.034375000000000086 0.68125 0.034375000000000086 0.68125 0.25468750000000007 0.765625 0.25468750000000007
1 0.7421875000000001 0.5593750000000001 0.6734375 0.559375 0.6734375000000001 0.7546875000000001 0.7421875000000002 0.7546875000000002
1 0.4281250000000002 0.91875 0.3765625000000001 0.91875 0.3765625000000001 0.978125 0.4281250000000002 0.978125
1 0.2609375 2.6119420013064645e-17 0.165625 2.0283212610878037e-17 0.165625 0.04843750000000003 0.2609375 0.048437500000000036
1 0.5593750000000002 0.9140625 0.4734375000000002 0.9140625 0.4734375000000002 0.971875 0.5593750000000002 0.971875
1 0.4359375000000001 0.665625 0.34062500000000007 0.665625 0.34062500000000007 0.8265625 0.4359375000000002 0.8265625