1 0.6796875 0.037500000000000075 0.571875 0.03750000000000007 0.571875 0.1750000000000001 0.6796875 0.1750000000000001
1 0.7406250000000002 0.7578125000000001 0.6437500000000002 0.7578125 0.6437500000000002 0.859375 0.7406250000000002 0.859375
1 0.534375 0.5890625 0.4671875 0.5890625 0.4671875000000001 0.7375 0.5343750000000002 0.7375
1 0.3140625000000001 0.9125 0.2062500000000001 0.9125 0.2062500000000001 0.9890625 0.3140625000000001 0.9890625
1 0.7125 0.3390625000000001 0.6453125 0.3390625000000001 0.6453125 0.5015625 0.7125 0.5015625
1 0.471875 0.24375000000000008 0.3734375 0.24375000000000008 0.3734375 0.3531250000000001 0.471875 0.3531250000000001
1 0.43750000000000017 0.9078125 0.3609375000000001 0.9078125 0.3609375000000001 0.98125 0.43750000000000017 0.98125
1 0.5890625 0.0031250000000000665 0.503125 0.003125000000000061 0.503125 0.16250000000000006 0.5890625 0.1625000000000001
1 0.5421875 0.3656250000000001 0.4421875 0.3656250000000001 0.4421875 0.4734375 0.5421875 0.4734375
1 0.1937500000000001 0.5640625 0.12343750000000009 0.5640625 0.12343750000000009 0.73125 0.1937500000000001 0.73125
1 0.834375 0.4375000000000001 0.7109375 0.4375 0.7109375 0.5578125 0.834375 0.5578125000000002
1 0.4703125 5.223884002612929e-17 0.3828125 4.6881010279859617e-17 0.3828125 0.16406250000000006 0.4703125 0.16406250000000006
1 0.825 0.7609375000000002 0.7546875000000002 0.7609375000000002 0.7546875000000002 0.890625 0.825 0.890625
1 0.228125 0.03906250000000002 0.121875 0.039062500000000014 0.121875 0.16406250000000003 0.228125 0.16406250000000006
1 0.546875 0.19531250000000006 0.4609375 0.19531250000000006 0.4609375 0.2875000000000001 0.546875 0.2875000000000001
1 0.2406250000000001 0.765625 0.15000000000000008 0.765625 0.1500000000000001 0.9671875 0.2406250000000001 0.9671875
1 0.5781250000000001 0.675 0.5109375 0.675 0.5109375 0.8046875 0.5781250000000002 0.8046875
1 0.6171875000000001 0.665625 0.565625 0.665625 0.565625 0.809375 0.6171875000000002 0.809375
1 0.8375 0.6578125000000001 0.7890625 0.6578125000000001 0.7890625 0.7203125000000001 0.8375 0.7203125000000001
1 0.55625 0.2734375000000001 0.478125 0.2734375000000001 0.478125 0.37187500000000007 0.55625 0.37187500000000007
1 0.16250000000000014 0.93125 0.07656250000000012 0.93125 0.07656250000000012 0.996875 0.16250000000000014 0.996875
1 0.2531250000000001 0.584375 0.1750000000000001 0.584375 0.1750000000000001 0.7203125 0.2531250000000001 0.7203125
1 0.58125 6.620746757890379e-17 0.5 6.123233995736766e-17 0.5 0.042187500000000065 0.58125 0.042187500000000065
1 0.50625 0.5390625 0.4171875 0.5390625 0.4171875 0.6375 0.50625 0.6375
1 0.2171875000000001 0.4171875 0.13750000000000004 0.4171875 0.13750000000000007 0.55625 0.2171875000000001 0.55625
1 0.5546875 0.4515625 0.4734375 0.4515625 0.4734375 0.553125 0.5546875 0.553125
1 0.33593750000000006 0.23125 0.2015625 0.23125 0.20156250000000003 0.3671875 0.3359375000000001 0.3671875
1 0.3921875 0.35937500000000006 0.2859375 0.359375 0.28593750000000007 0.4640625 0.3921875000000001 0.4640625
1 0.7828125000000001 0.7015625000000001 0.715625 0.7015625 0.7156250000000001 0.7968750000000001 0.7828125000000001 0.7968750000000002
1 0.7171875000000002 0.9234375 0.6359375000000002 0.9234375 0.6359375000000002 0.9640625 0.7171875000000002 0.9640625
1 0.6515625 0.3531250000000001 0.5875 0.3531250000000001 0.5875 0.49375 0.6515625 0.49375
1 0.6921875 0.5703125 0.6328125 0.5703125 0.6328125 0.6515625 0.6921875 0.6515625
1 0.15468750000000003 0.4421875 0.09843750000000004 0.4421875 0.09843750000000005 0.54375 0.15468750000000003 0.54375
1 0.3921875 0.029687500000000044 0.3328125 0.029687500000000044 0.3328125 0.17031250000000003 0.3921875 0.17031250000000003
1 0.5953125 0.3234375000000001 0.5359375 0.3234375000000001 0.5359375 0.4546875 0.5953125 0.4546875
1 0.3421875 0.007812500000000038 0.28125 0.007812500000000033 0.28125 0.16250000000000003 0.3421875 0.16250000000000003
1 0.778125 0.3671875000000001 0.7 0.3671875000000001 0.7 0.47343750000000007 0.778125 0.4734375000000002
1 0.3109375000000001 0.7171875 0.2000000000000001 0.7171875 0.2000000000000001 0.8765625 0.3109375000000001 0.8765625
1 0.29218750000000004 0.3609375 0.19375000000000003 0.3609375 0.19375000000000003 0.4703125 0.2921875000000001 0.4703125
1 0.5140625 5.884045167778298e-17 0.446875 5.472640383689735e-17 0.446875 0.16406250000000006 0.5140625 0.16406250000000006
1 0.6718750000000002 0.859375 0.5843750000000002 0.859375 0.5843750000000002 0.9671875 0.6718750000000002 0.9671875
1 0.34843750000000007 0.453125 0.19531250000000006 0.453125 0.19531250000000006 0.575 0.34843750000000007 0.575
1 0.3921875 0.17812500000000003 0.3296875 0.17812500000000003 0.3296875 0.353125 0.3921875 0.3531250000000001
1 0.3906250000000001 0.8 0.3062500000000001 0.8 0.3062500000000001 0.9828125 0.3906250000000001 0.9828125
1 0.66875 0.2218750000000001 0.5953125 0.2218750000000001 0.5953125 0.34843750000000007 0.66875 0.34843750000000007
1 0.4640625 0.34062500000000007 0.3828125 0.34062500000000007 0.38281250000000006 0.4515625 0.4640625 0.4515625
1 0.725 0.6171875 0.675 0.6171875 0.675 0.6890625 0.725 0.6890625
1 0.4437500000000002 0.7484375 0.3609375000000001 0.7484375 0.3609375000000001 0.8953125 0.4437500000000002 0.8953125
1 0.6078125 0.4453125 0.5578125 0.4453125 0.5578125 0.5625 0.6078125 0.5625
1 0.6578125000000001 0.6671875 0.6109375 0.6671875 0.6109375000000001 0.7796875 0.6578125000000001 0.7796875
1 0.8 0.026562500000000093 0.7265625 0.02656250000000009 0.7265625 0.1671875000000001 0.8 0.1671875000000001
1 0.3125000000000001 0.6578125 0.2218750000000001 0.6578125 0.2218750000000001 0.7421875 0.3125000000000001 0.7421875
1 0.6015625 0.5875 0.53125 0.5875 0.53125 0.684375 0.6015625 0.684375
1 0.71875 0.4734375 0.6484375 0.4734375 0.6484375 0.55625 0.71875 0.55625
1 0.5734375000000002 0.753125 0.4890625000000002 0.753125 0.4890625000000002 0.8609375 0.5734375000000002 0.8609375
1 0.2953125 3.138157422815093e-17 0.2171875 2.659779766898158e-17 0.2171875 0.16718750000000004 0.2953125 0.16718750000000004
1 0.65 0.590625 0.5953125 0.590625 0.5953125 0.6796875 0.65 0.6796875
1 0.49531250000000016 0.73125 0.4437500000000002 0.73125 0.4437500000000002 0.8265625 0.49531250000000016 0.8265625
1 0.6578125 0.4828125 0.5984375 0.4828125 0.5984375 0.5765625 0.6578125 0.5765625
1 0.7796875 0.25468750000000007 0.740625 0.25468750000000007 0.740625 0.3187500000000001 0.7796875 0.3187500000000001
1 0.3890625000000001 0.5578125 0.3062500000000001 0.5578125 0.3062500000000001 0.6875 0.3890625000000001 0.6875
1 0.1765625000000001 0.765625 0.1296875000000001 0.765625 0.1296875000000001 0.8640625 0.1765625000000001 0.8640625
1 0.7937500000000002 0.859375 0.7515625000000001 0.859375 0.7515625000000001 0.9203125 0.7937500000000002 0.9203125
1 0.5906250000000002 0.8984375 0.5609375000000002 0.8984375 0.5609375000000002 0.9625 0.5906250000000002 0.9625
1 0.8703125 0.046875000000000104 0.7890625 0.0468750000000001 0.7890625 0.1609375000000001 0.8703125 0.1609375000000001
1 0.44375 0.4375 0.3468750000000001 0.4375 0.3468750000000001 0.621875 0.44375 0.621875
1 0.5750000000000002 0.9421875 0.5171875000000001 0.9421875 0.5171875000000001 0.9703125 0.5750000000000002 0.9703125
1 0.5453125000000002 0.8984375 0.5125000000000002 0.8984375 0.5125000000000002 0.959375 0.5453125000000002 0.959375
1 0.459375 0.6109375 0.38750000000000007 0.6109375 0.38750000000000007 0.690625 0.459375 0.690625
1 0.228125 0.001562500000000021 0.115625 0.001562500000000014 0.115625 0.06406250000000002 0.228125 0.06406250000000002
1 0.13125 1.2055116929106758e-17 0.065625 8.036744619404505e-18 0.065625 0.06250000000000001 0.13125 0.06250000000000003
1 0.221875 0.2140625 0.13906250000000003 0.2140625 0.13906250000000003 0.34375 0.221875 0.34375
1 0.7296875 8.668203125214859e-17 0.6859375 8.400311637901375e-17 0.6859375 0.03750000000000009 0.7296875 0.03750000000000009
1 0.4765625000000001 0.6796875 0.4203125 0.6796875 0.4203125000000001 0.7921875 0.47656250000000017 0.7921875
1 0.3859375 4.1810207127140106e-17 0.296875 3.6356701849687046e-17 0.296875 0.023437500000000045 0.3859375 0.02343750000000005
1 0.36406250000000007 0.6953125 0.2906250000000001 0.6953125 0.2906250000000001 0.846875 0.36406250000000007 0.846875
1 0.4765625 0.4328125 0.4125 0.4328125 0.4125 0.55 0.4765625 0.55
1 0.2453125000000001 0.90625 0.17968750000000008 0.90625 0.1796875000000001 0.9921875 0.2453125000000001 0.9921875
1 0.628125 7.367015901120796e-17 0.575 7.041719095097281e-17 0.575 0.0046875000000000736 0.628125 0.004687500000000076
1 0.6796875 0.6625 0.64375 0.6625 0.64375 0.71875 0.6796875 0.71875
1 0.5140625000000002 0.8625 0.4421875000000002 0.8625 0.4421875000000002 0.9765625 0.5140625000000002 0.9765625