1 0.3156250000000001 0.59375 0.2312500000000001 0.59375 0.2312500000000001 0.6703125 0.3156250000000001 0.6703125
1 0.5 0.11250000000000004 0.4234375 0.11250000000000004 0.4234375 0.16406250000000006 0.5 0.16406250000000006
1 0.5140625 0.27031250000000007 0.4203125 0.27031250000000007 0.4203125 0.3468750000000001 0.5140625 0.3468750000000001
1 0.21875000000000006 0.340625 0.12812500000000004 0.340625 0.12812500000000004 0.4015625 0.21875000000000008 0.4015625
1 0.4671875 0.5359375 0.3359375000000001 0.5359375 0.3359375000000001 0.5953125 0.4671875 0.5953125
1 0.27031250000000007 0.2984375 0.18906250000000005 0.2984375 0.18906250000000005 0.365625 0.27031250000000007 0.365625
1 0.4296875 0.603125 0.3312500000000001 0.603125 0.3312500000000001 0.6890625 0.4296875 0.6890625
1 0.3218750000000001 0.4890625 0.22812500000000008 0.4890625 0.22812500000000008 0.5390625 0.3218750000000001 0.5390625
1 0.19218750000000004 0.2984375 0.10156250000000004 0.2984375 0.10156250000000004 0.35 0.19218750000000004 0.35
1 0.4375 0.38906250000000003 0.3343750000000001 0.3890625 0.3343750000000001 0.4453125 0.4375 0.4453125
1 0.6671875 0.571875 0.5390625 0.571875 0.5390625 0.69375 0.6671875 0.69375
1 0.425 0.29218750000000004 0.325 0.2921875 0.325 0.34687500000000004 0.425 0.3468750000000001
1 0.2375000000000001 0.5 0.12812500000000004 0.5 0.12812500000000007 0.5546875 0.2375000000000001 0.5546875
1 0.5140625 0.4203125 0.4296875 0.4203125 0.4296875 0.4734375 0.5140625 0.4734375
1 0.18437500000000004 0.2359375 0.06875000000000002 0.2359375 0.06875000000000003 0.3078125 0.18437500000000004 0.3078125
1 0.10312500000000009 0.5578125 0.018750000000000065 0.5578125 0.018750000000000072 0.615625 0.10312500000000009 0.615625
1 0.3953125 0.21718750000000003 0.3171875 0.2171875 0.3171875 0.28125000000000006 0.3953125 0.2812500000000001
1 0.546875 0.578125 0.3968750000000001 0.578125 0.3968750000000001 0.684375 0.546875 0.684375
1 0.4046875 0.11406250000000004 0.3421875 0.11406250000000004 0.3421875 0.16562500000000005 0.4046875 0.16562500000000005
1 0.14843750000000006 0.490625 0.06406250000000006 0.490625 0.06406250000000006 0.5609375 0.14843750000000008 0.5609375
1 0.33281250000000007 0.7046875 0.2312500000000001 0.7046875 0.2312500000000001 0.796875 0.33281250000000007 0.796875
1 0.58125 0.509375 0.4625 0.509375 0.4625 0.5953125 0.58125 0.5953125
1 0.43125 0.34218750000000003 0.321875 0.3421875 0.321875 0.39375000000000004 0.43125 0.3937500000000001
1 0.4109375 0.49375 0.33281250000000007 0.49375 0.33281250000000007 0.540625 0.4109375 0.540625
1 0.878125 0.3609375000000001 0.7625 0.3609375000000001 0.7625 0.4390625000000002 0.878125 0.4390625000000002
1 0.5609375 0.3437500000000001 0.4734375 0.3437500000000001 0.4734375 0.4234375 0.5609375 0.4234375
1 0.14687500000000003 0.3671875 0.07812500000000004 0.3671875 0.07812500000000004 0.4140625 0.14687500000000003 0.4140625
1 0.32500000000000007 0.5328125 0.2312500000000001 0.5328125 0.2312500000000001 0.5984375 0.32500000000000007 0.5984375
1 0.45000000000000007 0.6859375 0.3312500000000001 0.6859375 0.3312500000000001 0.759375 0.4500000000000002 0.759375
1 0.7781250000000002 0.8203125 0.6750000000000002 0.8203125 0.6750000000000002 0.9046875 0.7781250000000002 0.9046875
1 0.45 0.2640625000000001 0.378125 0.2640625000000001 0.378125 0.3062500000000001 0.45 0.3062500000000001
1 0.1859375000000001 0.6953125 0.11562500000000009 0.6953125 0.11562500000000009 0.7546875 0.1859375000000001 0.7546875
1 0.3156250000000001 0.4078125 0.15937500000000004 0.4078125 0.15937500000000004 0.4703125 0.3156250000000001 0.4703125
1 0.9625 0.4593750000000002 0.85 0.4593750000000002 0.85 0.5500000000000002 0.9625 0.5500000000000002
1 0.2734375000000001 0.4578125 0.13281250000000006 0.4578125 0.13281250000000006 0.50625 0.2734375000000001 0.50625
1 0.11562500000000005 0.3125 0.050000000000000044 0.3125 0.050000000000000044 0.3515625 0.11562500000000005 0.3515625
1 0.2390625000000001 0.64375 0.1593750000000001 0.64375 0.1593750000000001 0.6828125 0.2390625000000001 0.6828125
1 0.23593750000000008 0.55 0.09218750000000006 0.55 0.09218750000000007 0.6421875 0.23593750000000008 0.6421875
1 0.53125 0.2140625000000001 0.3875 0.2140625000000001 0.3875 0.2734375000000001 0.53125 0.2734375000000001
1 0.440625 0.4234375 0.3000000000000001 0.4234375 0.3000000000000001 0.4984375 0.440625 0.4984375
1 0.08437500000000003 0.2625 0.012500000000000034 0.2625 0.012500000000000035 0.3171875 0.08437500000000005 0.3171875
1 0.7671875 0.34843750000000007 0.6703125 0.34843750000000007 0.6703125 0.4312500000000001 0.7671875 0.4312500000000002
1 0.7984375000000001 0.6859375000000001 0.6953125 0.6859375 0.6953125000000001 0.7484375000000001 0.7984375000000001 0.7484375000000002
1 0.746875 0.2671875000000001 0.66875 0.2671875000000001 0.66875 0.3125000000000001 0.746875 0.3125000000000001
1 0.89375 0.7296875000000002 0.7625000000000002 0.7296875000000002 0.7625000000000002 0.834375 0.89375 0.834375
1 0.5093750000000001 0.740625 0.3968750000000001 0.740625 0.3968750000000001 0.83125 0.5093750000000001 0.83125
1 0.784375 0.58125 0.684375 0.58125 0.684375 0.6328125000000001 0.784375 0.6328125000000002
1 0.9078125 0.6015625000000002 0.7734375 0.6015625000000002 0.7734375 0.6718750000000002 0.9078125 0.6718750000000002
1 0.6781250000000002 0.828125 0.5687500000000002 0.828125 0.5687500000000002 0.896875 0.6781250000000002 0.896875
1 0.5765625000000002 0.734375 0.49218750000000017 0.734375 0.49218750000000017 0.7984375 0.5765625000000002 0.7984375
1 0.15625000000000008 0.603125 0.06406250000000006 0.603125 0.06406250000000008 0.6625 0.15625000000000008 0.6625
1 0.3890625 0.14843750000000006 0.2890625 0.14843750000000006 0.2890625 0.20468750000000005 0.3890625 0.20468750000000008
1 0.7234375 0.19687500000000008 0.6671875 0.19687500000000008 0.6671875 0.24218750000000008 0.7234375 0.24218750000000008
1 0.98125 0.7515625000000001 0.865625 0.7515625000000001 0.865625 0.8484375 0.98125 0.8484375
1 0.7953125 0.2078125000000001 0.7078125 0.2078125000000001 0.7078125 0.27812500000000007 0.7953125 0.27812500000000007
1 0.8953125 0.5421875000000002 0.7796875 0.5421875000000002 0.7796875 0.6093750000000002 0.8953125 0.6093750000000002
1 0.815625 0.6203125 0.6640625 0.6203125 0.6640625 0.6921875000000001 0.815625 0.6921875000000002
1 0.8859375 0.6687500000000002 0.7890625 0.6687500000000002 0.7890625000000001 0.7390625000000002 0.8859375 0.7390625000000002
1 0.5546875000000001 0.7 0.4453125 0.7 0.4453125000000001 0.74375 0.5546875000000002 0.74375
1 0.859375 0.5015625000000001 0.678125 0.5015625 0.678125 0.5875000000000001 0.859375 0.5875000000000001
1 0.07031250000000007 0.5296875 6.486801014233636e-17 0.5296875 6.783395160902136e-17 0.578125 0.07031250000000007 0.578125
1 0.86875 0.4328125000000001 0.675 0.4328125 0.675 0.5203125000000001 0.86875 0.5203125000000002
1 0.07187500000000002 0.2109375 2.583239341951448e-17 0.2109375 2.956373913566657e-17 0.271875 0.07187500000000002 0.271875
1 0.2718750000000001 0.671875 0.2093750000000001 0.671875 0.2093750000000001 0.7234375 0.2718750000000001 0.7234375
1 1 0.5406250000000001 0.8859375 0.5406250000000001 0.8859375 0.6390625000000002 1 0.6390625000000002
1 0.10000000000000005 0.3453125 0.003125000000000042 0.3453125 0.0031250000000000444 0.384375 0.10000000000000005 0.384375
1 0.7765625000000002 0.7375 0.6921875000000002 0.7375 0.6921875000000002 0.7953125000000001 0.7765625000000002 0.7953125000000002
1 0.12656250000000008 0.753125 9.223121206078505e-17 0.753125 9.682363755758761e-17 0.828125 0.12656250000000008 0.828125
1 0.2406250000000001 0.7125 0.17187500000000008 0.7125 0.17187500000000008 0.7890625 0.2406250000000001 0.7890625
1 0.53125 0.4640625 0.409375 0.4640625 0.409375 0.5359375 0.53125 0.5359375
1 0.8109375 0.18750000000000008 0.7484375 0.18750000000000008 0.7484375 0.2328125000000001 0.8109375 0.2328125000000001
1 0.6343750000000001 0.778125 0.4968750000000002 0.778125 0.4968750000000002 0.8515625 0.6343750000000001 0.8515625
1 0.13281250000000008 0.64375 7.883663769511086e-17 0.64375 8.285501000481311e-17 0.709375 0.13281250000000008 0.709375
1 0.1296875000000001 0.690625 0.020312500000000084 0.690625 0.020312500000000087 0.753125 0.1296875000000001 0.753125
1 0.8703125 0.2453125000000001 0.7359375 0.2453125000000001 0.7359375 0.3375000000000001 0.8703125 0.3375000000000001
1 0.7625 0.1062500000000001 0.6984375 0.1062500000000001 0.6984375 0.1468750000000001 0.7625 0.1468750000000001
1 0.8 0.1390625000000001 0.665625 0.1390625000000001 0.665625 0.1984375000000001 0.8 0.1984375000000001
1 0.609375 0.6546875 0.5203125 0.6546875 0.5203125 0.725 0.609375 0.725
1 0.965625 0.6968750000000001 0.8609375 0.6968750000000001 0.8609375 0.7656250000000002 0.965625 0.7656250000000002
1 0.4156250000000002 0.7609375 0.3343750000000001 0.7609375 0.3343750000000001 0.840625 0.4156250000000002 0.840625
1 0.5765625 0.15781250000000008 0.5109375 0.15781250000000005 0.5109375 0.19687500000000008 0.5765625 0.19687500000000008
1 0.4453125 0.14687500000000003 0.396875 0.14687500000000003 0.396875 0.18281250000000004 0.4453125 0.18281250000000004
1 0.11875000000000005 0.45625 5.587451021109799e-17 0.45625 5.931882933369991e-17 0.5125 0.11875000000000005 0.5125
1 0.51875 0.6703125 0.434375 0.6703125 0.434375 0.709375 0.51875 0.709375
1 0.8484375 0.0906250000000001 0.7890625 0.0906250000000001 0.7890625 0.1390625000000001 0.8484375 0.1390625000000001
1 0.825 0.029687500000000096 0.753125 0.02968750000000009 0.753125 0.0890625000000001 0.825 0.08906250000000011
1 0.07031250000000008 0.6125 0.004687500000000075 0.6125 0.004687500000000078 0.653125 0.07031250000000008 0.653125
1 0.7312500000000001 0.7046875000000001 0.5765625 0.7046875 0.5765625000000001 0.8578125 0.7312500000000002 0.8578125
1 0.4765625 0.3734375000000001 0.4140625 0.3734375000000001 0.4140625 0.4203125 0.4765625 0.4203125
1 1 0.6078125000000002 0.8953125 0.6078125000000002 0.8953125 0.7171875000000002 1 0.7171875000000002
1 0.11093750000000005 0.4046875 0.0015625000000000493 0.4046875 0.0015625000000000528 0.4609375 0.11093750000000005 0.4609375
1 1 0.7968750000000002 0.925 0.7968750000000002 0.925 0.8671875 1 0.8671875
1 0.09218750000000002 0.1625 0.03906250000000002 0.1625 0.03906250000000002 0.203125 0.09218750000000002 0.203125
1 0.1078125 0.09375000000000001 0.02656250000000001 0.09375 0.026562500000000017 0.15625 0.1078125 0.15625
1 0.584375 0.4515625 0.5234375 0.4515625 0.5234375 0.490625 0.584375 0.490625