1 0.9078125 0.2812500000000001 0.83125 0.2812500000000001 0.83125 0.3656250000000001 0.9078125 0.3656250000000001
1 0.8515625 0.11250000000000009 0.753125 0.11250000000000009 0.753125 0.23593750000000008 0.8515625 0.23593750000000008
1 0.5828125 0.24218750000000008 0.5 0.24218750000000008 0.5 0.3500000000000001 0.5828125 0.3500000000000001
1 0.878125 0.18906250000000008 0.80625 0.18906250000000008 0.80625 0.3031250000000001 0.878125 0.3031250000000001
1 0.6875 0.29375000000000007 0.603125 0.29375000000000007 0.603125 0.38750000000000007 0.6875 0.38750000000000007
1 0.809375 0.020312500000000094 0.7234375 0.020312500000000087 0.7234375 0.11562500000000009 0.809375 0.11562500000000009
1 0.853125 0.4984375000000002 0.775 0.4984375000000002 0.775 0.6265625000000001 0.853125 0.6265625000000001
1 0.815625 0.2921875000000001 0.7375 0.2921875000000001 0.7375 0.4593750000000002 0.815625 0.4593750000000002
1 0.6796875 0.4859375 0.58125 0.4859375 0.58125 0.59375 0.6796875 0.59375
1 0.6625 0.2078125000000001 0.5796875 0.2078125000000001 0.5796875 0.3218750000000001 0.6625 0.3218750000000001
1 0.66875 7.740150472736006e-17 0.5953125 7.290475476174086e-17 0.5953125 0.09375000000000008 0.66875 0.09375000000000008
1 0.7640625 0.1312500000000001 0.6890625 0.1312500000000001 0.6890625 0.2640625000000001 0.7640625 0.2640625000000001
1 0.7125000000000001 0.5875 0.596875 0.5875 0.596875 0.7328125 0.7125000000000001 0.7328125
1 0.39843750000000006 0.31562500000000004 0.31875 0.315625 0.31875000000000003 0.44375 0.3984375000000001 0.44375
1 0.81875 0.6281250000000002 0.7484375 0.6281250000000002 0.7484375000000001 0.7562500000000002 0.81875 0.7562500000000002
1 0.853125 0.3109375000000001 0.8 0.3109375000000001 0.8 0.43281250000000016 0.853125 0.43281250000000016
1 0.584375 0.4953125 0.503125 0.4953125 0.503125 0.5953125 0.584375 0.5953125
1 0.2890625 0.2640625 0.2296875 0.2640625 0.2296875 0.3484375 0.2890625 0.3484375
1 0.490625 5.597018574228137e-17 0.4234375 5.1856137901395736e-17 0.4234375 0.07656250000000006 0.490625 0.07656250000000006
1 0.6984375 0.12656250000000008 0.6203125 0.12656250000000008 0.6203125 0.25468750000000007 0.6984375 0.25468750000000007
1 0.5109375 0.15468750000000003 0.4421875 0.15468750000000003 0.4421875 0.27812500000000007 0.5109375 0.27812500000000007
1 0.471875 0.30937500000000007 0.403125 0.30937500000000007 0.403125 0.3937500000000001 0.471875 0.3937500000000001
1 0.7234375000000002 0.8484375 0.6406250000000002 0.8484375 0.6406250000000002 0.9734375 0.7234375000000002 0.9734375
1 0.20781250000000004 0.325 0.15000000000000005 0.325 0.15000000000000005 0.4015625 0.2078125000000001 0.4015625
1 0.8671875 0.6015625000000002 0.809375 0.6015625000000002 0.809375 0.7140625000000002 0.8671875 0.7140625000000002
1 0.890625 0.48437500000000017 0.8375 0.48437500000000017 0.8375 0.5703125000000002 0.890625 0.5703125000000002
1 0.809375 0.4781250000000002 0.734375 0.4781250000000002 0.734375 0.5843750000000002 0.809375 0.5843750000000002
1 0.6562500000000002 0.8515625 0.5625000000000002 0.8515625 0.5625000000000002 0.9765625 0.6562500000000002 0.9765625
1 0.8796875 0.8453125 0.7781250000000002 0.8453125 0.7781250000000002 0.9671875 0.8796875 0.9671875
1 0.5625 0.5796875 0.4875 0.5796875 0.4875 0.6765625 0.5625 0.6765625
1 0.9171875 0.012500000000000108 0.8515625 0.012500000000000105 0.8515625 0.10468750000000011 0.9171875 0.10468750000000013
1 0.3875 0.20156250000000003 0.321875 0.2015625 0.321875 0.32500000000000007 0.3875 0.32500000000000007
1 0.7390625 0.4875000000000001 0.675 0.4875 0.675 0.6375000000000001 0.7390625 0.6375000000000002
1 0.7375 0.2468750000000001 0.678125 0.2468750000000001 0.678125 0.4156250000000001 0.7375 0.4156250000000002
1 0.2484375 0.15781250000000005 0.1953125 0.15781250000000005 0.19531250000000003 0.25625 0.2484375 0.25625
1 0.7781250000000002 0.846875 0.7109375000000002 0.846875 0.7109375000000002 0.9703125 0.7781250000000002 0.9703125
1 0.6078125 0.13750000000000007 0.5421875 0.13750000000000004 0.5421875 0.26250000000000007 0.6078125 0.26250000000000007
1 0.846875 9.749336627587133e-17 0.7453125 9.127445674895118e-17 0.7453125 0.021875000000000096 0.846875 0.021875000000000106
1 0.7296875 8.534257381558118e-17 0.6640625 8.132420150587893e-17 0.6640625 0.0671875000000001 0.7296875 0.0671875000000001
1 0.5000000000000001 0.6890625 0.4375 0.6890625 0.4375000000000001 0.7828125 0.5000000000000002 0.7828125
1 0.23593750000000008 0.6140625 0.1765625000000001 0.6140625 0.1765625000000001 0.6953125 0.23593750000000008 0.6953125
1 0.2406250000000001 0.86875 0.17343750000000008 0.86875 0.1734375000000001 0.95 0.2406250000000001 0.95
1 0.2671875000000001 0.7640625 0.2156250000000001 0.7640625 0.2156250000000001 0.8359375 0.2671875000000001 0.8359375
1 0.596875 6.993881329505588e-17 0.5453125 6.678152076600411e-17 0.5453125 0.08437500000000006 0.596875 0.08437500000000006
1 0.55 0.659375 0.4890625 0.659375 0.48906250000000007 0.740625 0.5500000000000002 0.740625
1 0.309375 0.17968750000000006 0.2515625 0.17968750000000006 0.2515625 0.2640625 0.309375 0.2640625
1 0.37968750000000007 0.865625 0.30937500000000007 0.865625 0.30937500000000007 0.965625 0.37968750000000007 0.965625
1 0.4390625 0.553125 0.3656250000000001 0.553125 0.3656250000000001 0.68125 0.4390625 0.68125
1 0.4015625000000001 0.6390625 0.31718750000000007 0.6390625 0.31718750000000007 0.7828125 0.40156250000000016 0.7828125
1 0.6046875 0.6046875 0.55625 0.6046875 0.55625 0.690625 0.6046875 0.690625
1 0.4546875 0.2093750000000001 0.4046875 0.2093750000000001 0.4046875 0.30937500000000007 0.4546875 0.30937500000000007
1 0.340625 0.2734375 0.296875 0.2734375 0.296875 0.35625 0.340625 0.35625
1 0.2578125000000001 0.5015625 0.19843750000000004 0.5015625 0.19843750000000007 0.5921875 0.2578125000000001 0.5921875
1 0.5546875 0.04687500000000007 0.5140625 0.04687500000000007 0.5140625 0.12031250000000007 0.5546875 0.12031250000000009
1 0.421875 0.3968750000000001 0.3750000000000001 0.3968750000000001 0.3750000000000001 0.4890625 0.421875 0.4890625
1 0.225 0.07031250000000003 0.1859375 0.07031250000000003 0.1859375 0.15625000000000006 0.225 0.15625000000000006
1 0.3609375 0.014062500000000042 0.31875 0.014062500000000039 0.31875 0.09531250000000005 0.3609375 0.09531250000000005
1 0.4296875000000001 0.7171875 0.3828125000000001 0.7171875 0.3828125000000001 0.83125 0.42968750000000017 0.83125
1 0.2906250000000001 0.6328125 0.23437500000000008 0.6328125 0.23437500000000008 0.7140625 0.2906250000000001 0.7140625
1 0.484375 0.615625 0.4171875 0.615625 0.4171875 0.7125 0.484375 0.7125
1 0.2687500000000001 0.5875 0.2062500000000001 0.5875 0.2062500000000001 0.6546875 0.2687500000000001 0.6546875
1 0.5234375000000002 0.8578125 0.4671875000000002 0.8578125 0.4671875000000002 0.965625 0.5234375000000002 0.965625
1 0.5718750000000001 0.8546875 0.5281250000000002 0.8546875 0.5281250000000002 0.96875 0.5718750000000001 0.96875
1 0.4 4.6689659217492845e-17 0.3625 4.4393446469091554e-17 0.3625 0.06250000000000004 0.4 0.06250000000000004
1 0.175 1.9039430705494006e-17 0.1359375 1.6647542425909335e-17 0.1359375 0.051562500000000025 0.175 0.051562500000000025
1 0.45 0.425 0.4140625 0.425 0.4140625 0.490625 0.45 0.490625
1 0.465625 0.503125 0.415625 0.503125 0.415625 0.615625 0.465625 0.615625
1 0.3187500000000001 0.95 0.2562500000000001 0.95 0.2562500000000001 0.990625 0.3187500000000001 0.990625
1 0.4734375000000002 0.8734375 0.4265625000000002 0.8734375 0.4265625000000002 0.98125 0.4734375000000002 0.98125
1 0.440625 0.15000000000000005 0.3890625 0.15000000000000005 0.3890625 0.2562500000000001 0.440625 0.2562500000000001
1 0.3140625 0.020312500000000035 0.271875 0.020312500000000032 0.271875 0.08906250000000003 0.3140625 0.08906250000000004
1 0.503125 0.5046875 0.4578125 0.5046875 0.4578125 0.6125 0.503125 0.6125
1 0.490625 0.35625000000000007 0.4546875 0.35625000000000007 0.4546875 0.425 0.490625 0.425
1 0.34062500000000007 0.6171875 0.2875000000000001 0.6171875 0.2875000000000001 0.6984375 0.34062500000000007 0.6984375
1 0.21093750000000008 0.9421875 0.16250000000000014 0.9421875 0.16250000000000014 0.9953125 0.21093750000000008 0.9953125
1 0.7671875 0.6031250000000001 0.725 0.603125 0.725 0.690625 0.7671875 0.6906250000000002
1 0.521875 0.3671875000000001 0.490625 0.3671875000000001 0.490625 0.4203125 0.521875 0.4203125
1 0.32500000000000007 0.6703125 0.2718750000000001 0.6703125 0.2718750000000001 0.74375 0.32500000000000007 0.74375
1 0.74375 0.5750000000000001 0.696875 0.575 0.696875 0.6734375000000001 0.74375 0.6734375000000001
1 0.3125000000000001 0.8703125 0.2734375000000001 0.8703125 0.2734375000000001 0.95 0.3125000000000001 0.95
1 0.2953125000000001 0.49375 0.2453125000000001 0.49375 0.2453125000000001 0.55625 0.2953125000000001 0.55625
1 0.546875 0.14531250000000007 0.503125 0.14531250000000004 0.503125 0.2578125000000001 0.546875 0.2578125000000001
1 0.4109375000000002 0.8953125 0.3750000000000001 0.8953125 0.3750000000000001 0.978125 0.4109375000000002 0.978125
1 0.46093750000000017 0.759375 0.4312500000000002 0.759375 0.4312500000000002 0.8265625 0.46093750000000017 0.8265625
1 0.44843750000000016 0.9328125 0.4046875000000002 0.9328125 0.4046875000000002 0.9828125 0.44843750000000016 0.9828125
1 0.334375 0.06562500000000004 0.3015625 0.06562500000000004 0.3015625 0.12968750000000004 0.334375 0.12968750000000004
1 0.4390625000000002 0.8546875 0.40156250000000016 0.8546875 0.40156250000000016 0.925 0.4390625000000002 0.925
1 0.8984375 0.9015625 0.86875 0.9015625 0.86875 0.9625 0.8984375 0.9625
1 0.3906250000000001 0.94375 0.3265625000000001 0.94375 0.3265625000000001 0.9875 0.3906250000000001 0.9875