1 0.17364614240010476 0.2782826224143918 0.11635281662451333 0.18330070524678405 0.061632996007471665 0.21630783547202306 0.11892632178306309 0.31128975263963077
1 0.21519479601713173 0.2447261744239798 0.16436883827973206 0.11018605910410204 0.10420576569574398 0.13291419321663542 0.15503172343314367 0.2674543085365132
1 0.2532076456200644 0.14219926294615254 0.20311131284543588 0.07251886808151191 0.14838330460467594 0.11186526556171601 0.19847963737930452 0.18154566042635664
1 0.2953125 0.09650781250000004 0.2369796875 0.09650781250000003 0.2369796875 0.18933750000000002 0.2953125 0.18933750000000002
1 0.27878841538455745 0.17080393811148514 0.20955070428057815 0.14940289921063396 0.17473463029277442 0.2620416025796769 0.24397234139675375 0.28344264148052806
1 0.35808393248611514 0.09309833017399657 0.29930132159506445 0.08742992345227121 0.2858101869472954 0.22733592480518644 0.34459279783834607 0.23300433152691183
1 0.4085469256016413 0.09680014955295087 0.35473825444358187 0.09436328194848528 0.3498620605149 0.20203491545477514 0.4036707316729594 0.2044717830592407
1 0.43987744743177315 0.22749876877972786 0.38179871698686707 0.17376440716663036 0.30314758379827034 0.2587744049877173 0.36122631424317636 0.31250876660081484
1 0.5016172987193535 0.20531408456301942 0.4749545551506683 0.09777187651996552 0.42312785455846447 0.11062117590712098 0.4497905981271496 0.21816338395017487
1 0.5552728133964945 0.1989912849936842 0.5410721304701421 0.09874042867262657 0.48146062940607004 0.10718448647362706 0.49566131233242244 0.20743534279468473
1 0.610762916362577 0.1569057982480966 0.5884105405910323 0.03070270241019446 0.5302100868660251 0.04101083632005263 0.5525624626375699 0.1672139321579548
1 0.635053329781719 0.10875751988483351 0.5993659949063912 0.10269065273313738 0.5833183087087325 0.19708849217650024 0.6190056435840603 0.20315535932819637
1 0.6572312017370839 0.2089840328535883 0.6557865241160988 0.15028587005501395 0.6224060950337921 0.1511074282874167 0.6238507726547772 0.20980559108599106
1 0.7037726407822597 0.15289897376891556 0.6830063839254904 0.09405031728411388 0.6367759814363851 0.11036389978584057 0.6575422382931544 0.16921255627064227
1 0.7267071837670498 0.1855833049671717 0.7187618584744206 0.1137357571297724 0.6825300606912333 0.1177424828704432 0.6904753859838625 0.1895900307078425
1 0.7458328125 0.10753750000000009 0.7208328125000001 0.10753750000000009 0.7208328125000001 0.18014687500000007 0.7458328125 0.18014687500000007
1 0.7857651932108269 0.12131203580064402 0.7436856279317834 0.1186625228124156 0.7383475575342981 0.2034417568652751 0.7804271228133418 0.2060912698535035
1 0.711859225796238 0.1774412478918539 0.671984462044261 0.17241257576755556 0.6654726587492347 0.22404780104578914 0.7053474225012116 0.22907647317008747
1 0.6622514434265957 0.2107282436938153 0.629483736692775 0.20627779471785104 0.62156377867272 0.2645907566565073 0.6543314854065406 0.2690412056324715
1 0.7246655632291688 0.30526158815071874 0.7219192201371853 0.22278882262568178 0.6524810478695311 0.2251011137621945 0.6552273909615145 0.30757387928723146
1 0.6357018824028555 0.20754203468681828 0.5948436688216631 0.19468147883960743 0.5705550306309353 0.27184691232344016 0.6114132442121278 0.284707468170651
1 0.6007979406621656 0.16728018686463297 0.5478574855824263 0.15845501300284057 0.535694436069986 0.23141871733661676 0.5886348911497252 0.2402438911984092
1 0.5477964978448275 0.211312661637931 0.4878164331896551 0.18732063577586222 0.4533382004310346 0.27351621767241396 0.513318265086207 0.29750824353448274
1 0.5812385292820971 0.2364085510099791 0.5279197845764366 0.23304969166745226 0.5229744544516608 0.3115521734682432 0.5762931991573212 0.31491103281077004
1 0.649418547845905 0.33154269107565815 0.6442623534351068 0.2830125892812253 0.6120424326952622 0.2864358702778089 0.6171986271060603 0.3349659720722417
1 0.4818768459074919 0.25345441559143056 0.4358175811093622 0.20419612549277613 0.39734362792332795 0.24017143024000287 0.4434028927214578 0.2894297203386573
1 0.44365695543286304 0.2683931105591816 0.3738507350722746 0.25807437879856254 0.3582152871045274 0.3638481843003737 0.4280215074651158 0.3741669160609927
1 0.36995807829600125 0.27637081462450386 0.25600242587168276 0.24598453990555919 0.2267816096272683 0.35556944987898614 0.34073726205158683 0.3859557245979308
1 0.2564387733984366 0.379075533309239 0.2432555709771355 0.2693831520823637 0.19328425506933128 0.27538887431669845 0.2064674574906324 0.38508125554357375
1 0.3397143935446349 0.26164009290570905 0.2883771351623583 0.18144156463862443 0.24950948015083765 0.20632180734575362 0.3008467385331143 0.2865203356128382
1 0.20337244556690756 0.2796589950941934 0.15858556579559274 0.27917143319403814 0.15770511346430535 0.3600487796257188 0.20249199323562017 0.36053634152587405
1 0.17837431167497453 0.38695261867485975 0.1474256609261864 0.2826860951853178 0.08980384270885448 0.2997895476438361 0.12075249345764265 0.40405607113337805
1 0.15357571989291005 0.39924995679972103 0.1131637836063113 0.38497453443504626 0.08216224617939558 0.4727360116984663 0.12257418246599434 0.487011434063141
1 0.18696625691841406 0.41427553704862835 0.12964322134339384 0.4132614282005977 0.12786150852185507 0.5139736817736427 0.1851845440968753 0.5149877906216733
1 0.2175808143695636 0.4140338282978764 0.17972343688527753 0.4104584986964895 0.17451837672861306 0.46557227816533153 0.21237575421289914 0.46914760776671843
1 0.23809552780036677 0.5033985697023524 0.21872876001435104 0.4564085605747528 0.17700127301305627 0.4736063982864594 0.196368040799072 0.520596407414059
1 0.2874937204700482 0.5013679173681502 0.2856456486594673 0.3907049346986368 0.2132858597060085 0.3919133431741596 0.21513393151658938 0.502576325843673
1 0.26401592631131104 0.5446917139903537 0.22172032577819634 0.49315968046084563 0.13777945348921328 0.5620552655866111 0.18007505402232798 0.6135872991161192
1 0.20347315994411092 0.6931639907133222 0.19030978148140512 0.6020258984259523 0.1443118238957358 0.6086695367665758 0.15747520235844156 0.6998076290539457
1 0.2750910372128023 0.5684784242918297 0.19935200537868458 0.5629157244250267 0.19053691066342512 0.6829377919904855 0.26627594249754283 0.6885004918572886
1 0.32828312917262525 0.5319335054219225 0.2675939117449363 0.49247545193092135 0.22853085850807248 0.5525571316271101 0.2892200759357614 0.5920151851181112
1 0.3629560777296738 0.6230896562981882 0.3377987510968431 0.5553744296815154 0.2542971509305363 0.5863966551794743 0.279454477563367 0.6541118817961471
1 0.35312910437417383 0.5378308876021127 0.3225161923048453 0.41860015092985803 0.2757305788430385 0.430612522160549 0.306343490912367 0.5498432588328037
1 0.3860374568022677 0.4943446102150224 0.368858912123139 0.4165599265830413 0.32446649767847646 0.4263638756298751 0.3416450423576052 0.5041485592618562
1 0.45779093391206355 0.47275808947342773 0.3985018600386553 0.38009191461428615 0.34842101963280986 0.4121343146699482 0.40771009350621823 0.5048004895290898
1 0.43505170786587277 0.6203563239576709 0.3771676351193638 0.48246599197026213 0.31743667030589956 0.5075400596198885 0.3753207430524085 0.6454303916072973
1 0.4212661262376195 0.7398321236557842 0.4020253644165708 0.6245511249091694 0.270987352201595 0.6464217819120093 0.2902281140226437 0.761702780658624
1 0.4836219045224981 0.4969719889065739 0.40687549085815233 0.4897202736616218 0.39747905727333716 0.5891646884670376 0.4742254709376829 0.5964164037119897
1 0.5042540918057011 0.5115182216400507 0.49057618026220345 0.42622899940496983 0.4407665883758737 0.4342170097770319 0.4544444999193714 0.5195062320121127
1 0.570729028906511 0.4284693889365763 0.5219266333277475 0.39686457625666083 0.4758012213974732 0.46808887434228674 0.5246036169762366 0.49969368702220224
1 0.605045746952586 0.46903718136079353 0.55773693757428 0.4422291382512002 0.5084673412725674 0.5291763999388573 0.5557761506508735 0.5559844430484506
1 0.6897878763614995 0.40254702564675204 0.64307424467729 0.4010756433114023 0.6404769880321294 0.48353367437275363 0.687190619716339 0.4850050567081034
1 0.7450837729457556 0.547980086841932 0.727584013426773 0.44504650135127966 0.67013055513785 0.454814175320835 0.6876303146568326 0.5577477608114874
1 0.7833733132419204 0.5319040553484957 0.7789835627001243 0.4583444724314679 0.7306100534861353 0.4612312158013999 0.7349998040279313 0.5347907987184277
1 0.74563054755043 0.44253630523081444 0.7428231156707489 0.39797095479293654 0.7111199577230499 0.3999681219964796 0.713927389602731 0.4445334724343576
1 0.8029204841299947 0.5281573895642355 0.8022948271463557 0.49058039354988825 0.7786037385991502 0.49097485017419923 0.7792293955827893 0.5285518461885466
1 0.7232075097768689 0.6503017700124322 0.7134447510242496 0.5928723416501489 0.6655582881091517 0.6010128368333361 0.6753210468617711 0.6584422651956193
1 0.6731331024179623 0.6663396618303885 0.6701683705192577 0.5851656585678185 0.6097142948266461 0.5873736330351222 0.6126790267253506 0.6685476362976923
1 0.5356888694715052 0.7478831029691813 0.4513718931179744 0.746655524829515 0.44984473311666673 0.8515494697097321 0.5341617094701975 0.8527770478493985
1 0.44232920188898506 0.7531299697357585 0.3919699516488161 0.7522364301278 0.39020972504879364 0.8514415364715948 0.4405689752889626 0.8523350760795534
1 0.37389152338063936 0.7804666865819101 0.3346402256230386 0.7614018613131007 0.3040858513162611 0.8243082256150384 0.3433371490738618 0.8433730508838476
1 0.33367457684129426 0.7778628763111557 0.2913693334815789 0.7518959433190048 0.2460627524149738 0.8257092788561193 0.2883679957746892 0.8516762118482702
1 0.27175843212355477 0.7671751168964672 0.22500681562258018 0.765988888932878 0.22199331103261696 0.8847571318325034 0.2687449275335915 0.8859433597960924
1 0.2311975024211863 0.7733801397496228 0.17477177518806078 0.7655223215733196 0.16263196092978927 0.8526963732793991 0.2190576881629148 0.8605541914557024
1 0.23759815741167203 0.876066644166302 0.16111332302383458 0.8375425193093669 0.11569334021447979 0.9277182176794898 0.19217817460231723 0.9662423425364249
1 0.4103444119160679 0.801624558071854 0.3494516780747342 0.7943592728235724 0.3306540232266567 0.9519085712184268 0.3915467570679904 0.9591738564667083
1 0.2548694551265006 0.8948494021995327 0.20904424857707715 0.8883576602319134 0.19353043177753118 0.9978696930199078 0.23935563832695467 1.004361434987527
1 0.48198235579887394 0.8288447623475074 0.4198293217881101 0.8272057936717274 0.41694386197257016 0.936628313273334 0.4790968959833338 0.9382672819491139
1 0.5964061373713448 0.8369441739428408 0.5814746583292332 0.7381770292145061 0.5289585888633603 0.7461163352738298 0.543890067905472 0.8448834800021645
1 0.591534195909982 0.8813973918117419 0.5326165631496929 0.8148507988032414 0.45247383943739516 0.8858058898247654 0.5113914721976844 0.9523524828332659
1 0.6218406508656578 0.9177496880529263 0.6059751869541182 0.8297449866044774 0.5599788455884023 0.8380371946568858 0.5758443094999418 0.9260418961053347
1 0.6817524126240808 0.9015516442912352 0.6332544106153333 0.7334505237653073 0.5734588137150336 0.7507018482628005 0.6219568157237811 0.9188029687887285
1 0.7208068818781936 0.8566399806232635 0.715646703149034 0.7412945054903577 0.6532858020231481 0.7440843279359305 0.6584459807523078 0.8594298030688362
1 0.7178511864163292 0.9497555962381066 0.7040365956474036 0.8603682866677762 0.649144030532438 0.8688517987788907 0.6629586213013635 0.9582391083492212
1 0.7388484678597573 0.7658143135127452 0.7151046875000002 0.7656250000000002 0.7145625327099456 0.8336222817016022 0.7383063130697026 0.8338115952143473
1 0.8994796875000001 0.9310656249999999 0.8270828124999999 0.9310656249999999 0.8270828124999999 0.99908125 0.8994796875000001 0.99908125
1 0.36847718214647285 0.8752443202967358 0.3081413080020762 0.8110331602938297 0.202219839045022 0.9105620337777101 0.26255571318941867 0.9747731937806161