1 0.70625 0.6203125 0.5734375 0.6203125 0.5734375 0.7203125 0.70625 0.7203125
1 0.5453125000000001 0.653125 0.409375 0.653125 0.4093750000000001 0.7359375 0.5453125000000002 0.7359375
1 0.5875 0.546875 0.4984375 0.546875 0.4984375 0.5796875 0.5875 0.5796875
1 0.475 0.5015625 0.3812500000000001 0.5015625 0.3812500000000001 0.55 0.475 0.55
1 0.85625 0.21250000000000008 0.65625 0.21250000000000008 0.65625 0.3218750000000001 0.85625 0.3218750000000001
1 0.9609375 0.29375000000000007 0.7828125 0.29375000000000007 0.7828125 0.40625000000000017 0.9609375 0.40625000000000017
1 0.728125 0.5109375 0.653125 0.5109375 0.653125 0.5515625000000001 0.728125 0.5515625000000002
1 0.7265625 0.4468750000000001 0.6390625 0.446875 0.6390625 0.5140625000000001 0.7265625 0.5140625000000002
1 0.5390625 0.415625 0.4453125 0.415625 0.4453125 0.4671875 0.5390625 0.4671875
1 0.19375000000000003 0.4203125 0.04062500000000006 0.4203125 0.04062500000000006 0.4828125 0.19375000000000003 0.4828125
1 0.14843750000000006 0.3171875 0.03437500000000003 0.3171875 0.03437500000000004 0.39375 0.14843750000000006 0.39375
1 0.1671875000000001 0.546875 0.03906250000000007 0.546875 0.03906250000000007 0.6390625 0.1671875000000001 0.6390625
1 0.3500000000000001 0.6296875 0.17343750000000008 0.6296875 0.17343750000000008 0.7109375 0.3500000000000001 0.7109375
1 0.2906250000000001 0.5796875 0.1687500000000001 0.5796875 0.1687500000000001 0.634375 0.2906250000000001 0.634375
1 0.21250000000000008 0.759375 0.1062500000000001 0.759375 0.1062500000000001 0.825 0.21250000000000008 0.825
1 0.2375000000000001 0.8 0.17187500000000008 0.8 0.17187500000000008 0.846875 0.2375000000000001 0.846875
1 0.5281250000000002 0.7375 0.3984375000000001 0.7375 0.3984375000000001 0.7984375 0.5281250000000002 0.7984375
1 0.546875 0.22031250000000008 0.3734375 0.22031250000000008 0.3734375 0.30937500000000007 0.546875 0.30937500000000007
1 0.415625 0.32500000000000007 0.321875 0.325 0.321875 0.409375 0.415625 0.409375
1 0.55 0.3578125000000001 0.396875 0.3578125000000001 0.39687500000000003 0.4203125 0.55 0.4203125
1 0.5109375 0.5765625 0.40625 0.5765625 0.40625 0.61875 0.5109375 0.61875
1 0.5078125 0.553125 0.41875 0.553125 0.41875 0.5828125 0.5078125 0.5828125
1 0.49375 0.6171875 0.4203125 0.6171875 0.4203125 0.659375 0.49375 0.659375
1 0.5875 0.6015625 0.4859375 0.6015625 0.4859375 0.684375 0.5875 0.684375
1 0.7328125 0.6609375000000001 0.6859375 0.6609375 0.6859375 0.7046875000000001 0.7328125 0.7046875000000001
1 0.790625 0.6375000000000001 0.7 0.6375 0.7 0.6890625000000001 0.790625 0.6890625000000001
1 0.8484375 0.5843750000000002 0.75 0.5843750000000002 0.75 0.6609375000000002 0.8484375 0.6609375000000002
1 0.7671875 0.5421875 0.5984375 0.5421875 0.5984375 0.6015625000000001 0.7671875 0.6015625000000002
1 0.971875 0.5562500000000001 0.796875 0.5562500000000001 0.796875 0.6343750000000001 0.971875 0.6343750000000001
1 0.9671875 0.6546875000000002 0.875 0.6546875000000002 0.875 0.7437500000000001 0.9671875 0.7437500000000001
1 0.921875 0.7343750000000002 0.81875 0.7343750000000002 0.81875 0.803125 0.921875 0.803125
1 0.9015625 0.7937500000000002 0.809375 0.7937500000000002 0.809375 0.86875 0.9015625 0.86875
1 0.6812500000000001 0.8171875 0.5765625000000002 0.8171875 0.5765625000000002 0.8984375 0.6812500000000001 0.8984375
1 0.5656250000000002 0.7953125 0.4984375000000002 0.7953125 0.4984375000000002 0.8453125 0.5656250000000002 0.8453125
1 0.2984375000000001 0.5 0.18750000000000006 0.5 0.18750000000000006 0.5484375 0.2984375000000001 0.5484375
1 0.4359375 0.409375 0.32500000000000007 0.409375 0.32500000000000007 0.4984375 0.4359375 0.4984375
1 0.1609375 0.1484375 0.007812500000000019 0.1484375 0.007812500000000024 0.215625 0.16093750000000004 0.215625
1 0.14375000000000004 0.2046875 0.026562500000000024 0.2046875 0.026562500000000027 0.29375 0.14375000000000004 0.29375
1 0.2375 0.18281250000000002 0.13593750000000004 0.1828125 0.13593750000000004 0.26875 0.2375 0.26875
1 0.18750000000000006 0.290625 0.08125000000000004 0.290625 0.08125000000000004 0.3546875 0.18750000000000006 0.3546875
1 0.13437500000000005 0.3890625 0.035937500000000046 0.3890625 0.03593750000000005 0.4234375 0.13437500000000005 0.4234375
1 0.8703125 0.37968750000000007 0.7015625 0.37968750000000007 0.7015625 0.44218750000000007 0.8703125 0.4421875000000002
1 0.9921875 0.16406250000000014 0.909375 0.16406250000000014 0.909375 0.2812500000000001 0.9921875 0.2812500000000001
1 0.40312500000000007 0.7203125 0.2906250000000001 0.7203125 0.2906250000000001 0.7734375 0.4031250000000002 0.7734375
1 0.18906250000000005 0.478125 0.06875000000000006 0.478125 0.06875000000000006 0.5328125 0.18906250000000005 0.5328125
1 0.2468750000000001 0.5265625 0.12500000000000006 0.5265625 0.12500000000000006 0.584375 0.2468750000000001 0.584375
1 0.528125 0.08125000000000006 0.4109375 0.08125000000000004 0.4109375 0.15468750000000003 0.528125 0.15468750000000003
1 0.765625 0.5875000000000001 0.6828125 0.5875 0.6828125 0.6375000000000001 0.765625 0.6375000000000002
1 0.48125000000000007 0.6953125 0.3968750000000001 0.6953125 0.3968750000000001 0.75 0.4812500000000002 0.75
1 0.3921875000000001 0.7625 0.2843750000000001 0.7625 0.2843750000000001 0.8234375 0.3921875000000001 0.8234375
1 0.8671875 0.4796875000000001 0.7125 0.4796875 0.7125 0.565625 0.8671875 0.5656250000000002
1 0.1703125000000001 0.6875 0.06875000000000009 0.6875 0.06875000000000009 0.7390625 0.1703125000000001 0.7390625
1 0.421875 0.66875 0.3468750000000001 0.66875 0.3468750000000001 0.7109375 0.421875 0.7109375
1 0.503125 0.27031250000000007 0.3484375 0.2703125 0.3484375 0.36250000000000004 0.503125 0.3625000000000001
1 0.965625 0.43750000000000017 0.8546875 0.43750000000000017 0.8546875 0.5171875000000001 0.965625 0.5171875000000001
1 0.2843750000000001 0.7484375 0.2156250000000001 0.7484375 0.2156250000000001 0.790625 0.2843750000000001 0.790625
1 0.1609375000000001 0.625 0.07343750000000007 0.625 0.07343750000000007 0.6921875 0.1609375000000001 0.6921875
1 0.646875 0.2843750000000001 0.5390625 0.2843750000000001 0.5390625 0.3828125000000001 0.646875 0.3828125000000001
1 0.8046875 0.15781250000000008 0.6546875 0.15781250000000008 0.6546875 0.2234375000000001 0.8046875 0.2234375000000001
1 0.875 0.4390625000000001 0.721875 0.4390625 0.721875 0.48906250000000007 0.875 0.4890625000000002
1 0.6171875000000002 0.74375 0.5218750000000002 0.74375 0.5218750000000002 0.803125 0.6171875000000002 0.803125
1 0.65 0.409375 0.5375 0.409375 0.5375 0.475 0.65 0.475
1 0.11093750000000006 0.5125 0.010937500000000063 0.5125 0.010937500000000069 0.5796875 0.11093750000000009 0.5796875
1 0.4671875 0.17812500000000003 0.3625 0.17812500000000003 0.3625 0.23593750000000005 0.4671875 0.23593750000000008
1 0.6750000000000002 0.7296875 0.6156250000000002 0.7296875 0.6156250000000002 0.7703125 0.6750000000000002 0.7703125
1 0.80625 0.5421875 0.7078125 0.5421875 0.7078125 0.5875000000000001 0.80625 0.5875000000000001
1 0.45 0.10937500000000004 0.3484375 0.10937500000000004 0.3484375 0.17968750000000006 0.45 0.17968750000000006
1 0.734375 0.3453125000000001 0.6421875 0.3453125000000001 0.6421875 0.4093750000000001 0.734375 0.40937500000000016
1 0.596875 0.5734375 0.50625 0.5734375 0.50625 0.609375 0.596875 0.609375
1 0.5484375 0.17968750000000006 0.46875 0.17968750000000006 0.46875 0.2484375000000001 0.5484375 0.2484375000000001
1 0.7875 0.3062500000000001 0.653125 0.3062500000000001 0.653125 0.3734375000000001 0.7875 0.3734375000000001
1 0.8421875 0.7656250000000002 0.7734375000000002 0.7656250000000002 0.7734375000000002 0.809375 0.8421875 0.809375
1 0.6875 0.5953125 0.6234375 0.5953125 0.6234375 0.628125 0.6875 0.628125
1 0.4046875 0.5140625 0.3078125000000001 0.5140625 0.3078125000000001 0.5671875 0.4046875 0.5671875
1 0.9078125 0.1890625000000001 0.771875 0.18906250000000008 0.771875 0.25468750000000007 0.9078125 0.25468750000000007
1 0.5203125 0.4625 0.3828125000000001 0.4625 0.3828125000000001 0.521875 0.5203125 0.521875
1 0.7437500000000001 0.865625 0.6468750000000002 0.865625 0.6468750000000002 0.91875 0.7437500000000001 0.91875
1 0.9171875 0.6140625000000002 0.8390625 0.6140625000000002 0.8390625 0.6593750000000002 0.9171875 0.6593750000000002
1 0.434375 0.565625 0.3765625000000001 0.565625 0.3765625000000001 0.5921875 0.434375 0.5921875
1 0.596875 0.6796875 0.484375 0.6796875 0.4843750000000001 0.7484375 0.5968750000000002 0.7484375
1 0.4203125 0.5640625 0.2734375000000001 0.5640625 0.2734375000000001 0.665625 0.4203125 0.665625
1 0.890625 0.7109375000000002 0.78125 0.7109375000000002 0.7812500000000001 0.7515625000000001 0.890625 0.7515625000000001
1 0.09531250000000009 0.6671875 0.014062500000000084 0.6671875 0.014062500000000085 0.7109375 0.09531250000000009 0.7109375
1 0.3062500000000001 0.559375 0.2468750000000001 0.559375 0.2468750000000001 0.6078125 0.3062500000000001 0.6078125
1 0.08125000000000009 0.6390625 0.004687500000000078 0.6390625 0.0046875000000000805 0.678125 0.08125000000000009 0.678125
1 0.22812500000000008 0.6265625 0.1515625000000001 0.6265625 0.1515625000000001 0.696875 0.22812500000000008 0.696875
1 0.5921875 0.68125 0.525 0.68125 0.525 0.7140625 0.5921875 0.7140625
1 0.08437500000000007 0.5796875 0.012500000000000072 0.5796875 0.012500000000000075 0.6421875 0.08437500000000009 0.6421875
1 0.86875 0.4828125000000002 0.80625 0.4828125000000002 0.80625 0.5218750000000002 0.86875 0.5218750000000002
1 0.1296875000000001 0.8109375 0.0140625000000001 0.8109375 0.014062500000000103 0.853125 0.1296875000000001 0.853125
1 0.5703125 0.515625 0.48125 0.515625 0.48125 0.546875 0.5703125 0.546875