1 0.4312500000000001 0.6296875 0.3265625000000001 0.6296875 0.3265625000000001 0.73125 0.4312500000000002 0.73125
1 0.503125 0.5625 0.3921875000000001 0.5625 0.3921875000000001 0.653125 0.503125 0.653125
1 0.55625 0.16093750000000007 0.4546875 0.16093750000000004 0.4546875 0.23437500000000008 0.55625 0.23437500000000008
1 0.496875 0.4734375 0.3921875000000001 0.4734375 0.3921875000000001 0.5625 0.496875 0.5625
1 0.49687500000000007 0.684375 0.3828125000000001 0.684375 0.3828125000000001 0.775 0.4968750000000002 0.775
1 0.6640625 0.21250000000000008 0.56875 0.21250000000000008 0.56875 0.2953125000000001 0.6640625 0.2953125000000001
1 0.07343750000000009 0.7109375 0.010937500000000086 0.7109375 0.01093750000000009 0.7703125 0.07343750000000009 0.7703125
1 0.09062500000000004 0.2421875 0.004687500000000029 0.2421875 0.004687500000000032 0.284375 0.09062500000000004 0.284375
1 0.79375 0.3968750000000001 0.6921875 0.3968750000000001 0.6921875 0.47343750000000007 0.79375 0.4734375000000002
1 0.18750000000000008 0.61875 0.07968750000000006 0.61875 0.07968750000000008 0.709375 0.18750000000000008 0.709375
1 0.7546875 0.2812500000000001 0.6546875 0.2812500000000001 0.6546875 0.36406250000000007 0.7546875 0.36406250000000007
1 0.057812500000000044 0.3203125 0.004687500000000039 0.3203125 0.0046875000000000415 0.3640625 0.057812500000000044 0.3640625
1 0.35 0.17343750000000005 0.25625 0.17343750000000005 0.25625 0.221875 0.35 0.221875
1 0.509375 0.4171875 0.37187500000000007 0.4171875 0.37187500000000007 0.478125 0.509375 0.478125
1 0.059375000000000046 0.4 0.00625000000000005 0.4 0.0062500000000000515 0.4375 0.059375000000000046 0.4375
1 0.5828125 0.3140625000000001 0.490625 0.3140625000000001 0.490625 0.40625 0.5828125 0.40625
1 0.4078125000000002 0.75 0.3156250000000001 0.75 0.3156250000000001 0.8546875 0.4078125000000002 0.8546875
1 0.675 0.3609375000000001 0.5765625 0.3609375000000001 0.5765625 0.4078125 0.675 0.4078125
1 0.64375 0.1593750000000001 0.5921875 0.1593750000000001 0.5921875 0.2000000000000001 0.64375 0.2000000000000001
1 0.834375 0.6593750000000002 0.7296875 0.6593750000000002 0.7296875 0.7031250000000002 0.834375 0.7031250000000002
1 0.8296875 0.7078125000000001 0.7046875 0.7078125 0.7046875000000001 0.7875000000000001 0.8296875 0.7875000000000002
1 0.4171875 0.5125 0.3156250000000001 0.5125 0.3156250000000001 0.571875 0.4171875 0.571875
1 0.12812500000000004 0.3578125 0.010937500000000044 0.3578125 0.010937500000000048 0.4140625 0.12812500000000004 0.4140625
1 0.6671875 0.3062500000000001 0.578125 0.3062500000000001 0.578125 0.3671875000000001 0.6671875 0.3671875000000001
1 0.4578125000000002 0.8078125 0.3531250000000001 0.8078125 0.3531250000000001 0.86875 0.4578125000000002 0.86875
1 0.9984375 0.6234375000000002 0.8203125 0.6234375000000002 0.8203125 0.6984375000000002 0.9984375 0.6984375000000002
1 0.6109375 0.4015625 0.53125 0.4015625 0.53125 0.4375 0.6109375 0.4375
1 0.996875 0.6906250000000002 0.821875 0.6906250000000002 0.821875 0.7562500000000002 0.996875 0.7562500000000002
1 0.2625 0.29375 0.14375000000000004 0.29375 0.14375000000000004 0.3609375 0.2625 0.3609375
1 0.60625 0.5453125 0.4859375 0.5453125 0.4859375 0.6234375 0.60625 0.6234375
1 0.8109375 0.6109375000000001 0.7 0.6109375 0.7 0.6687500000000001 0.8109375 0.6687500000000002
1 0.571875 0.22656250000000008 0.48125 0.22656250000000008 0.48125 0.27812500000000007 0.571875 0.27812500000000007
1 0.09687500000000009 0.65625 0.01093750000000008 0.65625 0.010937500000000084 0.71875 0.09687500000000009 0.71875
1 0.19687500000000008 0.725 0.034375000000000086 0.725 0.03437500000000009 0.8046875 0.19687500000000008 0.8046875
1 0.609375 0.2687500000000001 0.5390625 0.2687500000000001 0.5390625 0.3265625000000001 0.609375 0.3265625000000001
1 0.34062500000000007 0.85 0.2515625000000001 0.85 0.2515625000000001 0.91875 0.34062500000000007 0.91875
1 0.4078125 0.571875 0.3296875000000001 0.571875 0.3296875000000001 0.63125 0.4078125 0.63125
1 0.875 0.5437500000000001 0.6984375 0.54375 0.6984375 0.6109375000000001 0.875 0.6109375000000001
1 0.7968750000000002 0.7859375000000001 0.7078125000000002 0.7859375 0.7078125000000002 0.86875 0.7968750000000002 0.86875
1 0.275 0.19843750000000002 0.15781250000000005 0.1984375 0.15781250000000005 0.2546875 0.275 0.2546875
1 0.5515625000000002 0.7515625 0.4468750000000002 0.7515625 0.4468750000000002 0.8140625 0.5515625000000002 0.8140625
1 0.08906250000000007 0.578125 0.007812500000000073 0.578125 0.007812500000000076 0.65 0.08906250000000009 0.65
1 0.05156250000000005 0.4359375 0.006250000000000052 0.4359375 0.006250000000000056 0.471875 0.05156250000000007 0.471875
1 0.09843750000000007 0.5296875 0.007812500000000064 0.5296875 0.007812500000000068 0.58125 0.09843750000000007 0.58125
1 0.91875 0.4468750000000002 0.7890625 0.4468750000000002 0.7890625 0.5000000000000002 0.91875 0.5000000000000002
1 0.21093750000000006 0.334375 0.11562500000000005 0.334375 0.11562500000000005 0.40625 0.21093750000000008 0.40625
1 0.17968750000000006 0.425 0.039062500000000056 0.425 0.039062500000000056 0.4796875 0.17968750000000006 0.4796875
1 0.5171875 0.2312500000000001 0.39375 0.2312500000000001 0.39375 0.3234375000000001 0.5171875 0.3234375000000001
1 0.64375 0.4328125 0.5078125 0.4328125 0.5078125 0.4890625 0.64375 0.4890625
1 0.2671875000000001 0.84375 0.18750000000000008 0.84375 0.1875000000000001 0.9140625 0.2671875000000001 0.9140625
1 0.4953125 0.34843750000000007 0.3828125 0.34843750000000007 0.38281250000000006 0.4328125 0.4953125 0.4328125
1 0.17656250000000004 0.3921875 0.10625000000000004 0.3921875 0.10625000000000004 0.428125 0.17656250000000004 0.428125
1 0.8765625 0.48125000000000007 0.6859375 0.48125 0.6859375 0.5453125000000001 0.8765625 0.5453125000000002
1 0.5859375 0.4765625 0.4921875 0.4765625 0.4921875 0.5421875 0.5859375 0.5421875
1 0.6093750000000001 0.65 0.4796875 0.65 0.4796875000000001 0.771875 0.6093750000000002 0.771875
1 0.890625 0.3968750000000001 0.78125 0.3968750000000001 0.78125 0.4500000000000002 0.890625 0.4500000000000002
1 0.884375 0.2984375000000001 0.7453125 0.2984375000000001 0.7453125 0.3656250000000001 0.884375 0.3656250000000001
1 0.16562500000000008 0.8015625 0.0125000000000001 0.8015625 0.012500000000000105 0.890625 0.16562500000000008 0.890625
1 0.403125 0.415625 0.32500000000000007 0.415625 0.32500000000000007 0.4578125 0.403125 0.4578125
1 0.08125000000000007 0.48125 0.007812500000000059 0.48125 0.007812500000000062 0.5328125 0.08125000000000007 0.5328125
1 0.16093750000000004 0.284375 0.059375000000000046 0.284375 0.059375000000000046 0.3390625 0.16093750000000004 0.3390625
1 0.47656250000000017 0.8625 0.3265625000000001 0.8625 0.3265625000000001 0.94375 0.47656250000000017 0.94375
1 0.2640625 0.246875 0.14843750000000006 0.246875 0.14843750000000006 0.30625 0.2640625 0.30625
1 0.409375 0.21718750000000003 0.3265625 0.2171875 0.3265625 0.275 0.409375 0.2750000000000001
1 0.978125 0.4984375000000002 0.8515625 0.4984375000000002 0.8515625 0.5765625000000002 0.978125 0.5765625000000002
1 0.971875 0.34062500000000007 0.8859375 0.34062500000000007 0.8859375 0.38750000000000007 0.971875 0.38750000000000007
1 0.253125 0.15625000000000006 0.1859375 0.15625000000000006 0.18593750000000003 0.2046875 0.253125 0.2046875
1 0.0656250000000001 0.765625 0.010937500000000095 0.765625 0.0109375000000001 0.8703125 0.06562500000000011 0.8703125
1 0.2015625000000001 0.84375 0.07500000000000011 0.84375 0.07500000000000011 0.9234375 0.2015625000000001 0.9234375
1 0.94375 0.7562500000000002 0.8203125 0.7562500000000002 0.8203125 0.8453125 0.94375 0.8453125
1 0.46875 0.32343750000000004 0.3515625 0.3234375 0.35156250000000006 0.38750000000000007 0.46875 0.38750000000000007
1 0.8859375 0.7968750000000002 0.7906250000000001 0.7968750000000002 0.7906250000000001 0.8765625 0.8859375 0.8765625
1 1 0.5562500000000001 0.8859375 0.5562500000000001 0.8859375 0.6203125000000002 1 0.6203125000000002
1 1 0.3812500000000001 0.859375 0.3812500000000001 0.859375 0.4359375000000002 1 0.4359375000000002
1 0.6140625000000002 0.8 0.4546875000000002 0.8 0.4546875000000002 0.8703125 0.6140625000000002 0.8703125
1 0.7734375 0.3578125000000001 0.690625 0.3578125000000001 0.690625 0.40312500000000007 0.7734375 0.4031250000000002
1 0.30000000000000004 0.34375 0.2140625 0.34375 0.21406250000000004 0.4296875 0.3000000000000001 0.4296875
1 0.15625000000000006 0.2453125 0.08593750000000003 0.2453125 0.08593750000000003 0.2921875 0.15625000000000006 0.2921875
1 0.403125 0.27031250000000007 0.325 0.2703125 0.325 0.33281250000000007 0.403125 0.33281250000000007
1 0.775 0.1781250000000001 0.6953125 0.1781250000000001 0.6953125 0.22031250000000008 0.775 0.22031250000000008
1 0.975 0.2250000000000001 0.8234375 0.2250000000000001 0.8234375 0.3062500000000001 0.975 0.3062500000000001
1 0.03750000000000002 0.14375 0.0015625000000000174 0.14375 0.00156250000000002 0.1859375 0.03750000000000002 0.1859375
1 0.12500000000000006 0.3234375 0.05468750000000004 0.3234375 0.05468750000000004 0.359375 0.12500000000000006 0.359375
1 0.3859375 0.13437500000000005 0.309375 0.13437500000000005 0.309375 0.18281250000000004 0.3859375 0.18281250000000004
1 0.3234375000000001 0.4546875 0.2250000000000001 0.4546875 0.2250000000000001 0.503125 0.3234375000000001 0.503125
1 0.040625000000000036 0.2578125 0.003125000000000032 0.2578125 0.0031250000000000353 0.3140625 0.040625000000000036 0.3140625
1 1 0.19218750000000012 0.9296875 0.19218750000000012 0.9296875 0.2593750000000001 1 0.2593750000000001