1 0.6983833685817828 0.8321704971292622 0.6544730351351118 0.763339599493855 0.5966467121036858 0.8002296185628296 0.6405570455503566 0.8690605161982369
1 0.7145833100127821 0.6136956712358019 0.7113724059109744 0.5478297489757824 0.6232469400740808 0.5521257856821743 0.6264578441758885 0.6179917079421938
1 0.8429148470437144 0.32814746634996605 0.6494354492656538 0.3228793351026783 0.6476263157377823 0.3893222631623946 0.841105713515843 0.39459039440968235
1 0.791793257853638 0.22240282294677463 0.663021948300873 0.1996787876890256 0.6432558342100236 0.3116883127305816 0.7720271437627886 0.33441234798833064
1 0.42765271864427695 0.3196232445965365 0.3367520736171895 0.2307239043870813 0.2702099759384778 0.29876399991758806 0.3611106209655653 0.3876633401270433
1 0.5639072474339328 0.2793168535564915 0.5594541225274989 0.2229797758674132 0.4320365398352596 0.2330514095814639 0.4364896647416935 0.2893884872705421
1 0.5488990060769783 0.31977453537830414 0.4492673314820568 0.26247413831917027 0.4182851111155963 0.31634480337920035 0.5179167857105178 0.37364520043833427
1 0.10743978727311738 0.6849680758269232 0.09865470797403246 0.6268566407371762 0.0017201985078527994 0.6415108538221416 0.010505277806937708 0.6996222889118886
1 0.18834215809790397 0.18985381799242862 0.042963509143897835 0.18668794720242268 0.04126648201162025 0.2646164313678634 0.1866451309656264 0.2677823021578693
1 0.7815789505969072 0.1996415731203381 0.7799006481819275 0.1358915377257724 0.6425804379715234 0.13950667047033033 0.644258740386503 0.20325670586489605
1 0.6660239306418705 0.7738622458441867 0.6645648772366526 0.7186567820500802 0.6131776826540591 0.7200149204676826 0.6146367360592769 0.775220384261789
1 0.5014507206936681 0.16782216885717163 0.39879944215583024 0.12161947940021575 0.3701499603033863 0.18527174675014596 0.47280123884122416 0.2314744362071018
1 0.3954428423737558 0.5367003309271368 0.39328625993737537 0.49336512232574775 0.2675443743815354 0.49962268403270577 0.26970095681791584 0.5429578926340948
1 0.1813315196971922 0.37542840072238465 0.056037773208562645 0.32290800835865774 0.033544561246281156 0.37656828526213976 0.1588383077349107 0.42908867762586667
1 0.5228796562731184 0.40037561208263445 0.522209346307011 0.34555696207662556 0.37109952230089116 0.347404698585951 0.37176983226699856 0.40222334859195996
1 0.24706923916690454 0.18916292671411244 0.2252913072019342 0.14762286468558522 0.1747245726018453 0.17413315022765266 0.19650250456681562 0.21567321225617983
1 0.11746237049197365 0.7750935045608636 0.10542681573339466 0.7450442455493222 0.0550641610559909 0.7652158740052682 0.0670997158145699 0.7952651330168095
1 0.11685675107154561 0.8113536107853114 0.1027340064815759 0.7796880496724921 0.05384848227102403 0.8014908457799927 0.06797122686099373 0.8331564068928122
1 0.027284375000000076 0.6342453124999999 7.767264918273377e-17 0.6342453124999999 8.071360026586654e-17 0.6839078125 0.027284375000000083 0.6839078125
1 0.05467812500000004 0.2941828125 3.602700396922909e-17 0.2941828125 4.101983156403414e-17 0.375721875 0.05467812500000004 0.375721875
1 0.06398247456130542 0.2624289607117967 0.0625196751421164 0.2033340366509458 -0.0009412033318119524 0.20490490822152765 0.0005215960873770596 0.26399983228237855
1 0.06292968750000003 0.1436 1.7585928035755993e-17 0.1436 2.1375061772742852e-17 0.20548125 0.06292968750000003 0.20548125
1 0.13064696966043238 0.18669422637537908 0.11951635098669186 0.14320511847061348 0.055308693777446225 0.15963845046480796 0.06643931245118675 0.20312755836957358
1 0.17615852354024092 0.1342583152245523 0.10774584812145926 0.1295958943944467 0.10490617407349394 0.17126302527293275 0.17331884949227558 0.17592544610303837
1 0.2440249728493605 0.11304477926390896 0.16040217772257362 0.10382521476994536 0.1549618976287418 0.1531693489767938 0.2385846927555287 0.1623889134707574
1 0.39598550971530216 0.22214574114923039 0.3717104945037656 0.14918715325489926 0.29809344983701547 0.17368125231424497 0.322368465048552 0.2466398402085761
1 0.45530909149004267 0.2252150319815162 0.3892885523854056 0.1863800454115214 0.34890528366100926 0.25503270651613497 0.4149258227656464 0.2938676930861298
1 0.5896477349505962 0.14909367643830285 0.49561101163768895 0.14025576204686557 0.4876370894012754 0.22509948035565067 0.5816738127141827 0.23393739474708797
1 0.6492384588690074 0.2513850018908953 0.595802582673502 0.18450825561011 0.5421542891625164 0.2273743298374206 0.5955901653580218 0.2942510761182059
1 0.5495590330159151 0.4380861330034354 0.5481056698186764 0.405315419465696 0.48711782399312414 0.4080201970256857 0.48857118719036297 0.44079091056342506
1 0.4986395553646615 0.4613252923526615 0.47842799594116714 0.40477435522484706 0.39085401711651147 0.43607368936259705 0.41106557654000575 0.49262462649041155
1 0.48747690081787554 0.5915026011814655 0.4382022658017387 0.5788997043167594 0.4260448271900614 0.6264326927044618 0.4753194622061982 0.6390355895691678
1 0.8522291913247286 0.19765453731919186 0.6805353464236179 0.19722731168462554 0.6803700512225297 0.26365630452197103 0.8520638961236404 0.26408353015653735
1 0.9197614752606323 0.17304822556519603 0.8978963799018704 0.11724570427683849 0.7891283492830895 0.15986426893227787 0.8109934446418515 0.21566679022063542
1 1.0020946981500174 0.19834626950374087 0.9757030000932021 0.1513005167066972 0.8798717779837165 0.2050598579428752 0.906263476040532 0.2521056107399189
1 0.9879827533873643 0.2762176569109184 0.8925030246883402 0.2712656107930242 0.8885471665888863 0.3475379735932927 0.9840268952879103 0.3524900197111869
1 0.2927081623208089 0.22927447801867573 0.23406474533669913 0.17933876039089452 0.19790225133419764 0.22180720413654403 0.25654566831830744 0.27174292176432524
1 0.2191834701192275 0.2993625201100181 0.20141556665562382 0.24368264774722062 0.0812501835053179 0.28202840604152557 0.09901808696892159 0.3377082784043231
1 0.08189699439840023 0.5024438462566345 0.0008337093719036959 0.49683747348384777 -0.001970529688698519 0.5373843367526344 0.07909275533779803 0.5429907095254212