1 0.375 0.23593750000000005 0.3046875 0.2359375 0.3046875 0.31562500000000004 0.375 0.3156250000000001
1 0.8203125 0.4156250000000002 0.7734375 0.4156250000000002 0.7734375 0.48750000000000016 0.8203125 0.48750000000000016
1 0.6734375 0.4109375 0.6046875 0.4109375 0.6046875 0.5 0.6734375 0.5
1 0.6140625 0.1390625000000001 0.559375 0.1390625000000001 0.559375 0.2250000000000001 0.6140625 0.2250000000000001
1 0.425 0.33281250000000007 0.371875 0.33281250000000007 0.37187500000000007 0.45625 0.425 0.45625
1 0.6515625 0.19687500000000008 0.590625 0.19687500000000008 0.590625 0.2734375000000001 0.6515625 0.2734375000000001
1 0.36406250000000007 0.3296875 0.2859375 0.3296875 0.28593750000000007 0.421875 0.36406250000000007 0.421875
1 0.471875 0.2328125000000001 0.428125 0.2328125000000001 0.428125 0.3218750000000001 0.471875 0.3218750000000001
1 0.653125 0.11562500000000009 0.6078125 0.11562500000000009 0.6078125 0.2000000000000001 0.653125 0.2000000000000001
1 0.5625 0.33281250000000007 0.5140625 0.33281250000000007 0.5140625 0.4296875 0.5625 0.4296875
1 0.38750000000000007 0.5234375 0.27812500000000007 0.5234375 0.27812500000000007 0.6421875 0.38750000000000007 0.6421875
1 0.6546875 0.3234375000000001 0.603125 0.3234375000000001 0.603125 0.4171875 0.6546875 0.4171875
1 0.465625 0.14062500000000006 0.4171875 0.14062500000000006 0.4171875 0.24375000000000008 0.465625 0.24375000000000008
1 0.5328125 0.421875 0.484375 0.421875 0.484375 0.5 0.5328125 0.5
1 0.7109375 0.08593750000000008 0.646875 0.08593750000000008 0.646875 0.1937500000000001 0.7109375 0.1937500000000001
1 0.4140625 0.03906250000000005 0.3625 0.03906250000000004 0.3625 0.11718750000000004 0.4140625 0.11718750000000004
1 0.725 0.3156250000000001 0.665625 0.3156250000000001 0.665625 0.3906250000000001 0.725 0.3906250000000001
1 0.3859375000000001 0.39062500000000006 0.2890625000000001 0.390625 0.2890625000000001 0.53125 0.3859375000000001 0.53125
1 0.821875 0.3390625000000001 0.775 0.3390625000000001 0.775 0.3984375000000001 0.821875 0.3984375000000001
1 0.4734375 0.08125000000000006 0.409375 0.08125000000000004 0.409375 0.15937500000000004 0.4734375 0.15937500000000004
1 0.271875 0.2359375 0.18906250000000005 0.2359375 0.18906250000000005 0.33125 0.271875 0.33125
1 0.45 0.4515625 0.37187500000000007 0.4515625 0.37187500000000007 0.5625 0.45 0.5625
1 0.60625 0.3218750000000001 0.5609375 0.3218750000000001 0.5609375 0.4234375 0.60625 0.4234375
1 0.4671875 0.3312500000000001 0.425 0.3312500000000001 0.425 0.4046875 0.4671875 0.4046875
1 0.5828125000000002 0.73125 0.5109375000000002 0.73125 0.5109375000000002 0.8390625 0.5828125000000002 0.8390625
1 0.6046875 0.4625 0.53125 0.4625 0.53125 0.5453125 0.6046875 0.5453125
1 0.5890625 0.09375000000000007 0.546875 0.09375000000000007 0.546875 0.15781250000000008 0.5890625 0.15781250000000008
1 0.43125 0.23593750000000008 0.3734375 0.23593750000000008 0.3734375 0.3234375000000001 0.43125 0.3234375000000001
1 0.28593750000000007 0.3296875 0.2203125 0.3296875 0.22031250000000005 0.4390625 0.28593750000000007 0.4390625
1 0.1531250000000001 0.65 0.07812500000000008 0.65 0.07812500000000008 0.746875 0.1531250000000001 0.746875
1 0.6796875 0.3734375000000001 0.6421875 0.3734375000000001 0.6421875 0.440625 0.6796875 0.440625
1 0.2828125 0.12968750000000004 0.2296875 0.12968750000000004 0.2296875 0.19531250000000006 0.2828125 0.19531250000000006
1 0.5484375 0.16875000000000007 0.49375 0.16875000000000004 0.49375 0.3156250000000001 0.5484375 0.3156250000000001
1 0.48750000000000016 0.8125 0.4046875000000002 0.8125 0.4046875000000002 0.91875 0.48750000000000016 0.91875
1 0.503125 0.14531250000000004 0.4609375 0.14531250000000004 0.4609375 0.27812500000000007 0.503125 0.27812500000000007
1 0.6421875 0.06718750000000008 0.60625 0.06718750000000007 0.60625 0.1296875000000001 0.6421875 0.1296875000000001
1 0.3296875 0.17031250000000003 0.29375 0.17031250000000003 0.29375 0.2453125 0.3296875 0.2453125
1 0.4171875 0.10781250000000005 0.334375 0.10781250000000005 0.334375 0.24218750000000006 0.4171875 0.24218750000000008
1 0.7234375 0.3828125000000001 0.671875 0.3828125000000001 0.671875 0.515625 0.7234375 0.515625
1 0.53125 0.30156250000000007 0.4640625 0.30156250000000007 0.4640625 0.4328125 0.53125 0.4328125
1 0.6875 0.032812500000000085 0.6390625 0.03281250000000008 0.6390625 0.10000000000000009 0.6875 0.10000000000000009
1 0.5937500000000001 0.646875 0.51875 0.646875 0.51875 0.7359375 0.5937500000000002 0.7359375
1 0.2796875000000001 0.66875 0.2234375000000001 0.66875 0.2234375000000001 0.765625 0.2796875000000001 0.765625
1 0.6703125 0.64375 0.6296875 0.64375 0.6296875 0.7171875 0.6703125 0.7171875
1 0.23593750000000008 0.73125 0.14062500000000008 0.73125 0.14062500000000008 0.853125 0.23593750000000008 0.853125
1 0.23437500000000008 0.390625 0.15156250000000004 0.390625 0.15156250000000004 0.496875 0.23437500000000008 0.496875
1 0.3765625000000001 0.6578125 0.3296875000000001 0.6578125 0.3296875000000001 0.753125 0.3765625000000001 0.753125
1 0.35625000000000007 0.7421875 0.29375000000000007 0.7421875 0.29375000000000007 0.86875 0.35625000000000007 0.86875
1 0.15000000000000008 0.5515625 0.08750000000000006 0.5515625 0.08750000000000008 0.6546875 0.15000000000000008 0.6546875
1 0.2390625000000001 0.4796875 0.17968750000000006 0.4796875 0.17968750000000006 0.5578125 0.2390625000000001 0.5578125
1 0.36875 0.08125000000000004 0.3171875 0.08125000000000004 0.3171875 0.16718750000000004 0.36875 0.16718750000000004
1 0.7890625 0.2906250000000001 0.7390625 0.2906250000000001 0.7390625 0.3843750000000001 0.7890625 0.3843750000000001
1 0.7375 0.6421875000000001 0.6953125 0.6421875 0.6953125 0.6953125000000001 0.7375 0.6953125000000002
1 0.2140625000000001 0.828125 0.12656250000000008 0.828125 0.1265625000000001 0.9359375 0.2140625000000001 0.9359375
1 0.7234375000000001 0.6796875 0.6609375 0.6796875 0.6609375000000001 0.7625 0.7234375000000002 0.7625
1 0.4109375000000002 0.746875 0.3515625000000001 0.746875 0.3515625000000001 0.85625 0.4109375000000002 0.85625
1 0.3375000000000001 0.6390625 0.2750000000000001 0.6390625 0.2750000000000001 0.78125 0.3375000000000001 0.78125
1 0.2921875000000001 0.75625 0.22812500000000008 0.75625 0.22812500000000008 0.846875 0.2921875000000001 0.846875
1 0.2718750000000001 0.4359375 0.2328125000000001 0.4359375 0.2328125000000001 0.5375 0.2718750000000001 0.5375
1 0.45000000000000007 0.653125 0.3734375000000001 0.653125 0.3734375000000001 0.821875 0.4500000000000002 0.821875
1 0.440625 0.017187500000000053 0.396875 0.01718750000000005 0.396875 0.08750000000000005 0.440625 0.08750000000000005
1 0.5140625000000001 0.65 0.4359375 0.65 0.4359375000000001 0.83125 0.5140625000000002 0.83125
1 0.7375 0.007812500000000087 0.6828125 0.007812500000000083 0.6828125 0.08906250000000009 0.7375 0.08906250000000009
1 0.303125 0.2171875 0.25625 0.2171875 0.25625 0.275 0.303125 0.275
1 0.4125000000000002 0.846875 0.3203125000000001 0.846875 0.3203125000000001 0.96875 0.4125000000000002 0.96875
1 0.6125 0.023437500000000076 0.5765625 0.023437500000000073 0.5765625 0.1140625000000001 0.6125 0.1140625000000001
1 0.2312500000000001 0.665625 0.1781250000000001 0.665625 0.1781250000000001 0.74375 0.2312500000000001 0.74375
1 0.23125 0.018750000000000024 0.1640625 0.018750000000000024 0.1640625 0.13906250000000003 0.23125 0.13906250000000003
1 0.265625 0.18125000000000005 0.1953125 0.18125000000000005 0.19531250000000003 0.246875 0.265625 0.246875
1 0.4921875 0.403125 0.428125 0.403125 0.428125 0.515625 0.4921875 0.515625
1 0.7421875000000001 0.7187500000000001 0.7015625 0.71875 0.7015625000000001 0.7781250000000001 0.7421875000000002 0.7781250000000002
1 0.19687500000000008 0.484375 0.13125000000000003 0.484375 0.13125000000000006 0.6125 0.19687500000000008 0.6125
1 0.33125 3.702643056797076e-17 0.2734375 3.348643591418544e-17 0.2734375 0.14375000000000004 0.33125 0.14375000000000004
1 0.290625 0.040625000000000036 0.234375 0.040625000000000036 0.234375 0.14375000000000004 0.290625 0.14375000000000004
1 0.6890625000000001 0.70625 0.60625 0.70625 0.6062500000000001 0.83125 0.6890625000000001 0.83125
1 0.8203125 0.6718750000000002 0.7828125 0.6718750000000002 0.7828125000000001 0.7312500000000002 0.8203125 0.7312500000000002
1 0.7890625000000001 0.6406250000000002 0.7375 0.6406250000000002 0.7375 0.7671875000000001 0.7890625000000002 0.7671875000000001
1 0.3125000000000001 0.50625 0.2500000000000001 0.50625 0.2500000000000001 0.5890625 0.3125000000000001 0.5890625
1 0.2656250000000001 0.8234375 0.20468750000000008 0.8234375 0.20468750000000008 0.921875 0.2656250000000001 0.921875
1 0.21718750000000003 0.3328125 0.14375000000000004 0.3328125 0.14375000000000004 0.409375 0.2171875000000001 0.409375
1 0.7765625 0.49531250000000016 0.740625 0.49531250000000016 0.740625 0.5578125000000002 0.7765625 0.5578125000000002
1 0.7890625 0.3906250000000001 0.75625 0.3906250000000001 0.75625 0.4359375000000002 0.7890625 0.4359375000000002
1 0.5078125 5.912747827133314e-17 0.4578125 5.606586127346476e-17 0.4578125 0.13125000000000003 0.5078125 0.13125000000000003
1 0.3000000000000001 0.4265625 0.2640625000000001 0.4265625 0.2640625000000001 0.50625 0.3000000000000001 0.50625
1 0.8328125 0.7578125000000002 0.7890625000000002 0.7578125000000002 0.7890625000000002 0.8125 0.8328125 0.8125
1 0.8921875 0.7234375000000002 0.8375 0.7234375000000002 0.8375 0.7906250000000001 0.8921875 0.7906250000000001
1 0.3640625 0.026562500000000044 0.328125 0.026562500000000044 0.328125 0.08750000000000005 0.3640625 0.08750000000000005
1 0.2640625000000001 0.5578125 0.12500000000000008 0.5578125 0.12500000000000008 0.703125 0.2640625000000001 0.703125
1 0.578125 0.40625 0.5359375 0.40625 0.5359375 0.4640625 0.578125 0.4640625
1 0.34843750000000007 0.85625 0.2500000000000001 0.85625 0.2500000000000001 0.996875 0.34843750000000007 0.996875
1 0.55625 6.505936120470315e-17 0.50625 6.199774420683476e-17 0.50625 0.12500000000000006 0.55625 0.12500000000000008
1 0.1734375000000001 0.884375 0.10937500000000008 0.884375 0.10937500000000011 0.996875 0.17343750000000013 0.996875
1 0.7828125 0.057812500000000086 0.746875 0.057812500000000086 0.746875 0.10781250000000009 0.7828125 0.10781250000000009
1 0.8453125 0.0453125000000001 0.7890625 0.0453125000000001 0.7890625 0.1218750000000001 0.8453125 0.1218750000000001
1 0.503125 0.509375 0.4671875 0.509375 0.4671875 0.5671875 0.503125 0.5671875