1 0.5421875 0.5453125 0.475 0.5453125 0.475 0.6421875 0.5421875 0.6421875
1 0.6218750000000002 0.74375 0.5781250000000002 0.74375 0.5781250000000002 0.81875 0.6218750000000002 0.81875
1 0.2906250000000001 0.5296875 0.2093750000000001 0.5296875 0.2093750000000001 0.640625 0.2906250000000001 0.640625
1 0.30625 0.328125 0.253125 0.328125 0.25312500000000004 0.390625 0.3062500000000001 0.390625
1 0.415625 0.23593750000000005 0.3453125 0.2359375 0.3453125 0.37968750000000007 0.415625 0.37968750000000007
1 0.484375 0.19687500000000005 0.4125 0.19687500000000005 0.4125 0.3046875000000001 0.484375 0.3046875000000001
1 0.553125 0.08593750000000007 0.48125 0.08593750000000007 0.48125 0.19687500000000008 0.553125 0.19687500000000008
1 0.5359375 0.3578125000000001 0.4890625 0.3578125000000001 0.4890625 0.4265625 0.5359375 0.4265625
1 0.37343750000000003 0.35937500000000006 0.3046875 0.359375 0.30468750000000006 0.4453125 0.3734375000000001 0.4453125
1 0.4890625 0.3828125000000001 0.4015625 0.3828125000000001 0.4015625 0.471875 0.4890625 0.471875
1 0.4953125 0.23437500000000008 0.434375 0.23437500000000008 0.434375 0.3812500000000001 0.4953125 0.3812500000000001
1 0.25 0.11093750000000002 0.1671875 0.1109375 0.16718750000000002 0.19375000000000003 0.25 0.19375000000000003
1 0.6109375 0.5453125 0.54375 0.5453125 0.54375 0.6671875 0.6109375 0.6671875
1 0.7296875 0.6390625000000001 0.6578125 0.6390625 0.6578125000000001 0.7500000000000001 0.7296875000000002 0.7500000000000002
1 0.49375 0.60625 0.4390625 0.60625 0.4390625 0.7109375 0.49375 0.7109375
1 0.46875 0.5484375 0.425 0.5484375 0.425 0.6078125 0.46875 0.6078125
1 0.753125 0.10468750000000009 0.671875 0.10468750000000009 0.671875 0.19531250000000008 0.753125 0.19531250000000008
1 0.5328125000000001 0.65 0.478125 0.65 0.4781250000000001 0.753125 0.5328125000000001 0.753125
1 0.4234375000000001 0.6875 0.3468750000000001 0.6875 0.3468750000000001 0.8359375 0.4234375000000002 0.8359375
1 0.3437500000000001 0.5453125 0.2843750000000001 0.5453125 0.2843750000000001 0.68125 0.3437500000000001 0.68125
1 0.5515625 0.2390625000000001 0.4953125 0.2390625000000001 0.4953125 0.3609375000000001 0.5515625 0.3609375000000001
1 0.428125 0.515625 0.3843750000000001 0.515625 0.3843750000000001 0.6390625 0.428125 0.6390625
1 0.34843750000000007 0.259375 0.30625 0.259375 0.30625 0.3640625 0.34843750000000007 0.3640625
1 0.578125 0.4328125 0.5375 0.4328125 0.5375 0.5203125 0.578125 0.5203125
1 0.7 0.5609375 0.66875 0.5609375 0.66875 0.6421875 0.7 0.6421875
1 0.5328125000000001 0.8890625 0.4703125000000002 0.8890625 0.4703125000000002 1 0.5328125000000001 1
1 0.4390625 0.0015625000000000482 0.353125 0.001562500000000043 0.353125 0.08750000000000005 0.4390625 0.08750000000000005
1 0.47656250000000017 0.8921875 0.41718750000000016 0.8921875 0.41718750000000016 1 0.47656250000000017 1
1 0.7140625000000002 0.89375 0.6406250000000002 0.89375 0.6406250000000002 0.996875 0.7140625000000002 0.996875
1 0.76875 0.44218750000000007 0.675 0.4421875 0.675 0.5406250000000001 0.76875 0.5406250000000001
1 0.21875000000000006 0.275 0.15625000000000006 0.275 0.15625000000000006 0.3734375 0.21875000000000008 0.3734375
1 0.3937500000000001 0.5546875 0.3234375000000001 0.5546875 0.3234375000000001 0.7296875 0.3937500000000001 0.7296875
1 0.7265625 0.21093750000000008 0.615625 0.21093750000000008 0.615625 0.3765625000000001 0.7265625 0.3765625000000001
1 0.65625 0.4359375 0.5765625 0.4359375 0.5765625 0.546875 0.65625 0.546875
1 0.5843750000000002 0.8875 0.5296875000000002 0.8875 0.5296875000000002 1 0.5843750000000002 1
1 0.6734375 0.55 0.60625 0.55 0.60625 0.69375 0.6734375 0.69375
1 0.278125 0.00937500000000003 0.203125 0.009375000000000026 0.203125 0.11718750000000004 0.278125 0.11718750000000004
1 0.2312500000000001 0.646875 0.1546875000000001 0.646875 0.1546875000000001 0.746875 0.2312500000000001 0.746875
1 0.5578125000000002 0.7421875 0.4734375000000002 0.7421875 0.4734375000000002 0.8296875 0.5578125000000002 0.8296875
1 0.634375 0.05468750000000007 0.575 0.05468750000000007 0.575 0.1593750000000001 0.634375 0.1593750000000001
1 0.2984375000000001 0.640625 0.2296875000000001 0.640625 0.2296875000000001 0.8234375 0.2984375000000001 0.8234375
1 0.6671875 0.684375 0.6125 0.684375 0.6125 0.7625 0.6671875000000002 0.7625
1 0.4890625 0.023437500000000056 0.4140625 0.02343750000000005 0.4140625 0.13125000000000003 0.4890625 0.13125000000000003
1 0.6625 0.10000000000000009 0.6109375 0.10000000000000009 0.6109375 0.18750000000000008 0.6625 0.18750000000000008
1 0.640625 0.3187500000000001 0.571875 0.3187500000000001 0.571875 0.44375 0.640625 0.44375
1 0.4156250000000002 0.89375 0.3500000000000001 0.89375 0.3500000000000001 1 0.4156250000000002 1
1 0.8203125 0.34062500000000007 0.7375 0.34062500000000007 0.7375 0.4343750000000002 0.8203125 0.4343750000000002
1 0.828125 0.47187500000000016 0.759375 0.47187500000000016 0.759375 0.5781250000000002 0.828125 0.5781250000000002
1 0.4421875 0.6015625 0.3890625000000001 0.6015625 0.3890625000000001 0.7 0.4421875 0.7
1 0.6578125000000001 0.89375 0.5828125000000002 0.89375 0.5828125000000002 1 0.6578125000000001 1
1 0.6140625 0.21250000000000008 0.5703125 0.21250000000000008 0.5703125 0.3125000000000001 0.6140625 0.3125000000000001
1 0.28593750000000007 0.89375 0.18750000000000008 0.89375 0.1875000000000001 1 0.28593750000000007 1
1 0.3531250000000001 0.68125 0.2953125000000001 0.68125 0.2953125000000001 0.790625 0.3531250000000001 0.790625
1 0.790625 0.2718750000000001 0.7484375 0.2718750000000001 0.7484375 0.3609375000000001 0.790625 0.3609375000000001
1 0.678125 0.3921875000000001 0.621875 0.3921875000000001 0.621875 0.5015625 0.678125 0.5015625
1 0.2296875 0.19843750000000002 0.17031250000000003 0.1984375 0.17031250000000003 0.2796875 0.2296875 0.2796875
1 0.48125000000000007 0.684375 0.421875 0.684375 0.4218750000000001 0.7796875 0.4812500000000002 0.7796875
1 0.3375 0.0015625000000000378 0.2796875 0.001562500000000034 0.2796875 0.08750000000000005 0.3375 0.08750000000000005
1 0.58125 0.2687500000000001 0.53125 0.2687500000000001 0.53125 0.4 0.58125 0.4
1 0.665625 0.3296875000000001 0.6375 0.3296875000000001 0.6375 0.3937500000000001 0.665625 0.3937500000000001
1 0.55625 0.0015625000000000645 0.5 0.001562500000000061 0.5 0.09531250000000006 0.55625 0.09531250000000006
1 0.8375 0.6343750000000001 0.7640625 0.6343750000000001 0.7640625 0.7171875000000002 0.8375 0.7171875000000002
1 0.690625 8.161122809942908e-17 0.6421875 7.864528663274409e-17 0.6421875 0.13281250000000008 0.690625 0.13281250000000008
1 0.3390625000000001 0.89375 0.2609375000000001 0.89375 0.2609375000000001 1 0.3390625000000001 1
1 0.1890625000000001 0.8921875 0.1062500000000001 0.8921875 0.10625000000000011 0.9859375 0.18906250000000013 0.9859375
1 0.2140625 0.015625000000000024 0.1765625 0.01562500000000002 0.1765625 0.10781250000000002 0.2140625 0.10781250000000005
1 0.64375 7.596637175960924e-17 0.596875 7.309610582410764e-17 0.596875 0.10937500000000008 0.64375 0.10937500000000008
1 0.7484375000000002 0.7765625 0.6765625000000002 0.7765625 0.6765625000000002 0.8671875 0.7484375000000002 0.8671875
1 0.6 7.079989307570636e-17 0.55625 6.812097820257152e-17 0.55625 0.09375000000000007 0.6 0.09375000000000007
1 0.7984375000000001 0.953125 0.7484375000000002 0.953125 0.7484375000000002 1 0.7984375000000001 1
1 0.5328125 0.20312500000000008 0.4875 0.20312500000000008 0.4875 0.30156250000000007 0.5328125 0.30156250000000007
1 0.853125 0.8765625 0.7812500000000002 0.8765625 0.7812500000000002 1 0.853125 1
1 0.7859375 9.290094077906876e-17 0.73125 8.955229718765019e-17 0.73125 0.05937500000000009 0.7859375 0.05937500000000009
1 0.3234375 0.18437500000000004 0.2 0.18437500000000004 0.2 0.34375 0.3234375 0.34375
1 0.6187500000000001 0.646875 0.528125 0.646875 0.5281250000000001 0.7796875 0.6187500000000001 0.7796875
1 0.2484375000000001 0.509375 0.12187500000000004 0.509375 0.12187500000000007 0.6515625 0.2484375000000001 0.6515625