1 0.65 0.64375 0.6 0.64375 0.6 0.7109375 0.65 0.7109375
1 0.796875 0.6156250000000002 0.7375 0.6156250000000002 0.7375 0.6859375000000002 0.796875 0.6859375000000002
1 0.4328125 0.4203125 0.3781250000000001 0.4203125 0.3781250000000001 0.490625 0.4328125 0.490625
1 0.6421875 0.2750000000000001 0.5765625 0.2750000000000001 0.5765625 0.3625000000000001 0.6421875 0.3625000000000001
1 0.421875 0.5859375 0.34062500000000007 0.5859375 0.34062500000000007 0.675 0.421875 0.675
1 0.37968750000000007 0.41875 0.33281250000000007 0.41875 0.33281250000000007 0.4828125 0.37968750000000007 0.4828125
1 0.725 0.6203125 0.6796875 0.6203125 0.6796875 0.678125 0.725 0.678125
1 0.4031250000000002 0.88125 0.34843750000000007 0.88125 0.34843750000000007 0.9984375 0.4031250000000002 0.9984375
1 0.5109375 0.528125 0.4640625 0.528125 0.4640625 0.603125 0.5109375 0.603125
1 0.3734375000000001 0.4859375 0.3296875000000001 0.4859375 0.3296875000000001 0.5875 0.3734375000000001 0.5875
1 0.55625 0.55625 0.4921875 0.55625 0.4921875 0.6609375 0.55625 0.6609375
1 0.5625000000000002 0.8734375 0.4890625000000002 0.8734375 0.4890625000000002 0.9890625 0.5625000000000002 0.9890625
1 0.521875 0.15937500000000004 0.459375 0.15937500000000004 0.459375 0.26250000000000007 0.521875 0.26250000000000007
1 0.6609375 0.565625 0.609375 0.565625 0.609375 0.6515625 0.6609375 0.6515625
1 0.2062500000000001 0.4125 0.13593750000000004 0.4125 0.13593750000000004 0.4921875 0.2062500000000001 0.4921875
1 0.5312500000000002 0.7984375 0.48750000000000016 0.7984375 0.48750000000000016 0.890625 0.5312500000000002 0.890625
1 0.303125 0.13906250000000003 0.2453125 0.13906250000000003 0.2453125 0.2484375 0.303125 0.2484375
1 0.796875 0.40625000000000017 0.75625 0.40625000000000017 0.75625 0.4734375000000002 0.796875 0.4734375000000002
1 0.46406250000000016 0.8015625 0.4203125000000002 0.8015625 0.4203125000000002 0.884375 0.46406250000000016 0.884375
1 0.4125 0.528125 0.3671875000000001 0.528125 0.3671875000000001 0.5953125 0.4125 0.5953125
1 0.665625 0.20312500000000008 0.6 0.20312500000000008 0.6 0.2953125000000001 0.665625 0.2953125000000001
1 0.4781250000000001 0.71875 0.43125 0.71875 0.4312500000000001 0.8203125 0.4781250000000002 0.8203125
1 0.59375 0.5453125 0.5484375 0.5453125 0.5484375 0.609375 0.59375 0.609375
1 0.403125 0.07656250000000005 0.33125 0.07656250000000005 0.33125 0.18437500000000004 0.403125 0.18437500000000004
1 0.4328125000000001 0.7203125 0.3750000000000001 0.7203125 0.3750000000000001 0.8453125 0.43281250000000016 0.8453125
1 0.259375 0.21875 0.16093750000000004 0.21875 0.16093750000000004 0.321875 0.259375 0.321875
1 0.628125 0.1515625000000001 0.584375 0.1515625000000001 0.584375 0.22812500000000008 0.628125 0.22812500000000008
1 0.2734375000000001 0.415625 0.2078125000000001 0.415625 0.2078125000000001 0.5375 0.2734375000000001 0.5375
1 0.7203125 0.10000000000000009 0.6671875 0.10000000000000009 0.6671875 0.15781250000000008 0.7203125 0.15781250000000008
1 0.5859375 0.17812500000000006 0.5171875 0.17812500000000003 0.5171875 0.2687500000000001 0.5859375 0.2687500000000001
1 0.5484375 0.4234375 0.496875 0.4234375 0.496875 0.5421875 0.5484375 0.5421875
1 0.4984375 0.415625 0.4328125 0.415625 0.4328125 0.53125 0.4984375 0.53125
1 0.15781250000000002 0.1421875 0.09843750000000002 0.1421875 0.09843750000000002 0.2359375 0.15781250000000005 0.2359375
1 0.2156250000000001 0.490625 0.11093750000000005 0.490625 0.11093750000000006 0.5921875 0.2156250000000001 0.5921875
1 0.38750000000000007 0.721875 0.32500000000000007 0.721875 0.32500000000000007 0.846875 0.38750000000000007 0.846875
1 0.6390625000000002 0.9171875 0.5750000000000002 0.9171875 0.5750000000000002 1 0.6390625000000002 1
1 0.5171875000000001 0.715625 0.471875 0.715625 0.4718750000000001 0.8125 0.5171875000000001 0.8125
1 0.2015625000000001 0.7203125 0.1312500000000001 0.7203125 0.1312500000000001 0.809375 0.2015625000000001 0.809375
1 0.8734375 0.4156250000000002 0.80625 0.4156250000000002 0.80625 0.5078125000000002 0.8734375 0.5078125000000002
1 0.6218750000000002 0.8 0.5546875000000002 0.8 0.5546875000000002 0.9296875 0.6218750000000002 0.9296875
1 0.634375 0.4765625 0.575 0.4765625 0.575 0.5671875 0.634375 0.5671875
1 0.490625 0.06406250000000005 0.41875 0.06406250000000005 0.41875 0.17656250000000004 0.490625 0.17656250000000004
1 0.446875 0.10468750000000004 0.4 0.10468750000000004 0.4 0.2218750000000001 0.446875 0.2218750000000001
1 0.728125 0.2453125000000001 0.6453125 0.2453125000000001 0.6453125 0.3578125000000001 0.728125 0.3578125000000001
1 0.3609375 0.15000000000000005 0.3015625 0.15000000000000005 0.3015625 0.284375 0.3609375 0.284375
1 0.6218750000000001 0.7203125 0.578125 0.7203125 0.5781250000000001 0.8046875 0.6218750000000002 0.8046875
1 0.5796875000000001 0.71875 0.515625 0.71875 0.5156250000000001 0.8296875 0.5796875000000001 0.8296875
1 0.46875 0.5125 0.4109375 0.5125 0.4109375 0.65 0.46875 0.65
1 0.6984375 0.7234375 0.65625 0.7234375 0.6562500000000001 0.8296875 0.6984375000000002 0.8296875
1 0.6609375 0.08593750000000008 0.609375 0.08593750000000007 0.609375 0.20312500000000008 0.6609375 0.20312500000000008
1 0.659375 0.428125 0.60625 0.428125 0.60625 0.525 0.659375 0.525
1 0.55625 6.419828142405267e-17 0.4921875 6.027558464553379e-17 0.4921875 0.10625000000000007 0.55625 0.1062500000000001
1 0.7500000000000002 0.7750000000000001 0.6875000000000002 0.775 0.6875000000000002 0.9 0.7500000000000002 0.9
1 0.5984375 0.6015625 0.5421875 0.6015625 0.5421875 0.6828125 0.5984375 0.6828125
1 0.6015625 0.06562500000000007 0.5515625 0.06562500000000007 0.5515625 0.1906250000000001 0.6015625 0.1906250000000001
1 0.7000000000000002 0.859375 0.6437500000000002 0.859375 0.6437500000000002 0.95 0.7000000000000002 0.95
1 0.69375 0.5125 0.6390625 0.5125 0.6390625 0.621875 0.69375 0.621875
1 0.35625000000000007 0.821875 0.25468750000000007 0.821875 0.25468750000000007 0.9546875 0.35625000000000007 0.9546875
1 0.34062500000000007 0.525 0.21250000000000008 0.525 0.21250000000000008 0.6421875 0.34062500000000007 0.6421875
1 0.5546875 0.09843750000000007 0.5109375 0.09843750000000007 0.5109375 0.18906250000000008 0.5546875 0.18906250000000008
1 0.2812500000000001 0.8203125 0.2015625000000001 0.8203125 0.2015625000000001 0.915625 0.2812500000000001 0.915625
1 0.2062500000000001 0.796875 0.12343750000000009 0.796875 0.12343750000000012 0.909375 0.2062500000000001 0.909375
1 0.7500000000000001 0.721875 0.690625 0.721875 0.690625 0.8125 0.7500000000000002 0.8125
1 0.6859375000000002 0.93125 0.6421875000000001 0.93125 0.6421875000000001 1 0.6859375000000002 1
1 0.6640625000000002 0.7515625 0.6125000000000002 0.7515625 0.6125000000000002 0.8984375 0.6640625000000002 0.8984375
1 0.2203125 0.08125000000000002 0.1375 0.08125000000000002 0.1375 0.2203125 0.2203125 0.2203125
1 0.2625 0.050000000000000024 0.18125 0.050000000000000024 0.18125000000000002 0.18593750000000003 0.2625 0.18593750000000003
1 0.5875 0.41875 0.540625 0.41875 0.540625 0.5109375 0.5875 0.5109375
1 0.3343750000000001 0.384375 0.2671875000000001 0.384375 0.2671875000000001 0.5359375 0.3343750000000001 0.5359375
1 0.75 0.5468750000000001 0.6890625 0.546875 0.6890625 0.628125 0.75 0.6281250000000002
1 0.49218750000000017 0.7875 0.46093750000000017 0.7875 0.46093750000000017 0.84375 0.49218750000000017 0.84375
1 0.5109375 5.922315380251653e-17 0.45625 5.587451021109799e-17 0.45625 0.06093750000000007 0.5109375 0.06093750000000007
1 0.2890625000000001 0.7171875 0.1531250000000001 0.7171875 0.1531250000000001 0.8453125 0.2890625000000001 0.8453125
1 0.70625 0.41875 0.653125 0.41875 0.653125 0.5109375 0.70625 0.5109375
1 0.778125 0.4937500000000002 0.7421875 0.4937500000000002 0.7421875 0.5593750000000002 0.778125 0.5593750000000002