1 0.5515625 0.5578125 0.4625 0.5578125 0.4625 0.66875 0.5515625 0.66875
1 0.5703125 0.2953125000000001 0.490625 0.2953125000000001 0.490625 0.3968750000000001 0.5703125 0.3968750000000001
1 0.7125 0.559375 0.6421875 0.559375 0.6421875 0.665625 0.7125 0.665625
1 0.640625 0.5515625 0.5578125 0.5515625 0.5578125 0.6296875 0.640625 0.6296875
1 0.6296875 0.3468750000000001 0.54375 0.3468750000000001 0.54375 0.4734375 0.6296875 0.4734375
1 0.5671875000000002 0.9296875 0.4781250000000002 0.9296875 0.4781250000000002 1 0.5671875000000002 1
1 0.45625 0.3531250000000001 0.3640625 0.3531250000000001 0.36406250000000007 0.4640625 0.45625 0.4640625
1 0.6671875 0.1984375000000001 0.6046875 0.1984375000000001 0.6046875 0.29375000000000007 0.6671875 0.29375000000000007
1 0.4078125 0.5625 0.29375000000000007 0.5625 0.29375000000000007 0.6703125 0.4078125 0.6703125
1 0.7484375000000001 0.6609375000000001 0.665625 0.6609375 0.6656250000000001 0.7781250000000001 0.7484375000000002 0.7781250000000002
1 0.609375 0.20312500000000008 0.534375 0.20312500000000008 0.534375 0.3203125000000001 0.609375 0.3203125000000001
1 0.8203125 0.6828125000000002 0.7375 0.6828125000000002 0.7375 0.7890625000000002 0.8203125 0.7890625000000002
1 0.634375 0.6125 0.528125 0.6125 0.528125 0.725 0.634375 0.725
1 0.6515625000000002 0.93125 0.5765625000000002 0.93125 0.5765625000000002 1 0.6515625000000002 1
1 0.4875 0.5984375 0.4203125 0.5984375 0.4203125 0.709375 0.4875 0.709375
1 0.47656250000000017 0.928125 0.3984375000000001 0.928125 0.3984375000000001 1 0.47656250000000017 1
1 0.3812500000000001 0.6625 0.2828125000000001 0.6625 0.2828125000000001 0.784375 0.3812500000000001 0.784375
1 0.4578125 0.2531250000000001 0.3765625 0.2531250000000001 0.3765625 0.3687500000000001 0.4578125 0.3687500000000001
1 0.7546875 0.5640625000000001 0.7 0.5640625 0.7 0.6562500000000001 0.7546875 0.6562500000000002
1 0.521875 0.3312500000000001 0.44375 0.3312500000000001 0.44375 0.4796875 0.521875 0.4796875
1 0.4125 0.004687500000000046 0.334375 0.0046875000000000415 0.334375 0.10468750000000004 0.4125 0.10468750000000004
1 0.7578125 0.4484375000000001 0.675 0.4484375 0.675 0.5312500000000001 0.7578125 0.5312500000000002
1 0.4843750000000001 0.7046875 0.38750000000000007 0.7046875 0.38750000000000007 0.834375 0.48437500000000017 0.834375
1 0.7625 0.21093750000000008 0.7078125 0.21093750000000008 0.7078125 0.3031250000000001 0.7625 0.3031250000000001
1 0.33125 0.0031250000000000353 0.24375 0.0031250000000000305 0.24375 0.10312500000000005 0.33125 0.10312500000000005
1 0.34062500000000007 0.378125 0.21250000000000008 0.378125 0.21250000000000008 0.503125 0.34062500000000007 0.503125
1 0.7203125000000001 0.934375 0.6421875000000001 0.934375 0.6421875000000001 1 0.7203125000000001 1
1 0.5296875 0.15625000000000006 0.4515625 0.15625000000000006 0.4515625 0.3156250000000001 0.5296875 0.3156250000000001
1 0.2484375 0.2109375 0.15312500000000004 0.2109375 0.15312500000000004 0.359375 0.2484375 0.359375
1 0.7828125000000001 0.9375 0.7046875000000001 0.9375 0.7046875000000001 1 0.7828125000000001 1
1 0.3234375000000001 0.559375 0.2609375000000001 0.559375 0.2609375000000001 0.6796875 0.3234375000000001 0.6796875
1 0.2468750000000001 0.559375 0.1593750000000001 0.559375 0.1593750000000001 0.696875 0.2468750000000001 0.696875
1 0.5421875 0.6703125 0.4640625 0.6703125 0.4640625000000001 0.83125 0.5421875000000002 0.83125
1 0.14687500000000003 0.390625 0.04062500000000004 0.390625 0.04062500000000006 0.5140625 0.14687500000000003 0.5140625
1 0.7046875 0.3031250000000001 0.6171875 0.3031250000000001 0.6171875 0.434375 0.7046875 0.434375
1 0.7953125 0.5515625000000002 0.7453125 0.5515625000000002 0.7453125 0.6343750000000001 0.7953125 0.6343750000000001
1 0.7093750000000001 0.70625 0.634375 0.70625 0.6343750000000001 0.8453125 0.7093750000000002 0.8453125
1 0.7015625 0.1937500000000001 0.653125 0.1937500000000001 0.653125 0.2984375000000001 0.7015625 0.2984375000000001
1 0.3875 0.18437500000000004 0.3203125 0.18437500000000004 0.3203125 0.34218750000000003 0.3875 0.3421875000000001
1 0.8609375 0.16562500000000008 0.7953125 0.16562500000000008 0.7953125 0.2796875000000001 0.8609375 0.2796875000000001
1 0.2125 0.15937500000000002 0.1171875 0.159375 0.11718750000000003 0.2578125 0.2125 0.2578125
1 0.23281250000000003 0.3234375 0.13125000000000003 0.3234375 0.13125000000000003 0.5125 0.2328125000000001 0.5125
1 0.45 0.559375 0.3968750000000001 0.559375 0.3968750000000001 0.6296875 0.45 0.6296875
1 0.80625 0.2171875000000001 0.753125 0.2171875000000001 0.753125 0.2984375000000001 0.80625 0.2984375000000001
1 0.5921875 0.4671875 0.5578125 0.4671875 0.5578125 0.51875 0.5921875 0.51875
1 0.16250000000000006 0.521875 0.07187500000000006 0.521875 0.07187500000000008 0.6546875 0.1625000000000001 0.6546875
1 0.6515625 0.2734375000000001 0.6 0.2734375000000001 0.6 0.3437500000000001 0.6515625 0.3437500000000001
1 0.7375 0.2671875000000001 0.6875 0.2671875000000001 0.6875 0.3531250000000001 0.7375 0.3531250000000001
1 0.5781250000000001 0.66875 0.515625 0.66875 0.5156250000000001 0.771875 0.5781250000000002 0.771875
1 0.3296875 0.3140625 0.2703125 0.3140625 0.27031250000000007 0.3953125 0.3296875000000001 0.3953125
1 0.721875 0.009375000000000086 0.678125 0.009375000000000083 0.678125 0.06093750000000009 0.721875 0.06093750000000009
1 0.503125 0.006250000000000056 0.4140625 0.00625000000000005 0.4140625 0.04687500000000006 0.503125 0.04687500000000007
1 0.434375 0.18750000000000006 0.38125 0.18750000000000006 0.38125 0.26250000000000007 0.434375 0.26250000000000007
1 0.4703125 0.19687500000000005 0.4265625 0.19687500000000005 0.4265625 0.2984375000000001 0.4703125 0.2984375000000001
1 0.7015625 0.29375000000000007 0.65 0.29375000000000007 0.65 0.37187500000000007 0.7015625 0.37187500000000007
1 0.2203125 0.0015625000000000222 0.140625 0.0015625000000000174 0.140625 0.059375000000000025 0.2203125 0.059375000000000025
1 0.653125 0.009375000000000078 0.6015625 0.009375000000000074 0.6015625 0.060937500000000075 0.653125 0.06093750000000009
1 0.9453125 0.9328125 0.8875 0.9328125 0.8875 1 0.9453125 1
1 0.37031250000000004 0.32031250000000006 0.321875 0.3203125 0.321875 0.4 0.3703125000000001 0.4
1 0.6671875 0.59375 0.6234375 0.59375 0.6234375 0.6796875 0.6671875 0.6796875
1 0.17968750000000006 0.2546875 0.12343750000000005 0.2546875 0.12343750000000005 0.325 0.17968750000000006 0.325
1 0.5890625 0.007812500000000068 0.5265625 0.007812500000000064 0.5265625 0.028125000000000067 0.5890625 0.028125000000000067
1 0.2796875 0.19218750000000004 0.209375 0.19218750000000004 0.209375 0.3 0.2796875 0.3
1 0.3421875 0.07656250000000003 0.1875 0.07656250000000002 0.18750000000000003 0.3140625 0.3421875 0.3140625