1 0.22343750000000004 0.33125 0.13906250000000003 0.33125 0.13906250000000003 0.4421875 0.2234375000000001 0.4421875
1 0.37187500000000007 0.70625 0.2828125000000001 0.70625 0.2828125000000001 0.8171875 0.37187500000000007 0.8171875
1 0.2062500000000001 0.684375 0.1140625000000001 0.684375 0.1140625000000001 0.790625 0.2062500000000001 0.790625
1 0.528125 0.3984375000000001 0.44375 0.3984375000000001 0.44375 0.5015625 0.528125 0.5015625
1 0.26250000000000007 0.5125 0.19062500000000004 0.5125 0.19062500000000007 0.590625 0.26250000000000007 0.590625
1 0.1578125 0.026562500000000017 0.0859375 0.02656250000000001 0.08593750000000001 0.1296875 0.1578125 0.1296875
1 0.19687500000000008 0.428125 0.13437500000000005 0.428125 0.13437500000000008 0.5453125 0.19687500000000008 0.5453125
1 0.7109375 0.06406250000000009 0.640625 0.06406250000000009 0.640625 0.1437500000000001 0.7109375 0.1437500000000001
1 0.44375 0.4078125 0.3609375000000001 0.4078125 0.3609375000000001 0.521875 0.44375 0.521875
1 0.27031250000000007 0.6796875 0.1921875000000001 0.6796875 0.1921875000000001 0.834375 0.27031250000000007 0.834375
1 0.3328125 0.021875000000000033 0.228125 0.021875000000000026 0.228125 0.15937500000000004 0.3328125 0.15937500000000004
1 0.22812500000000008 0.6078125 0.12656250000000008 0.6078125 0.12656250000000008 0.7 0.22812500000000008 0.7
1 0.15000000000000008 0.7109375 0.08593750000000008 0.7109375 0.0859375000000001 0.85 0.15000000000000008 0.85
1 0.6328125000000002 0.834375 0.5500000000000002 0.834375 0.5500000000000002 0.9359375 0.6328125000000002 0.9359375
1 0.2640625000000001 0.4234375 0.18750000000000006 0.4234375 0.18750000000000006 0.509375 0.2640625000000001 0.509375
1 0.3187500000000001 0.45 0.2609375000000001 0.45 0.2609375000000001 0.5671875 0.3187500000000001 0.5671875
1 0.590625 0.4765625 0.515625 0.4765625 0.515625 0.5765625 0.590625 0.5765625
1 0.2171875 0.246875 0.15312500000000004 0.246875 0.15312500000000004 0.33125 0.2171875 0.33125
1 0.36250000000000004 0.2578125 0.284375 0.2578125 0.28437500000000004 0.3828125 0.3625000000000001 0.3828125
1 0.153125 0.11875 0.09375000000000003 0.11875 0.09375000000000003 0.1890625 0.15312500000000004 0.1890625
1 0.28750000000000003 0.253125 0.2171875 0.253125 0.21718750000000003 0.3921875 0.2875000000000001 0.3921875
1 0.41093750000000007 0.60625 0.34062500000000007 0.60625 0.34062500000000007 0.728125 0.4109375000000002 0.728125
1 0.3359375000000001 0.6109375 0.2765625000000001 0.6109375 0.2765625000000001 0.7296875 0.3359375000000001 0.7296875
1 0.671875 7.816690897682716e-17 0.6046875 7.405286113594152e-17 0.6046875 0.09687500000000007 0.671875 0.09687500000000009
1 0.2375 0.0015625000000000246 0.1640625 0.00156250000000002 0.1640625 0.10937500000000003 0.2375 0.10937500000000004
1 0.38750000000000007 0.35937500000000006 0.31875 0.359375 0.31875000000000003 0.4390625 0.38750000000000007 0.4390625
1 0.7078125 0.4015625 0.6375 0.4015625 0.6375 0.490625 0.7078125 0.490625
1 0.6390625 0.07968750000000008 0.5828125 0.07968750000000006 0.5828125 0.1671875000000001 0.6390625 0.1671875000000001
1 0.2828125000000001 0.6 0.2234375000000001 0.6 0.2234375000000001 0.690625 0.2828125000000001 0.690625
1 0.503125 0.6015625 0.4515625 0.6015625 0.4515625000000001 0.734375 0.5031250000000002 0.734375
1 0.8453125 0.0187500000000001 0.7828125 0.018750000000000093 0.7828125 0.10937500000000008 0.8453125 0.10937500000000008
1 0.4734375 0.13125000000000003 0.4265625 0.13125000000000003 0.4265625 0.20312500000000008 0.4734375 0.20312500000000008
1 0.5203125 0.2593750000000001 0.4453125 0.2593750000000001 0.4453125 0.3734375000000001 0.5203125 0.3734375000000001
1 0.609375 0.3671875000000001 0.5421875 0.3671875000000001 0.5421875 0.4921875 0.609375 0.4921875
1 0.7375 0.3296875000000001 0.6625 0.3296875000000001 0.6625 0.4125000000000001 0.7375 0.4125000000000002
1 0.5375 6.190206867565137e-17 0.4734375 5.79793718971325e-17 0.4734375 0.09062500000000007 0.5375 0.09062500000000007
1 0.55 0.678125 0.4984375 0.678125 0.4984375000000001 0.8046875 0.5500000000000002 0.8046875
1 0.6359375000000002 0.7328125 0.5703125000000002 0.7328125 0.5703125000000002 0.81875 0.6359375000000002 0.81875
1 0.434375 0.25468750000000007 0.375 0.25468750000000007 0.37500000000000006 0.3687500000000001 0.434375 0.3687500000000001
1 0.4546875 0.615625 0.40625 0.615625 0.40625 0.7203125 0.4546875 0.7203125
1 0.5328125 0.08437500000000006 0.4859375 0.08437500000000006 0.4859375 0.17031250000000003 0.5328125 0.17031250000000003
1 0.2250000000000001 0.8046875 0.17187500000000008 0.8046875 0.17187500000000008 0.8859375 0.2250000000000001 0.8859375
1 0.471875 0.0046875000000000545 0.4234375 0.004687500000000051 0.4234375 0.09218750000000006 0.471875 0.09218750000000006
1 0.6203125 0.2609375000000001 0.553125 0.2609375000000001 0.553125 0.3375000000000001 0.6203125 0.3375000000000001
1 0.6671875000000002 0.7953125 0.6078125000000002 0.7953125 0.6078125000000002 0.8921875 0.6671875000000002 0.8921875
1 0.3671875000000001 0.4171875 0.3078125000000001 0.4171875 0.3078125000000001 0.51875 0.3671875000000001 0.51875
1 0.471875 0.3062500000000001 0.4140625 0.3062500000000001 0.4140625 0.415625 0.471875 0.415625
1 0.3500000000000001 0.9484375 0.2593750000000001 0.9484375 0.2593750000000001 1 0.3500000000000001 1
1 0.2828125000000001 0.371875 0.22656250000000008 0.371875 0.22656250000000008 0.453125 0.2828125000000001 0.453125
1 0.8296875 0.2640625000000001 0.784375 0.2640625000000001 0.784375 0.3218750000000001 0.8296875 0.3218750000000001
1 0.7687500000000002 0.7906250000000001 0.7140625000000002 0.790625 0.7140625000000002 0.9 0.7687500000000002 0.9
1 0.7984375000000001 0.8921875 0.7484375000000002 0.8921875 0.7484375000000002 0.9859375 0.7984375000000001 0.9859375
1 0.6109375 0.001562500000000072 0.5640625 0.0015625000000000695 0.5640625 0.08750000000000006 0.6109375 0.08750000000000006
1 0.7218750000000002 0.7828125 0.6578125000000001 0.7828125 0.6578125000000001 0.890625 0.7218750000000002 0.890625
1 0.571875 0.05937500000000007 0.528125 0.05937500000000007 0.528125 0.15312500000000007 0.571875 0.1531250000000001
1 0.5234375000000002 0.83125 0.4781250000000002 0.83125 0.4781250000000002 0.9578125 0.5234375000000002 0.9578125
1 0.2468750000000001 0.9515625 0.14062500000000014 0.9515625 0.14062500000000014 1 0.2468750000000001 1
1 0.75 0.10156250000000008 0.7046875 0.10156250000000008 0.7046875 0.1781250000000001 0.75 0.1781250000000001
1 0.6156250000000001 0.64375 0.5640625 0.64375 0.5640625000000001 0.746875 0.6156250000000002 0.746875
1 0.80625 0.80625 0.7593750000000001 0.80625 0.7593750000000001 0.896875 0.80625 0.896875
1 0.825 0.6046875000000002 0.7828125 0.6046875000000002 0.7828125 0.6703125000000002 0.825 0.6703125000000002
1 0.7125 0.596875 0.653125 0.596875 0.653125 0.7109375 0.7125 0.7109375
1 0.4234375 0.001562500000000047 0.3390625 0.0015625000000000417 0.3390625 0.18281250000000004 0.4234375 0.18281250000000004
1 0.734375 0.4687500000000001 0.6953125 0.46875 0.6953125 0.5234375000000001 0.734375 0.5234375000000002
1 0.7484375000000002 0.9421875 0.6953125000000002 0.9421875 0.6953125000000002 1 0.7484375000000002 1
1 0.40937500000000016 0.946875 0.3515625000000001 0.946875 0.3515625000000001 1 0.40937500000000016 1
1 0.6546875 0.2968750000000001 0.6015625 0.2968750000000001 0.6015625 0.4078125 0.6546875 0.4078125
1 0.7203125 8.51512227532144e-17 0.6703125 8.208960575534602e-17 0.6703125 0.07812500000000008 0.7203125 0.07812500000000008
1 0.65 0.60625 0.60625 0.60625 0.60625 0.6921875 0.65 0.6921875
1 0.4656250000000002 0.95 0.4078125000000002 0.95 0.4078125000000002 1 0.4656250000000002 1
1 0.5609375000000002 0.9453125 0.5203125000000002 0.9453125 0.5203125000000002 1 0.5609375000000002 1
1 0.6375 0.4015625 0.6015625 0.4015625 0.6015625 0.5046875 0.6375 0.5046875
1 0.6859375000000001 0.70625 0.634375 0.70625 0.6343750000000001 0.809375 0.6859375000000002 0.809375
1 0.575 0.32500000000000007 0.53125 0.32500000000000007 0.53125 0.415625 0.575 0.415625
1 0.575 0.60625 0.5375 0.60625 0.5375 0.6921875 0.575 0.6921875
1 0.5750000000000001 0.7203125 0.546875 0.7203125 0.5468750000000001 0.8 0.5750000000000002 0.8
1 0.78125 0.18906250000000008 0.7421875 0.18906250000000008 0.7421875 0.2375000000000001 0.78125 0.2375000000000001
1 0.4234375 0.3578125000000001 0.38125 0.3578125000000001 0.38125000000000003 0.43125 0.4234375 0.43125
1 0.5390625 0.603125 0.5046875 0.603125 0.5046875 0.6828125 0.5390625 0.6828125
1 0.6703125 0.24375000000000008 0.6203125 0.24375000000000008 0.6203125 0.3312500000000001 0.6703125 0.3312500000000001
1 0.6515625 0.6828125 0.6125 0.6828125 0.6125 0.7453125 0.6515625000000002 0.7453125
1 0.8265625 0.9328125 0.7859375000000002 0.9328125 0.7859375000000002 1 0.8265625 1
1 0.6953125000000002 0.9546875 0.6375000000000002 0.9546875 0.6375000000000002 1 0.6953125000000002 1
1 0.7265625000000001 0.6921875000000001 0.6875 0.6921875 0.6875000000000001 0.7609375 0.7265625000000002 0.7609375000000002
1 0.7078125 0.2906250000000001 0.6734375 0.2906250000000001 0.6734375 0.3375000000000001 0.7078125 0.3375000000000001
1 0.1765625 1.8369701987210297e-17 0.1234375 1.511673392697514e-17 0.1234375 0.06406250000000002 0.1765625 0.06406250000000002
1 0.671875 0.3359375000000001 0.63125 0.3359375000000001 0.63125 0.4109375 0.671875 0.4109375