1 0.6750000000000002 0.79375 0.5828125000000002 0.79375 0.5828125000000002 0.9125 0.6750000000000002 0.9125
1 0.7125 0.17187500000000008 0.628125 0.17187500000000008 0.628125 0.2593750000000001 0.7125 0.2593750000000001
1 0.528125 0.2921875000000001 0.471875 0.2921875000000001 0.471875 0.421875 0.528125 0.421875
1 0.3234375 0.021875000000000033 0.228125 0.021875000000000026 0.228125 0.14218750000000005 0.3234375 0.14218750000000005
1 0.696875 0.496875 0.6390625 0.496875 0.6390625 0.640625 0.696875 0.640625
1 0.4828125000000001 0.64375 0.3968750000000001 0.64375 0.3968750000000001 0.7375 0.4828125000000002 0.7375
1 0.434375 0.0015625000000000493 0.3671875 0.0015625000000000452 0.3671875 0.14218750000000005 0.434375 0.14218750000000005
1 0.5937500000000002 0.809375 0.5187500000000002 0.809375 0.5187500000000002 0.95 0.5937500000000002 0.95
1 0.5421875 0.5328125 0.4546875 0.5328125 0.4546875 0.625 0.5421875 0.625
1 0.22187500000000004 0.315625 0.16250000000000003 0.315625 0.16250000000000003 0.4640625 0.2218750000000001 0.4640625
1 0.80625 0.4406250000000001 0.696875 0.440625 0.696875 0.5437500000000001 0.80625 0.5437500000000002
1 0.48750000000000016 0.8125 0.41406250000000017 0.8125 0.41406250000000017 0.96875 0.48750000000000016 0.96875
1 0.7875 0.1375000000000001 0.728125 0.1375000000000001 0.728125 0.2515625000000001 0.7875 0.2515625000000001
1 0.2671875000000001 0.828125 0.1750000000000001 0.828125 0.1750000000000001 0.934375 0.2671875000000001 0.934375
1 0.5515625000000001 0.6984375 0.4765625 0.6984375 0.4765625000000001 0.7765625 0.5515625000000002 0.7765625
1 0.2578125 0.10000000000000002 0.18125 0.1 0.18125000000000002 0.2796875 0.2578125 0.2796875
1 0.5671875 0.22812500000000008 0.5109375 0.22812500000000008 0.5109375 0.3437500000000001 0.5671875 0.3437500000000001
1 0.6015625 0.2234375000000001 0.559375 0.2234375000000001 0.559375 0.3500000000000001 0.6015625 0.3500000000000001
1 0.803125 0.2906250000000001 0.7609375 0.2906250000000001 0.7609375 0.3437500000000001 0.803125 0.3437500000000001
1 0.559375 0.6203125 0.490625 0.6203125 0.490625 0.70625 0.559375 0.70625
1 0.1875 0.003125000000000019 0.1109375 0.003125000000000014 0.1109375 0.13437500000000002 0.1875 0.13437500000000005
1 0.27656250000000004 0.3234375 0.209375 0.3234375 0.20937500000000003 0.4421875 0.2765625000000001 0.4421875
1 0.5875000000000001 0.9171875 0.5171875000000001 0.9171875 0.5171875000000001 1 0.5875000000000001 1
1 0.50625 0.3859375000000001 0.428125 0.3859375000000001 0.428125 0.4703125 0.50625 0.4703125
1 0.2484375000000001 0.471875 0.17968750000000006 0.471875 0.17968750000000006 0.59375 0.2484375000000001 0.59375
1 0.553125 0.4578125 0.48125 0.4578125 0.48125 0.546875 0.553125 0.546875
1 0.3593750000000001 0.6390625 0.24218750000000008 0.6390625 0.24218750000000008 0.75625 0.3593750000000001 0.75625
1 0.4078125 0.5484375 0.3140625000000001 0.5484375 0.3140625000000001 0.6375 0.4078125 0.6375
1 0.7515625 0.2250000000000001 0.6921875 0.2250000000000001 0.6921875 0.3078125000000001 0.7515625 0.3078125000000001
1 0.6890625 0.00937500000000008 0.615625 0.009375000000000074 0.615625 0.11093750000000009 0.6890625 0.11093750000000009
1 0.6421875 0.5046875 0.5875 0.5046875 0.5875 0.628125 0.6421875 0.628125
1 0.675 0.3609375000000001 0.621875 0.3609375000000001 0.621875 0.43125 0.675 0.43125
1 0.19062500000000007 0.4859375 0.14218750000000005 0.4859375 0.14218750000000008 0.575 0.1906250000000001 0.575
1 0.4156250000000002 0.809375 0.3656250000000001 0.809375 0.3656250000000001 0.934375 0.4156250000000002 0.934375
1 0.59375 0.54375 0.5421875 0.54375 0.5421875 0.659375 0.59375 0.659375
1 0.3703125000000001 0.8203125 0.3187500000000001 0.8203125 0.3187500000000001 0.9578125 0.3703125000000001 0.9578125
1 0.75625 0.5171875000000001 0.6890625 0.5171875 0.6890625 0.6093750000000001 0.75625 0.6093750000000002
1 0.3234375 0.17968750000000006 0.228125 0.17968750000000006 0.228125 0.31875 0.3234375 0.31875
1 0.31718750000000007 0.546875 0.2312500000000001 0.546875 0.2312500000000001 0.640625 0.31718750000000007 0.640625
1 0.5281250000000002 0.8109375 0.4703125000000002 0.8109375 0.4703125000000002 0.9625 0.5281250000000002 0.9625
1 0.646875 0.05000000000000008 0.5703125 0.050000000000000065 0.5703125 0.17187500000000008 0.646875 0.17187500000000008
1 0.3671875000000001 0.4546875 0.2296875000000001 0.4546875 0.2296875000000001 0.55625 0.3671875000000001 0.55625
1 0.41093750000000007 0.6453125 0.3593750000000001 0.6453125 0.3593750000000001 0.8015625 0.4109375000000002 0.8015625
1 0.3921875 0.05625000000000004 0.321875 0.05625000000000004 0.321875 0.24062500000000003 0.3921875 0.2406250000000001
1 0.6609375000000001 0.6359375 0.5984375 0.6359375 0.5984375000000001 0.7453125 0.6609375000000002 0.7453125
1 0.475 0.553125 0.403125 0.553125 0.403125 0.65 0.475 0.65
1 0.7015625 0.32500000000000007 0.659375 0.32500000000000007 0.659375 0.38750000000000007 0.7015625 0.38750000000000007
1 0.44375 0.15468750000000003 0.3734375 0.15468750000000003 0.3734375 0.2828125000000001 0.44375 0.2828125000000001
1 0.6015625 0.4453125 0.5578125 0.4453125 0.5578125 0.5484375 0.6015625 0.5484375
1 0.640625 0.2453125000000001 0.6015625 0.2453125000000001 0.6015625 0.3437500000000001 0.640625 0.3437500000000001
1 0.7843750000000002 0.7921875 0.7218750000000002 0.7921875 0.7218750000000002 0.9140625 0.7843750000000002 0.9140625
1 0.32812500000000006 0.3015625 0.2484375 0.3015625 0.24843750000000003 0.3734375 0.3281250000000001 0.3734375
1 0.590625 0.3375000000000001 0.528125 0.3375000000000001 0.528125 0.4203125 0.590625 0.4203125
1 0.7 0.446875 0.6390625 0.446875 0.6390625 0.5171875 0.7 0.5171875
1 0.5625 0.17968750000000006 0.4890625 0.17968750000000006 0.4890625 0.2734375000000001 0.5625 0.2734375000000001
1 0.3265625000000001 0.8203125 0.2609375000000001 0.8203125 0.2609375000000001 0.996875 0.3265625000000001 0.996875
1 0.634375 0.3375000000000001 0.5859375 0.3375000000000001 0.5859375 0.415625 0.634375 0.415625
1 0.4921875 0.21250000000000008 0.4484375 0.21250000000000008 0.4484375 0.2968750000000001 0.4921875 0.2968750000000001
1 0.6453125 0.4296875 0.59375 0.4296875 0.59375 0.5125 0.6453125 0.5125
1 0.7625 0.6546875000000002 0.728125 0.6546875000000002 0.728125 0.7109375000000002 0.7625 0.7109375000000002
1 0.39843750000000006 0.34687500000000004 0.3265625 0.346875 0.32656250000000003 0.459375 0.3984375000000001 0.459375
1 0.2015625 0.19531250000000003 0.16093750000000004 0.1953125 0.16093750000000004 0.2828125 0.2015625 0.2828125
1 0.759375 0.11250000000000009 0.7234375 0.11250000000000009 0.7234375 0.16562500000000008 0.759375 0.16562500000000008
1 0.5734375 0.08281250000000007 0.5484375 0.08281250000000007 0.5484375 0.1390625000000001 0.5734375 0.1390625000000001
1 0.8484375 0.7953125000000002 0.7765625000000002 0.7953125000000002 0.7765625000000002 0.89375 0.8484375 0.89375
1 0.45 0.403125 0.3671875000000001 0.403125 0.3671875000000001 0.5640625 0.45 0.5640625
1 0.559375 0.0015625000000000656 0.509375 0.0015625000000000625 0.509375 0.10156250000000007 0.559375 0.10156250000000008
1 0.5328125 0.08906250000000007 0.5046875 0.08906250000000007 0.5046875 0.14218750000000005 0.5328125 0.14218750000000005
1 0.4625 0.3390625000000001 0.4 0.3390625000000001 0.4 0.40625 0.4625 0.40625
1 0.2687500000000001 0.9203125 0.17031250000000014 0.9203125 0.17031250000000014 1 0.2687500000000001 1
1 0.18281250000000013 0.9234375 0.12656250000000013 0.9234375 0.12656250000000013 1 0.18281250000000013 1
1 0.2562500000000001 0.665625 0.1843750000000001 0.665625 0.1843750000000001 0.7796875 0.2562500000000001 0.7796875
1 0.7218750000000002 0.9125 0.6859375000000002 0.9125 0.6859375000000002 0.996875 0.7218750000000002 0.996875
1 0.4765625 0.24375000000000008 0.428125 0.24375000000000008 0.428125 0.3437500000000001 0.4765625 0.3437500000000001
1 0.6171875 0.0015625000000000714 0.55 0.0015625000000000673 0.55 0.07812500000000007 0.6171875 0.07812500000000007
1 0.41406250000000017 0.9453125 0.3343750000000001 0.9453125 0.3343750000000001 1 0.41406250000000017 1
1 0.371875 0.20312500000000006 0.309375 0.203125 0.309375 0.33593750000000006 0.371875 0.3359375000000001
1 0.48125 0.465625 0.4265625 0.465625 0.4265625 0.5671875 0.48125 0.5671875
1 0.2609375 0.04843750000000003 0.2046875 0.04843750000000002 0.2046875 0.15312500000000004 0.2609375 0.15312500000000004
1 0.6328125000000002 0.946875 0.5859375000000002 0.946875 0.5859375000000002 1 0.6328125000000002 1
1 0.6609375 0.3000000000000001 0.6296875 0.3000000000000001 0.6296875 0.34843750000000007 0.6609375 0.34843750000000007
1 0.7125 8.448149403493069e-17 0.6671875 8.170690363061247e-17 0.6671875 0.03906250000000008 0.7125 0.03906250000000009
1 0.3890625 4.429777093790817e-17 0.334375 4.0949127346489623e-17 0.334375 0.06562500000000004 0.3890625 0.06562500000000004
1 0.50625 0.05625000000000006 0.44375 0.05625000000000004 0.44375 0.17656250000000004 0.50625 0.17656250000000004