1 0.2671875000000001 0.4234375 0.16093750000000004 0.4234375 0.16093750000000004 0.54375 0.2671875000000001 0.54375
1 0.403125 0.37031250000000004 0.3109375000000001 0.3703125 0.3109375000000001 0.48125 0.403125 0.48125
1 0.29218750000000004 0.2578125 0.19218750000000004 0.2578125 0.19218750000000004 0.3828125 0.2921875000000001 0.3828125
1 0.4015625 0.475 0.2984375000000001 0.475 0.2984375000000001 0.578125 0.4015625 0.578125
1 0.27812500000000007 0.609375 0.17968750000000008 0.609375 0.17968750000000008 0.7453125 0.27812500000000007 0.7453125
1 0.3531250000000001 0.6203125 0.2453125000000001 0.6203125 0.2453125000000001 0.7578125 0.3531250000000001 0.7578125
1 0.5 0.33281250000000007 0.4125 0.33281250000000007 0.4125 0.415625 0.5 0.415625
1 0.31718750000000007 0.8390625 0.24218750000000008 0.8390625 0.24218750000000008 0.9328125 0.31718750000000007 0.9328125
1 0.4203125 0.23906250000000004 0.3328125 0.2390625 0.33281250000000007 0.37343750000000003 0.4203125 0.3734375000000001
1 0.428125 4.5732903905658965e-17 0.31875 3.903561672282188e-17 0.31875 0.14531250000000004 0.428125 0.14531250000000004
1 0.4875 0.2531250000000001 0.4 0.2531250000000001 0.4 0.33281250000000007 0.4875 0.33281250000000007
1 0.4890625000000002 0.790625 0.4078125000000002 0.790625 0.4078125000000002 0.91875 0.4890625000000002 0.91875
1 0.32500000000000007 0.346875 0.253125 0.346875 0.25312500000000004 0.4734375 0.32500000000000007 0.4734375
1 0.35625000000000007 0.253125 0.284375 0.253125 0.28437500000000004 0.3921875 0.35625000000000007 0.3921875
1 0.46875 0.3921875000000001 0.3921875000000001 0.3921875000000001 0.3921875000000001 0.54375 0.46875 0.54375
1 0.4468750000000001 0.6921875 0.3656250000000001 0.6921875 0.3656250000000001 0.803125 0.4468750000000002 0.803125
1 0.534375 0.003125000000000061 0.459375 0.003125000000000057 0.459375 0.09218750000000006 0.534375 0.09218750000000006
1 0.2921875 0.04218750000000003 0.225 0.042187500000000024 0.225 0.16406250000000006 0.2921875 0.16406250000000006
1 0.51875 0.4796875 0.45625 0.4796875 0.45625 0.590625 0.51875 0.590625
1 0.3078125000000001 0.75625 0.23437500000000008 0.75625 0.23437500000000008 0.8421875 0.3078125000000001 0.8421875
1 0.4234375000000002 0.76875 0.3453125000000001 0.76875 0.3453125000000001 0.925 0.4234375000000002 0.925
1 0.4015625000000001 0.6203125 0.3296875000000001 0.6203125 0.3296875000000001 0.740625 0.40156250000000016 0.740625
1 0.5546875 0.6015625 0.4734375 0.6015625 0.4734375 0.6875 0.5546875 0.6875
1 0.5421875000000002 0.740625 0.46093750000000017 0.740625 0.46093750000000017 0.8515625 0.5421875000000002 0.8515625
1 0.7703125000000002 0.7953125000000001 0.7000000000000002 0.7953125 0.7000000000000002 0.890625 0.7703125000000002 0.890625
1 0.5953125000000001 0.7609375 0.5296875000000002 0.7609375 0.5296875000000002 0.8875 0.5953125000000001 0.8875
1 0.5640625000000001 0.678125 0.4859375 0.678125 0.4859375000000001 0.7765625 0.5640625000000001 0.7765625
1 0.2656250000000001 0.365625 0.20312500000000008 0.365625 0.20312500000000008 0.4484375 0.2656250000000001 0.4484375
1 0.565625 0.3578125000000001 0.5 0.3578125000000001 0.5 0.4703125 0.565625 0.4703125
1 0.6328125000000001 0.7046875 0.565625 0.7046875 0.565625 0.8046875 0.6328125000000002 0.8046875
1 0.5375 0.07656250000000006 0.478125 0.07656250000000006 0.478125 0.15468750000000003 0.5375 0.15468750000000003
1 0.690625 0.453125 0.6109375 0.453125 0.6109375 0.5390625 0.690625 0.5390625
1 0.9140625 0.7218750000000002 0.8578125 0.7218750000000002 0.8578125 0.8015625 0.9140625 0.8015625
1 0.22343750000000004 0.3078125 0.17500000000000004 0.3078125 0.17500000000000004 0.403125 0.2234375000000001 0.403125
1 0.2375 0.023437500000000024 0.1796875 0.02343750000000002 0.1796875 0.13437500000000002 0.2375 0.13437500000000005
1 0.5921875 0.09843750000000007 0.5265625 0.09843750000000007 0.5265625 0.19375000000000006 0.5921875 0.1937500000000001
1 0.4734375 0.015625000000000052 0.41875 0.01562500000000005 0.41875 0.11718750000000004 0.4734375 0.11718750000000004
1 0.3656250000000001 0.73125 0.2953125000000001 0.73125 0.2953125000000001 0.8734375 0.3656250000000001 0.8734375
1 0.746875 0.6000000000000001 0.6734375 0.6 0.6734375 0.7046875000000001 0.746875 0.7046875000000001
1 0.8375 0.22656250000000008 0.775 0.22656250000000008 0.775 0.3156250000000001 0.8375 0.3156250000000001
1 0.4921875000000001 0.6046875 0.4203125 0.6046875 0.4203125000000001 0.7625 0.49218750000000017 0.7625
1 0.7578125000000001 0.7078125000000001 0.6875 0.7078125 0.6875000000000001 0.803125 0.7578125000000002 0.803125
1 0.8 0.1390625000000001 0.7421875 0.1390625000000001 0.7421875 0.22656250000000008 0.8 0.22656250000000008
1 0.6859375 0.596875 0.621875 0.596875 0.621875 0.7171875 0.6859375 0.7171875
1 0.8125 0.7312500000000002 0.7468750000000002 0.7312500000000002 0.7468750000000002 0.8453125 0.8125 0.8453125
1 0.61875 0.34843750000000007 0.5515625 0.34843750000000007 0.5515625 0.4875 0.61875 0.4875
1 0.71875 0.22031250000000008 0.646875 0.22031250000000008 0.646875 0.3343750000000001 0.71875 0.3343750000000001
1 0.64375 7.453123879185844e-17 0.5734375 7.022583988860603e-17 0.5734375 0.060937500000000075 0.64375 0.06093750000000009
1 0.25625 2.7554552980815448e-17 0.19375 2.3727531733479968e-17 0.19375 0.04843750000000003 0.25625 0.048437500000000036
1 0.578125 0.2484375000000001 0.5203125 0.2484375000000001 0.5203125 0.3468750000000001 0.578125 0.3468750000000001
1 0.790625 0.31718750000000007 0.715625 0.31718750000000007 0.715625 0.4546875000000001 0.790625 0.4546875000000002
1 0.634375 0.5984375 0.578125 0.5984375 0.578125 0.721875 0.634375 0.721875
1 0.7875 9.280526524788535e-17 0.728125 8.916959506291665e-17 0.728125 0.05312500000000009 0.7875 0.05312500000000009
1 0.6 0.028125000000000074 0.534375 0.028125000000000067 0.534375 0.11718750000000007 0.6 0.11718750000000008
1 0.64375 0.12343750000000009 0.5921875 0.12343750000000009 0.5921875 0.22656250000000008 0.64375 0.22656250000000008
1 0.853125 0.7500000000000002 0.8 0.7500000000000002 0.8 0.8328125 0.853125 0.8328125
1 0.896875 0.5937500000000002 0.84375 0.5937500000000002 0.84375 0.6640625000000002 0.896875 0.6640625000000002
1 0.9015625 0.6750000000000002 0.8515625 0.6750000000000002 0.8515625 0.7265625000000002 0.9015625 0.7265625000000002
1 0.6984375000000002 0.746875 0.6468750000000002 0.746875 0.6468750000000002 0.8390625 0.6984375000000002 0.8390625
1 0.315625 0.040625000000000036 0.271875 0.040625000000000036 0.271875 0.12343750000000005 0.315625 0.12343750000000005
1 0.815625 0.009375000000000095 0.7578125 0.009375000000000092 0.7578125 0.08593750000000008 0.815625 0.08593750000000008
1 0.7421875 0.3937500000000001 0.69375 0.3937500000000001 0.69375 0.4750000000000001 0.7421875 0.4750000000000002
1 0.5296875 0.28593750000000007 0.4859375 0.28593750000000007 0.4859375 0.3687500000000001 0.5296875 0.3687500000000001
1 0.734375 0.4546875000000001 0.684375 0.4546875 0.684375 0.534375 0.734375 0.5343750000000002
1 0.5484375 0.4625 0.5046875 0.4625 0.5046875 0.540625 0.5484375 0.540625
1 0.7859375 0.5984375000000002 0.7390625 0.5984375000000002 0.7390625 0.6812500000000001 0.7859375 0.6812500000000001
1 0.8390625 0.8265625 0.7921875000000002 0.8265625 0.7921875000000002 0.89375 0.8390625 0.89375
1 0.675 0.04062500000000008 0.6140625 0.04062500000000008 0.6140625 0.16562500000000008 0.675 0.16562500000000008
1 0.684375 0.36406250000000007 0.621875 0.36406250000000007 0.621875 0.459375 0.684375 0.459375
1 0.821875 0.41406250000000017 0.778125 0.41406250000000017 0.778125 0.4671875000000002 0.821875 0.4671875000000002
1 0.7671875 0.03281250000000009 0.715625 0.03281250000000009 0.715625 0.11250000000000009 0.7671875 0.11250000000000009
1 0.5890625 0.6203125 0.5453125 0.6203125 0.5453125 0.7109375 0.5890625 0.7109375
1 0.7078125000000001 0.68125 0.6453125 0.68125 0.6453125000000001 0.7546875 0.7078125000000002 0.7546875
1 0.80625 0.5000000000000002 0.765625 0.5000000000000002 0.765625 0.5515625000000002 0.80625 0.5515625000000002
1 0.8640625 0.3156250000000001 0.821875 0.3156250000000001 0.821875 0.3828125000000001 0.8640625 0.3828125000000001
1 0.7078125 0.3281250000000001 0.6484375 0.3281250000000001 0.6484375 0.409375 0.7078125 0.409375
1 0.50625 5.769234530358234e-17 0.4359375 5.338694640032993e-17 0.4359375 0.02343750000000006 0.50625 0.023437500000000062
1 0.6609375 0.27812500000000007 0.625 0.27812500000000007 0.625 0.35625000000000007 0.6609375 0.35625000000000007
1 0.6 0.17187500000000008 0.5671875 0.17187500000000008 0.5671875 0.2390625000000001 0.6 0.2390625000000001
1 0.33125 0.0062500000000000385 0.2921875 0.006250000000000036 0.2921875 0.09218750000000005 0.33125 0.09218750000000005
1 0.6125 0.27812500000000007 0.5671875 0.27812500000000007 0.5671875 0.3546875000000001 0.6125 0.3546875000000001
1 0.7359375 0.0750000000000001 0.6875 0.0750000000000001 0.6875 0.15781250000000008 0.7359375 0.15781250000000008
1 0.8484375 0.9421875 0.7812500000000002 0.9421875 0.7812500000000002 0.984375 0.8484375 0.984375
1 0.715625 0.015625000000000087 0.6734375 0.015625000000000083 0.6734375 0.0984375000000001 0.715625 0.0984375000000001
1 0.559375 6.534638779825331e-17 0.5078125 6.218909526920153e-17 0.5078125 0.03593750000000007 0.559375 0.03593750000000007
1 0.1609375 1.6360515832359172e-17 0.10625 1.3011872240940627e-17 0.10625 0.029687500000000016 0.1609375 0.029687500000000023