1 0.5890625 0.4484375 0.5046875 0.4484375 0.5046875 0.55 0.5890625 0.55
1 0.4984375 0.08593750000000006 0.4234375 0.08593750000000004 0.4234375 0.18281250000000004 0.4984375 0.18281250000000004
1 0.3015625 0.10468750000000004 0.1875 0.10468750000000004 0.18750000000000003 0.221875 0.3015625 0.221875
1 0.5 0.3234375000000001 0.41875 0.3234375000000001 0.41875 0.4609375 0.5 0.4609375
1 0.18125000000000005 0.309375 0.12187500000000004 0.309375 0.12187500000000004 0.4171875 0.18125000000000005 0.4171875
1 0.49531250000000016 0.7484375 0.41718750000000016 0.7484375 0.41718750000000016 0.88125 0.49531250000000016 0.88125
1 0.5328125000000001 0.678125 0.4515625 0.678125 0.4515625000000001 0.7765625 0.5328125000000001 0.7765625
1 0.29375 0.006250000000000032 0.221875 0.006250000000000028 0.221875 0.11875000000000005 0.29375 0.11875000000000005
1 0.7625 0.025000000000000088 0.684375 0.025000000000000088 0.684375 0.14843750000000008 0.7625 0.14843750000000008
1 0.8359375 0.0500000000000001 0.7859375 0.050000000000000086 0.7859375 0.1296875000000001 0.8359375 0.1296875000000001
1 0.34843750000000007 0.3296875 0.253125 0.3296875 0.25312500000000004 0.465625 0.34843750000000007 0.465625
1 0.3937500000000001 0.4671875 0.3078125000000001 0.4671875 0.3078125000000001 0.5640625 0.3937500000000001 0.5640625
1 0.465625 0.4390625 0.403125 0.4390625 0.403125 0.534375 0.465625 0.534375
1 0.5359375 0.3937500000000001 0.4890625 0.3937500000000001 0.4890625 0.4828125 0.5359375 0.4828125
1 0.7296875 8.429014297256392e-17 0.646875 7.921933981984441e-17 0.646875 0.0984375000000001 0.7296875 0.0984375000000001
1 0.2328125000000001 0.4234375 0.12500000000000006 0.4234375 0.12500000000000006 0.546875 0.2328125000000001 0.546875
1 0.628125 7.156529732517345e-17 0.540625 6.620746757890377e-17 0.540625 0.09531250000000006 0.628125 0.09531250000000006
1 0.5296875 0.3046875000000001 0.4828125 0.3046875000000001 0.4828125 0.3968750000000001 0.5296875 0.3968750000000001
1 0.3421875000000001 0.7953125 0.2515625000000001 0.7953125 0.2515625000000001 0.940625 0.3421875000000001 0.940625
1 0.590625 0.2984375000000001 0.5234375 0.2984375000000001 0.5234375 0.3750000000000001 0.590625 0.3750000000000001
1 0.4109375000000002 0.9359375 0.3390625000000001 0.9359375 0.3390625000000001 0.9953125 0.4109375000000002 0.9953125
1 0.5875000000000001 0.7546875 0.49218750000000017 0.7546875 0.49218750000000017 0.86875 0.5875000000000001 0.86875
1 0.7140625 0.14218750000000008 0.671875 0.14218750000000008 0.671875 0.22656250000000008 0.7140625 0.22656250000000008
1 0.60625 0.12656250000000008 0.5421875 0.12656250000000005 0.5421875 0.2093750000000001 0.60625 0.2093750000000001
1 0.4828125 5.2525866619679453e-17 0.375 4.592425496802575e-17 0.375 0.10625000000000004 0.4828125 0.10625000000000004
1 0.1734375 0.028125000000000018 0.0921875 0.02812500000000001 0.0921875 0.1234375 0.1734375 0.1234375
1 0.65 0.5125 0.58125 0.5125 0.58125 0.5953125 0.65 0.5953125
1 0.8140625 0.004687500000000096 0.753125 0.004687500000000092 0.753125 0.08125000000000009 0.8140625 0.08125000000000009
1 0.5546875000000002 0.8609375 0.4968750000000002 0.8609375 0.4968750000000002 0.978125 0.5546875000000002 0.978125
1 0.39375 0.02500000000000004 0.2953125 0.025000000000000033 0.2953125 0.15781250000000005 0.39375 0.15781250000000005
1 0.14687500000000012 0.8046875 0.0390625000000001 0.8046875 0.039062500000000104 0.925 0.14687500000000014 0.925
1 0.6671875 0.6734375 0.5796875 0.6734375 0.5796875000000001 0.81875 0.6671875000000002 0.81875
1 0.6265625 0.3656250000000001 0.525 0.3656250000000001 0.525 0.4609375 0.6265625 0.4609375
1 0.425 0.11718750000000004 0.3546875 0.11718750000000004 0.3546875 0.24843750000000003 0.425 0.2484375000000001
1 0.4390625 0.37968750000000007 0.3265625000000001 0.3796875 0.3265625000000001 0.471875 0.4390625 0.471875
1 0.2296875 0.018750000000000024 0.1703125 0.018750000000000024 0.1703125 0.14062500000000003 0.2296875 0.14062500000000006
1 0.12812500000000004 0.3125 0.06093750000000005 0.3125 0.06093750000000005 0.3734375 0.12812500000000004 0.3734375
1 0.55 0.04375000000000007 0.5 0.04375000000000007 0.5 0.14218750000000008 0.55 0.14218750000000008
1 0.5093750000000001 0.853125 0.43281250000000016 0.853125 0.43281250000000016 0.99375 0.5093750000000001 0.99375
1 0.2984375 0.2 0.2 0.2 0.2 0.3328125 0.2984375 0.3328125
1 0.4375 0.2578125000000001 0.3734375 0.2578125000000001 0.37343750000000003 0.38750000000000007 0.4375 0.38750000000000007
1 0.71875 0.3203125000000001 0.6640625 0.3203125000000001 0.6640625 0.41875 0.71875 0.41875
1 0.18593750000000003 0.10312500000000002 0.1125 0.103125 0.11250000000000002 0.19531250000000003 0.18593750000000003 0.19531250000000006
1 0.1750000000000001 0.703125 0.05625000000000009 0.703125 0.05625000000000009 0.8140625 0.1750000000000001 0.8140625
1 0.13437500000000008 0.5015625 0.057812500000000065 0.5015625 0.057812500000000065 0.584375 0.13437500000000008 0.584375
1 0.4406250000000001 0.6765625 0.3734375000000001 0.6765625 0.3734375000000001 0.84375 0.44062500000000016 0.84375
1 0.6359375000000002 0.796875 0.5750000000000002 0.796875 0.5750000000000002 0.8765625 0.6359375000000002 0.8765625
1 0.540625 0.5546875 0.465625 0.5546875 0.465625 0.6640625 0.540625 0.6640625
1 0.7125 0.5578125 0.646875 0.5578125 0.646875 0.63125 0.7125 0.63125
1 0.09218750000000012 0.8890625 1.0887875448669438e-16 0.8890625 1.1567171720071485e-16 1 0.09218750000000013 1
1 0.68125 0.33281250000000007 0.615625 0.33281250000000007 0.615625 0.425 0.68125 0.425
1 0.6984375000000002 0.825 0.6203125000000002 0.825 0.6203125000000002 0.9390625 0.6984375000000002 0.9390625
1 0.6437500000000002 0.871875 0.5531250000000002 0.871875 0.5531250000000002 0.990625 0.6437500000000002 0.990625
1 0.42500000000000016 0.8328125 0.3593750000000001 0.8328125 0.3593750000000001 0.934375 0.42500000000000016 0.934375
1 0.721875 0.4109375 0.603125 0.4109375 0.603125 0.509375 0.721875 0.509375
1 0.7875000000000002 0.7296875000000002 0.7281250000000001 0.7296875000000002 0.7281250000000001 0.84375 0.7875000000000002 0.84375
1 0.7312500000000001 0.6687500000000001 0.6640625 0.66875 0.6640625000000001 0.7328125000000001 0.7312500000000002 0.7328125000000002
1 0.1656250000000001 0.8984375 0.0640625000000001 0.8984375 0.0640625000000001 0.996875 0.16562500000000013 0.996875
1 0.6062500000000001 0.6546875 0.525 0.6546875 0.5250000000000001 0.803125 0.6062500000000002 0.803125
1 0.27656250000000004 0.3296875 0.16718750000000004 0.3296875 0.16718750000000004 0.4265625 0.2765625000000001 0.4265625
1 0.3031250000000001 0.7046875 0.1625000000000001 0.7046875 0.1625000000000001 0.86875 0.3031250000000001 0.86875
1 0.8640625 0.7593750000000001 0.7843750000000002 0.7593750000000001 0.7843750000000002 0.8703125 0.8640625 0.8703125
1 0.821875 0.10000000000000009 0.765625 0.10000000000000009 0.765625 0.18750000000000008 0.821875 0.18750000000000008
1 0.3187500000000001 0.459375 0.21250000000000008 0.459375 0.21250000000000008 0.5734375 0.3187500000000001 0.5734375
1 0.6828125 0.2062500000000001 0.6390625 0.2062500000000001 0.6390625 0.2718750000000001 0.6828125 0.2718750000000001
1 0.6921875 0.046875000000000076 0.5875 0.04687500000000007 0.5875 0.1765625000000001 0.6921875 0.1765625000000001
1 0.7578125000000002 0.9359375 0.6515625000000002 0.9359375 0.6515625000000002 0.9890625 0.7578125000000002 0.9890625
1 0.27031250000000007 0.840625 0.1859375000000001 0.840625 0.18593750000000012 0.996875 0.27031250000000007 0.996875
1 0.3921875000000001 0.696875 0.30937500000000007 0.696875 0.30937500000000007 0.8828125 0.3921875000000001 0.8828125
1 0.525 0.14531250000000004 0.48125 0.14531250000000004 0.48125 0.21875000000000008 0.525 0.21875000000000008
1 0.7796875000000002 0.8328125 0.6984375000000002 0.8328125 0.6984375000000002 0.95 0.7796875000000002 0.95
1 0.846875 0.14843750000000008 0.796875 0.14843750000000008 0.796875 0.2234375000000001 0.846875 0.2234375000000001
1 0.859375 0.05312500000000011 0.8265625 0.05312500000000011 0.8265625 0.1218750000000001 0.859375 0.1218750000000001
1 0.7875 0.09531250000000009 0.7421875 0.09531250000000009 0.7421875 0.1468750000000001 0.7875 0.1468750000000001
1 0.15000000000000005 0.3484375 0.05312500000000005 0.3484375 0.053125000000000054 0.5 0.15000000000000005 0.5
1 0.5875 0.20468750000000008 0.5359375 0.20468750000000008 0.5359375 0.27812500000000007 0.5875 0.27812500000000007
1 0.6875 0.2875000000000001 0.628125 0.2875000000000001 0.628125 0.3437500000000001 0.6875 0.3437500000000001
1 0.803125 0.884375 0.7421875000000002 0.884375 0.7421875000000002 0.9890625 0.803125 0.9890625
1 0.871875 0.84375 0.7890625000000002 0.84375 0.7890625000000002 0.975 0.871875 0.975