1 0.8517051061376705 0.575095509192886 0.8443592115280392 0.5175639003388638 0.7336054610854716 0.5317054373926401 0.7409513556951031 0.5892370462466623
1 0.8318117999220096 0.6675711266095692 0.8258172495540045 0.6037808661721666 0.6269488670558243 0.6224690879683275 0.6329434174238294 0.68625934840573
1 0.7866608344799758 0.7422664154087705 0.7831781227365209 0.6737700691193133 0.7026471029671908 0.6778646864741986 0.7061298147106456 0.7463610327636558
1 0.8407145901491013 0.7613083808242413 0.8299400592340241 0.715599486966721 0.7325506274351797 0.7385561887191048 0.7433251583502569 0.784265082576625
1 0.8656108736299956 0.8141657338436898 0.7869060071989058 0.7468153132729827 0.7374643948641653 0.8045921684428512 0.8161692612952549 0.8719425890135584
1 0.9151373044197741 0.7058811490370906 0.8028056699403961 0.6537037546541423 0.7768264838378915 0.7096338077326838 0.8891581183172695 0.7618112021156321
1 1 0.6111093750000002 0.8909828125000001 0.6111093750000002 0.8909828125000001 0.6831656250000002 1 0.6831656250000002
1 1.0021191727581729 0.6823291005372655 0.9181018910135663 0.6786248948714032 0.915716914623754 0.7327199563696809 0.9997341963683606 0.7364241620355431
1 0.9068618414803027 0.7639194478445315 0.8453221636995266 0.7234086748651954 0.8133758777496507 0.7719380905998868 0.8749155555304267 0.8124488635792229
1 1 0.46827812500000016 0.902853125 0.46827812500000016 0.902853125 0.5131265625000002 1 0.5131265625000002
1 1.0009843898309643 0.4046770652852801 0.8947960713717595 0.402678430813462 0.8937265127405922 0.45950454591287543 0.9999148311997971 0.4615031803846935
1 0.9268142624384337 0.16102036433494327 0.9104651919490842 0.07925276825487577 0.7374731665472737 0.11384176136432363 0.7538222370366234 0.19560935744439112
1 0.9320902501747916 0.2693369292757077 0.9185400529564157 0.2080959074885956 0.7946042761862232 0.23551795513970358 0.8081544734045991 0.2967589769268157
1 0.8582954288018637 0.26483287983110354 0.7363488479798169 0.26344971882073887 0.7353398796879727 0.3524055471200301 0.8572864605100194 0.35378870813039476
1 0.8541674984692962 0.37966900242781343 0.8275603415190875 0.3227141317638652 0.6773208465016344 0.39290032966844224 0.703928003451843 0.44985520033239046
1 0.7112731742634443 0.4158439881809306 0.7051236804224359 0.36375061157737054 0.600001215895756 0.3761600576587417 0.6061507097367642 0.4282534342623018
1 0.7089686089157621 0.3568924658595763 0.6925926330737331 0.29675477980802845 0.5311039395436831 0.34072945056177384 0.5474799153857121 0.4008671366133217
1 0.720960476184254 0.272913646012953 0.6217071440570772 0.2677611223603594 0.6193943827210016 0.31231196472376344 0.7186477148481784 0.317464488376357
1 0.7514787787757957 0.22045988097281297 0.7035093638581335 0.13223889267996297 0.5212701167038807 0.23132993926862655 0.569239531621543 0.31955092756147657
1 0.8340073474887231 0.2094238424860401 0.7756180166932708 0.16537292107027968 0.7024840371994179 0.2623117360555801 0.76087336799487 0.30636265747134056
1 1.019496522183623 0.1703170411400441 0.9992760681900773 0.12450677796027199 0.9297684486844175 0.1551871435565051 0.9499889026779632 0.2009974067362772
1 1 0.26399687500000013 0.9628109374999999 0.26399687500000013 0.9628109374999999 0.3309546875000001 1 0.3309546875000001
1 1 0.3321781250000001 0.9239968749999999 0.3321781250000001 0.9239968749999999 0.40309218750000014 1 0.40309218750000014
1 0.8509826029312839 0.5168649601773858 0.8499659177535032 0.4759504815285448 0.7363286518587576 0.4787742575534164 0.7373453370365384 0.5196887362022574
1 0.8951094980372482 0.4761892070087483 0.894130242060988 0.4258277706450649 0.7750296870900943 0.4281436285445279 0.7760089430663545 0.47850506490821143
1 0.925776120646616 0.4083531576989465 0.9043658033925274 0.35159024151131507 0.7870821020091567 0.3958283008642084 0.8084924192632453 0.45259121705183986
1 0.728063664799149 0.5684369657471637 0.7263616339496292 0.52071647463913 0.6201624524625562 0.5245042454455022 0.621864483312076 0.572224736553536
1 0.7505063851533296 0.6096978800923198 0.7412226192149421 0.5577347752141797 0.6119263722458376 0.5808349363070952 0.6212101381842251 0.6327980411852353
1 0.7115576900032613 0.5128821102835511 0.6996679716260232 0.4694926638644111 0.5820905915412368 0.5017116030791992 0.5939803099184747 0.5451010494983392
1 0.7011121861516891 0.47255670410883865 0.6879302475255192 0.4141859452998637 0.5665670121983841 0.44159355061798616 0.579748950824554 0.49996430942696113
1 0.6394260560004901 0.09975257576472818 0.6065050716007399 0.029206073019485457 0.4767757671181359 0.08974509682460599 0.5096967515178861 0.1602915995698487
1 0.6692067415734938 0.15213031535439417 0.6404388972477242 0.09627501087780299 0.5353343094087998 0.15040831923961762 0.5641021537345694 0.20626362371620877
1 0.8009479385834073 0.18387066731601226 0.7384908333545062 0.12395223114685461 0.7018607759077472 0.16213425822837144 0.7643178811366482 0.2220526943975291
1 0.38180207504942365 0.14948153214569723 0.27630502711887195 0.14816052258955562 0.2749134688554668 0.25929165569157286 0.38041051678601845 0.2606126652477144
1 0.3006295629650528 0.21770484691186986 0.22591679890832336 0.11653481140782045 0.14692521187066243 0.17486907782779365 0.2216379759273918 0.27603911333184306
1 0.15313852966935673 0.15151842489599746 0.030166559255590038 0.13368544350733816 0.016957634649687255 0.22477102535332866 0.13992960506345395 0.24260400674198798
1 0.2087927678048676 0.3653738210685195 0.12536770893932161 0.2723776438815746 0.0015086896425402728 0.38348915715476045 0.08493374850808624 0.47648533434170537
1 0.14879261349479567 0.3153371956657848 0.1252559825479788 0.19745423931075948 0.019645778271857123 0.2185404800967376 0.043182409218674014 0.336423436451763
1 0.06338825471404494 0.3134965176944374 0.013930724332661473 0.31129849985691094 0.0098658993237442 0.4027609998154039 0.05932342970512766 0.4049590176529304
1 0.1705366205643894 0.5376432285289632 0.16724500904362027 0.44947795355360826 0.03432818337912841 0.45444034441308895 0.03761979489989753 0.5426056193884439
1 0.12177514768893158 0.6151084046467699 0.11829284479360547 0.5368070576598396 0.02404269710467389 0.5409986530130697 0.027525000000000004 0.6193
1 0.18134435084201836 0.6277576809713923 0.1767544902440179 0.5634931588890895 0.06416543318688024 0.5715344242717336 0.06875529378488072 0.6357989463540362
1 0.18378580686930895 0.6352306279390851 0.07980591615084183 0.6291646432403986 0.0764585232907916 0.686543875313826 0.1804384140092587 0.6926098600125126
1 0.21215808527254323 0.6977935031021242 0.04331827629214861 0.6823197851097215 0.03761610397328796 0.7445384248420996 0.20645591295368257 0.7600121428345024
1 0.19083882020935705 0.8077405393397259 0.187571104416668 0.7447344521508196 0.08033017271323044 0.7502963415139748 0.08359788850591948 0.8133024287028812
1 0.08583188970254445 0.8145009922504574 0.0815410354064859 0.7533351503170959 0.03206383320394144 0.7568060330666383 0.0363546875 0.8179718749999999
1 0.09308197783148396 0.6838930591830473 0.03137280152159575 0.6811503960547978 0.027955104388600528 0.758047654336899 0.08966428069848874 0.7607903174651487
1 0.07899344910298392 0.6907752993953554 0.07692559130087132 0.6442784678014759 0.028729017197887403 0.6464219184061204 0.030796875 0.6929187499999999
1 0.20241948471469598 0.8202782429963225 0.1725189431898802 0.7784881856494228 0.11099163959571454 0.82251061138471 0.1408921811205303 0.8643006687316099
1 0.44378092327561297 0.8161197465613668 0.4287313211616167 0.7710901843430943 0.34361843035551703 0.7995362779381153 0.35866803246951323 0.8445658401563879
1 0.48175430530343216 0.8647768318607708 0.47103795619208516 0.8097049071917596 0.3624643344930861 0.830832057575601 0.37318068360443307 0.8859039822446123
1 0.5673485171040694 0.7843218731483512 0.5535790390072546 0.7292408419665064 0.458717302635317 0.7529549332457152 0.4724867807321319 0.8080359644275601
1 0.48010918499733535 0.7933762624326874 0.45001915555023775 0.7729141926745381 0.4424581679764271 0.7840328303018236 0.4725481974235247 0.804494900059973
1 0.5059815968708294 0.7229427021509536 0.48116173229367226 0.6912873884415093 0.4372070337065949 0.7257507861659658 0.4620268982837521 0.7574060998754101
1 0.5371233739045048 0.6444330869382078 0.4376058348925582 0.6425881399043959 0.43652583435130443 0.700844010684101 0.536043373363251 0.7026889577179128
1 0.47110122782612934 0.6459171133106564 0.44991049105703285 0.6158904399144594 0.39123812392511326 0.6572973140995221 0.41242886069420975 0.6873239874957191
1 0.42602553398274273 0.6478440188417216 0.4070526171695331 0.5879501916889418 0.2673316868425126 0.6322104053733463 0.28630460365572225 0.6921042325261261
1 0.3310029487206734 0.6210985374814977 0.31937990121984233 0.5746037148513332 0.21029121804225417 0.6018743414426392 0.2219142655430852 0.6483691640728035
1 0.4946172077388704 0.6311609940044003 0.48943285721381197 0.5462510723252638 0.38474765082534207 0.5526428436751044 0.3899320013504005 0.6375527653542409
1 0.4011151689433642 0.560626967358531 0.4000280875869541 0.5071347688205956 0.2879788381634437 0.5094118606840317 0.2890659195198537 0.5629040592219671
1 0.4032702733051572 0.4956185070240581 0.35040546274511486 0.3651491962330174 0.23622342046387873 0.4114145746423804 0.289088231023921 0.5418838854334211
1 0.24869620163620992 0.39589704515634966 0.14268987234044372 0.395550739639084 0.1425064031068767 0.45171184311416723 0.2485127324026429 0.4520581486314329
1 0.36436176349015437 0.35609831391077507 0.3532526482947981 0.29626261896384487 0.23848608929486148 0.3175702168054967 0.2495952044902178 0.37740591175242694
1 0.3519357105576538 0.3105411352766436 0.3441456453932682 0.2431354325348069 0.2074158641781482 0.2589372692081434 0.21520592934253377 0.3263429719499801
1 0.35390301048621453 0.36601682681107434 0.2650297696511696 0.36393133026910635 0.2641957944105224 0.3994711074497295 0.3530690352455673 0.4015566039916975
1 0.4937238600893147 0.38583509294495816 0.4694009881624175 0.32303923577106375 0.3665241838874492 0.36288675831859835 0.3908470558143463 0.42568261549249276
1 0.5383550072097283 0.26906972955154124 0.44733081142691766 0.18891798617287317 0.3780112973719888 0.2676405785074578 0.46903549315479937 0.34779232188612585
1 0.5166581948353058 0.22055548170942973 0.5097793982859288 0.15957269277909883 0.37889938253091937 0.17433582540306772 0.38577817908029644 0.2353186143333986
1 0.5348987068228206 0.40034607171674974 0.4692898419280375 0.3694043761082571 0.44803783183081214 0.4144672025562276 0.5136466967255953 0.44540889816472023
1 0.5445481580037205 0.5318183239925938 0.48492938124448237 0.48744571592207403 0.4424199087742623 0.5445611945824057 0.5020386855335004 0.5889338026529254
1 0.53346489384659 0.5952964784834845 0.49175080591387293 0.5750468431263682 0.4694911487543699 0.6209015600004337 0.511205236687087 0.6411511953575502
1 0.40406678165100407 0.5992729773571704 0.4003573252179087 0.5579453633940948 0.33001834474596403 0.5642588027289219 0.33372780117905954 0.6055864166919974
1 0.2981054719491666 0.5180945815493221 0.28126797983839474 0.46843835254555977 0.21265989762086673 0.49170206117283566 0.22949738973163852 0.541358290176598
1 0.8396219836238499 0.8962298702065136 0.7790231796487743 0.8802866242121754 0.7704188879912828 0.9129907412835593 0.8310176919663584 0.9289339872778974
1 0.9009912756780671 0.5441733402622959 0.8966686172733714 0.5023913464277019 0.8067090188369322 0.5116983367978543 0.8110316772416282 0.5534803306324483
1 0.8871027268762075 0.5917308317156094 0.874704530271063 0.5448697510376531 0.749616780792462 0.5779646453186615 0.7620149773976065 0.6248257259966178
1 1.0010734401189714 0.5768429881600126 0.9995466902720404 0.5117806856768257 0.8989057491914162 0.5141423226851306 0.9004324990383472 0.5792046251683176
1 1 0.5673406250000002 0.9240578125000001 0.5673406250000002 0.9240578125000001 0.6301109375000002 1 0.6301109375000002
1 0.9408257842122929 0.15051474784741287 0.9142476286085742 0.12661484301224224 0.8750476337143096 0.17020763432878128 0.9016257893180282 0.1941075391639519
1 0.40859060999027824 0.7222543067931986 0.397706390574285 0.6623010981908782 0.264992562209616 0.686394661506881 0.27587678162560925 0.7463478701092013
1 0.7073618865964444 0.6838591659913218 0.6114959039149017 0.6788853836148931 0.6081889690864737 0.7426241106033262 0.7040549517680164 0.7475978929797549
1 0.8645190582886869 0.23190776270393726 0.8628135656118701 0.19353615600534035 0.8167601323231833 0.1955830808014031 0.8184656250000002 0.23395468749999998
1 0.5225599789042121 0.5230087524661008 0.5187731263453006 0.46348563690707023 0.37557235726295285 0.47259605046228437 0.3793592098218642 0.5321191660213149
1 0.5330881724614185 0.35286253187288386 0.44028153374219176 0.30522345556270813 0.4211065682342241 0.34257858992268053 0.5139132069534509 0.39021766623285625
1 0.44675334695572866 0.6852306863713854 0.40094459054828013 0.6830381305091484 0.39931199307999216 0.7171477561858801 0.44512074948744074 0.719340312048117
1 0.45244109471399724 0.4516534729857627 0.37130143781850294 0.4158355586234494 0.3568623307860821 0.44854500615400295 0.4380019876815764 0.4843629205163162
1 0.4924219928919408 0.43363158820781444 0.41472212151813903 0.4072206788652215 0.4066013661214181 0.4311116264126328 0.4843012374952199 0.4575225357552258
1 0.5073431994891549 0.8868965770258754 0.47677762260355827 0.8703941045054308 0.4563087252483388 0.9083062207110022 0.4868743021339352 0.9248086932314468
1 0.5440690427292505 0.876607753902994 0.5296443710920185 0.8696054591082181 0.5164916973870485 0.89669986242974 0.5309163690242805 0.9037021572245157