1 0.5703125 0.628125 0.5265625 0.628125 0.5265625 0.7203125 0.5703125 0.7203125
1 0.5328125000000001 0.6640625 0.4828125 0.6640625 0.4828125000000001 0.7421875 0.5328125000000001 0.7421875
1 0.4703125 0.571875 0.41875 0.571875 0.41875 0.6640625 0.4703125 0.6640625
1 0.5781250000000002 0.903125 0.5312500000000002 0.903125 0.5312500000000002 1 0.5781250000000002 1
1 0.64375 0.6578125 0.58125 0.6578125 0.58125 0.7484375 0.6437500000000002 0.7484375
1 0.5218750000000002 0.8484375 0.46406250000000016 0.8484375 0.46406250000000016 0.9234375 0.5218750000000002 0.9234375
1 0.4281250000000002 0.8453125 0.3625000000000001 0.8453125 0.3625000000000001 0.9625 0.4281250000000002 0.9625
1 0.16406250000000006 0.434375 0.07500000000000004 0.434375 0.07500000000000005 0.5171875 0.16406250000000006 0.5171875
1 0.20312500000000008 0.853125 0.1390625000000001 0.853125 0.13906250000000012 0.9390625 0.20312500000000008 0.9390625
1 0.609375 0.5578125 0.5625 0.5578125 0.5625 0.65625 0.609375 0.65625
1 0.3203125000000001 0.6265625 0.2171875000000001 0.6265625 0.2171875000000001 0.7609375 0.3203125000000001 0.7609375
1 0.1750000000000001 0.6578125 0.10781250000000009 0.6578125 0.10781250000000009 0.7453125 0.1750000000000001 0.7453125
1 0.3046875000000001 0.546875 0.2375000000000001 0.546875 0.2375000000000001 0.6375 0.3046875000000001 0.6375
1 0.6328125 0.4546875 0.5734375 0.4546875 0.5734375 0.55625 0.6328125 0.55625
1 0.41875000000000007 0.603125 0.3343750000000001 0.603125 0.3343750000000001 0.7609375 0.4187500000000002 0.7609375
1 0.29375 0.06406250000000004 0.2078125 0.06406250000000002 0.2078125 0.16093750000000004 0.29375 0.16093750000000004
1 0.48125 0.6265625 0.45 0.6265625 0.45 0.70625 0.48125 0.70625
1 0.7156250000000002 0.8671875 0.6765625000000002 0.8671875 0.6765625000000002 0.965625 0.7156250000000002 0.965625
1 0.15312500000000012 0.75625 0.0828125000000001 0.75625 0.0828125000000001 0.9109375 0.15312500000000012 0.9109375
1 0.615625 0.3218750000000001 0.55625 0.3218750000000001 0.55625 0.4203125 0.615625 0.4203125
1 0.528125 0.4453125 0.4921875 0.4453125 0.4921875 0.53125 0.528125 0.53125
1 0.5828125 0.4015625 0.521875 0.4015625 0.521875 0.48125 0.5828125 0.48125
1 0.2156250000000001 0.55625 0.14062500000000008 0.55625 0.14062500000000008 0.69375 0.2156250000000001 0.69375
1 0.5625 0.3156250000000001 0.5046875 0.3156250000000001 0.5046875 0.425 0.5625 0.425
1 0.8625 0.5953125000000001 0.79375 0.5953125000000001 0.79375 0.6734375000000001 0.8625 0.6734375000000001
1 0.425 0.54375 0.37187500000000007 0.54375 0.37187500000000007 0.6375 0.425 0.6375
1 0.2078125000000001 0.371875 0.14218750000000005 0.371875 0.14218750000000005 0.45 0.2078125000000001 0.45
1 0.27343750000000006 0.31875 0.20625 0.31875 0.20625000000000004 0.4484375 0.2734375000000001 0.4484375
1 0.4765625 0.4078125 0.3921875000000001 0.4078125 0.3921875000000001 0.503125 0.4765625 0.503125
1 0.4921875 0.07500000000000005 0.4328125 0.07500000000000004 0.4328125 0.16718750000000004 0.4921875 0.16718750000000004
1 0.2531250000000001 0.6203125 0.2000000000000001 0.6203125 0.2000000000000001 0.703125 0.2531250000000001 0.703125
1 0.7203125 0.5515625 0.66875 0.5515625 0.66875 0.665625 0.7203125 0.665625
1 0.24375 0.20625 0.17812500000000003 0.20625 0.17812500000000003 0.303125 0.24375 0.303125
1 0.7875 0.4265625000000002 0.73125 0.4265625000000002 0.73125 0.5109375000000002 0.7875 0.5109375000000002
1 0.565625 0.546875 0.528125 0.546875 0.528125 0.6328125 0.565625 0.6328125
1 0.7734375 0.2218750000000001 0.7140625 0.2218750000000001 0.7140625 0.3140625000000001 0.7734375 0.3140625000000001
1 0.7562500000000001 0.6718750000000001 0.7109375 0.671875 0.7109375000000001 0.7546875000000001 0.7562500000000002 0.7546875000000002
1 0.378125 0.25781250000000006 0.315625 0.2578125 0.315625 0.36250000000000004 0.378125 0.3625000000000001
1 0.40625 0.05312500000000005 0.3609375 0.05312500000000005 0.3609375 0.12500000000000006 0.40625 0.12500000000000006
1 0.5796875 0.06406250000000006 0.5125 0.06406250000000006 0.5125 0.15781250000000008 0.5796875 0.15781250000000008
1 0.7875000000000002 0.7515625000000001 0.7515625000000001 0.7515625000000001 0.7515625000000001 0.8 0.7875000000000002 0.8
1 0.6109375 0.09531250000000006 0.5671875 0.09531250000000006 0.5671875 0.18750000000000008 0.6109375 0.18750000000000008
1 0.496875 0.3140625000000001 0.428125 0.3140625000000001 0.428125 0.4359375 0.496875 0.4359375
1 0.8875 0.3578125000000001 0.81875 0.3578125000000001 0.81875 0.4500000000000002 0.8875 0.4500000000000002
1 0.15781250000000005 0.21875 0.09218750000000002 0.21875 0.09218750000000003 0.3015625 0.15781250000000005 0.3015625
1 0.675 0.55 0.60625 0.55 0.60625 0.6703125 0.675 0.6703125
1 0.66875 0.35625000000000007 0.60625 0.35625000000000007 0.60625 0.421875 0.66875 0.421875
1 0.8578125 0.1312500000000001 0.809375 0.1312500000000001 0.809375 0.21250000000000008 0.8578125 0.21250000000000008
1 0.7187500000000001 0.6515625 0.64375 0.6515625 0.64375 0.728125 0.7187500000000002 0.728125
1 0.22343750000000004 0.290625 0.14218750000000005 0.290625 0.14218750000000005 0.3765625 0.2234375000000001 0.3765625
1 0.15000000000000005 0.30625 0.08906250000000004 0.30625 0.08906250000000004 0.4375 0.15000000000000005 0.4375
1 0.6906250000000002 0.8484375 0.6531250000000002 0.8484375 0.6531250000000002 0.934375 0.6906250000000002 0.934375
1 0.584375 0.21875000000000008 0.5328125 0.21875000000000008 0.5328125 0.3187500000000001 0.584375 0.3187500000000001
1 0.3578125000000001 0.85 0.2687500000000001 0.85 0.2687500000000001 0.9984375 0.3578125000000001 0.9984375
1 0.5343750000000002 0.9125 0.5015625000000001 0.9125 0.5015625000000001 0.99375 0.5343750000000002 0.99375
1 0.2765625000000001 0.85625 0.20468750000000008 0.85625 0.20468750000000008 1 0.2765625000000001 1
1 0.7359375 0.4484375000000001 0.690625 0.4484375 0.690625 0.5125000000000001 0.7359375 0.5125000000000002
1 0.4703125 0.2062500000000001 0.396875 0.2062500000000001 0.396875 0.3156250000000001 0.4703125 0.3156250000000001
1 0.5375 0.5453125 0.46875 0.5453125 0.46875 0.6703125 0.5375 0.6703125
1 0.4828125 5.463072830571396e-17 0.409375 5.013397834009477e-17 0.409375 0.08125000000000006 0.4828125 0.08125000000000007
1 0.428125 0.3140625000000001 0.365625 0.3140625000000001 0.36562500000000003 0.4453125 0.428125 0.4453125
1 0.5578125 0.0015625000000000632 0.4765625 0.0015625000000000582 0.4765625 0.10312500000000006 0.5578125 0.10312500000000009
1 0.6750000000000002 0.853125 0.6234375000000002 0.853125 0.6234375000000002 0.975 0.6750000000000002 0.975
1 0.3375 0.2984375 0.275 0.2984375 0.275 0.453125 0.3375000000000001 0.453125
1 0.7687500000000002 0.9453125 0.7187500000000002 0.9453125 0.7187500000000002 1 0.7687500000000002 1
1 0.37187500000000007 0.5796875 0.3234375000000001 0.5796875 0.3234375000000001 0.6421875 0.37187500000000007 0.6421875
1 0.4625000000000002 0.8859375 0.40625000000000017 0.8859375 0.40625000000000017 1 0.4625000000000002 1
1 0.628125 0.1671875000000001 0.5734375 0.1671875000000001 0.5734375 0.2718750000000001 0.628125 0.2718750000000001
1 0.6625000000000002 0.9453125 0.6031250000000001 0.9453125 0.6031250000000001 1 0.6625000000000002 1
1 0.3265625 0.19531250000000006 0.265625 0.19531250000000006 0.265625 0.2859375 0.3265625 0.2859375
1 0.703125 0.4140625 0.6140625 0.4140625 0.6140625 0.5 0.703125 0.5
1 0.6234375000000002 0.8453125 0.5531250000000002 0.8453125 0.5531250000000002 0.978125 0.6234375000000002 0.978125
1 0.2062500000000001 0.928125 0.14062500000000014 0.928125 0.14062500000000014 1 0.2062500000000001 1
1 0.6359375 0.02656250000000008 0.590625 0.02656250000000008 0.590625 0.12343750000000009 0.6359375 0.12343750000000009
1 0.7890625 0.16562500000000008 0.721875 0.16562500000000008 0.721875 0.2468750000000001 0.7890625 0.2468750000000001
1 0.7343750000000002 0.95625 0.6640625000000002 0.95625 0.6640625000000002 1 0.7343750000000002 1
1 0.396875 0.16718750000000004 0.334375 0.16718750000000004 0.334375 0.29687500000000006 0.396875 0.2968750000000001
1 0.5921875 0.00781250000000007 0.5484375 0.007812500000000066 0.5484375 0.07500000000000007 0.5921875 0.07500000000000007
1 0.753125 0.05625000000000009 0.709375 0.05625000000000009 0.709375 0.16406250000000008 0.753125 0.16406250000000008
1 0.821875 0.1750000000000001 0.7890625 0.1750000000000001 0.7890625 0.2593750000000001 0.821875 0.2593750000000001
1 0.7234375 0.23437500000000008 0.6078125 0.23437500000000008 0.6078125 0.36406250000000007 0.7234375 0.36406250000000007
1 0.4109375 4.793344112287687e-17 0.371875 4.55415528432922e-17 0.371875 0.06093750000000005 0.4109375 0.06093750000000005
1 0.5328125 0.2093750000000001 0.4703125 0.2093750000000001 0.4703125 0.36406250000000007 0.5328125 0.36406250000000007
1 0.8421875 0.85 0.7906250000000001 0.85 0.7906250000000001 0.90625 0.8421875 0.90625
1 0.803125 0.0390625000000001 0.771875 0.0390625000000001 0.771875 0.11093750000000009 0.803125 0.11093750000000009
1 0.73125 8.668203125214859e-17 0.684375 8.381176531664698e-17 0.684375 0.10312500000000009 0.73125 0.10312500000000009
1 0.375 4.200155818950688e-17 0.3109375 3.807886141098801e-17 0.3109375 0.05468750000000004 0.375 0.05468750000000004
1 0.6 0.2828125000000001 0.5578125 0.2828125000000001 0.5578125 0.3390625000000001 0.6 0.3390625000000001
1 0.690625 0.0015625000000000812 0.634375 0.0015625000000000777 0.634375 0.15625000000000008 0.690625 0.15625000000000008
1 0.659375 7.826258450801054e-17 0.61875 7.577502069724248e-17 0.61875 0.06562500000000007 0.659375 0.06562500000000009
1 0.7515625 0.3937500000000001 0.696875 0.3937500000000001 0.696875 0.4531250000000001 0.7515625 0.45312500000000017
1 0.5750000000000002 0.8484375 0.5515625000000002 0.8484375 0.5515625000000002 0.915625 0.5750000000000002 0.915625
1 0.7765625 0.2984375000000001 0.709375 0.2984375000000001 0.709375 0.3921875000000001 0.7765625 0.3921875000000001