1 0.6671875 0.428125 0.596875 0.428125 0.596875 0.5328125 0.6671875 0.5328125
1 0.6125 0.4859375 0.53125 0.4859375 0.53125 0.5984375 0.6125 0.5984375
1 0.3625000000000001 0.646875 0.29375000000000007 0.646875 0.29375000000000007 0.73125 0.3625000000000001 0.73125
1 0.8609375 0.5078125000000002 0.79375 0.5078125000000002 0.79375 0.5734375000000002 0.8609375 0.5734375000000002
1 0.5437500000000002 0.7671875 0.4593750000000002 0.7671875 0.4593750000000002 0.871875 0.5437500000000002 0.871875
1 0.6156250000000002 0.728125 0.5343750000000002 0.728125 0.5343750000000002 0.8640625 0.6156250000000002 0.8640625
1 0.47187500000000016 0.8625 0.38750000000000007 0.8625 0.38750000000000007 0.9828125 0.47187500000000016 0.9828125
1 0.878125 0.3781250000000001 0.721875 0.3781250000000001 0.721875 0.5234375000000001 0.878125 0.5234375000000002
1 0.7671875000000001 0.6609375000000001 0.6765625 0.6609375 0.6765625000000001 0.784375 0.7671875000000001 0.7843750000000002
1 0.6046875 0.3812500000000001 0.5328125 0.3812500000000001 0.5328125 0.4984375 0.6046875 0.4984375
1 0.5000000000000001 0.6453125 0.4375 0.6453125 0.4375000000000001 0.7625 0.5000000000000002 0.7625
1 0.4609375000000001 0.7109375 0.40625 0.7109375 0.4062500000000001 0.8203125 0.46093750000000017 0.8203125
1 0.871875 0.7359375000000001 0.7937500000000002 0.7359375000000001 0.7937500000000002 0.8484375 0.871875 0.8484375
1 0.496875 0.4671875 0.3968750000000001 0.4671875 0.3968750000000001 0.609375 0.496875 0.609375
1 0.9734375 0.8375 0.8484375 0.8375 0.8484375 0.9734375 0.9734375 0.9734375
1 0.6609375000000001 0.65625 0.5671875 0.65625 0.5671875000000001 0.778125 0.6609375000000002 0.778125
1 0.3500000000000001 0.3765625 0.2312500000000001 0.3765625 0.2312500000000001 0.478125 0.3500000000000001 0.478125
1 1 0.46093750000000017 0.921875 0.46093750000000017 0.921875 0.5468750000000002 1 0.5468750000000002
1 0.94375 0.6640625000000002 0.8375 0.6640625000000002 0.8375 0.7828125000000001 0.94375 0.7828125000000001
1 0.4296875000000001 0.646875 0.3625000000000001 0.646875 0.3625000000000001 0.775 0.42968750000000017 0.775
1 0.44062500000000016 0.7734375 0.3515625000000001 0.7734375 0.3515625000000001 0.9015625 0.44062500000000016 0.9015625
1 0.7265625 0.2718750000000001 0.6671875 0.2718750000000001 0.6671875 0.4046875000000001 0.7265625 0.4046875000000002
1 0.9953125 0.6765625000000002 0.8953125 0.6765625000000002 0.8953125 0.8515625 0.9953125 0.8515625
1 0.6828125 0.671875 0.6328125 0.671875 0.6328125000000001 0.815625 0.6828125000000002 0.815625
1 0.265625 0.24375 0.215625 0.24375 0.215625 0.33125 0.265625 0.33125
1 0.3453125000000001 0.48125 0.2515625000000001 0.48125 0.2515625000000001 0.5890625 0.3453125000000001 0.5890625
1 0.68125 0.2515625000000001 0.59375 0.2515625000000001 0.59375 0.3500000000000001 0.68125 0.3500000000000001
1 0.4109375 0.16562500000000005 0.346875 0.16562500000000005 0.346875 0.275 0.4109375 0.2750000000000001
1 0.4421875 0.3468750000000001 0.396875 0.3468750000000001 0.39687500000000003 0.4203125 0.4421875 0.4203125
1 0.4703125 0.3734375000000001 0.4171875 0.3734375000000001 0.4171875 0.471875 0.4703125 0.471875
1 0.80625 0.7390625000000002 0.7281250000000001 0.7390625000000002 0.7281250000000001 0.90625 0.80625 0.90625
1 0.8921875 0.2687500000000001 0.8328125 0.2687500000000001 0.8328125 0.4000000000000002 0.8921875 0.4000000000000002
1 0.5484375000000001 0.6578125 0.496875 0.6578125 0.49687500000000007 0.78125 0.5484375000000001 0.78125
1 0.575 0.5390625 0.490625 0.5390625 0.490625 0.6921875 0.575 0.6921875
1 0.32656250000000003 0.30625 0.2734375 0.30625 0.27343750000000006 0.3859375 0.3265625000000001 0.3859375
1 0.3906250000000001 0.8421875 0.2875000000000001 0.8421875 0.2875000000000001 0.975 0.3906250000000001 0.975
1 0.9859375 0.3812500000000001 0.871875 0.3812500000000001 0.871875 0.49218750000000017 0.9859375 0.49218750000000017
1 0.7734375 0.2828125000000001 0.7203125 0.2828125000000001 0.7203125 0.4140625000000001 0.7734375 0.41406250000000017
1 0.678125 0.08437500000000007 0.5953125 0.08437500000000006 0.5953125 0.2078125000000001 0.678125 0.2078125000000001
1 0.859375 0.0343750000000001 0.7859375 0.0343750000000001 0.7859375 0.0890625000000001 0.859375 0.08906250000000011
1 0.2734375 0.10468750000000004 0.25 0.10468750000000004 0.25 0.14062500000000006 0.2734375 0.14062500000000006
1 0.98125 0.21250000000000008 0.8859375 0.21250000000000008 0.8859375 0.3921875000000001 0.98125 0.3921875000000001
1 0.540625 0.421875 0.490625 0.421875 0.490625 0.525 0.540625 0.525
1 1 0.2984375000000001 0.946875 0.2984375000000001 0.946875 0.46406250000000016 1 0.46406250000000016
1 0.3671875 0.24218750000000006 0.2984375 0.2421875 0.2984375 0.33906250000000004 0.3671875 0.3390625000000001
1 0.6453125 0.2953125000000001 0.5515625 0.2953125000000001 0.5515625 0.44375 0.6453125 0.44375
1 0.678125 0.02656250000000008 0.6046875 0.02656250000000008 0.6046875 0.10156250000000008 0.678125 0.10156250000000008
1 0.84375 0.2609375000000001 0.76875 0.2609375000000001 0.76875 0.3984375000000001 0.84375 0.3984375000000001
1 0.4125 0.4046875 0.3359375000000001 0.4046875 0.3359375000000001 0.571875 0.4125 0.571875
1 0.4625 0.14218750000000005 0.4015625 0.14218750000000005 0.4015625 0.2484375000000001 0.4625 0.2484375000000001
1 0.6125 0.04843750000000007 0.5140625 0.048437500000000064 0.5140625 0.19687500000000008 0.6125 0.19687500000000008
1 0.5234375 0.12343750000000005 0.4546875 0.12343750000000005 0.4546875 0.24375000000000008 0.5234375 0.24375000000000008
1 0.4921875 0.2515625000000001 0.390625 0.2515625000000001 0.390625 0.3593750000000001 0.4921875 0.3593750000000001
1 0.7640625 0.03125000000000009 0.6890625 0.03125000000000009 0.6890625 0.12343750000000009 0.7640625 0.12343750000000009
1 0.4796875 0.06718750000000005 0.415625 0.06718750000000004 0.415625 0.15781250000000005 0.4796875 0.15781250000000005
1 0.5515625 0.25468750000000007 0.4953125 0.25468750000000007 0.4953125 0.3843750000000001 0.5515625 0.3843750000000001
1 0.325 0.010937500000000034 0.2578125 0.01093750000000003 0.2578125 0.054687500000000035 0.325 0.05468750000000004
1 0.5359375 0.2921875000000001 0.45625 0.2921875000000001 0.45625 0.5015625 0.5359375 0.5015625
1 0.6203125 0.02500000000000007 0.5578125 0.025000000000000067 0.5578125 0.05312500000000007 0.6203125 0.05312500000000007
1 0.4390625 0.01718750000000005 0.378125 0.017187500000000043 0.378125 0.07812500000000004 0.4390625 0.07812500000000004
1 0.5640625 0.023437500000000066 0.525 0.023437500000000066 0.525 0.07500000000000007 0.5640625 0.07500000000000007
1 0.53125 0.01875000000000006 0.4265625 0.01875000000000005 0.4265625 0.09687500000000006 0.53125 0.09687500000000007
1 0.4234375 0.028125000000000046 0.3015625 0.028125000000000032 0.3015625 0.17656250000000004 0.4234375 0.17656250000000004