1 0.425 0.12187500000000004 0.36875 0.12187500000000004 0.36875 0.2484375000000001 0.425 0.2484375000000001
1 0.7015625 0.09218750000000007 0.603125 0.09218750000000006 0.603125 0.2296875000000001 0.7015625 0.2296875000000001
1 0.7828125 0.12031250000000009 0.6796875 0.12031250000000009 0.6796875 0.2312500000000001 0.7828125 0.2312500000000001
1 0.8328125 0.03437500000000009 0.7375 0.034375000000000086 0.7375 0.14218750000000008 0.8328125 0.14218750000000008
1 0.5734375 0.2718750000000001 0.50625 0.2718750000000001 0.50625 0.3921875000000001 0.5734375 0.3921875000000001
1 0.4625 0.54375 0.41875 0.54375 0.41875 0.6171875 0.4625 0.6171875
1 0.8171875 0.8328125 0.7609375000000002 0.8328125 0.7609375000000002 0.9359375 0.8171875 0.9359375
1 0.4796875 0.3515625000000001 0.4296875 0.3515625000000001 0.4296875 0.4125 0.4796875 0.4125
1 0.3390625 0.16875000000000004 0.2953125 0.16875000000000004 0.2953125 0.2296875 0.3390625 0.2296875
1 0.4140625 0.3421875000000001 0.3734375 0.3421875000000001 0.37343750000000003 0.4109375 0.4140625 0.4109375
1 0.46875 5.405667511861364e-17 0.4140625 5.070803152719509e-17 0.4140625 0.10937500000000004 0.46875 0.10937500000000004
1 0.54375 0.2140625000000001 0.478125 0.2140625000000001 0.478125 0.3390625000000001 0.54375 0.3390625000000001
1 0.3843750000000001 0.528125 0.3109375000000001 0.528125 0.3109375000000001 0.684375 0.3843750000000001 0.684375
1 0.6375000000000001 0.63125 0.5578125 0.63125 0.5578125 0.740625 0.6375000000000002 0.740625
1 0.6359375 7.166097285635683e-17 0.534375 6.544206332943669e-17 0.534375 0.09687500000000007 0.6359375 0.09687500000000009
1 0.3062500000000001 0.55625 0.26250000000000007 0.55625 0.26250000000000007 0.6109375 0.3062500000000001 0.6109375
1 0.7359375 0.2750000000000001 0.6625 0.2750000000000001 0.6625 0.3843750000000001 0.7359375 0.3843750000000001
1 0.5703125 0.528125 0.5109375 0.528125 0.5109375 0.675 0.5703125 0.675
1 0.7890625000000001 0.6703125000000001 0.7125 0.6703125 0.7125000000000001 0.7890625000000001 0.7890625000000002 0.7890625000000002
1 0.3312500000000001 0.4765625 0.2562500000000001 0.4765625 0.2562500000000001 0.5546875 0.3312500000000001 0.5546875
1 0.47656250000000017 0.834375 0.4125000000000002 0.834375 0.4125000000000002 0.953125 0.47656250000000017 0.953125
1 0.42187500000000017 0.8515625 0.3656250000000001 0.8515625 0.3656250000000001 0.9859375 0.42187500000000017 0.9859375
1 0.7078125 0.38750000000000007 0.6296875 0.38750000000000007 0.6296875 0.578125 0.7078125 0.578125
1 0.640625 0.22031250000000008 0.5640625 0.22031250000000008 0.5640625 0.33281250000000007 0.640625 0.33281250000000007
1 0.3796875 0.23750000000000004 0.3296875 0.2375 0.3296875 0.30000000000000004 0.3796875 0.3000000000000001
1 0.61875 0.3312500000000001 0.559375 0.3312500000000001 0.559375 0.409375 0.61875 0.409375
1 0.3843750000000001 0.834375 0.3312500000000001 0.834375 0.3312500000000001 0.965625 0.3843750000000001 0.965625
1 0.8203125 0.2843750000000001 0.759375 0.2843750000000001 0.759375 0.3765625000000001 0.8203125 0.3765625000000001
1 0.9640625 0.6687500000000002 0.871875 0.6687500000000002 0.871875 0.7828125000000001 0.9640625 0.7828125000000001
1 0.60625 0.15781250000000008 0.5359375 0.15781250000000005 0.5359375 0.2593750000000001 0.60625 0.2593750000000001
1 0.7390625000000001 0.6375000000000001 0.6390625 0.6375 0.6390625000000001 0.821875 0.7390625000000002 0.821875
1 0.7484375 0.006250000000000087 0.6859375 0.006250000000000084 0.6859375 0.12656250000000008 0.7484375 0.12656250000000008
1 0.4125 0.4890625 0.36406250000000007 0.4890625 0.36406250000000007 0.575 0.4125 0.575
1 0.853125 0.3703125000000001 0.7734375 0.3703125000000001 0.7734375 0.4671875000000002 0.853125 0.4671875000000002
1 0.7218750000000002 0.8328125 0.6593750000000002 0.8328125 0.6593750000000002 0.9734375 0.7218750000000002 0.9734375
1 0.7546875 0.5578125 0.6875 0.5578125 0.6875 0.6828125 0.7546875 0.6828125000000002
1 0.4515625 0.4703125 0.4078125 0.4703125 0.4078125 0.546875 0.4515625 0.546875
1 0.5781250000000002 0.8296875 0.5015625000000001 0.8296875 0.5015625000000001 0.9703125 0.5781250000000002 0.9703125
1 0.6453125 0.54375 0.575 0.54375 0.575 0.653125 0.6453125 0.653125
1 0.7843750000000002 0.8875 0.7140625000000002 0.8875 0.7140625000000002 0.9703125 0.7843750000000002 0.9703125
1 0.8515625 0.6343750000000001 0.771875 0.6343750000000001 0.7718750000000001 0.7468750000000002 0.8515625 0.7468750000000002
1 0.515625 0.4421875 0.453125 0.4421875 0.453125 0.571875 0.515625 0.571875
1 0.903125 0.046875000000000104 0.825 0.0468750000000001 0.825 0.14218750000000008 0.903125 0.14218750000000008
1 0.59375 0.46875 0.5390625 0.46875 0.5390625 0.571875 0.59375 0.571875
1 0.4375 0.55 0.3750000000000001 0.55 0.3750000000000001 0.6875 0.4375 0.6875
1 0.9140625 0.86875 0.865625 0.86875 0.865625 0.9625 0.9140625 0.9625
1 0.4640625 0.2390625000000001 0.4171875 0.2390625000000001 0.4171875 0.3359375000000001 0.4640625 0.3359375000000001
1 0.5171875000000001 0.9171875 0.4671875000000002 0.9171875 0.4671875000000002 0.9828125 0.5171875000000001 0.9828125
1 0.5234375 0.5671875 0.4609375 0.5671875 0.4609375 0.7171875 0.5234375 0.7171875
1 0.8359375 0.2250000000000001 0.7734375 0.2250000000000001 0.7734375 0.3046875000000001 0.8359375 0.3046875000000001
1 0.6703125 0.2828125000000001 0.6125 0.2828125000000001 0.6125 0.4078125 0.6703125 0.4078125
1 0.76875 0.3781250000000001 0.715625 0.3781250000000001 0.715625 0.45781250000000007 0.76875 0.4578125000000002
1 0.3375000000000001 0.7765625 0.2656250000000001 0.7765625 0.2656250000000001 0.9828125 0.3375000000000001 0.9828125
1 0.46875 0.17343750000000005 0.4203125 0.17343750000000005 0.4203125 0.2562500000000001 0.46875 0.2562500000000001
1 0.6718750000000002 0.825 0.6109375000000001 0.825 0.6109375000000001 0.975 0.6718750000000002 0.975
1 0.43125 0.23593750000000008 0.3734375 0.23593750000000008 0.3734375 0.3265625000000001 0.43125 0.3265625000000001
1 0.490625 0.060937500000000054 0.4453125 0.06093750000000005 0.4453125 0.15312500000000004 0.490625 0.15312500000000004
1 0.8390625 0.1218750000000001 0.75625 0.1218750000000001 0.75625 0.2375000000000001 0.8390625 0.2375000000000001
1 0.484375 0.2671875000000001 0.45625 0.2671875000000001 0.45625 0.3421875000000001 0.484375 0.3421875000000001
1 0.6203125000000002 0.8328125 0.5515625000000002 0.8328125 0.5515625000000002 0.978125 0.6203125000000002 0.978125
1 0.575 0.07968750000000006 0.5296875 0.07968750000000006 0.5296875 0.14687500000000006 0.575 0.1468750000000001
1 0.5171875 0.15468750000000003 0.4625 0.15468750000000003 0.4625 0.25468750000000007 0.5171875 0.25468750000000007
1 0.7109375 8.342906319191344e-17 0.6515625 7.979339300694473e-17 0.6515625 0.1062500000000001 0.7109375 0.1062500000000001
1 0.815625 0.5453125000000002 0.74375 0.5453125000000002 0.74375 0.6765625000000002 0.815625 0.6765625000000002
1 0.640625 0.4640625 0.5859375 0.4640625 0.5859375 0.5578125 0.640625 0.5578125
1 0.3734375000000001 0.475 0.3296875000000001 0.475 0.3296875000000001 0.5359375 0.3734375000000001 0.5359375
1 0.6390625 0.08906250000000007 0.5921875 0.08906250000000007 0.5921875 0.1625000000000001 0.6390625 0.1625000000000001
1 0.3875 0.17187500000000006 0.328125 0.17187500000000006 0.328125 0.24062500000000003 0.3875 0.2406250000000001
1 0.8859375 0.8546875 0.809375 0.8546875 0.809375 0.965625 0.8859375 0.965625
1 0.8328125 0.4671875000000002 0.7421875 0.4671875000000002 0.7421875 0.5625000000000002 0.8328125 0.5625000000000002
1 0.7640625 0.4640625000000001 0.69375 0.4640625 0.69375 0.5703125000000001 0.7640625 0.5703125000000002
1 0.328125 3.7696159286254463e-17 0.2875 3.5208595475486407e-17 0.2875 0.07187500000000005 0.328125 0.07187500000000005
1 0.41875 0.010937500000000048 0.365625 0.010937500000000044 0.365625 0.13125000000000003 0.41875 0.13125000000000003
1 0.715625 0.2140625000000001 0.6375 0.2140625000000001 0.6375 0.3078125000000001 0.715625 0.3078125000000001
1 0.9265625 0.5843750000000002 0.8359375 0.5843750000000002 0.8359375 0.7140625000000002 0.9265625 0.7140625000000002
1 0.296875 3.358211144536883e-17 0.2515625 3.080752104105061e-17 0.2515625 0.06562500000000003 0.296875 0.06562500000000004
1 0.503125 5.912747827133314e-17 0.4625 5.663991446056509e-17 0.4625 0.07031250000000007 0.503125 0.07031250000000007
1 0.8203125 9.519715352747004e-17 0.734375 8.993499931238375e-17 0.734375 0.0578125000000001 0.8203125 0.057812500000000114
1 0.7796875 0.22656250000000008 0.721875 0.22656250000000008 0.721875 0.3281250000000001 0.7796875 0.3281250000000001
1 0.5093750000000001 0.821875 0.4625000000000002 0.821875 0.4625000000000002 0.9296875 0.5093750000000001 0.9296875
1 0.9109375 0.4515625000000002 0.8359375 0.4515625000000002 0.8359375 0.5812500000000002 0.9109375 0.5812500000000002
1 0.3765625 4.305398903252414e-17 0.3265625 3.999237203465575e-17 0.3265625 0.057812500000000044 0.3765625 0.057812500000000044
1 0.2671875000000001 0.909375 0.2000000000000001 0.909375 0.2000000000000001 0.99375 0.2671875000000001 0.99375
1 0.4515625000000002 0.9421875 0.3921875000000001 0.9421875 0.3921875000000001 0.984375 0.4515625000000002 0.984375
1 0.73125 0.3593750000000001 0.696875 0.3593750000000001 0.696875 0.4078125000000001 0.73125 0.4078125000000002
1 0.5453125 0.009375000000000064 0.496875 0.00937500000000006 0.496875 0.10156250000000007 0.5453125 0.10156250000000008
1 0.6578125 7.835826003919394e-17 0.621875 7.615772282197602e-17 0.621875 0.10000000000000009 0.6578125 0.10000000000000009
1 0.8859375 0.5500000000000002 0.809375 0.5500000000000002 0.809375 0.6468750000000002 0.8859375 0.6468750000000002
1 0.44375 5.195181343257913e-17 0.4046875 4.955992515299445e-17 0.4046875 0.02812500000000005 0.44375 0.028125000000000056
1 0.9984375 0.7750000000000001 0.8890625 0.7750000000000001 0.8890625 0.9609375 0.9984375 0.9609375