1 0.8109375 0.5765625000000002 0.7703125 0.5765625000000002 0.7703125 0.6281250000000002 0.8109375 0.6281250000000002
1 0.3375 0.10937500000000004 0.2515625 0.10937500000000004 0.2515625 0.209375 0.3375 0.209375
1 0.4765625 0.05937500000000005 0.4234375 0.059375000000000046 0.4234375 0.13437500000000005 0.4765625 0.13437500000000005
1 0.6359375000000002 0.8390625 0.5921875000000002 0.8390625 0.5921875000000002 0.9171875 0.6359375000000002 0.9171875
1 0.434375 0.12031250000000004 0.34375 0.12031250000000004 0.34375 0.23281250000000003 0.434375 0.2328125000000001
1 0.221875 0.15781250000000002 0.159375 0.1578125 0.15937500000000002 0.2421875 0.221875 0.2421875
1 0.32500000000000007 0.478125 0.2218750000000001 0.478125 0.2218750000000001 0.6078125 0.32500000000000007 0.6078125
1 0.2296875 0.07968750000000002 0.1640625 0.07968750000000002 0.1640625 0.17500000000000002 0.2296875 0.17500000000000004
1 0.2234375000000001 0.54375 0.16093750000000004 0.54375 0.16093750000000007 0.61875 0.2234375000000001 0.61875
1 0.46875 0.3750000000000001 0.3687500000000001 0.3750000000000001 0.3687500000000001 0.4734375 0.46875 0.4734375
1 0.1218750000000001 0.7265625 0.06250000000000008 0.7265625 0.0625000000000001 0.8609375 0.1218750000000001 0.8609375
1 0.471875 0.5015625 0.41875 0.5015625 0.41875 0.59375 0.471875 0.59375
1 0.5046875 0.12812500000000004 0.4671875 0.12812500000000004 0.4671875 0.19062500000000004 0.5046875 0.19062500000000004
1 0.23593750000000005 0.3296875 0.13750000000000004 0.3296875 0.13750000000000004 0.446875 0.23593750000000008 0.446875
1 0.646875 0.15625000000000008 0.5953125 0.15625000000000008 0.5953125 0.22031250000000008 0.646875 0.22031250000000008
1 0.546875 0.4578125 0.4890625 0.4578125 0.4890625 0.528125 0.546875 0.528125
1 0.790625 0.3515625000000001 0.7421875 0.3515625000000001 0.7421875 0.43750000000000017 0.790625 0.43750000000000017
1 0.8359375 0.3812500000000001 0.7765625 0.3812500000000001 0.7765625 0.48750000000000016 0.8359375 0.48750000000000016
1 0.7171875 0.09531250000000009 0.68125 0.09531250000000009 0.68125 0.17968750000000008 0.7171875 0.17968750000000008
1 0.2859375 0.18906250000000005 0.2015625 0.18906250000000005 0.2015625 0.28125 0.2859375 0.28125
1 0.3078125 0.012500000000000034 0.2296875 0.012500000000000028 0.2296875 0.11875000000000005 0.3078125 0.11875000000000005
1 0.5765625 0.3500000000000001 0.53125 0.3500000000000001 0.53125 0.4390625 0.5765625 0.4390625
1 0.7625 0.4515625000000002 0.7265625 0.4515625000000002 0.7265625 0.5015625000000001 0.7625 0.5015625000000001
1 0.5953125 0.16718750000000007 0.5359375 0.16718750000000004 0.5359375 0.2562500000000001 0.5953125 0.2562500000000001
1 0.3765625 0.34062500000000007 0.2921875 0.340625 0.29218750000000004 0.45 0.3765625000000001 0.45
1 0.6921875 0.04375000000000008 0.653125 0.04375000000000008 0.653125 0.12656250000000008 0.6921875 0.12656250000000008
1 0.7390625000000002 0.7484375000000001 0.6640625000000002 0.7484375 0.6640625000000002 0.840625 0.7390625000000002 0.840625
1 0.4796875000000001 0.684375 0.41875 0.684375 0.41875000000000007 0.76875 0.47968750000000016 0.76875
1 0.2500000000000001 0.4375 0.15937500000000004 0.4375 0.15937500000000004 0.5421875 0.2500000000000001 0.5421875
1 0.359375 0.18125000000000005 0.2796875 0.18125000000000005 0.2796875 0.321875 0.359375 0.321875
1 0.590625 0.03906250000000007 0.5359375 0.03906250000000007 0.5359375 0.18281250000000007 0.590625 0.1828125000000001
1 0.8171875 0.3421875000000001 0.7859375 0.3421875000000001 0.7859375 0.38750000000000007 0.8171875 0.38750000000000007
1 0.540625 0.04531250000000007 0.5015625 0.04531250000000007 0.5015625 0.16562500000000005 0.540625 0.16562500000000005
1 0.6140625 0.3859375000000001 0.559375 0.3859375000000001 0.559375 0.4953125 0.6140625 0.4953125
1 0.65 0.409375 0.6140625 0.409375 0.6140625 0.48125 0.65 0.48125
1 0.7046875 0.1687500000000001 0.6453125 0.1687500000000001 0.6453125 0.2515625000000001 0.7046875 0.2515625000000001
1 0.6703125 0.053125000000000075 0.61875 0.05312500000000007 0.61875 0.16562500000000008 0.6703125 0.16562500000000008
1 0.3703125000000001 0.5859375 0.2906250000000001 0.5859375 0.2906250000000001 0.696875 0.3703125000000001 0.696875
1 0.71875 0.3828125000000001 0.6671875 0.3828125000000001 0.6671875 0.484375 0.71875 0.484375
1 0.3109375000000001 0.696875 0.2328125000000001 0.696875 0.2328125000000001 0.7875 0.3109375000000001 0.7875
1 0.4171875 0.04218750000000005 0.31875 0.042187500000000044 0.31875 0.15468750000000003 0.4171875 0.15468750000000003
1 0.2625 0.275 0.2 0.275 0.2 0.3359375 0.2625 0.3359375
1 0.7968750000000002 0.7500000000000002 0.7375000000000002 0.7500000000000002 0.7375000000000002 0.8515625 0.7968750000000002 0.8515625
1 0.5906250000000001 0.6828125 0.51875 0.6828125 0.51875 0.765625 0.5906250000000002 0.765625
1 0.3109375 3.367778697655221e-17 0.2390625 2.9276712542116413e-17 0.2390625 0.048437500000000036 0.3109375 0.048437500000000036
1 0.2984375000000001 0.4015625 0.2296875000000001 0.4015625 0.2296875000000001 0.4984375 0.2984375000000001 0.4984375
1 0.8078125 0.88125 0.7625000000000002 0.88125 0.7625000000000002 0.9640625 0.8078125 0.9640625
1 0.6296875 0.3343750000000001 0.5890625 0.3343750000000001 0.5890625 0.4109375 0.6296875 0.4109375
1 0.3140625 0.33125 0.2359375 0.33125 0.23593750000000005 0.4390625 0.3140625000000001 0.4390625
1 0.1781250000000001 0.7046875 0.11718750000000008 0.7046875 0.11718750000000008 0.84375 0.1781250000000001 0.84375
1 0.528125 0.3390625000000001 0.4609375 0.3390625000000001 0.4609375 0.446875 0.528125 0.446875
1 0.2390625000000001 0.6921875 0.1609375000000001 0.6921875 0.1609375000000001 0.7984375 0.2390625000000001 0.7984375
1 0.23437500000000008 0.784375 0.1671875000000001 0.784375 0.1671875000000001 0.90625 0.23437500000000008 0.90625
1 0.2171875 0.28125 0.17968750000000006 0.28125 0.17968750000000006 0.334375 0.2171875 0.334375
1 0.3812500000000001 0.4390625 0.3218750000000001 0.4390625 0.3218750000000001 0.55625 0.3812500000000001 0.55625
1 0.5156250000000002 0.7734375 0.4203125000000002 0.7734375 0.4203125000000002 0.9 0.5156250000000002 0.9
1 0.2625 0.06093750000000002 0.215625 0.06093750000000002 0.215625 0.18281250000000004 0.2625 0.18281250000000004
1 0.3109375000000001 0.771875 0.22812500000000008 0.771875 0.22812500000000008 0.9015625 0.3109375000000001 0.9015625
1 0.7390625000000001 0.6734375000000001 0.696875 0.6734375 0.6968750000000001 0.7593750000000001 0.7390625000000002 0.7593750000000001
1 0.37187500000000007 0.709375 0.2984375000000001 0.709375 0.2984375000000001 0.8828125 0.37187500000000007 0.8828125
1 0.5359375000000001 0.6984375 0.4765625 0.6984375 0.4765625000000001 0.828125 0.5359375000000002 0.828125
1 0.6984375 0.68125 0.6328125 0.68125 0.6328125000000001 0.778125 0.6984375000000002 0.778125
1 0.4031250000000002 0.8421875 0.3515625000000001 0.8421875 0.3515625000000001 0.9734375 0.4031250000000002 0.9734375
1 0.48437500000000017 0.8578125 0.40156250000000016 0.8578125 0.40156250000000016 0.9796875 0.48437500000000017 0.9796875
1 0.44218750000000007 0.7109375 0.3625000000000001 0.7109375 0.3625000000000001 0.8640625 0.4421875000000002 0.8640625
1 0.3500000000000001 0.8578125 0.2218750000000001 0.8578125 0.2218750000000001 0.9984375 0.3500000000000001 0.9984375
1 0.2515625000000001 0.9203125 0.20312500000000008 0.9203125 0.20312500000000008 1 0.2515625000000001 1