1 0.2140625 0.12812500000000002 0.153125 0.128125 0.153125 0.2046875 0.2140625 0.2046875
1 0.296875 0.10468750000000004 0.2265625 0.10468750000000004 0.2265625 0.2203125 0.296875 0.2203125
1 0.2953125 0.2453125 0.23125 0.2453125 0.23125 0.340625 0.2953125 0.340625
1 0.834375 0.5203125000000002 0.7703125 0.5203125000000002 0.7703125 0.6343750000000001 0.834375 0.6343750000000001
1 0.4015625 0.08437500000000005 0.3265625 0.08437500000000005 0.3265625 0.22968750000000004 0.4015625 0.2296875000000001
1 0.3265625000000001 0.659375 0.2687500000000001 0.659375 0.2687500000000001 0.740625 0.3265625000000001 0.740625
1 0.45 0.5546875 0.37968750000000007 0.5546875 0.37968750000000007 0.6484375 0.45 0.6484375
1 0.3140625 3.5208595475486407e-17 0.2609375 3.195562741525125e-17 0.2609375 0.032812500000000036 0.3140625 0.032812500000000036
1 0.3421875 0.2828125 0.2875 0.2828125 0.2875 0.35 0.3421875 0.35
1 0.365625 4.104480287767301e-17 0.3046875 3.731345716152092e-17 0.3046875 0.02812500000000004 0.365625 0.028125000000000046
1 0.3921875000000001 0.509375 0.33281250000000007 0.509375 0.33281250000000007 0.61875 0.3921875000000001 0.61875
1 0.3187500000000001 0.5875 0.2609375000000001 0.5875 0.2609375000000001 0.6703125 0.3187500000000001 0.6703125
1 0.178125 1.8465377518393683e-17 0.1234375 1.511673392697514e-17 0.1234375 0.046875000000000014 0.178125 0.04687500000000002
1 0.3140625000000001 0.8828125 0.2593750000000001 0.8828125 0.2593750000000001 0.9640625 0.3140625000000001 0.9640625
1 0.7718750000000001 0.6484375000000001 0.68125 0.6484375 0.6812500000000001 0.7500000000000001 0.7718750000000002 0.7500000000000002
1 0.7859375 0.5484375000000001 0.6828125 0.5484375 0.6828125 0.6562500000000001 0.7859375 0.6562500000000002
1 0.1843750000000001 0.696875 0.11250000000000009 0.696875 0.11250000000000009 0.7828125 0.1843750000000001 0.7828125
1 0.7734375 0.12343750000000009 0.715625 0.12343750000000009 0.715625 0.2468750000000001 0.7734375 0.2468750000000001
1 0.4203125 4.84118187787938e-17 0.3703125 4.5350201780925416e-17 0.3703125 0.020312500000000046 0.4203125 0.02031250000000005
1 0.875 0.0937500000000001 0.7640625 0.09375000000000008 0.7640625 0.21093750000000008 0.875 0.21093750000000008
1 0.7984375000000001 0.9203125 0.7484375000000002 0.9203125 0.7484375000000002 0.959375 0.7984375000000001 0.959375
1 0.64375 0.023437500000000073 0.559375 0.023437500000000066 0.559375 0.1859375000000001 0.64375 0.1859375000000001
1 0.5703125 0.11250000000000007 0.503125 0.11250000000000004 0.503125 0.2875000000000001 0.5703125 0.2875000000000001
1 0.6578125 0.2812500000000001 0.5625 0.2812500000000001 0.5625 0.3890625000000001 0.6578125 0.3890625000000001
1 0.3375 0.14687500000000003 0.265625 0.14687500000000003 0.265625 0.290625 0.3375 0.290625
1 0.4812500000000002 0.7578125 0.4031250000000002 0.7578125 0.4031250000000002 0.8484375 0.4812500000000002 0.8484375
1 0.6359375 0.615625 0.5765625 0.615625 0.5765625000000001 0.740625 0.6359375000000002 0.740625
1 0.6703125 0.1625000000000001 0.55625 0.1625000000000001 0.55625 0.30156250000000007 0.6703125 0.30156250000000007
1 0.4593750000000002 0.8296875 0.38750000000000007 0.8296875 0.38750000000000007 0.9203125 0.4593750000000002 0.9203125
1 0.5437500000000001 0.6453125 0.4671875 0.6453125 0.4671875000000001 0.7625 0.5437500000000002 0.7625
1 0.5203125 0.02968750000000006 0.4359375 0.029687500000000054 0.4359375 0.19375000000000003 0.5203125 0.19375000000000003
1 0.5921875000000001 0.6390625 0.534375 0.6390625 0.534375 0.7671875 0.5921875000000002 0.7671875
1 0.5015625 5.683126552293186e-17 0.4265625 5.223884002612928e-17 0.4265625 0.012500000000000056 0.5015625 0.012500000000000061
1 0.8703125 0.2000000000000001 0.7875 0.2000000000000001 0.7875 0.3703125000000001 0.8703125 0.3703125000000001
1 0.7562500000000002 0.7640625000000001 0.6781250000000002 0.7640625 0.6781250000000002 0.878125 0.7562500000000002 0.878125
1 0.7015625000000002 0.7765625 0.5812500000000002 0.7765625 0.5812500000000002 0.91875 0.7015625000000002 0.91875
1 0.26250000000000007 0.4671875 0.2218750000000001 0.4671875 0.2218750000000001 0.521875 0.26250000000000007 0.521875
1 0.5625 0.5390625 0.4609375 0.5390625 0.4609375 0.66875 0.5625 0.66875
1 0.7062500000000002 0.903125 0.6187500000000001 0.903125 0.6187500000000001 0.965625 0.7062500000000002 0.965625
1 0.7515625000000001 0.9171875 0.6921875000000002 0.9171875 0.6921875000000002 0.9609375 0.7515625000000001 0.9609375
1 0.421875 0.3312500000000001 0.3765625 0.3312500000000001 0.3765625 0.4125 0.421875 0.4125
1 0.596875 6.812097820257152e-17 0.515625 6.31458505810354e-17 0.515625 0.006250000000000068 0.596875 0.006250000000000072
1 0.628125 0.4796875 0.509375 0.4796875 0.509375 0.6390625 0.628125 0.6390625
1 0.4406250000000001 0.6296875 0.3687500000000001 0.6296875 0.3687500000000001 0.75625 0.44062500000000016 0.75625
1 0.8734375 0.6625000000000002 0.8 0.6625000000000002 0.8 0.8015625 0.8734375 0.8015625
1 0.2671875000000001 0.9359375 0.20312500000000008 0.9359375 0.20312500000000008 0.9859375 0.2671875000000001 0.9859375
1 0.2296875000000001 0.83125 0.1937500000000001 0.83125 0.1937500000000001 0.8921875 0.2296875000000001 0.8921875
1 0.753125 0.2296875000000001 0.65 0.2296875000000001 0.65 0.3906250000000001 0.753125 0.3906250000000001
1 0.2828125 0.3203125 0.17968750000000006 0.3203125 0.17968750000000006 0.428125 0.2828125000000001 0.428125
1 0.821875 0.2375000000000001 0.725 0.2375000000000001 0.725 0.4062500000000001 0.821875 0.40625000000000017
1 0.3578125000000001 0.7984375 0.2890625000000001 0.7984375 0.2890625000000001 0.9140625 0.3578125000000001 0.9140625
1 0.2828125000000001 0.58125 0.24375000000000008 0.58125 0.24375000000000008 0.659375 0.2828125000000001 0.659375
1 0.3140625000000001 0.946875 0.2562500000000001 0.946875 0.2562500000000001 0.984375 0.3140625000000001 0.984375
1 0.5921875000000002 0.7515625 0.5296875000000002 0.7515625 0.5296875000000002 0.8984375 0.5921875000000002 0.8984375
1 0.5515625000000002 0.803125 0.4625000000000002 0.803125 0.4625000000000002 0.9046875 0.5515625000000002 0.9046875
1 0.2468750000000001 0.671875 0.18125000000000008 0.671875 0.18125000000000008 0.7921875 0.2468750000000001 0.7921875
1 0.4906250000000001 0.60625 0.428125 0.60625 0.4281250000000001 0.759375 0.4906250000000002 0.759375
1 0.4078125000000002 0.8734375 0.3515625000000001 0.8734375 0.3515625000000001 0.9796875 0.4078125000000002 0.9796875
1 0.5421875000000002 0.8828125 0.46406250000000016 0.8828125 0.46406250000000016 0.9734375 0.5421875000000002 0.9734375
1 0.465625 0.11093750000000005 0.3609375 0.11093750000000005 0.3609375 0.30937500000000007 0.465625 0.30937500000000007
1 0.575 0.2765625000000001 0.4671875 0.2765625000000001 0.4671875 0.40625 0.575 0.40625
1 0.5015625 0.18750000000000006 0.4109375 0.18750000000000006 0.4109375 0.3671875000000001 0.5015625 0.3671875000000001
1 0.6265625000000001 0.8984375 0.5359375000000002 0.8984375 0.5359375000000002 0.96875 0.6265625000000001 0.96875
1 0.7578125 0.028125000000000084 0.6640625 0.028125000000000077 0.6640625 0.2484375000000001 0.7578125 0.2484375000000001
1 0.6953125000000001 0.55 0.6203125 0.55 0.6203125 0.74375 0.6953125000000002 0.74375
1 0.3609375000000001 0.90625 0.3062500000000001 0.90625 0.3062500000000001 0.98125 0.3609375000000001 0.98125
1 0.2609375 2.6023744481881253e-17 0.1640625 2.0091861548511263e-17 0.1640625 0.035937500000000025 0.2609375 0.03593750000000003
1 0.4906250000000002 0.9015625 0.40156250000000016 0.9015625 0.40156250000000016 0.9765625 0.4906250000000002 0.9765625
1 0.3859375000000001 0.653125 0.2828125000000001 0.653125 0.2828125000000001 0.8109375 0.3859375000000001 0.8109375