1 0.9484375 0.3078125000000001 0.809375 0.3078125000000001 0.809375 0.42500000000000016 0.9484375 0.42500000000000016
1 0.19531250000000006 0.2109375 0.09062500000000002 0.2109375 0.09062500000000004 0.315625 0.19531250000000006 0.315625
1 0.3843750000000001 0.4328125 0.2328125000000001 0.4328125 0.2328125000000001 0.509375 0.3843750000000001 0.509375
1 0.06406250000000009 0.6546875 0.009375000000000081 0.6546875 0.009375000000000088 0.76875 0.06406250000000009 0.76875
1 0.6328125 0.2562500000000001 0.465625 0.2562500000000001 0.465625 0.3343750000000001 0.6328125 0.3343750000000001
1 0.75 0.5156250000000001 0.6390625 0.515625 0.6390625 0.6234375000000001 0.75 0.6234375000000002
1 0.06093750000000007 0.5265625 0.007812500000000064 0.5265625 0.00781250000000007 0.6078125 0.06093750000000007 0.6078125
1 0.9921875 0.40156250000000016 0.828125 0.40156250000000016 0.828125 0.5000000000000002 0.9921875 0.5000000000000002
1 0.6171875 0.4375 0.509375 0.4375 0.509375 0.5453125 0.6171875 0.5453125
1 0.43750000000000017 0.790625 0.2656250000000001 0.790625 0.2656250000000001 0.8703125 0.43750000000000017 0.8703125
1 0.5203125 0.12500000000000006 0.4 0.12500000000000006 0.4 0.2593750000000001 0.5203125 0.2593750000000001
1 1 0.5250000000000001 0.834375 0.5250000000000001 0.834375 0.6218750000000002 1 0.6218750000000002
1 0.18281250000000002 0.12187500000000002 0.050000000000000024 0.121875 0.050000000000000024 0.2 0.18281250000000004 0.2
1 0.98125 0.7812500000000002 0.85625 0.7812500000000002 0.85625 0.896875 0.98125 0.896875
1 0.79375 0.4406250000000001 0.7015625 0.440625 0.7015625 0.5359375000000001 0.79375 0.5359375000000002
1 0.2234375000000001 0.7296875 0.01562500000000009 0.7296875 0.015625000000000094 0.834375 0.2234375000000001 0.834375
1 0.29375000000000007 0.3828125 0.16250000000000003 0.3828125 0.16250000000000003 0.4578125 0.29375000000000007 0.4578125
1 0.30000000000000004 0.3421875 0.15156250000000004 0.3421875 0.15156250000000004 0.4015625 0.3000000000000001 0.4015625
1 0.290625 0.11562500000000005 0.2265625 0.11562500000000005 0.2265625 0.17031250000000003 0.290625 0.17031250000000003
1 0.7125 0.425 0.6125 0.425 0.6125 0.5125 0.7125 0.5125
1 0.0578125000000001 0.8125 0.0125000000000001 0.8125 0.012500000000000105 0.903125 0.057812500000000114 0.903125
1 0.4109375000000002 0.7265625 0.2734375000000001 0.7265625 0.2734375000000001 0.815625 0.4109375000000002 0.815625
1 1 0.4187500000000002 0.9546875 0.4187500000000002 0.9546875 0.5031250000000002 1 0.5031250000000002
1 0.4390625 0.4671875 0.34062500000000007 0.4671875 0.34062500000000007 0.565625 0.4390625 0.565625
1 0.5890625000000002 0.7734375 0.4468750000000002 0.7734375 0.4468750000000002 0.8640625 0.5890625000000002 0.8640625
1 0.5265625 0.41875 0.4234375 0.41875 0.4234375 0.5078125 0.5265625 0.5078125
1 0.7750000000000001 0.659375 0.6375 0.659375 0.6375000000000001 0.8046875 0.7750000000000001 0.8046875
1 0.634375 0.5953125 0.5296875 0.5953125 0.5296875 0.7109375 0.634375 0.7109375
1 0.2484375 0.17031250000000003 0.153125 0.1703125 0.153125 0.246875 0.2484375 0.246875
1 0.621875 0.3203125000000001 0.4765625 0.3203125000000001 0.4765625 0.3937500000000001 0.621875 0.3937500000000001
1 0.3921875 0.27031250000000007 0.309375 0.2703125 0.309375 0.33593750000000006 0.3921875 0.3359375000000001
1 0.5671875000000002 0.8390625 0.4625000000000002 0.8390625 0.4625000000000002 0.903125 0.5671875000000002 0.903125
1 0.978125 0.6093750000000002 0.8328125 0.6093750000000002 0.8328125 0.6765625000000002 0.978125 0.6765625000000002
1 0.65625 0.3812500000000001 0.5234375 0.3812500000000001 0.5234375 0.4515625 0.65625 0.4515625
1 1 0.6609375000000002 0.8453125 0.6609375000000002 0.8453125 0.7328125000000002 1 0.7328125000000002
1 0.596875 0.19062500000000007 0.4890625 0.19062500000000004 0.4890625 0.2765625000000001 0.596875 0.2765625000000001
1 0.2687500000000001 0.6609375 0.1062500000000001 0.6609375 0.1062500000000001 0.7859375 0.2687500000000001 0.7859375
1 0.6406250000000001 0.6984375 0.5296875 0.6984375 0.5296875000000001 0.80625 0.6406250000000002 0.80625
1 1 0.47968750000000016 0.83125 0.47968750000000016 0.83125 0.5578125000000002 1 0.5578125000000002
1 0.09375000000000004 0.2796875 0.0046875000000000345 0.2796875 0.004687500000000041 0.3734375 0.09375000000000004 0.3734375
1 0.5437500000000001 0.634375 0.421875 0.634375 0.4218750000000001 0.8015625 0.5437500000000002 0.8015625
1 0.825 0.6000000000000001 0.64375 0.6 0.64375 0.6734375000000001 0.825 0.6734375000000001
1 0.1765625000000001 0.575 0.009375000000000069 0.575 0.009375000000000076 0.6703125 0.1765625000000001 0.6703125
1 0.7578125 0.3109375000000001 0.628125 0.3109375000000001 0.628125 0.3921875000000001 0.7578125 0.3921875000000001
1 0.6484375 0.51875 0.5359375 0.51875 0.5359375 0.609375 0.6484375 0.609375
1 0.3421875 0.234375 0.26875 0.234375 0.26875 0.290625 0.3421875 0.290625
1 0.2250000000000001 0.5203125 0.07500000000000007 0.5203125 0.07500000000000007 0.6125 0.2250000000000001 0.6125
1 0.5296875 0.3625000000000001 0.409375 0.3625000000000001 0.409375 0.421875 0.5296875 0.421875
1 0.2921875 0.3 0.17812500000000003 0.3 0.17812500000000003 0.3546875 0.2921875 0.3546875
1 0.95 0.1812500000000001 0.80625 0.18125000000000008 0.80625 0.2640625000000001 0.95 0.2640625000000001
1 0.3312500000000001 0.665625 0.2468750000000001 0.665625 0.2468750000000001 0.7640625 0.3312500000000001 0.7640625
1 0.3812500000000001 0.36562500000000003 0.2828125000000001 0.365625 0.2828125000000001 0.4453125 0.3812500000000001 0.4453125
1 0.4921875 0.2484375000000001 0.409375 0.2484375000000001 0.409375 0.32500000000000007 0.4921875 0.32500000000000007
1 0.21093750000000008 0.3859375 0.10156250000000004 0.3859375 0.10156250000000004 0.478125 0.21093750000000008 0.478125
1 1 0.7125000000000001 0.846875 0.7125000000000001 0.846875 0.8 1 0.8
1 0.37500000000000006 0.3140625 0.2828125 0.3140625 0.2828125 0.3765625 0.3750000000000001 0.3765625000000001
1 0.2390625000000001 0.46875 0.14062500000000006 0.46875 0.14062500000000006 0.5265625 0.2390625000000001 0.5265625
1 0.4875 0.30937500000000007 0.3890625 0.30937500000000007 0.38906250000000003 0.3765625000000001 0.4875 0.3765625000000001
1 0.7140625 0.19531250000000008 0.646875 0.19531250000000008 0.646875 0.2390625000000001 0.7140625 0.2390625000000001
1 0.4296875 0.5875 0.2968750000000001 0.5875 0.2968750000000001 0.6796875 0.4296875 0.6796875
1 0.2312500000000001 0.8015625 0.12656250000000008 0.8015625 0.12656250000000008 0.85625 0.2312500000000001 0.85625
1 0.08281250000000002 0.15 0.021875000000000016 0.15 0.02187500000000002 0.1984375 0.08281250000000002 0.1984375
1 0.057812500000000044 0.3640625 0.006250000000000045 0.3640625 0.0062500000000000454 0.3953125 0.057812500000000044 0.3953125
1 0.9234375 0.10625000000000011 0.809375 0.1062500000000001 0.809375 0.1968750000000001 0.9234375 0.19687500000000013
1 0.55 0.534375 0.3625000000000001 0.534375 0.3625000000000001 0.6421875 0.55 0.6421875
1 0.06093750000000005 0.4109375 0.00625000000000005 0.4109375 0.006250000000000052 0.4484375 0.06093750000000005 0.4484375
1 0.3671875000000001 0.5125 0.2890625000000001 0.5125 0.2890625000000001 0.5921875 0.3671875000000001 0.5921875
1 1 0.7875000000000002 0.9609375 0.7875000000000002 0.9609375 0.9046875 1 0.9046875
1 1 0.8859375 0.9671875 0.8859375 0.9671875 0.9546875 1 0.9546875
1 0.8015625 0.7796875000000001 0.6687500000000002 0.7796875 0.6687500000000002 0.8703125 0.8015625 0.8703125
1 1 0.26250000000000007 0.9453125 0.26250000000000007 0.9453125 0.3078125000000001 1 0.3078125000000001
1 0.2953125000000001 0.490625 0.17812500000000003 0.490625 0.17812500000000006 0.5546875 0.2953125000000001 0.5546875
1 1 0.6218750000000002 0.9890625 0.6218750000000002 0.9890625 0.7140625000000002 1 0.7140625000000002
1 0.2875000000000001 0.60625 0.13281250000000008 0.60625 0.13281250000000008 0.6890625 0.2875000000000001 0.6890625
1 0.5515625 0.5015625 0.4328125 0.5015625 0.4328125 0.5734375 0.5515625 0.5734375
1 0.07656250000000009 0.7265625 0.01093750000000009 0.7265625 0.010937500000000093 0.796875 0.07656250000000009 0.796875
1 1 0.3687500000000001 0.9890625 0.3687500000000001 0.9890625 0.4234375000000002 1 0.4234375000000002
1 0.2953125 0.2796875 0.2390625 0.2796875 0.2390625 0.321875 0.2953125 0.321875
1 0.10156250000000004 0.44375 0.006250000000000056 0.44375 0.006250000000000059 0.5234375 0.10156250000000004 0.5234375