1 0.32500000000000007 0.30625 0.2875 0.30625 0.28750000000000003 0.3765625 0.32500000000000007 0.3765625
1 0.65625 0.2750000000000001 0.6125 0.2750000000000001 0.6125 0.3421875000000001 0.65625 0.3421875000000001
1 0.5453125 0.3656250000000001 0.4859375 0.3656250000000001 0.4859375 0.4828125 0.5453125 0.4828125
1 0.6515625 0.07031250000000008 0.6046875 0.07031250000000007 0.6046875 0.1531250000000001 0.6515625 0.1531250000000001
1 0.63125 0.010937500000000076 0.5859375 0.010937500000000072 0.5859375 0.09843750000000007 0.63125 0.09843750000000007
1 0.4890625 0.3906250000000001 0.4375 0.3906250000000001 0.4375 0.475 0.4890625 0.475
1 0.2906250000000001 0.4359375 0.2093750000000001 0.4359375 0.2093750000000001 0.553125 0.2906250000000001 0.553125
1 0.3078125000000001 0.6125 0.2312500000000001 0.6125 0.2312500000000001 0.69375 0.3078125000000001 0.69375
1 0.69375 0.11093750000000009 0.646875 0.11093750000000009 0.646875 0.1828125000000001 0.69375 0.1828125000000001
1 0.2375 0.2640625 0.15468750000000003 0.2640625 0.15468750000000003 0.3484375 0.2375 0.3484375
1 0.5734375 0.425 0.5390625 0.425 0.5390625 0.4953125 0.5734375 0.4953125
1 0.359375 0.03437500000000004 0.2890625 0.03437500000000003 0.2890625 0.13906250000000003 0.359375 0.13906250000000003
1 0.409375 0.0031250000000000466 0.3546875 0.003125000000000043 0.3546875 0.13281250000000006 0.409375 0.13281250000000006
1 0.18750000000000008 0.684375 0.10781250000000009 0.684375 0.10781250000000009 0.8015625 0.18750000000000008 0.8015625
1 0.3984375 0.14375000000000004 0.3265625 0.14375000000000004 0.3265625 0.24375000000000005 0.3984375 0.24375000000000008
1 0.28593750000000007 0.390625 0.24375000000000008 0.390625 0.24375000000000008 0.446875 0.28593750000000007 0.446875
1 0.6140625 0.3140625000000001 0.55625 0.3140625000000001 0.55625 0.4078125 0.6140625 0.4078125
1 0.6390625 0.4078125 0.571875 0.4078125 0.571875 0.4875 0.6390625 0.4875
1 0.6578125 0.609375 0.61875 0.609375 0.61875 0.696875 0.6578125 0.696875
1 0.23750000000000004 0.346875 0.15937500000000004 0.346875 0.15937500000000004 0.4359375 0.2375000000000001 0.4359375
1 0.51875 0.7046875 0.465625 0.7046875 0.46562500000000007 0.803125 0.5187500000000002 0.803125
1 0.7546875000000002 0.7953125000000001 0.7031250000000002 0.7953125 0.7031250000000002 0.8625 0.7546875000000002 0.8625
1 0.3609375000000001 0.74375 0.2750000000000001 0.74375 0.2750000000000001 0.8859375 0.3609375000000001 0.8859375
1 0.3031250000000001 0.84375 0.18750000000000008 0.84375 0.1875000000000001 0.9734375 0.3031250000000001 0.9734375
1 0.56875 0.02968750000000006 0.49375 0.029687500000000054 0.49375 0.12656250000000008 0.56875 0.12656250000000008
1 0.4546875 0.14843750000000006 0.4 0.14843750000000006 0.4 0.2453125000000001 0.4546875 0.2453125000000001
1 0.4890625 0.6 0.4421875 0.6 0.4421875 0.7140625 0.4890625 0.7140625
1 0.225 0.07968750000000002 0.146875 0.07968750000000002 0.14687500000000003 0.203125 0.225 0.203125
1 0.2875000000000001 0.7703125 0.2218750000000001 0.7703125 0.2218750000000001 0.8484375 0.2875000000000001 0.8484375
1 0.3218750000000001 0.728125 0.2812500000000001 0.728125 0.2812500000000001 0.8 0.3218750000000001 0.8
1 0.559375 0.2718750000000001 0.484375 0.2718750000000001 0.484375 0.3781250000000001 0.559375 0.3781250000000001
1 0.17812500000000003 0.14375 0.109375 0.14375 0.10937500000000003 0.2390625 0.17812500000000003 0.2390625
1 0.6375000000000002 0.7921875 0.5750000000000002 0.7921875 0.5750000000000002 0.8875 0.6375000000000002 0.8875
1 0.796875 0.6015625000000002 0.73125 0.6015625000000002 0.73125 0.6937500000000002 0.796875 0.6937500000000002
1 0.475 0.012500000000000056 0.43125 0.012500000000000056 0.43125 0.12968750000000004 0.475 0.12968750000000004
1 0.79375 0.2640625000000001 0.746875 0.2640625000000001 0.746875 0.3234375000000001 0.79375 0.3234375000000001
1 0.5546875000000001 0.6640625 0.4796875 0.6640625 0.4796875000000001 0.7859375 0.5546875000000002 0.7859375
1 0.29375000000000007 0.265625 0.234375 0.265625 0.23437500000000006 0.3953125 0.29375000000000007 0.3953125
1 0.5750000000000002 0.79375 0.5203125000000002 0.79375 0.5203125000000002 0.8890625 0.5750000000000002 0.8890625
1 0.2250000000000001 0.4984375 0.17343750000000005 0.4984375 0.17343750000000008 0.5875 0.2250000000000001 0.5875
1 0.7156250000000001 0.6375 0.653125 0.6375 0.6531250000000001 0.775 0.7156250000000002 0.775
1 0.465625 0.2578125000000001 0.415625 0.2578125000000001 0.415625 0.3734375000000001 0.465625 0.3734375000000001
1 0.446875 0.353125 0.35625 0.353125 0.35625000000000007 0.484375 0.446875 0.484375
1 0.5234375000000002 0.790625 0.44843750000000016 0.790625 0.44843750000000016 0.9046875 0.5234375000000002 0.9046875
1 0.23437500000000008 0.6140625 0.14843750000000008 0.6140625 0.14843750000000008 0.7109375 0.23437500000000008 0.7109375
1 0.7546875 0.4515625000000001 0.7125 0.4515625 0.7125 0.5250000000000001 0.7546875 0.5250000000000001
1 0.44375 0.6015625 0.3906250000000001 0.6015625 0.3906250000000001 0.7140625 0.44375 0.7140625
1 0.4687500000000001 0.715625 0.4234375 0.715625 0.4234375000000001 0.8 0.46875000000000017 0.8
1 0.6359375 0.4859375 0.565625 0.4859375 0.565625 0.5625 0.6359375 0.5625
1 0.315625 0.09375000000000003 0.259375 0.09375000000000003 0.259375 0.21875 0.315625 0.21875
1 0.7171875 0.3046875000000001 0.6984375 0.3046875000000001 0.6984375 0.3531250000000001 0.7171875 0.3531250000000001
1 0.521875 6.01799091143504e-17 0.4609375 5.644856339819831e-17 0.4609375 0.05312500000000007 0.521875 0.05312500000000007
1 0.4421875 0.07968750000000005 0.3875 0.07968750000000005 0.3875 0.17500000000000004 0.4421875 0.17500000000000004
1 0.4296875 0.2765625000000001 0.3671875 0.2765625000000001 0.36718750000000006 0.3671875000000001 0.4296875 0.3671875000000001
1 0.2218750000000001 0.8015625 0.1453125000000001 0.8015625 0.14531250000000012 0.9140625 0.2218750000000001 0.9140625
1 0.8515625 0.5703125000000002 0.7890625 0.5703125000000002 0.7890625 0.6734375000000001 0.8515625 0.6734375000000001
1 0.6984375 0.04375000000000008 0.6546875 0.04375000000000008 0.6546875 0.10312500000000009 0.6984375 0.10312500000000009
1 0.2671875 0.12500000000000006 0.2171875 0.12500000000000006 0.2171875 0.2484375 0.2671875 0.2484375
1 0.31718750000000007 0.3734375 0.2812500000000001 0.3734375 0.2812500000000001 0.4640625 0.31718750000000007 0.4640625
1 0.565625 0.36406250000000007 0.534375 0.36406250000000007 0.534375 0.43125 0.565625 0.43125
1 0.56875 0.59375 0.50625 0.59375 0.50625 0.6875 0.56875 0.6875
1 0.3687500000000001 0.621875 0.2875000000000001 0.621875 0.2875000000000001 0.7421875 0.3687500000000001 0.7421875
1 0.6078125000000001 0.6328125 0.55 0.6328125 0.55 0.746875 0.6078125000000002 0.746875
1 0.3703125 0.23125000000000004 0.296875 0.23125 0.296875 0.353125 0.3703125 0.3531250000000001
1 0.7421875 0.2734375000000001 0.7109375 0.2734375000000001 0.7109375 0.3343750000000001 0.7421875 0.3343750000000001
1 0.7796875 0.4437500000000002 0.746875 0.4437500000000002 0.746875 0.5156250000000002 0.7796875 0.5156250000000002
1 0.4218750000000001 0.7125 0.3468750000000001 0.7125 0.3468750000000001 0.8890625 0.42187500000000017 0.8890625
1 0.6796875 0.01406250000000008 0.640625 0.014062500000000078 0.640625 0.0671875000000001 0.6796875 0.0671875000000001
1 0.2703125 0.006250000000000028 0.175 0.006250000000000022 0.175 0.12812500000000002 0.2703125 0.12812500000000004
1 0.7890625000000002 0.8359375 0.7437500000000001 0.8359375 0.7437500000000001 0.89375 0.7890625000000002 0.89375
1 0.534375 0.10468750000000004 0.453125 0.10468750000000004 0.453125 0.19531250000000006 0.534375 0.19531250000000006
1 0.521875 0.17500000000000004 0.43125 0.17500000000000004 0.43125 0.2687500000000001 0.521875 0.2687500000000001
1 0.6390625 0.3453125000000001 0.6109375 0.3453125000000001 0.6109375 0.3968750000000001 0.6390625 0.3968750000000001
1 0.3515625000000001 0.465625 0.2750000000000001 0.465625 0.2750000000000001 0.56875 0.3515625000000001 0.56875
1 0.4484375 0.4421875 0.3390625000000001 0.4421875 0.3390625000000001 0.575 0.4484375 0.575
1 0.7125000000000001 0.740625 0.6531250000000002 0.740625 0.6531250000000002 0.834375 0.7125000000000001 0.834375
1 0.3328125 0.14218750000000005 0.2765625 0.14218750000000005 0.2765625 0.275 0.3328125 0.275
1 0.584375 0.2796875000000001 0.553125 0.2796875000000001 0.553125 0.3218750000000001 0.584375 0.3218750000000001
1 0.659375 0.703125 0.6078125 0.703125 0.6078125000000001 0.784375 0.6593750000000002 0.784375
1 0.37187500000000007 0.353125 0.30625 0.353125 0.30625 0.4796875 0.37187500000000007 0.4796875
1 0.6 0.07031250000000007 0.5484375 0.07031250000000007 0.5484375 0.15781250000000008 0.6 0.15781250000000008
1 0.5890625 0.0015625000000000701 0.55625 0.001562500000000068 0.55625 0.057812500000000065 0.5890625 0.057812500000000065
1 0.434375 0.04218750000000005 0.40625 0.042187500000000044 0.40625 0.09375000000000004 0.434375 0.09375000000000004
1 0.20468750000000008 0.9734375 0.14062500000000014 0.9734375 0.14062500000000014 1 0.20468750000000008 1
1 0.4578125 5.300424427559639e-17 0.4078125 4.9942627277728e-17 0.4078125 0.04843750000000005 0.4578125 0.04843750000000006
1 0.37187500000000007 0.9640625 0.29375000000000007 0.9640625 0.29375000000000007 1 0.37187500000000007 1
1 0.3734375 4.286263797015736e-17 0.3265625 3.999237203465575e-17 0.3265625 0.05625000000000004 0.3734375 0.05625000000000004
1 0.8375 0.9375 0.7750000000000001 0.9375 0.7750000000000001 1 0.8375 1
1 0.7953125000000002 0.95 0.7453125000000002 0.95 0.7453125000000002 1 0.7953125000000002 1
1 0.7390625000000002 0.94375 0.6812500000000001 0.94375 0.6812500000000001 1 0.7390625000000002 1
1 0.6781250000000002 0.94375 0.6359375000000002 0.94375 0.6359375000000002 0.9984375 0.6781250000000002 0.9984375
1 0.6406250000000002 0.946875 0.5812500000000002 0.946875 0.5812500000000002 1 0.6406250000000002 1
1 0.4234375000000002 0.9578125 0.3765625000000001 0.9578125 0.3765625000000001 1 0.4234375000000002 1
1 0.4671875000000002 0.9578125 0.4234375000000002 0.9578125 0.4234375000000002 1 0.4671875000000002 1
1 0.5625 6.659016970363734e-17 0.525 6.429395695523604e-17 0.525 0.034375000000000065 0.5625 0.034375000000000065
1 0.328125 3.664372844323721e-17 0.2703125 3.3103733789451887e-17 0.2703125 0.040625000000000036 0.328125 0.04062500000000004
1 0.5750000000000002 0.9515625 0.5156250000000002 0.9515625 0.5156250000000002 1 0.5750000000000002 1
1 0.5140625000000002 0.9515625 0.46875000000000017 0.9515625 0.46875000000000017 1 0.5140625000000002 1
1 0.4125 0.2687500000000001 0.378125 0.2687500000000001 0.378125 0.2984375000000001 0.4125 0.2984375000000001
1 0.6484375 7.759285578972683e-17 0.61875 7.577502069724248e-17 0.61875 0.03437500000000008 0.6484375 0.03437500000000008
1 0.29375000000000007 0.690625 0.1750000000000001 0.690625 0.1750000000000001 0.8046875 0.29375000000000007 0.8046875