1 0.38750000000000007 0.41875 0.2515625000000001 0.41875 0.2515625000000001 0.5453125 0.38750000000000007 0.5453125
1 0.503125 0.53125 0.434375 0.53125 0.434375 0.6125 0.503125 0.6125
1 0.6484375 0.509375 0.5875 0.509375 0.5875 0.60625 0.6484375 0.60625
1 0.8390625 0.5046875000000002 0.771875 0.5046875000000002 0.771875 0.5765625000000002 0.8390625 0.5765625000000002
1 0.8265625 0.6890625000000001 0.7703125 0.6890625000000001 0.7703125000000001 0.7546875000000002 0.8265625 0.7546875000000002
1 0.7109375000000001 0.6625 0.634375 0.6625 0.6343750000000001 0.7671875 0.7109375000000002 0.7671875
1 0.5953125000000001 0.6875 0.528125 0.6875 0.5281250000000001 0.8484375 0.5953125000000001 0.8484375
1 0.48906250000000007 0.684375 0.43125 0.684375 0.4312500000000001 0.7828125 0.4890625000000002 0.7828125
1 0.44218750000000007 0.6875 0.3812500000000001 0.6875 0.3812500000000001 0.846875 0.4421875000000002 0.846875
1 0.3390625000000001 0.703125 0.2515625000000001 0.703125 0.2515625000000001 0.81875 0.3390625000000001 0.81875
1 0.1562500000000001 0.753125 0.04062500000000009 0.753125 0.0406250000000001 0.946875 0.15625000000000014 0.946875
1 0.2968750000000001 0.828125 0.19687500000000008 0.828125 0.1968750000000001 0.99375 0.2968750000000001 0.99375
1 0.4031250000000002 0.88125 0.3109375000000001 0.88125 0.3109375000000001 0.9890625 0.4031250000000002 0.9890625
1 0.2671875 0.0031250000000000258 0.1453125 0.003125000000000018 0.1453125 0.15156250000000002 0.2671875 0.15156250000000004
1 0.2875 0.15781250000000002 0.18125 0.1578125 0.18125000000000002 0.29375 0.2875 0.29375
1 0.465625 5.1473435776662193e-17 0.375 4.592425496802575e-17 0.375 0.10937500000000004 0.465625 0.10937500000000004
1 0.65 0.05625000000000008 0.55625 0.056250000000000064 0.55625 0.17187500000000008 0.65 0.17187500000000008
1 0.44375 0.14531250000000004 0.3578125 0.14531250000000004 0.3578125 0.26406250000000003 0.44375 0.2640625000000001
1 0.584375 0.3453125000000001 0.5109375 0.3453125000000001 0.5109375 0.4453125 0.584375 0.4453125
1 0.4703125 0.4078125 0.3937500000000001 0.4078125 0.3937500000000001 0.5390625 0.4703125 0.5390625
1 0.6875 0.3125000000000001 0.646875 0.3125000000000001 0.646875 0.3984375000000001 0.6875 0.3984375000000001
1 0.8109375 0.3000000000000001 0.7453125 0.3000000000000001 0.7453125 0.4000000000000002 0.8109375 0.4000000000000002
1 0.7328125 0.3687500000000001 0.6734375 0.3687500000000001 0.6734375 0.4750000000000001 0.7328125 0.4750000000000002
1 0.2078125000000001 0.496875 0.09687500000000007 0.496875 0.09687500000000007 0.6140625 0.2078125000000001 0.6140625
1 0.2609375000000001 0.6375 0.1453125000000001 0.6375 0.1453125000000001 0.790625 0.2609375000000001 0.790625
1 0.4921875 0.5296875 0.4328125 0.5296875 0.4328125 0.6078125 0.4921875 0.6078125
1 0.5359375 0.08593750000000007 0.4609375 0.08593750000000007 0.4609375 0.17500000000000004 0.5359375 0.17500000000000004
1 0.6375 0.4 0.56875 0.4 0.56875 0.4828125 0.6375 0.4828125
1 0.7765625 0.6656250000000001 0.6984375 0.665625 0.6984375 0.7656250000000001 0.7765625000000002 0.7656250000000002
1 0.5234375000000002 0.9109375 0.4546875000000002 0.9109375 0.4546875000000002 0.9859375 0.5234375000000002 0.9859375
1 0.6859375 0.18125000000000008 0.6359375 0.18125000000000008 0.6359375 0.2640625000000001 0.6859375 0.2640625000000001
1 0.396875 0.2515625 0.334375 0.2515625 0.334375 0.32031250000000006 0.396875 0.3203125000000001
1 0.8515625 0.7406250000000002 0.803125 0.7406250000000002 0.803125 0.7968750000000002 0.8515625 0.7968750000000002
1 0.453125 0.2468750000000001 0.396875 0.2468750000000001 0.396875 0.3156250000000001 0.453125 0.3156250000000001
1 0.36875 0.16875000000000004 0.2765625 0.16875000000000004 0.2765625 0.28906250000000006 0.36875 0.2890625000000001
1 0.36875 0.09062500000000004 0.309375 0.09062500000000004 0.309375 0.18437500000000004 0.36875 0.18437500000000004
1 0.5218750000000001 0.6953125 0.4734375 0.6953125 0.47343750000000007 0.7875 0.5218750000000002 0.7875
1 0.5359375 6.09453133638175e-17 0.459375 5.625721233583154e-17 0.459375 0.09375000000000007 0.5359375 0.09375000000000007
1 0.490625 0.12656250000000005 0.41875 0.12656250000000005 0.41875 0.2468750000000001 0.490625 0.2468750000000001
1 0.65625 0.34843750000000007 0.609375 0.34843750000000007 0.609375 0.428125 0.65625 0.428125
1 0.6421875 0.1906250000000001 0.5953125 0.1906250000000001 0.5953125 0.27031250000000007 0.6421875 0.27031250000000007
1 0.3937500000000001 0.565625 0.2984375000000001 0.565625 0.2984375000000001 0.69375 0.3937500000000001 0.69375
1 0.3328125 0.02500000000000004 0.2546875 0.025000000000000033 0.2546875 0.13125000000000003 0.3328125 0.13125000000000003
1 0.2796875000000001 0.5078125 0.2015625000000001 0.5078125 0.2015625000000001 0.6484375 0.2796875000000001 0.6484375
1 0.6500000000000001 0.7171875 0.5671875 0.7171875 0.5671875000000001 0.8578125 0.6500000000000001 0.8578125
1 0.409375 0.4 0.35625000000000007 0.4 0.35625000000000007 0.484375 0.409375 0.484375
1 0.37343750000000003 0.32656250000000003 0.2875 0.3265625 0.28750000000000003 0.4390625 0.3734375000000001 0.4390625
1 0.6375 0.2906250000000001 0.5625 0.2906250000000001 0.5625 0.3921875000000001 0.6375 0.3921875000000001
1 0.2234375000000001 0.878125 0.1281250000000001 0.878125 0.1281250000000001 0.996875 0.2234375000000001 0.996875
1 0.84375 0.3343750000000001 0.8 0.3343750000000001 0.8 0.40156250000000016 0.84375 0.40156250000000016
1 0.4328125 0.34062500000000007 0.3671875 0.34062500000000007 0.36718750000000006 0.428125 0.4328125 0.428125
1 0.3890625 0.025000000000000043 0.328125 0.025000000000000043 0.328125 0.13593750000000004 0.3890625 0.13593750000000004
1 0.4390625 0.5359375 0.38750000000000007 0.5359375 0.38750000000000007 0.653125 0.4390625 0.653125
1 0.3843750000000001 0.6984375 0.3265625000000001 0.6984375 0.3265625000000001 0.815625 0.3843750000000001 0.815625
1 0.565625 0.428125 0.48125 0.428125 0.48125 0.53125 0.565625 0.53125
1 0.73125 0.10000000000000009 0.6859375 0.10000000000000009 0.6859375 0.1765625000000001 0.73125 0.1765625000000001
1 0.20312500000000008 0.4109375 0.11718750000000004 0.4109375 0.11718750000000004 0.5015625 0.20312500000000008 0.5015625
1 0.37187500000000007 0.7984375 0.2640625000000001 0.7984375 0.2640625000000001 0.925 0.37187500000000007 0.925
1 0.2828125 0.3359375 0.215625 0.3359375 0.21562500000000004 0.421875 0.2828125000000001 0.421875
1 0.5140625 0.3296875000000001 0.4296875 0.3296875000000001 0.4296875 0.4265625 0.5140625 0.4265625
1 0.80625 0.3906250000000001 0.7296875 0.3906250000000001 0.7296875 0.4750000000000002 0.80625 0.4750000000000002
1 0.4625000000000002 0.8265625 0.42187500000000017 0.8265625 0.42187500000000017 0.90625 0.4625000000000002 0.90625
1 0.5921875 0.004687500000000068 0.5265625 0.004687500000000064 0.5265625 0.09843750000000007 0.5921875 0.09843750000000007
1 0.696875 0.4234375 0.646875 0.4234375 0.646875 0.5078125 0.696875 0.5078125
1 0.5765625000000002 0.7875 0.5015625000000001 0.7875 0.5015625000000001 0.915625 0.5765625000000002 0.915625
1 0.3343750000000001 0.528125 0.2734375000000001 0.528125 0.2734375000000001 0.6296875 0.3343750000000001 0.6296875
1 0.21093750000000006 0.3375 0.13593750000000004 0.3375 0.13593750000000004 0.4234375 0.21093750000000008 0.4234375
1 0.7453125 0.3593750000000001 0.7015625 0.3593750000000001 0.7015625 0.4171875000000001 0.7453125 0.41718750000000016
1 0.5125000000000002 0.765625 0.4390625000000002 0.765625 0.4390625000000002 0.8640625 0.5125000000000002 0.8640625
1 0.7156250000000002 0.7484375 0.6375000000000002 0.7484375 0.6375000000000002 0.834375 0.7156250000000002 0.834375
1 0.7984375000000001 0.865625 0.7312500000000002 0.865625 0.7312500000000002 0.975 0.7984375000000001 0.975
1 0.6875000000000002 0.815625 0.6281250000000002 0.815625 0.6281250000000002 0.925 0.6875000000000002 0.925
1 0.5093750000000001 0.846875 0.4578125000000002 0.846875 0.4578125000000002 0.9140625 0.5093750000000001 0.9140625
1 0.7453125000000002 0.8640625 0.6781250000000002 0.8640625 0.6781250000000002 0.9765625 0.7453125000000002 0.9765625
1 0.21875000000000008 0.784375 0.14218750000000008 0.784375 0.14218750000000008 0.8875 0.21875000000000008 0.8875
1 0.1703125000000001 0.7171875 0.1218750000000001 0.7171875 0.1218750000000001 0.81875 0.1703125000000001 0.81875
1 0.2765625000000001 0.415625 0.2078125000000001 0.415625 0.2078125000000001 0.521875 0.2765625000000001 0.521875
1 0.6906250000000002 0.8625 0.5921875000000002 0.8625 0.5921875000000002 0.9796875 0.6906250000000002 0.9796875
1 0.575 0.13281250000000006 0.5203125 0.13281250000000006 0.5203125 0.2500000000000001 0.575 0.2500000000000001
1 0.2890625 3.052049444750044e-17 0.209375 2.5641042357147705e-17 0.209375 0.026562500000000027 0.2890625 0.026562500000000034
1 0.70625 0.010937500000000084 0.6734375 0.010937500000000083 0.6734375 0.06562500000000009 0.70625 0.06562500000000009
1 0.64375 0.045312500000000075 0.6125 0.045312500000000075 0.6125 0.1062500000000001 0.64375 0.1062500000000001
1 0.17968750000000008 0.584375 0.11875000000000009 0.584375 0.11875000000000009 0.6578125 0.17968750000000008 0.6578125
1 0.434375 0.07500000000000004 0.3765625 0.07500000000000004 0.3765625 0.16875000000000004 0.434375 0.16875000000000004
1 0.22031250000000008 0.59375 0.16562500000000008 0.59375 0.16562500000000008 0.6765625 0.22031250000000008 0.6765625
1 0.3515625 3.9513994378738814e-17 0.29375 3.59739997249535e-17 0.29375 0.023437500000000038 0.3515625 0.023437500000000045