1 0.4265625 0.50625 0.2671875000000001 0.50625 0.2671875000000001 0.571875 0.4265625 0.571875
1 0.4078125 0.425 0.2796875000000001 0.425 0.2796875000000001 0.5125 0.4078125 0.5125
1 0.5859375 0.3046875000000001 0.4140625 0.3046875000000001 0.4140625 0.3968750000000001 0.5859375 0.3968750000000001
1 0.4546875 0.27812500000000007 0.3015625 0.278125 0.3015625 0.35625000000000007 0.4546875 0.35625000000000007
1 0.409375 0.5640625 0.2718750000000001 0.5640625 0.2718750000000001 0.615625 0.409375 0.615625
1 0.17343750000000005 0.440625 0.03593750000000005 0.440625 0.03593750000000006 0.54375 0.17343750000000005 0.54375
1 0.3437500000000001 0.6484375 0.23437500000000008 0.6484375 0.23437500000000008 0.7421875 0.3437500000000001 0.7421875
1 0.590625 0.23593750000000008 0.4515625 0.23593750000000008 0.4515625 0.3234375000000001 0.590625 0.3234375000000001
1 0.746875 0.3546875000000001 0.63125 0.3546875000000001 0.63125 0.4359375000000001 0.746875 0.4359375000000002
1 0.8609375 0.1593750000000001 0.6546875 0.1593750000000001 0.6546875 0.27031250000000007 0.8609375 0.27031250000000007
1 0.2125 0.25625 0.10468750000000004 0.25625 0.10468750000000004 0.346875 0.2125 0.346875
1 0.33125000000000004 0.2890625 0.21875 0.2890625 0.21875000000000006 0.384375 0.3312500000000001 0.384375
1 0.5453125 0.3750000000000001 0.425 0.3750000000000001 0.425 0.4453125 0.5453125 0.4453125
1 0.7921875 0.5937500000000001 0.665625 0.59375 0.665625 0.6796875000000001 0.7921875 0.6796875000000002
1 0.18125000000000005 0.33125 0.07031250000000004 0.33125 0.07031250000000004 0.4328125 0.18125000000000005 0.4328125
1 0.50625 0.5421875 0.4109375 0.5421875 0.4109375 0.5921875 0.50625 0.5921875
1 0.1390625000000001 0.58125 0.040625000000000064 0.58125 0.04062500000000007 0.659375 0.1390625000000001 0.659375
1 0.86875 0.3390625000000001 0.73125 0.3390625000000001 0.73125 0.4468750000000002 0.86875 0.4468750000000002
1 0.8765625 0.23593750000000008 0.725 0.23593750000000008 0.725 0.3296875000000001 0.8765625 0.3296875000000001
1 0.8015625 0.5375000000000001 0.6921875 0.5375 0.6921875 0.6093750000000001 0.8015625 0.6093750000000002
1 0.259375 0.18125000000000002 0.1453125 0.18125 0.1453125 0.271875 0.259375 0.271875
1 0.8078125 0.4234375000000001 0.696875 0.4234375 0.696875 0.5015625000000001 0.8078125 0.5015625000000001
1 0.53125 0.16562500000000005 0.396875 0.16562500000000005 0.396875 0.2593750000000001 0.53125 0.2593750000000001
1 0.7140625 0.4296875 0.615625 0.4296875 0.615625 0.5140625 0.7140625 0.5140625
1 0.971875 0.2875000000000001 0.7953125 0.2875000000000001 0.7953125 0.3687500000000001 0.971875 0.3687500000000001
1 0.12656250000000005 0.3765625 0.0015625000000000458 0.3765625 0.0015625000000000506 0.453125 0.12656250000000005 0.453125
1 0.2890625 0.14375000000000002 0.16875 0.14375 0.16875 0.21875 0.2890625 0.21875
1 0.746875 0.2890625000000001 0.640625 0.2890625000000001 0.640625 0.36406250000000007 0.746875 0.36406250000000007
1 0.684375 0.609375 0.603125 0.609375 0.603125 0.6609375 0.684375 0.6609375
1 0.08281250000000004 0.296875 3.6356701849687046e-17 0.296875 4.152318053358994e-17 0.38125 0.08281250000000004 0.38125
1 0.17031250000000003 0.16875 0.057812500000000024 0.16875 0.057812500000000024 0.259375 0.17031250000000003 0.259375
1 0.696875 0.5203125 0.6125 0.5203125 0.6125 0.575 0.696875 0.575
1 0.4078125 0.18437500000000004 0.2796875 0.18437500000000004 0.2796875 0.28593750000000007 0.4078125 0.28593750000000007
1 0.425 0.3453125 0.31875 0.3453125 0.31875000000000003 0.4078125 0.425 0.4078125
1 0.06718750000000005 0.4140625 5.070803152719509e-17 0.4140625 5.644856339819831e-17 0.5078125 0.06718750000000007 0.5078125
1 0.46875 0.21875000000000008 0.3640625 0.21875000000000008 0.3640625 0.2968750000000001 0.46875 0.2968750000000001
1 0.3937500000000001 0.38125000000000003 0.27812500000000007 0.38125 0.27812500000000007 0.4375 0.3937500000000001 0.4375
1 0.7625 0.4921875000000001 0.6765625 0.4921875 0.6765625 0.5531250000000001 0.7625 0.5531250000000002
1 0.3781250000000001 0.609375 0.2875000000000001 0.609375 0.2875000000000001 0.665625 0.3781250000000001 0.665625
1 0.6781250000000001 0.675 0.6 0.675 0.6000000000000001 0.7328125 0.6781250000000002 0.7328125
1 0.6515625 0.15625000000000008 0.5484375 0.15625000000000008 0.5484375 0.2671875000000001 0.6515625 0.2671875000000001
1 0.853125 0.7250000000000002 0.7546875 0.7250000000000002 0.7546875000000001 0.8 0.853125 0.8
1 0.6859375 0.5671875 0.6109375 0.5671875 0.6109375 0.615625 0.6859375 0.615625
1 0.6703125000000002 0.796875 0.5859375000000002 0.796875 0.5859375000000002 0.85625 0.6703125000000002 0.85625
1 0.99375 0.15468750000000012 0.85 0.1546875000000001 0.85 0.2671875000000001 0.99375 0.2671875000000001
1 0.571875 0.14843750000000006 0.4625 0.14843750000000006 0.4625 0.21875000000000008 0.571875 0.21875000000000008
1 0.4640625 0.45 0.4 0.45 0.4 0.5125 0.4640625 0.5125
1 0.11562500000000005 0.184375 2.2579425359279323e-17 0.184375 3.032914338513367e-17 0.3109375 0.11562500000000005 0.3109375
1 0.7328125 0.2531250000000001 0.6453125 0.2531250000000001 0.6453125 0.2984375000000001 0.7328125 0.2984375000000001
1 0.9140625 0.5156250000000002 0.828125 0.5156250000000002 0.828125 0.5703125000000002 0.9140625 0.5703125000000002
1 0.035937500000000074 0.5875 7.1947999449907e-17 0.5875 7.462691432304183e-17 0.63125 0.03593750000000008 0.63125
1 0.02031250000000008 0.61875 7.577502069724248e-17 0.61875 7.86452866327441e-17 0.665625 0.020312500000000084 0.665625
1 0.3765625000000001 0.75 0.3031250000000001 0.75 0.3031250000000001 0.796875 0.3765625000000001 0.796875
1 0.22812500000000008 0.7140625 0.16562500000000008 0.7140625 0.16562500000000008 0.765625 0.22812500000000008 0.765625
1 0.8578125 0.853125 0.7750000000000001 0.853125 0.7750000000000001 0.9203125 0.8578125 0.9203125
1 0.434375 0.6078125 0.3750000000000001 0.6078125 0.3750000000000001 0.6546875 0.434375 0.6546875
1 0.1531250000000001 0.70625 0.09375000000000008 0.70625 0.09375000000000008 0.746875 0.1531250000000001 0.746875
1 0.06562500000000002 0.153125 1.8752404111943846e-17 0.153125 2.152699451626207e-17 0.1984375 0.06562500000000002 0.1984375
1 0.012500000000000098 0.76875 9.414472268445279e-17 0.76875 9.663228649522084e-17 0.809375 0.0125000000000001 0.809375
1 0.5625 0.65625 0.5046875 0.65625 0.5046875 0.69375 0.5625 0.69375
1 0.13437500000000005 0.2984375 0.051562500000000046 0.2984375 0.051562500000000046 0.34375 0.13437500000000005 0.34375