1 0.9421875 0.2406250000000001 0.834375 0.2406250000000001 0.834375 0.34062500000000007 0.9421875 0.34062500000000007
1 0.765625 0.4953125000000001 0.6625 0.4953125 0.6625 0.5890625 0.765625 0.5890625000000002
1 0.9265625 0.5312500000000002 0.846875 0.5312500000000002 0.846875 0.6687500000000002 0.9265625 0.6687500000000002
1 0.8796875 0.5828125000000002 0.78125 0.5828125000000002 0.78125 0.7046875000000001 0.8796875 0.7046875000000001
1 0.7375 0.16406250000000008 0.6359375 0.16406250000000008 0.6359375 0.2796875000000001 0.7375 0.2796875000000001
1 0.846875 0.1984375000000001 0.7609375 0.1984375000000001 0.7609375 0.2765625000000001 0.846875 0.2765625000000001
1 0.853125 0.4984375000000002 0.76875 0.4984375000000002 0.76875 0.5890625000000002 0.853125 0.5890625000000002
1 0.7140625000000002 0.846875 0.6156250000000002 0.846875 0.6156250000000002 0.96875 0.7140625000000002 0.96875
1 0.6703125 0.5 0.5875 0.5 0.5875 0.6078125 0.6703125 0.6078125
1 0.8390625 0.2593750000000001 0.7671875 0.2593750000000001 0.7671875 0.3453125000000001 0.8390625 0.3453125000000001
1 0.578125 0.471875 0.503125 0.471875 0.503125 0.5734375 0.578125 0.5734375
1 0.775 0.2593750000000001 0.709375 0.2593750000000001 0.709375 0.3468750000000001 0.775 0.3468750000000001
1 0.6875 0.5859375 0.609375 0.5859375 0.609375 0.71875 0.6875 0.71875
1 0.621875 0.27031250000000007 0.5203125 0.27031250000000007 0.5203125 0.3703125000000001 0.621875 0.3703125000000001
1 0.4546875 0.5640625 0.35625000000000007 0.5640625 0.35625000000000007 0.6890625 0.4546875 0.6890625
1 0.19218750000000007 0.534375 0.11875000000000005 0.534375 0.11875000000000006 0.625 0.1921875000000001 0.625
1 0.684375 0.27031250000000007 0.6171875 0.27031250000000007 0.6171875 0.35625000000000007 0.684375 0.35625000000000007
1 0.603125 0.05468750000000007 0.5234375 0.05468750000000007 0.5234375 0.20312500000000008 0.603125 0.20312500000000008
1 0.8125 0.7359375000000001 0.7453125000000002 0.7359375000000001 0.7453125000000002 0.8546875 0.8125 0.8546875
1 0.771875 0.5828125000000001 0.6859375 0.5828125 0.6859375 0.70625 0.771875 0.7062500000000002
1 0.475 0.428125 0.4046875 0.428125 0.4046875 0.5296875 0.475 0.5296875
1 0.6484375 0.08906250000000007 0.59375 0.08906250000000007 0.59375 0.20468750000000008 0.6484375 0.20468750000000008
1 0.4703125 5.2908568744412996e-17 0.39375 4.8220467716427034e-17 0.39375 0.10312500000000005 0.4703125 0.10312500000000005
1 0.7671875 0.4437500000000001 0.703125 0.44375 0.703125 0.5140625000000001 0.7671875 0.5140625000000002
1 0.61875 0.5546875 0.5375 0.5546875 0.5375 0.71875 0.61875 0.71875
1 0.853125 0.896875 0.7828125000000001 0.896875 0.7828125000000001 0.9578125 0.853125 0.9578125
1 0.6453125 0.18750000000000008 0.578125 0.18750000000000008 0.578125 0.2906250000000001 0.6453125 0.2906250000000001
1 0.2734375000000001 0.56875 0.2093750000000001 0.56875 0.2093750000000001 0.665625 0.2734375000000001 0.665625
1 0.45 0.06406250000000005 0.3671875 0.06406250000000005 0.3671875 0.16875000000000004 0.45 0.16875000000000004
1 0.8859375 0.4703125000000002 0.8328125 0.4703125000000002 0.8328125 0.5265625000000002 0.8859375 0.5265625000000002
1 0.59375 0.18437500000000007 0.5203125 0.18437500000000004 0.5203125 0.2828125000000001 0.59375 0.2828125000000001
1 0.2000000000000001 0.40625 0.13593750000000004 0.40625 0.13593750000000004 0.4765625 0.2000000000000001 0.4765625
1 0.55 0.55625 0.4796875 0.55625 0.4796875 0.7140625 0.55 0.7140625
1 0.5078125 0.03906250000000006 0.44375 0.039062500000000056 0.44375 0.15156250000000004 0.5078125 0.15156250000000004
1 0.5421875 0.10781250000000005 0.4828125 0.10781250000000005 0.4828125 0.2328125000000001 0.5421875 0.2328125000000001
1 0.240625 0.2328125 0.18125000000000005 0.2328125 0.18125000000000005 0.3296875 0.240625 0.3296875
1 0.36875 0.13906250000000003 0.2796875 0.13906250000000003 0.2796875 0.28125000000000006 0.36875 0.2812500000000001
1 0.3359375000000001 0.428125 0.2796875000000001 0.428125 0.2796875000000001 0.55625 0.3359375000000001 0.55625
1 0.4765625 0.5125 0.39531250000000007 0.5125 0.39531250000000007 0.61875 0.4765625 0.61875
1 0.5953125000000001 0.7515625 0.5265625000000002 0.7515625 0.5265625000000002 0.9234375 0.5953125000000001 0.9234375
1 0.290625 0.15156250000000004 0.225 0.15156250000000004 0.225 0.2453125 0.290625 0.2453125
1 0.45000000000000007 0.6625 0.37187500000000007 0.6625 0.37187500000000007 0.784375 0.4500000000000002 0.784375
1 0.5203125 0.4640625 0.4671875 0.4640625 0.4671875 0.5515625 0.5203125 0.5515625
1 0.3468750000000001 0.565625 0.2812500000000001 0.565625 0.2812500000000001 0.68125 0.3468750000000001 0.68125
1 0.3828125000000001 0.471875 0.3218750000000001 0.471875 0.3218750000000001 0.571875 0.3828125000000001 0.571875
1 0.4328125 0.15312500000000004 0.35625 0.15312500000000004 0.35625 0.30468750000000006 0.4328125 0.3046875000000001
1 0.6296875000000002 0.89375 0.5796875000000001 0.89375 0.5796875000000001 0.96875 0.6296875000000002 0.96875
1 0.465625 0.21250000000000008 0.4140625 0.21250000000000008 0.4140625 0.2984375000000001 0.465625 0.2984375000000001
1 0.4281250000000002 0.8484375 0.3578125000000001 0.8484375 0.3578125000000001 0.9625 0.4281250000000002 0.9625
1 0.3859375000000001 0.7875 0.3265625000000001 0.7875 0.3265625000000001 0.8859375 0.3859375000000001 0.8859375
1 0.4437500000000002 0.765625 0.3843750000000001 0.765625 0.3843750000000001 0.853125 0.4437500000000002 0.853125
1 0.4984375 0.615625 0.440625 0.615625 0.440625 0.715625 0.4984375 0.715625
1 0.36406250000000007 0.27031250000000007 0.309375 0.2703125 0.30937500000000007 0.3765625 0.36406250000000007 0.3765625000000001
1 0.79375 0.5671875000000002 0.7421875 0.5671875000000002 0.7421875 0.6890625000000001 0.79375 0.6890625000000001
1 0.478125 0.2875000000000001 0.43125 0.2875000000000001 0.43125 0.3765625000000001 0.478125 0.3765625000000001
1 0.4015625 0.29375000000000007 0.346875 0.29375 0.34687500000000004 0.3921875 0.4015625 0.3921875000000001
1 0.5515625000000002 0.8515625 0.4906250000000002 0.8515625 0.4906250000000002 0.9578125 0.5515625000000002 0.9578125
1 0.521875 0.2890625000000001 0.475 0.2890625000000001 0.475 0.3671875000000001 0.521875 0.3671875000000001
1 0.35 3.980102097228898e-17 0.3 3.6739403974420595e-17 0.3 0.032812500000000036 0.35 0.03281250000000004
1 0.36875 0.04375000000000004 0.315625 0.04375000000000003 0.315625 0.11718750000000004 0.36875 0.11718750000000004
1 0.209375 0.09843750000000002 0.1609375 0.09843750000000002 0.1609375 0.17968750000000003 0.209375 0.17968750000000006
1 0.3875 0.10781250000000005 0.334375 0.10781250000000005 0.334375 0.19843750000000004 0.3875 0.19843750000000004
1 0.41875 0.45 0.37187500000000007 0.45 0.37187500000000007 0.521875 0.41875 0.521875
1 0.503125 0.2328125000000001 0.459375 0.2328125000000001 0.459375 0.3078125000000001 0.503125 0.3078125000000001
1 0.34375 0.04375000000000004 0.290625 0.04375000000000003 0.290625 0.12500000000000006 0.34375 0.12500000000000006
1 0.4421875 0.2750000000000001 0.390625 0.2750000000000001 0.39062500000000006 0.3734375000000001 0.4421875 0.3734375000000001
1 0.3890625000000001 0.615625 0.3343750000000001 0.615625 0.3343750000000001 0.7125 0.3890625000000001 0.7125
1 0.5765625 6.697287182837088e-17 0.5171875 6.333720164340217e-17 0.5171875 0.006250000000000066 0.5765625 0.00625000000000007
1 0.4828125000000002 0.83125 0.42187500000000017 0.83125 0.42187500000000017 0.921875 0.4828125000000002 0.921875
1 0.4703125000000002 0.946875 0.39531250000000007 0.946875 0.39531250000000007 0.98125 0.4703125000000002 0.98125
1 0.275 2.9468063604483184e-17 0.20625 2.525834023241416e-17 0.20625 0.02187500000000003 0.275 0.021875000000000033
1 0.321875 0.23125 0.275 0.23125 0.275 0.2875 0.321875 0.2875
1 0.5421875 0.2234375000000001 0.496875 0.2234375000000001 0.496875 0.31718750000000007 0.5421875 0.31718750000000007
1 0.5375000000000002 0.9375 0.47187500000000016 0.9375 0.47187500000000016 0.9765625 0.5375000000000002 0.9765625