1 0.3864578125000001 0.89154375 0.2802078125000001 0.89154375 0.2802078125000001 0.99908125 0.3864578125000001 0.99908125
1 0.3755170697471205 0.8057517536003745 0.2819791831510364 0.8031648985394412 0.2784688253628155 0.9300956468697444 0.37200671195889956 0.9326825019306778
1 0.3569083872635119 0.5113117702551025 0.29796973037312735 0.49846662665594277 0.26499301632975797 0.6497769813725389 0.3239316732201425 0.6626221249716987
1 0.30466666044070817 0.5879053582323366 0.26674388404237986 0.5153798615079512 0.21707193806380048 0.5413527701496392 0.2549947144621288 0.6138782668740246
1 0.3824329998675561 0.4180560045474991 0.31381850261614747 0.3031847800721413 0.2531766398219052 0.3394071756026114 0.32179113707331375 0.4542784000779692
1 0.4029812655050523 0.2380942290333265 0.3666548028319873 0.11458734361704166 0.26665480283198734 0.1439998436170418 0.3029812655050522 0.2675067290333266
1 0.4910371491679829 0.2299202301054466 0.45271119926184616 0.12947952883209693 0.37649240320765953 0.15856293548343908 0.41481835311379617 0.2590036367567888
1 0.5464554242678734 0.2003324277123028 0.5153530729626635 0.14892917208087755 0.4561111900376263 0.18477440857578503 0.4872135413428362 0.23617766420721029
1 0.5569924542479331 0.21262271240990058 0.4926255954658683 0.20678828953784167 0.4845995466928129 0.29533373084057646 0.5489664054748777 0.30116815371263533
1 0.6522002479191695 0.2291246729453762 0.6491431071706375 0.14835757724161475 0.6107255722519924 0.14981173144184404 0.6137827130005246 0.23057882714560546
1 0.35249756194426773 0.016123157572483483 0.2641235635090268 -0.0061559380385266425 0.2290786105876228 0.13285610574967416 0.31745260902286365 0.15513520136068432
1 0.23570202642664895 0.17591089883280825 0.17745732647324852 0.15052071872365946 0.1486485798199489 0.2166075600789263 0.2068932797733493 0.24199774018807502
1 0.2907155184021863 0.3670724389210941 0.22424885191148647 0.25217093103124466 0.15804532761591 0.29046744820211945 0.22451199410660982 0.4053689560919689
1 0.22724961082626546 0.5217655149142273 0.15904621263667806 0.4831176006403782 0.10387505411328327 0.5804801767082427 0.17207845230287067 0.6191280909820919
1 0.22124027523032086 0.6444200498276486 0.12737037010039867 0.5959397157850965 0.08777698994900898 0.672602282411014 0.18164689507893117 0.7210826164535662
1 0.1730787425417386 0.8381919946085519 0.11171437069954462 0.8359624839538086 0.10669746226548708 0.9740463428448862 0.16806183410768108 0.9762758534996296
1 0.282368900410392 0.9692800426364698 0.2809082455993386 0.8222057008508177 0.1802426838268871 0.8232054512853606 0.18170333863794055 0.9702797930710128
1 0.20672560634487072 0.9575970549274301 0.18895616520191663 0.8550849911051497 0.15729646585676005 0.8605728833896391 0.17506590699971414 0.9630849472119195
1 0.27916718750000014 0.9549625 0.18697968750000013 0.9549625 0.18697968750000013 0.99908125 0.27916718750000014 0.99908125
1 0.34083627852605963 0.6958551677628048 0.2570560246548488 0.620860912688871 0.1992075512305068 0.6854866601514646 0.28298780510171767 0.7604809152253983
1 0.4210482754932513 0.3655369552797303 0.3614681899386011 0.35819623076978196 0.34981742031511864 0.4527582661661348 0.4093975058697688 0.460098990676083
1 0.7517304042084968 0.5148743845001765 0.7065664711915856 0.4437096144426718 0.6591162436854613 0.47382337571797856 0.7042801767023725 0.5449881457754833
1 0.6325084268885799 0.875146709084745 0.627330386306095 0.8065493336203831 0.5786859250027159 0.8102212378738173 0.5838639655852008 0.8788186133381792
1 0.5802078125000003 0.8079046875 0.5406250000000001 0.8079046875 0.5406250000000001 0.8952203125 0.5802078125000003 0.8952203125
1 0.2609271383881691 0.00832539138372924 0.19227408750136266 -0.005569447578729075 0.17065427371834546 0.10125195422513615 0.2393073246051519 0.11514679318759447
1 0.3018370211599073 0.18312727903373754 0.2489748156401231 0.148071914039354 0.18718722590558776 0.2412453346453701 0.2400494314253719 0.2763006996397537
1 0.3312994464381823 0.23609943578189913 0.2728638461646112 0.21018564408630208 0.23026699724040783 0.30624153841038043 0.28870259751397903 0.3321553301059775
1 0.3432296875 0.2297796875 0.3135421875 0.2297796875 0.3135421875 0.28492656250000004 0.3432296875 0.28492656250000004
1 0.374658325307304 0.30223369255779126 0.3438441626519698 0.2608062518793126 0.3077113022754758 0.2876822504592146 0.3385254649308099 0.3291096911376933
1 0.6958328125000001 8.326957208143073e-17 0.6552078125 8.078200827066267e-17 0.6552078125 0.060662500000000084 0.6958328125000001 0.060662500000000084
1 0.4804085837462547 0.6294005830525808 0.42132863157424716 0.6253831784441213 0.41569602156022273 0.7082163413103648 0.4747759737322303 0.7122337459188244
1 0.45746381579931494 0.5637225759198726 0.4001599809937666 0.5523592230425802 0.38199301387562634 0.643972754180564 0.4392968486811747 0.6553361070578566
1 0.40769441139976437 0.6507028204721724 0.35346557245801835 0.6112993383113595 0.3043593771027218 0.6788814862062136 0.35858821604446783 0.7182849683670265
1 0.48027316299014 0.5423940052049303 0.4255960048805253 0.44590542423536483 0.3660662005766121 0.4796391623570411 0.4207433586862268 0.5761277433266067
1 0.40582073941307406 0.6031600004089921 0.385726338723056 0.47548549593479034 0.330073094504982 0.48424463381923283 0.3501674951950001 0.6119191382934346
1 0.3177537842103927 0.4642752361121735 0.2758777773436292 0.45410539715804976 0.2558536582306162 0.5365580449590666 0.29772966509737964 0.5467278839131903
1 0.274698204515779 0.5237863079944496 0.26160038502967997 0.43839988529871504 0.17664304891405674 0.45143188520375216 0.18974086840015572 0.5368183078994867
1 0.4944268729462828 0.8154876783595884 0.42669508305991155 0.8097989414894494 0.4177994736720178 0.9157127075373653 0.4855312635583891 0.9214014444075043
1 0.4276319512172778 0.8204761157858554 0.37798848867518364 0.8157876837565695 0.36779476615793855 0.9237239146304189 0.4174382287000327 0.9284123466597048
1 0.4467069560183667 0.9048651140091728 0.39758313104715853 0.8939721082501645 0.37455363489119187 0.9978274594148553 0.4236774598624001 1.0087204651738637
1 0.49109092991008635 0.8995320775458895 0.4438283259006267 0.8908664791007551 0.42913378921476203 0.9710112115025267 0.4763963932242216 0.979676809947661
1 0.6791671875000002 0.9283093750000001 0.6510421875000001 0.9283093750000001 0.6510421875000001 0.98345625 0.6791671875000002 0.98345625
1 0.5645828125000001 0.46415468750000005 0.49375 0.46415468750000005 0.49375 0.5395218749999999 0.5645828125000001 0.5395218749999999
1 0.540387373250965 0.36655397061047107 0.511390045072979 0.3369749211259562 0.47287682025421507 0.37473071918995077 0.5018741484322009 0.4043097686744657
1 0.4662186521870014 0.2856403783737166 0.4137825550489752 0.2136674653770141 0.36644169057061626 0.24815780438134336 0.41887778770864237 0.3201307173780458