1 0.8953125 0.5593750000000002 0.8140625 0.5593750000000002 0.8140625 0.6453125000000002 0.8953125 0.6453125000000002
1 0.8453125 0.7000000000000002 0.740625 0.7000000000000002 0.7406250000000001 0.8265625 0.8453125 0.8265625
1 0.559375 0.5953125 0.471875 0.5953125 0.471875 0.7046875 0.559375 0.7046875
1 0.86875 0.6265625000000001 0.7921875 0.6265625000000001 0.7921875 0.7437500000000001 0.86875 0.7437500000000001
1 0.6625 0.55 0.575 0.55 0.575 0.64375 0.6625 0.64375
1 0.80625 0.8296875 0.7171875000000002 0.8296875 0.7171875000000002 0.925 0.80625 0.925
1 0.8234375 0.2921875000000001 0.740625 0.2921875000000001 0.740625 0.42500000000000016 0.8234375 0.42500000000000016
1 0.796875 0.4671875000000001 0.7125 0.4671875 0.7125 0.6406250000000001 0.796875 0.6406250000000002
1 0.646875 0.3375000000000001 0.5421875 0.3375000000000001 0.5421875 0.446875 0.646875 0.446875
1 0.64375 0.6203125 0.5546875 0.6203125 0.5546875000000001 0.734375 0.6437500000000002 0.734375
1 0.6656250000000001 0.859375 0.5875000000000001 0.859375 0.5875000000000001 0.9765625 0.6656250000000001 0.9765625
1 0.7546875000000001 0.6734375000000001 0.675 0.6734375 0.675 0.809375 0.7546875000000002 0.809375
1 0.6734375 0.1906250000000001 0.5515625 0.1906250000000001 0.5515625 0.3375000000000001 0.6734375 0.3375000000000001
1 0.36406250000000007 0.5078125 0.2796875000000001 0.5078125 0.2796875000000001 0.6375 0.36406250000000007 0.6375
1 0.7796875 0.15781250000000008 0.70625 0.15781250000000008 0.70625 0.2890625000000001 0.7796875 0.2890625000000001
1 0.8359375 0.4937500000000002 0.778125 0.4937500000000002 0.778125 0.6203125000000002 0.8359375 0.6203125000000002
1 0.5453125 0.3390625000000001 0.459375 0.3390625000000001 0.459375 0.440625 0.5453125 0.440625
1 0.2562500000000001 0.6125 0.1921875000000001 0.6125 0.1921875000000001 0.6984375 0.2562500000000001 0.6984375
1 0.4812500000000002 0.884375 0.40937500000000016 0.884375 0.40937500000000016 0.9984375 0.4812500000000002 0.9984375
1 0.6859375000000001 0.6875 0.603125 0.6875 0.6031250000000001 0.81875 0.6859375000000002 0.81875
1 0.4906250000000001 0.6734375 0.4171875 0.6734375 0.4171875000000001 0.8 0.4906250000000002 0.8
1 0.440625 0.5546875 0.3671875000000001 0.5546875 0.3671875000000001 0.640625 0.440625 0.640625
1 0.66875 7.663610047789296e-17 0.5828125 7.137394626280668e-17 0.5828125 0.06562500000000007 0.66875 0.06562500000000009
1 0.16562500000000008 0.5609375 0.10312500000000009 0.5609375 0.10312500000000009 0.6390625 0.16562500000000008 0.6390625
1 0.83125 0.2000000000000001 0.7703125 0.2000000000000001 0.7703125 0.3156250000000001 0.83125 0.3156250000000001
1 0.865625 0.3500000000000001 0.809375 0.3500000000000001 0.809375 0.43750000000000017 0.865625 0.43750000000000017
1 0.7796875 0.3375000000000001 0.7 0.3375000000000001 0.7 0.4453125000000001 0.7796875 0.44531250000000017
1 0.6 6.745124948428782e-17 0.5015625 6.142369101973443e-17 0.5015625 0.06562500000000007 0.6 0.06562500000000007
1 0.83125 9.519715352747004e-17 0.7234375 8.859554187581634e-17 0.7234375 0.0609375000000001 0.83125 0.06093750000000011
1 0.5171875 0.2562500000000001 0.4375 0.2562500000000001 0.4375 0.35625000000000007 0.5171875 0.35625000000000007
1 0.91875 0.8328125 0.8515625 0.8328125 0.8515625 0.928125 0.91875 0.928125
1 0.3593750000000001 0.63125 0.2890625000000001 0.63125 0.2890625000000001 0.7578125 0.3593750000000001 0.7578125
1 0.70625 0.2875000000000001 0.6359375 0.2875000000000001 0.6359375 0.4421875 0.70625 0.4421875
1 0.7171875 0.51875 0.6546875 0.51875 0.6546875 0.690625 0.7171875 0.690625
1 0.21875000000000008 0.7109375 0.1609375000000001 0.7109375 0.1609375000000001 0.8125 0.21875000000000008 0.8125
1 0.725 8.438581850374731e-17 0.653125 7.99847440693115e-17 0.653125 0.06406250000000009 0.725 0.06406250000000009
1 0.5906250000000001 0.684375 0.5203125 0.684375 0.5203125000000001 0.8140625 0.5906250000000002 0.8140625
1 0.853125 0.9234375 0.7453125000000002 0.9234375 0.7453125000000002 0.9953125 0.853125 0.9953125
1 0.7296875000000002 0.88125 0.6593750000000002 0.88125 0.6593750000000002 0.996875 0.7296875000000002 0.996875
1 0.446875 0.14843750000000006 0.3796875 0.14843750000000006 0.3796875 0.24375000000000008 0.446875 0.24375000000000008
1 0.17656250000000004 0.253125 0.11406250000000004 0.253125 0.11406250000000004 0.3375 0.17656250000000004 0.3375
1 0.1671875 0.0015625000000000163 0.0984375 0.0015625000000000118 0.0984375 0.07187500000000002 0.1671875 0.07187500000000002
1 0.2015625 0.10468750000000002 0.1453125 0.1046875 0.1453125 0.17812500000000003 0.2015625 0.17812500000000003
1 0.5906250000000002 0.86875 0.5343750000000002 0.86875 0.5343750000000002 0.9640625 0.5906250000000002 0.9640625
1 0.5015625 0.18906250000000005 0.4359375 0.18906250000000005 0.4359375 0.2718750000000001 0.5015625 0.2718750000000001
1 0.2812500000000001 0.6984375 0.21875000000000008 0.6984375 0.21875000000000008 0.784375 0.2812500000000001 0.784375
1 0.3125 3.367778697655221e-17 0.2375 2.9085361479749636e-17 0.2375 0.06718750000000004 0.3125 0.06718750000000004
1 0.39062500000000006 0.25625000000000003 0.3125 0.25625 0.31250000000000006 0.38906250000000003 0.3906250000000001 0.3890625000000001
1 0.346875 0.15625000000000006 0.25625 0.15625000000000006 0.25625 0.3015625 0.346875 0.3015625
1 0.5609375 0.23593750000000008 0.5078125 0.23593750000000008 0.5078125 0.32500000000000007 0.5609375 0.32500000000000007
1 0.4296875000000001 0.64375 0.3750000000000001 0.64375 0.3750000000000001 0.7453125 0.42968750000000017 0.7453125
1 0.3062500000000001 0.6015625 0.2593750000000001 0.6015625 0.2593750000000001 0.6859375 0.3062500000000001 0.6859375
1 0.20625000000000004 0.359375 0.14531250000000004 0.359375 0.14531250000000004 0.4546875 0.2062500000000001 0.4546875
1 0.5437500000000002 0.834375 0.5000000000000002 0.834375 0.5000000000000002 0.909375 0.5437500000000002 0.909375
1 0.3843750000000001 0.45625 0.33281250000000007 0.45625 0.33281250000000007 0.5515625 0.3843750000000001 0.5515625
1 0.2000000000000001 0.8140625 0.15625000000000008 0.8140625 0.15625000000000008 0.9015625 0.2000000000000001 0.9015625
1 0.3453125000000001 0.871875 0.2984375000000001 0.871875 0.2984375000000001 0.9546875 0.3453125000000001 0.9546875
1 0.3703125 0.10000000000000005 0.31875 0.10000000000000005 0.31875 0.21718750000000003 0.3703125 0.2171875000000001
1 0.2328125 0.23125 0.17343750000000005 0.23125 0.17343750000000005 0.3140625 0.2328125 0.3140625
1 0.434375 0.22343750000000004 0.3625 0.2234375 0.3625 0.32343750000000004 0.434375 0.3234375000000001
1 0.21406250000000004 0.2953125 0.14843750000000006 0.2953125 0.14843750000000006 0.365625 0.2140625000000001 0.365625
1 0.459375 5.262154215086284e-17 0.4 4.898587196589413e-17 0.4 0.06718750000000005 0.459375 0.06718750000000007
1 0.5078125 5.960585592725007e-17 0.465625 5.702261658529863e-17 0.465625 0.06562500000000007 0.5078125 0.06562500000000007
1 0.3859375000000001 0.9015625 0.3453125000000001 0.9015625 0.3453125000000001 0.996875 0.3859375000000001 0.996875
1 0.15312500000000012 0.9265625 0.11093750000000013 0.9265625 0.11093750000000013 0.9984375 0.15312500000000012 0.9984375
1 0.4125 0.4546875 0.3734375000000001 0.4546875 0.3734375000000001 0.521875 0.4125 0.521875
1 0.421875 0.3265625000000001 0.3671875 0.3265625000000001 0.36718750000000006 0.4390625 0.421875 0.4390625
1 0.40625 4.678533474867623e-17 0.3578125 4.3819393281991234e-17 0.3578125 0.05312500000000005 0.40625 0.05312500000000005
1 0.41875000000000007 0.7015625 0.36406250000000007 0.7015625 0.36406250000000007 0.8078125 0.4187500000000002 0.8078125
1 0.2953125000000001 0.8796875 0.2515625000000001 0.8796875 0.2515625000000001 0.95 0.2953125000000001 0.95
1 0.4609375 0.32500000000000007 0.4125 0.32500000000000007 0.4125 0.434375 0.4609375 0.434375
1 0.459375 0.51875 0.41875 0.51875 0.41875 0.5890625 0.459375 0.5890625
1 0.2875 0.2453125 0.23125 0.2453125 0.23125 0.328125 0.2875 0.328125
1 0.7296875 0.2296875000000001 0.6859375 0.2296875000000001 0.6859375 0.3187500000000001 0.7296875 0.3187500000000001
1 0.490625 0.5234375 0.45625 0.5234375 0.45625 0.5765625 0.490625 0.5765625
1 0.2671875 0.19843750000000004 0.2109375 0.19843750000000004 0.2109375 0.2734375 0.2671875 0.2734375
1 0.7046875 0.2468750000000001 0.65625 0.2468750000000001 0.65625 0.3468750000000001 0.7046875 0.3468750000000001
1 0.2421875 2.7076175324898514e-17 0.2 2.4492935982947065e-17 0.2 0.06406250000000002 0.2421875 0.06406250000000002
1 0.2468750000000001 0.39375 0.19218750000000004 0.39375 0.19218750000000004 0.45625 0.2468750000000001 0.45625
1 0.5281250000000001 0.690625 0.48125 0.690625 0.48125000000000007 0.80625 0.5281250000000002 0.80625
1 0.34375 3.9801020972288984e-17 0.30625 3.750480822388769e-17 0.30625 0.03593750000000004 0.34375 0.035937500000000046
1 0.4015625 0.10312500000000005 0.36875 0.10312500000000005 0.36875 0.17187500000000006 0.4015625 0.17187500000000006
1 0.3140625000000001 0.8359375 0.27812500000000007 0.8359375 0.27812500000000007 0.9 0.3140625000000001 0.9
1 0.375 0.0015625000000000435 0.3359375 0.0015625000000000409 0.3359375 0.07343750000000004 0.375 0.07343750000000004