1 0.3625000000000001 0.4625 0.24375000000000008 0.4625 0.24375000000000008 0.5546875 0.3625000000000001 0.5546875
1 0.640625 0.40625 0.5296875 0.40625 0.5296875 0.4875 0.640625 0.4875
1 0.37343750000000003 0.29375000000000007 0.259375 0.29375 0.259375 0.36562500000000003 0.3734375000000001 0.3656250000000001
1 0.3765625000000001 0.36562500000000003 0.2906250000000001 0.365625 0.2906250000000001 0.453125 0.3765625000000001 0.453125
1 0.5921875 0.3515625000000001 0.4546875 0.3515625000000001 0.4546875 0.440625 0.5921875 0.440625
1 0.5703125 0.5328125 0.4484375 0.5328125 0.4484375 0.6296875 0.5703125 0.6296875
1 0.753125 0.2906250000000001 0.6484375 0.2906250000000001 0.6484375 0.3546875000000001 0.753125 0.3546875000000001
1 0.3453125000000001 0.6140625 0.2250000000000001 0.6140625 0.2250000000000001 0.73125 0.3453125000000001 0.73125
1 0.2703125 0.2703125 0.14218750000000005 0.2703125 0.14218750000000005 0.35625 0.2703125 0.35625
1 0.740625 0.3515625000000001 0.615625 0.3515625000000001 0.615625 0.4296875000000001 0.740625 0.42968750000000017
1 0.25625 0.19687500000000002 0.13906250000000003 0.196875 0.13906250000000003 0.2828125 0.25625 0.2828125
1 0.30937500000000007 0.3828125 0.18750000000000006 0.3828125 0.18750000000000006 0.49375 0.30937500000000007 0.49375
1 0.3156250000000001 0.5359375 0.19687500000000005 0.5359375 0.19687500000000008 0.60625 0.3156250000000001 0.60625
1 0.23593750000000008 0.6578125 0.10312500000000009 0.6578125 0.10312500000000009 0.759375 0.23593750000000008 0.759375
1 0.6734375 0.5203125 0.55 0.5203125 0.55 0.603125 0.6734375 0.603125
1 0.371875 0.25000000000000006 0.2734375 0.25 0.2734375 0.30468750000000006 0.371875 0.3046875000000001
1 0.6 0.4640625 0.4390625 0.4640625 0.4390625 0.5453125 0.6 0.5453125
1 0.95 0.5281250000000002 0.825 0.5281250000000002 0.825 0.6109375000000001 0.95 0.6109375000000001
1 0.496875 0.22812500000000008 0.40625 0.22812500000000008 0.40625 0.3140625000000001 0.496875 0.3140625000000001
1 0.2000000000000001 0.5546875 0.05937500000000007 0.5546875 0.05937500000000008 0.65625 0.2000000000000001 0.65625
1 0.746875 0.1906250000000001 0.646875 0.1906250000000001 0.646875 0.2468750000000001 0.746875 0.2468750000000001
1 0.9546875 0.6156250000000002 0.81875 0.6156250000000002 0.81875 0.7078125000000002 0.9546875 0.7078125000000002
1 0.5328125000000001 0.659375 0.39531250000000007 0.659375 0.39531250000000007 0.7921875 0.5328125000000001 0.7921875
1 0.7828125 0.43437500000000007 0.6125 0.434375 0.6125 0.5140625000000001 0.7828125 0.5140625000000002
1 0.7015625000000002 0.734375 0.5421875000000002 0.734375 0.5421875000000002 0.8328125 0.7015625000000002 0.8328125
1 0.3421875000000001 0.703125 0.21250000000000008 0.703125 0.21250000000000008 0.76875 0.3421875000000001 0.76875
1 0.3343750000000001 0.7859375 0.1843750000000001 0.7859375 0.1843750000000001 0.8765625 0.3343750000000001 0.8765625
1 0.24218750000000008 0.4921875 0.06875000000000006 0.4921875 0.06875000000000006 0.571875 0.24218750000000008 0.571875
1 0.5046875000000002 0.865625 0.3687500000000001 0.865625 0.3687500000000001 0.9734375 0.5046875000000002 0.9734375
1 0.6453125 0.2671875000000001 0.5015625 0.2671875000000001 0.5015625 0.35625000000000007 0.6453125 0.35625000000000007
1 0.3890625 0.20156250000000003 0.2984375 0.2015625 0.2984375 0.25468750000000007 0.3890625 0.25468750000000007
1 0.21875000000000006 0.3203125 0.06875000000000005 0.3203125 0.06875000000000005 0.396875 0.21875000000000008 0.396875
1 0.7609375 0.2515625000000001 0.6484375 0.2515625000000001 0.6484375 0.30156250000000007 0.7609375 0.30156250000000007
1 0.7421875 0.5859375000000001 0.5734375 0.5859375 0.5734375 0.6531250000000001 0.7421875 0.6531250000000002
1 0.803125 0.08437500000000009 0.6796875 0.08437500000000009 0.6796875 0.15000000000000008 0.803125 0.15000000000000008
1 0.7515625000000001 0.7640625000000001 0.6453125000000002 0.7640625 0.6453125000000002 0.8625 0.7515625000000001 0.8625
1 0.5812500000000002 0.7703125 0.3781250000000001 0.7703125 0.3781250000000001 0.8765625 0.5812500000000002 0.8765625
1 0.3515625000000001 0.5671875 0.2750000000000001 0.5671875 0.2750000000000001 0.621875 0.3515625000000001 0.621875
1 0.74375 0.1437500000000001 0.65625 0.1437500000000001 0.65625 0.1984375000000001 0.74375 0.1984375000000001
1 0.4625 0.403125 0.40625 0.403125 0.40625 0.4375 0.4625 0.4375
1 0.3671875000000001 0.8671875 0.2218750000000001 0.8671875 0.2218750000000001 0.9640625 0.3671875000000001 0.9640625
1 0.6703125 0.3140625000000001 0.5953125 0.3140625000000001 0.5953125 0.3687500000000001 0.6703125 0.3687500000000001
1 0.684375 0.2234375000000001 0.59375 0.2234375000000001 0.59375 0.2750000000000001 0.684375 0.2750000000000001
1 0.2484375000000001 0.4484375 0.13750000000000004 0.4484375 0.13750000000000004 0.5125 0.2484375000000001 0.5125
1 0.6 0.659375 0.5109375 0.659375 0.5109375 0.7203125 0.6 0.7203125
1 0.9828125 0.1984375000000001 0.9 0.1984375000000001 0.9 0.2468750000000001 0.9828125 0.2468750000000001
1 0.9671875 0.4281250000000002 0.8921875 0.4281250000000002 0.8921875 0.5234375000000002 0.9671875 0.5234375000000002
1 0.7421875 0.5312500000000001 0.659375 0.53125 0.659375 0.5843750000000001 0.7421875 0.5843750000000002
1 0.7375 0.49687500000000007 0.628125 0.496875 0.628125 0.5406250000000001 0.7375 0.5406250000000001
1 0.6546875 0.2640625000000001 0.5703125 0.2640625000000001 0.5703125 0.3156250000000001 0.6546875 0.3156250000000001
1 0.9484375 0.7296875000000002 0.85625 0.7296875000000002 0.85625 0.8125 0.9484375 0.8125
1 0.978125 0.2718750000000001 0.8953125 0.2718750000000001 0.8953125 0.3265625000000001 0.978125 0.3265625000000001
1 0.5984375 0.6171875 0.5125 0.6171875 0.5125 0.66875 0.5984375 0.66875
1 0.33437500000000003 0.3421875 0.2421875 0.3421875 0.24218750000000006 0.3875 0.3343750000000001 0.3875
1 0.6484375000000002 0.809375 0.5734375000000002 0.809375 0.5734375000000002 0.8671875 0.6484375000000002 0.8671875
1 0.9734375 0.3375000000000001 0.921875 0.3375000000000001 0.921875 0.4046875000000002 0.9734375 0.4046875000000002
1 0.7265625000000001 0.6953125000000001 0.609375 0.6953125 0.6093750000000001 0.76875 0.7265625000000002 0.7687500000000002
1 0.85 0.6234375000000001 0.59375 0.6234375 0.5937500000000001 0.784375 0.85 0.7843750000000002