1 0.53125 0.5125 0.4546875 0.5125 0.4546875 0.6109375 0.53125 0.6109375
1 0.64375 0.11562500000000009 0.5609375 0.11562500000000009 0.5609375 0.2234375000000001 0.64375 0.2234375000000001
1 0.7296875 0.1062500000000001 0.6375 0.1062500000000001 0.6375 0.2140625000000001 0.7296875 0.2140625000000001
1 0.834375 0.7281250000000001 0.7546875000000002 0.7281250000000001 0.7546875000000002 0.834375 0.834375 0.834375
1 0.565625 0.4703125 0.5109375 0.4703125 0.5109375 0.5640625 0.565625 0.5640625
1 0.5 0.06718750000000005 0.440625 0.06718750000000004 0.440625 0.2406250000000001 0.5 0.2406250000000001
1 0.4921875 0.3890625000000001 0.4609375 0.3890625000000001 0.4609375 0.4515625 0.4921875 0.4515625
1 0.55625 0.04375000000000006 0.496875 0.04375000000000005 0.496875 0.22656250000000008 0.55625 0.22656250000000008
1 0.4250000000000001 0.7078125 0.3859375000000001 0.7078125 0.3859375000000001 0.7765625 0.42500000000000016 0.7765625
1 0.7265625 8.295068553599651e-17 0.628125 7.692312707144312e-17 0.628125 0.13281250000000008 0.7265625 0.13281250000000008
1 0.7046875 0.4953125 0.634375 0.4953125 0.634375 0.6015625 0.7046875 0.6015625
1 0.5625000000000002 0.746875 0.4890625000000002 0.746875 0.4890625000000002 0.8609375 0.5625000000000002 0.8609375
1 0.4937500000000002 0.728125 0.4187500000000002 0.728125 0.4187500000000002 0.8609375 0.4937500000000002 0.8609375
1 0.5296875 0.39531250000000007 0.4859375 0.39531250000000007 0.4859375 0.4859375 0.5296875 0.4859375
1 0.4984375 0.4421875 0.4375 0.4421875 0.4375 0.525 0.4984375 0.525
1 0.3921875 0.14375000000000004 0.30625 0.14375000000000004 0.30625 0.23750000000000004 0.3921875 0.2375000000000001
1 0.4578125 0.3703125000000001 0.39531250000000007 0.3703125000000001 0.39531250000000007 0.49375 0.4578125 0.49375
1 0.76875 9.060472803066747e-17 0.7109375 8.706473337688214e-17 0.7109375 0.11562500000000009 0.76875 0.11562500000000009
1 0.21250000000000008 0.6921875 0.1687500000000001 0.6921875 0.1687500000000001 0.7640625 0.21250000000000008 0.7640625
1 0.4015625 0.39531250000000007 0.3453125000000001 0.3953125 0.3453125000000001 0.4875 0.4015625 0.4875
1 0.2968750000000001 0.6828125 0.2250000000000001 0.6828125 0.2250000000000001 0.76875 0.2968750000000001 0.76875
1 0.7921875 0.11250000000000009 0.715625 0.11250000000000009 0.715625 0.2093750000000001 0.7921875 0.2093750000000001
1 0.39531250000000007 0.73125 0.3500000000000001 0.73125 0.3500000000000001 0.803125 0.39531250000000007 0.803125
1 0.37187500000000007 0.46875 0.3140625000000001 0.46875 0.3140625000000001 0.575 0.37187500000000007 0.575
1 0.234375 0.1453125 0.1765625 0.1453125 0.1765625 0.2515625 0.234375 0.2515625
1 0.6921875 0.4109375 0.5875 0.4109375 0.5875 0.5171875 0.6921875 0.5171875
1 0.3937500000000001 0.6453125 0.3156250000000001 0.6453125 0.3156250000000001 0.7671875 0.3937500000000001 0.7671875
1 0.8578125 0.10312500000000009 0.7875 0.10312500000000009 0.7875 0.20312500000000008 0.8578125 0.20312500000000008
1 0.4078125000000002 0.796875 0.3390625000000001 0.796875 0.3390625000000001 0.9453125 0.4078125000000002 0.9453125
1 0.27812500000000007 0.375 0.22031250000000008 0.375 0.22031250000000008 0.4765625 0.27812500000000007 0.4765625
1 0.3046875 0.28125 0.259375 0.28125 0.259375 0.35625 0.3046875 0.35625
1 0.6046875 0.4984375 0.5625 0.4984375 0.5625 0.5984375 0.6046875 0.5984375
1 0.6375 7.443556326067506e-17 0.578125 7.079989307570636e-17 0.578125 0.11875000000000009 0.6375 0.11875000000000009
1 0.5828125 0.3812500000000001 0.528125 0.3812500000000001 0.528125 0.4921875 0.5828125 0.4921875
1 0.421875 0.051562500000000046 0.3671875 0.051562500000000046 0.3671875 0.17500000000000004 0.421875 0.17500000000000004
1 0.846875 0.4453125000000001 0.7140625 0.4453125 0.7140625 0.5828125000000001 0.846875 0.5828125000000002
1 0.340625 0.018750000000000037 0.2921875 0.018750000000000034 0.2921875 0.11250000000000004 0.340625 0.11250000000000004
1 0.34062500000000007 0.421875 0.28593750000000007 0.421875 0.28593750000000007 0.5171875 0.34062500000000007 0.5171875
1 0.5234375 5.759666977239896e-17 0.4171875 5.109073365192864e-17 0.4171875 0.08750000000000005 0.5234375 0.08750000000000006
1 0.21093750000000008 0.5625 0.1703125000000001 0.5625 0.1703125000000001 0.61875 0.21093750000000008 0.61875
1 0.7515625 0.30156250000000007 0.6453125 0.30156250000000007 0.6453125 0.4250000000000001 0.7515625 0.42500000000000016
1 0.4546875 0.12500000000000006 0.409375 0.12500000000000006 0.409375 0.23437500000000008 0.4546875 0.23437500000000008
1 0.5484375000000001 0.8375 0.4625000000000002 0.8375 0.4625000000000002 0.9671875 0.5484375000000001 0.9671875
1 0.8109375 0.3531250000000001 0.70625 0.3531250000000001 0.70625 0.4671875000000001 0.8109375 0.4671875000000002
1 0.2921875000000001 0.4453125 0.2515625000000001 0.4453125 0.2515625000000001 0.5265625 0.2921875000000001 0.5265625
1 0.821875 0.6062500000000002 0.7828125 0.6062500000000002 0.7828125 0.6625000000000002 0.821875 0.6625000000000002
1 0.30156250000000007 0.75625 0.2218750000000001 0.75625 0.2218750000000001 0.8921875 0.30156250000000007 0.8921875
1 0.5765625 6.572908992298685e-17 0.496875 6.084963783263412e-17 0.496875 0.04687500000000006 0.5765625 0.04687500000000007
1 0.3359375000000001 0.8453125 0.2812500000000001 0.8453125 0.2812500000000001 0.91875 0.3359375000000001 0.91875
1 0.38125 0.03750000000000004 0.3171875 0.03750000000000003 0.3171875 0.15156250000000004 0.38125 0.15156250000000004
1 0.9421875 0.4187500000000002 0.878125 0.4187500000000002 0.878125 0.5265625000000002 0.9421875 0.5265625000000002
1 0.3593750000000001 0.78125 0.3046875000000001 0.78125 0.3046875000000001 0.8609375 0.3593750000000001 0.8609375
1 0.8390625 0.6609375000000002 0.7625 0.6609375000000002 0.7625000000000001 0.7437500000000001 0.8390625 0.7437500000000001
1 0.940625 0.3656250000000001 0.8859375 0.3656250000000001 0.8859375 0.4265625000000002 0.940625 0.4265625000000002
1 0.5890625 0.03750000000000007 0.5390625 0.03750000000000007 0.5390625 0.14843750000000006 0.5890625 0.14843750000000008
1 0.23593750000000008 0.503125 0.19218750000000004 0.503125 0.19218750000000007 0.6 0.23593750000000008 0.6
1 0.7234375000000002 0.7640625 0.6562500000000002 0.7640625 0.6562500000000002 0.93125 0.7234375000000002 0.93125
1 0.440625 0.290625 0.3421875 0.290625 0.34218750000000003 0.4015625 0.440625 0.4015625
1 0.415625 4.7646414529326714e-17 0.3625 4.4393446469091554e-17 0.3625 0.06875000000000005 0.415625 0.06875000000000005
1 0.4468750000000002 0.8 0.3968750000000001 0.8 0.3968750000000001 0.925 0.4468750000000002 0.925
1 0.7625000000000002 0.7343750000000001 0.7078125000000002 0.734375 0.7078125000000002 0.8671875 0.7625000000000002 0.8671875
1 0.8578125 0.0171875000000001 0.759375 0.017187500000000095 0.759375 0.12656250000000008 0.8578125 0.12656250000000008
1 0.39531250000000007 0.5296875 0.3500000000000001 0.5296875 0.3500000000000001 0.6140625 0.39531250000000007 0.6140625
1 0.225 0.04843750000000002 0.1484375 0.04843750000000002 0.1484375 0.15468750000000003 0.225 0.15468750000000003
1 0.9015625 0.4812500000000002 0.81875 0.4812500000000002 0.81875 0.5812500000000002 0.9015625 0.5812500000000002
1 0.7984375000000001 0.8421875 0.7437500000000001 0.8421875 0.7437500000000001 0.921875 0.7984375000000001 0.921875
1 0.6593750000000002 0.790625 0.5968750000000002 0.790625 0.5968750000000002 0.940625 0.6593750000000002 0.940625
1 0.8859375 0.3890625000000001 0.7875 0.3890625000000001 0.7875 0.48750000000000016 0.8859375 0.48750000000000016
1 0.31718750000000007 0.496875 0.2750000000000001 0.496875 0.2750000000000001 0.575 0.31718750000000007 0.575
1 0.36875 4.104480287767301e-17 0.3015625 3.693075503678737e-17 0.3015625 0.040625000000000036 0.36875 0.04062500000000004
1 0.88125 0.2968750000000001 0.7875 0.2968750000000001 0.7875 0.40156250000000016 0.88125 0.40156250000000016
1 0.8515625 9.864147265007197e-17 0.759375 9.299661631025214e-17 0.759375 0.026562500000000093 0.8515625 0.0265625000000001
1 0.3203125 0.07812500000000003 0.26875 0.07812500000000003 0.26875 0.2140625 0.3203125 0.2140625
1 0.5953125000000001 0.7921875 0.5437500000000002 0.7921875 0.5437500000000002 0.9359375 0.5953125000000001 0.9359375
1 0.3125000000000001 0.9078125 0.2734375000000001 0.9078125 0.2734375000000001 0.9796875 0.3125000000000001 0.9796875
1 0.8859375 0.803125 0.7906250000000001 0.803125 0.7906250000000001 0.9421875 0.8859375 0.9421875
1 0.4031250000000002 0.9046875 0.3453125000000001 0.9046875 0.3453125000000001 0.975 0.4031250000000002 0.975