1 0.1750000000000001 0.5859375 0.17343750000000008 0.5859375 0.17343750000000008 0.5984375 0.1750000000000001 0.5984375
1 0.2406250000000001 0.6609375 0.1375000000000001 0.6609375 0.1375000000000001 0.8125 0.2406250000000001 0.8125
1 0.5625 0.4015625 0.5265625 0.4015625 0.5265625 0.4890625 0.5625 0.4890625
1 0.23437500000000006 0.3359375 0.16093750000000004 0.3359375 0.16093750000000004 0.471875 0.23437500000000008 0.471875
1 0.55 0.35625000000000007 0.4953125 0.35625000000000007 0.4953125 0.434375 0.55 0.434375
1 0.684375 0.3515625000000001 0.64375 0.3515625000000001 0.64375 0.4453125 0.684375 0.4453125
1 0.4140625 0.35625000000000007 0.365625 0.35625000000000007 0.36562500000000003 0.440625 0.4140625 0.440625
1 0.475 0.15312500000000004 0.4265625 0.15312500000000004 0.4265625 0.2812500000000001 0.475 0.2812500000000001
1 0.6609375 0.465625 0.625 0.465625 0.625 0.5546875 0.6609375 0.5546875
1 0.5140625 0.4875 0.4296875 0.4875 0.4296875 0.5953125 0.5140625 0.5953125
1 0.37968750000000007 0.4484375 0.30156250000000007 0.4484375 0.30156250000000007 0.5359375 0.37968750000000007 0.5359375
1 0.6484375 0.3500000000000001 0.6 0.3500000000000001 0.6 0.4296875 0.6484375 0.4296875
1 0.534375 0.2234375000000001 0.4703125 0.2234375000000001 0.4703125 0.3421875000000001 0.534375 0.3421875000000001
1 0.428125 0.2250000000000001 0.3703125 0.2250000000000001 0.3703125 0.3375000000000001 0.428125 0.3375000000000001
1 0.3203125000000001 0.703125 0.2578125000000001 0.703125 0.2578125000000001 0.809375 0.3203125000000001 0.809375
1 0.59375 0.35625000000000007 0.553125 0.35625000000000007 0.553125 0.4578125 0.59375 0.4578125
1 0.61875 0.1984375000000001 0.565625 0.1984375000000001 0.565625 0.3140625000000001 0.61875 0.3140625000000001
1 0.43125 0.4953125 0.35625000000000007 0.4953125 0.35625000000000007 0.5890625 0.43125 0.5890625
1 0.26875 0.1765625 0.178125 0.1765625 0.17812500000000003 0.275 0.26875 0.275
1 0.4546875000000001 0.6984375 0.38750000000000007 0.6984375 0.38750000000000007 0.8203125 0.4546875000000002 0.8203125
1 0.696875 8.333338766073005e-17 0.6640625 8.132420150587893e-17 0.6640625 0.03750000000000008 0.696875 0.03750000000000009
1 0.4796875 0.3468750000000001 0.4125 0.3468750000000001 0.4125 0.434375 0.4796875 0.434375
1 0.3453125 0.16250000000000003 0.2828125 0.16250000000000003 0.2828125 0.325 0.3453125 0.325
1 0.690625 0.12031250000000009 0.646875 0.12031250000000009 0.646875 0.19531250000000008 0.690625 0.19531250000000008
1 0.5046875 0.4015625 0.4375 0.4015625 0.4375 0.515625 0.5046875 0.515625
1 0.4265625 0.12343750000000005 0.340625 0.12343750000000005 0.340625 0.23750000000000004 0.4265625 0.2375000000000001
1 0.6046875 0.525 0.5421875 0.525 0.5421875 0.6171875 0.6046875 0.6171875
1 0.5859375 0.13750000000000007 0.51875 0.13750000000000004 0.51875 0.2812500000000001 0.5859375 0.2812500000000001
1 0.6328125 0.4140625 0.5890625 0.4140625 0.5890625 0.4953125 0.6328125 0.4953125
1 0.2953125000000001 0.796875 0.1609375000000001 0.796875 0.16093750000000012 0.940625 0.2953125000000001 0.940625
1 0.665625 0.1468750000000001 0.615625 0.1468750000000001 0.615625 0.2656250000000001 0.665625 0.2656250000000001
1 0.1640625000000001 0.7421875 0.09375000000000008 0.7421875 0.0937500000000001 0.915625 0.16406250000000014 0.915625
1 0.6703125 0.5515625 0.6046875 0.5515625 0.6046875 0.625 0.6703125 0.625
1 0.6015625000000001 0.690625 0.5265625 0.690625 0.5265625 0.803125 0.6015625000000002 0.803125
1 0.7 0.20312500000000008 0.646875 0.20312500000000008 0.646875 0.2968750000000001 0.7 0.2968750000000001
1 0.509375 0.5859375 0.4421875 0.5859375 0.4421875 0.66875 0.509375 0.66875
1 0.45625 0.403125 0.3734375000000001 0.403125 0.3734375000000001 0.496875 0.45625 0.496875
1 0.5281250000000001 0.6921875 0.4453125 0.6921875 0.4453125000000001 0.80625 0.5281250000000002 0.80625
1 0.7437500000000001 0.6859375000000001 0.69375 0.6859375 0.6937500000000001 0.7656250000000001 0.7437500000000001 0.7656250000000002
1 0.5421875 0.4546875 0.4921875 0.4546875 0.4921875 0.553125 0.5421875 0.553125
1 0.3031250000000001 0.4328125 0.21250000000000008 0.4328125 0.21250000000000008 0.5265625 0.3031250000000001 0.5265625
1 0.7453125000000002 0.7578125000000001 0.6937500000000002 0.7578125 0.6937500000000002 0.8296875 0.7453125000000002 0.8296875
1 0.4468750000000002 0.8140625 0.37968750000000007 0.8140625 0.37968750000000007 0.915625 0.4468750000000002 0.915625
1 0.7953125 0.3437500000000001 0.7546875 0.3437500000000001 0.7546875 0.4343750000000002 0.7953125 0.4343750000000002
1 0.29531250000000003 0.3578125 0.21875 0.3578125 0.21875000000000006 0.4515625 0.2953125000000001 0.4515625
1 0.37031250000000004 0.34062500000000007 0.30625 0.340625 0.30625 0.45625 0.3703125000000001 0.45625
1 0.6265625 0.475 0.571875 0.475 0.571875 0.5703125 0.6265625 0.5703125
1 0.7375 0.4390625000000001 0.6546875 0.4390625 0.6546875 0.5765625000000001 0.7375 0.5765625000000002
1 0.346875 0.03593750000000004 0.271875 0.03593750000000003 0.271875 0.17187500000000006 0.346875 0.17187500000000006
1 0.6609375 0.415625 0.625 0.415625 0.625 0.471875 0.6609375 0.471875
1 0.3312500000000001 0.4015625 0.2843750000000001 0.4015625 0.2843750000000001 0.4765625 0.3312500000000001 0.4765625
1 0.55 0.056250000000000064 0.478125 0.056250000000000064 0.478125 0.2312500000000001 0.55 0.2312500000000001
1 0.3671875000000001 0.6984375 0.31718750000000007 0.6984375 0.31718750000000007 0.7765625 0.3671875000000001 0.7765625
1 0.496875 0.046875000000000056 0.4125 0.046875000000000056 0.4125 0.15937500000000004 0.496875 0.15937500000000004
1 0.6968750000000001 0.6890625 0.615625 0.6890625 0.6156250000000001 0.8140625 0.6968750000000001 0.8140625
1 0.28125 3.023346785395028e-17 0.2125 2.6023744481881253e-17 0.2125 0.17031250000000003 0.28125 0.17031250000000003
1 0.4125 0.05468750000000004 0.3421875 0.05468750000000004 0.3421875 0.13437500000000005 0.4125 0.13437500000000005
1 0.4937500000000002 0.790625 0.4437500000000002 0.790625 0.4437500000000002 0.8640625 0.4937500000000002 0.8640625
1 0.73125 0.040625000000000085 0.653125 0.04062500000000008 0.653125 0.13437500000000008 0.73125 0.13437500000000008
1 0.6484375 0.11250000000000009 0.6078125 0.11250000000000009 0.6078125 0.1750000000000001 0.6484375 0.1750000000000001
1 0.5625 0.5484375 0.503125 0.5484375 0.503125 0.690625 0.5625 0.690625
1 0.234375 0.03906250000000003 0.175 0.03906250000000002 0.17500000000000002 0.18281250000000002 0.234375 0.18281250000000004
1 0.6375000000000002 0.7484375 0.5625000000000002 0.7484375 0.5625000000000002 0.8796875 0.6375000000000002 0.8796875
1 0.3812500000000001 0.7765625 0.3031250000000001 0.7765625 0.3031250000000001 0.9171875 0.3812500000000001 0.9171875
1 0.296875 0.16250000000000003 0.2640625 0.16250000000000003 0.2640625 0.2578125 0.296875 0.2578125
1 0.41875 0.5890625 0.3000000000000001 0.5890625 0.3000000000000001 0.7 0.41875 0.7
1 0.3921875000000001 0.7328125 0.3609375000000001 0.7328125 0.3609375000000001 0.7859375 0.3921875000000001 0.7859375
1 0.29375000000000007 0.5125 0.18750000000000006 0.5125 0.18750000000000006 0.628125 0.29375000000000007 0.628125
1 0.7625 0.23437500000000008 0.71875 0.23437500000000008 0.71875 0.2875000000000001 0.7625 0.2875000000000001
1 0.7828125 0.46093750000000017 0.746875 0.46093750000000017 0.746875 0.5078125000000002 0.7828125 0.5078125000000002
1 0.8515625 0.89375 0.8109375 0.89375 0.8109375 0.96875 0.8515625 0.96875