1 0.54375 0.2718750000000001 0.45 0.2718750000000001 0.45 0.3421875000000001 0.54375 0.3421875000000001
1 0.4734375 0.27812500000000007 0.3796875 0.27812500000000007 0.3796875 0.3312500000000001 0.4734375 0.3312500000000001
1 0.4125 0.578125 0.2593750000000001 0.578125 0.2593750000000001 0.671875 0.4125 0.671875
1 0.14531250000000004 0.3375 0.05468750000000004 0.3375 0.05468750000000004 0.396875 0.14531250000000004 0.396875
1 0.7828125 0.2593750000000001 0.6703125 0.2593750000000001 0.6703125 0.3687500000000001 0.7828125 0.3687500000000001
1 0.415625 0.32031250000000006 0.3390625 0.3203125 0.33906250000000004 0.37968750000000007 0.415625 0.37968750000000007
1 0.3765625000000001 0.4171875 0.2609375000000001 0.4171875 0.2609375000000001 0.471875 0.3765625000000001 0.471875
1 0.3671875000000001 0.459375 0.2671875000000001 0.459375 0.2671875000000001 0.53125 0.3671875000000001 0.53125
1 0.4875 0.22656250000000008 0.40625 0.22656250000000008 0.40625 0.28593750000000007 0.4875 0.28593750000000007
1 0.4546875000000001 0.721875 0.30937500000000007 0.721875 0.30937500000000007 0.7921875 0.4546875000000002 0.7921875
1 0.02812500000000002 0.1453125 1.7795648800109975e-17 0.1453125 1.9709159423777714e-17 0.1765625 0.02812500000000002 0.1765625
1 0.5203125 0.59375 0.4 0.59375 0.4 0.715625 0.5203125 0.715625
1 0.6984375 0.3296875000000001 0.603125 0.3296875000000001 0.603125 0.4109375 0.6984375 0.4109375
1 0.5046875 0.33281250000000007 0.4015625 0.33281250000000007 0.4015625 0.4015625 0.5046875 0.4015625
1 0.2 0.15468750000000003 0.09062500000000002 0.1546875 0.09062500000000002 0.2125 0.2 0.2125
1 0.78125 0.37968750000000007 0.6484375 0.37968750000000007 0.6484375 0.4484375000000001 0.78125 0.44843750000000016
1 0.878125 0.30937500000000007 0.7453125 0.30937500000000007 0.7453125 0.3890625000000001 0.878125 0.3890625000000001
1 0.4265625 0.5140625 0.32500000000000007 0.5140625 0.32500000000000007 0.6 0.4265625 0.6
1 0.4109375 0.37343750000000003 0.29375000000000007 0.3734375 0.29375000000000007 0.4265625 0.4109375 0.4265625
1 0.7875 0.18906250000000008 0.678125 0.18906250000000008 0.678125 0.2750000000000001 0.7875 0.2750000000000001
1 0.8859375 0.37968750000000007 0.771875 0.37968750000000007 0.771875 0.4546875000000002 0.8859375 0.4546875000000002
1 0.7250000000000002 0.7484375 0.5859375000000002 0.7484375 0.5859375000000002 0.8390625 0.7250000000000002 0.8390625
1 0.690625 0.2093750000000001 0.60625 0.2093750000000001 0.60625 0.2640625000000001 0.690625 0.2640625000000001
1 0.4578125 0.17968750000000006 0.328125 0.17968750000000006 0.328125 0.24687500000000004 0.4578125 0.2468750000000001
1 0.17968750000000008 0.6078125 0.004687500000000075 0.6078125 0.0046875000000000805 0.70625 0.17968750000000008 0.70625
1 0.19062500000000004 0.459375 0.031250000000000056 0.459375 0.03125000000000006 0.5234375 0.19062500000000004 0.5234375
1 0.4296875000000001 0.6671875 0.27812500000000007 0.6671875 0.27812500000000007 0.746875 0.42968750000000017 0.746875
1 0.6921875 0.2531250000000001 0.6046875 0.2531250000000001 0.6046875 0.3359375000000001 0.6921875 0.3359375000000001
1 0.19687500000000008 0.559375 0.04687500000000007 0.559375 0.04687500000000007 0.646875 0.19687500000000008 0.646875
1 0.73125 0.5421875 0.603125 0.5421875 0.603125 0.6390625000000001 0.73125 0.6390625000000002
1 0.14218750000000005 0.2 0.04531250000000002 0.2 0.045312500000000026 0.2625 0.14218750000000005 0.2625
1 0.56875 0.45625 0.3984375000000001 0.45625 0.3984375000000001 0.5359375 0.56875 0.5359375
1 0.35625000000000007 0.8078125 0.2250000000000001 0.8078125 0.2250000000000001 0.86875 0.35625000000000007 0.86875
1 0.20625 0.265625 0.040625000000000036 0.265625 0.040625000000000036 0.340625 0.20625 0.340625
1 0.3375000000000001 0.5265625 0.2687500000000001 0.5265625 0.2687500000000001 0.5859375 0.3375000000000001 0.5859375
1 0.815625 0.12500000000000008 0.690625 0.12500000000000008 0.690625 0.1984375000000001 0.815625 0.1984375000000001
1 0.775 0.5890625 0.6609375 0.5890625 0.6609375 0.6671875 0.775 0.6671875000000002
1 0.18281250000000004 0.409375 0.09218750000000005 0.409375 0.09218750000000006 0.471875 0.18281250000000004 0.471875
1 0.7296875 0.6562500000000001 0.6015625 0.65625 0.6015625000000001 0.7703125000000001 0.7296875000000002 0.7703125000000002
1 0.6078125 0.13125000000000006 0.4953125 0.13125000000000003 0.4953125 0.22656250000000008 0.6078125 0.22656250000000008
1 0.8296875 0.6765625000000001 0.7140625 0.6765625 0.7140625 0.7859375000000001 0.8296875 0.7859375000000002
1 0.1062500000000001 0.6984375 8.553392487794795e-17 0.6984375 9.070040356185083e-17 0.7828125 0.1062500000000001 0.7828125
1 0.8765625 0.0031250000000001012 0.7875 0.0031250000000000956 0.7875 0.0640625000000001 0.8765625 0.0640625000000001
1 0.7140625 0.17187500000000008 0.6125 0.17187500000000008 0.6125 0.2296875000000001 0.7140625 0.2296875000000001
1 0.3453125000000001 0.64375 0.20468750000000008 0.64375 0.20468750000000008 0.7078125 0.3453125000000001 0.7078125
1 0.8515625 0.03437500000000009 0.753125 0.034375000000000086 0.753125 0.11562500000000009 0.8515625 0.11562500000000009
1 0.06406250000000005 0.334375 4.0949127346489623e-17 0.334375 4.4967499656191874e-17 0.4 0.06406250000000005 0.4
1 0.96875 0.24375000000000008 0.8390625 0.24375000000000008 0.8390625 0.3218750000000001 0.96875 0.3218750000000001
1 0.4359375 0.14062500000000006 0.3203125 0.14062500000000006 0.3203125 0.20312500000000006 0.4359375 0.20312500000000008
1 0.10312500000000005 0.2171875 2.659779766898158e-17 0.2171875 3.138157422815093e-17 0.2953125 0.10312500000000005 0.2953125
1 0.06718750000000002 0.1171875 0.003125000000000014 0.1171875 0.003125000000000016 0.14375 0.06718750000000002 0.14375
1 0.909375 0.08437500000000012 0.825 0.08437500000000012 0.825 0.13906250000000012 0.909375 0.13906250000000014
1 0.8046875 0.4390625000000001 0.603125 0.4390625 0.603125 0.51875 0.8046875 0.5187500000000002
1 0.5484375000000001 0.725 0.4421875 0.725 0.44218750000000007 0.81875 0.5484375000000001 0.81875
1 0.884375 0.1781250000000001 0.775 0.1781250000000001 0.775 0.2718750000000001 0.884375 0.2718750000000001
1 0.8453125 0.25468750000000007 0.759375 0.25468750000000007 0.759375 0.3234375000000001 0.8453125 0.3234375000000001
1 0.703125 0.5109375 0.6046875 0.5109375 0.6046875 0.5546875 0.703125 0.5546875
1 0.03750000000000006 0.48125 5.893612720896637e-17 0.48125 6.371990376813572e-17 0.559375 0.03750000000000007 0.559375
1 0.12968750000000004 0.40625 0.06406250000000005 0.40625 0.06406250000000005 0.45 0.12968750000000004 0.45
1 0.03750000000000003 0.2765625 3.386913803891899e-17 0.2765625 3.59739997249535e-17 0.3109375 0.03750000000000003 0.3109375
1 0.3500000000000001 0.74375 0.2078125000000001 0.74375 0.2078125000000001 0.83125 0.3500000000000001 0.83125
1 0.9875 0.1562500000000001 0.85 0.15625000000000008 0.85 0.2578125000000001 0.9875 0.2578125000000001
1 0.09218750000000006 0.5296875 0.010937500000000063 0.5296875 0.010937500000000067 0.575 0.09218750000000006 0.575
1 0.9609375 0.2906250000000001 0.8734375 0.2906250000000001 0.8734375 0.3437500000000001 0.9609375 0.3437500000000001
1 0.05156250000000009 0.65 7.960204194457795e-17 0.65 8.419446744138054e-17 0.725 0.05156250000000009 0.725
1 0.050000000000000044 0.3015625 3.693075503678737e-17 0.3015625 3.932264331637205e-17 0.340625 0.050000000000000044 0.340625
1 0.2671875 0.3109375 0.13593750000000004 0.3109375 0.13593750000000004 0.396875 0.2671875000000001 0.396875
1 0.037500000000000054 0.428125 5.2430191088496056e-17 0.428125 5.587451021109799e-17 0.484375 0.037500000000000054 0.484375
1 0.55 0.38281250000000006 0.3578125000000001 0.3828125 0.3578125000000001 0.4953125 0.55 0.4953125