1 0.17546371565738955 0.17711255695682754 0.14801421039227616 0.032156170347341875 0.057986713786222 0.049204127321809885 0.08543621905133539 0.19416051393129555
1 0.12353327062068302 0.21524625882616358 0.07003094574703685 0.12512281648589918 -0.0017558799938015234 0.16773949836910135 0.05174644487984466 0.2578629407093657
1 0.22538826168799062 0.0023014195650835566 0.1640437154104132 -0.0027805551020294583 0.15045173872159986 0.16128827593453451 0.2117962849991773 0.16637025060164753
1 0.25936522220126385 0.20450387142004312 0.25874390393801766 0.09115143949904153 0.19012463750462932 0.09152756202877547 0.1907459557678755 0.20487999394977705
1 0.17884676701475502 0.16706400807301114 0.11426981358778814 0.1546580127563535 0.09202009200734731 0.2704745351383889 0.15659704543431419 0.2828805304550466
1 0.1275609387108852 0.2887424161339408 0.09887724189911598 0.22651024385463708 0.062110147166265395 0.24345672281142922 0.09079384397803461 0.30568889509073294
1 0.24779041631542648 0.22302726135623416 0.18922689380757776 0.16622228037620504 0.12817769902167309 0.22916140703813137 0.18674122152952183 0.28596638801816054
1 0.3068036451080847 0.23089821920041026 0.30218282851099726 0.06495198020031048 0.25734082557267474 0.06620061754619164 0.2619616421697622 0.23214685654629147
1 0.28817983211768655 0.22304626188482626 0.2513611190770878 0.19122348292814684 0.2081672234981971 0.24119849135182073 0.2449859365387958 0.2730212703085001
1 0.29633527317807723 0.041378442627737745 0.24119932554976767 0.011725123612085631 0.20207967737169047 0.08446230598434794 0.25721562500000006 0.11411562500000005
1 0.39451718750000003 4.208450887504288e-17 0.284896875 3.537220063381e-17 0.284896875 0.12194375000000005 0.39451718750000003 0.12194375000000005
1 0.3830578497412288 0.2261363635112604 0.3502558845748255 0.12073166569193225 0.28913589877733714 0.1397522187277823 0.32193786394374047 0.24515691654711044
1 0.3596015809704553 0.24881689510127764 0.2987141011199977 0.20372915757077742 0.2117705456322334 0.3211396614645988 0.272658025482691 0.3662273989950991
1 0.41352434559693607 0.19981387049853389 0.3563002901129444 0.19783052724762612 0.35355006471938444 0.27718091223142644 0.4107741202033762 0.2791642554823342
1 0.4664005378927999 0.10225581205057484 0.39182661697069215 0.07264456967355712 0.3485062868446727 0.18174390539223434 0.42308020776678046 0.21135514776925204
1 0.4933603666800918 0.1230519877993117 0.47004813550582 -0.00844058127195696 0.4063940195147774 0.002844615128554562 0.4297062506890493 0.1343371841998232
1 0.4631831243404892 0.17671688214423167 0.4198153247009647 0.17244659662620282 0.4094656208210652 0.27755523217221073 0.45283342046058966 0.2818255176902396
1 0.4930821526318783 0.2157118781132747 0.49244405659176965 0.1331005531582083 0.45042749096183654 0.133425092247274 0.4510655870019452 0.21603641720234043
1 0.5287417928910724 0.20361951690522967 0.46112846454696443 0.20283720217736043 0.4601956292073641 0.28345961648262435 0.5278089575514721 0.2842419312104936
1 0.5566380271132008 0.09274188626458808 0.49130109369458674 0.08987029210879319 0.48625733537079174 0.20463013765185245 0.5515942687894058 0.20750173180764736
1 0.6062467265120797 0.0007526850671497831 0.5320522279079424 -0.015457019599503252 0.5094879390400718 0.08782346165162425 0.5836824376442091 0.10403316631827728
1 0.5332749999999999 6.144741855146791e-17 0.47003125 5.757485575128914e-17 0.47003125 0.07600937500000007 0.5332749999999999 0.07600937500000007
1 0.6305218394339736 0.0638102657907241 0.5606368526642714 0.0578735121400055 0.55122678373311 0.16864491709405807 0.6211117705028122 0.17458167074477665
1 0.5808770226581534 0.18093553767871423 0.5455748366679984 0.17067673092336927 0.5217359092250213 0.25271027249089395 0.5570380952151763 0.2629690792462388
1 0.6228664112469938 0.17822516950854278 0.5787827229636657 0.16891325651524514 0.5573379243451166 0.27043544838702305 0.6014216126284448 0.27974736138032064
1 0.6966953028588957 0.18210223254801164 0.6220649033321155 0.16579117807742877 0.5976037439451592 0.27771196782337604 0.6722341434719394 0.2940230222939589
1 0.709480825317715 0.11931411932553142 0.6399952050201867 0.10075969336923137 0.6201211646912492 0.17518721935827566 0.6896067849887775 0.1937416453145757
1 0.7439873213143124 0.004327146984953822 0.6894302370401084 -0.02060961259301162 0.6446080386307924 0.07745318695905663 0.6991651229049964 0.10238994653702208
1 0.6565803671623583 0.00004029551613538296 0.6161766816247118 -0.0005252473231534286 0.6150959000140015 0.07668828505739657 0.6554995855516479 0.07725382789668538
1 0.7968169320620313 0.2666574651705901 0.7227474391697546 0.1741034289489098 0.6568452535813682 0.22684387838034215 0.7309147464736447 0.31939791460202244
1 0.8141143570012591 0.25286836505808785 0.783317995583713 0.17775127461480333 0.7400129405381974 0.19550539845690512 0.7708093019557436 0.27062248890018964
1 0.8626577205761803 0.1699882461518985 0.8221646630647023 0.14149038459628094 0.7780647263277148 0.20415267492491668 0.8185577838391929 0.23265053648053424
1 0.86116875 1.0330182777401474e-16 0.8226203125 1.0094141674418941e-16 0.8226203125 0.043465625000000105 0.86116875 0.043465625000000105
1 0.6672933376102824 0.3934690345267784 0.6331205199815301 0.3456402296280906 0.5676271597677928 0.392434053124601 0.601799977396545 0.44026285802328874
1 0.5908652209260458 0.39927309293672225 0.5359795556315676 0.37471119238539935 0.4833191568084311 0.49238535273960365 0.5382048221029093 0.5169472532909266
1 0.6102506709619869 0.44269087570269894 0.5731994181567397 0.4305531925668172 0.5485765132633105 0.5057165877380925 0.5856277660685577 0.5178542708739743
1 0.6353890044836855 0.4457727715229839 0.5976470728264431 0.44256658145401107 0.5926856350823063 0.5009705563377789 0.6304275667395486 0.5041767464067517
1 0.6899403697174242 0.41508683667898894 0.6311361941289719 0.4119454007252781 0.627556491254803 0.4789534440114912 0.6863606668432553 0.48209487996520206
1 0.49752672680012644 0.43631024538233404 0.4717026377026093 0.41949266898089566 0.44273737653241235 0.46397003405045734 0.4685614656299295 0.48078761045189566
1 0.4683597870016295 0.4203174732089382 0.4111551417812822 0.3877487647759928 0.3773484531447671 0.4471278351345315 0.43455309836511447 0.47969654356747693
1 0.4103468806973722 0.40982753041229686 0.377847135690236 0.3558734217674577 0.32881395335015995 0.3854090023370631 0.3613136983572962 0.4393631109819022
1 0.4546796978830792 0.3271507065787404 0.400237451496294 0.31028674875200046 0.3792881764732396 0.3779177049099439 0.4337304228600248 0.3947816627366838
1 0.48203715246186263 0.4302537437847221 0.48115303833550155 0.35692881347923555 0.44292549035495565 0.357389741502555 0.44380960448131673 0.43071467180804157
1 0.28501431364917923 0.3656775891704648 0.2336899757180208 0.3656418521358139 0.23361499849925543 0.4733216344860155 0.28493933643041386 0.4733573715206664
1 0.24471051839530764 0.47826391642681926 0.2348593943273186 0.3789627155106502 0.18754611601046797 0.38365640471543705 0.19739724007845702 0.48295760563160606
1 0.26316856040545583 0.3712569520528365 0.23694504199328742 0.28086045104164936 0.18060645985721996 0.2972039580295779 0.20682997826938837 0.387600459040765
1 0.18217808672734462 0.3155740256237461 0.1276790435922492 0.31234047682375343 0.12397330411521587 0.37479794015528656 0.1784723472503113 0.3780314889552792
1 0.18582033860079206 0.6102763421610123 0.15384213538530442 0.5078176305721432 0.09005632203604604 0.5277257054436346 0.12203452525153366 0.6301844170325037
1 0.2272455962145597 0.5866737806078983 0.21821326682710115 0.460507261064532 0.15373764731551862 0.465123105545277 0.1627699767029771 0.5912896250886435
1 0.2780781408511452 0.4954996964268947 0.22786092838298805 0.4875123712470866 0.20642522798644838 0.6222810324677459 0.25664244045460555 0.6302683576475541
1 0.3468380613818176 0.5521110675209996 0.2773233550901911 0.5399919618239947 0.2629003223836245 0.6227219014332591 0.332415028675251 0.6348410071302639
1 0.39268770140072606 0.47437753914936814 0.3092136385679998 0.47331093905276916 0.30841828215163913 0.5355569782997258 0.39189234498436537 0.5366235783963248
1 0.4404611769959851 0.5165921114506332 0.39687412619604084 0.5109309801500947 0.3836013763733547 0.6131225722654967 0.4271884271732989 0.6187837035660353
1 0.38815975321012625 0.6408410511119109 0.3878142037958419 0.5460674790634285 0.3388072653988512 0.5462461609310939 0.33915281481313553 0.6410197329795764
1 0.4721802870082352 0.5576199307490457 0.4320344467182731 0.5527197106016708 0.42425757999093394 0.6164329398449181 0.46440342028089604 0.621333159992293
1 0.49183906249999987 0.49413125 0.49129729378318754 0.4840933327871576 0.46755823128318763 0.48537458278715756 0.4681 0.49541250000000003
1 0.5067349019194064 0.5245342833923146 0.4531030280795868 0.49546245877734896 0.42771762883994385 0.5422935933010873 0.4813495026797635 0.571365417916053
1 0.6027525221679707 0.5584668324796481 0.5582675598133677 0.5330214985539286 0.5154352395276524 0.6079033673096149 0.5599202018822554 0.6333487012353345
1 0.5628148479949744 0.5385249210341984 0.5180131865131883 0.5059130259019914 0.4459875009431136 0.604860675826121 0.4907891624248998 0.637472570958328
1 0.6220033389465872 0.5819754765949551 0.5899099750741835 0.5708916859792285 0.5723520982195848 0.6217309114985167 0.6044454620919885 0.6328147021142432
1 0.6946694256265383 0.5645294322581963 0.6752441099459808 0.4906998642706027 0.5904881469040643 0.5130000264248166 0.6099134625846216 0.5868295944124101
1 0.7310177665228551 0.5354613612664878 0.6762211182082467 0.5352409692639091 0.6758472869813352 0.6281876190080101 0.7306439352959436 0.6284080110105889
1 0.7647260318796186 0.5832330050663361 0.7232125922276411 0.5753779551871328 0.7128433289632609 0.6301788528747447 0.7543567686152384 0.6380339027539481
1 0.6720217792926719 0.6282977535444445 0.6688750025849447 0.5752042656885342 0.61699321629559 0.5782792265404884 0.6201399930033173 0.6313727143963986
1 0.723558328787326 0.6963885049748485 0.6992204371164079 0.6546502512894125 0.6668864469213338 0.6735044457314485 0.6912243385922519 0.7152426994168846
1 0.6894261175514291 0.7290898988657378 0.6630486328516724 0.6862752293881567 0.6229411925055977 0.7109848302558908 0.6493186772053544 0.753799499733472
1 0.6558929881659226 0.805934898104472 0.6317957345319153 0.7129389779523722 0.5751167654954914 0.7276257243209321 0.5992140191294987 0.820621644473032
1 0.6330612596049708 0.921293986325488 0.6259030226864706 0.8021906372434688 0.57551349218052 0.8052191011813319 0.5826717290990202 0.9243224502633509
1 0.7175459695451611 0.9144317777863117 0.6880754796412655 0.8251542300483308 0.6373472035466367 0.8418996177338933 0.6668176934505323 0.9311771654718741
1 0.7613955110511723 0.9590569541986336 0.7279244187404196 0.8403455049027941 0.6841549056155305 0.8526864663087066 0.7176259979262832 0.9713979156045459
1 0.7102493980933906 0.7187907567752607 0.6619730305178317 0.7180741357820561 0.6607032288966213 0.8036164383309746 0.7089795964721801 0.8043330593241789
1 0.5807732517435871 0.7430390531903031 0.5625588580469957 0.6704212148376556 0.5074356637142806 0.6842475085716273 0.525650057410872 0.7568653469242749
1 0.5823789062791096 0.9112314701313412 0.574276387030004 0.8323914665797958 0.5409691099910386 0.8358145112422312 0.5490716292401442 0.9146545147937767
1 0.5421938225617259 0.9326229528520944 0.5175635563621469 0.8045115958333184 0.47842228081787636 0.8120367681402916 0.5030525470174554 0.9401481251590675
1 0.5283278362796369 0.7920194204703103 0.49997991433240907 0.7485004655642975 0.46267564701009106 0.7728001864706349 0.4910235689573189 0.8163191413766476
1 0.5190509839021823 0.67756860585186 0.4709873928285397 0.6724543840505341 0.46322054225012294 0.7454474501772969 0.5112841333237658 0.7505616719786226
1 0.5979505127402588 0.7647937921061713 0.5516205869645683 0.7540921366298764 0.5357904018711892 0.8226246456436698 0.5821203276468798 0.8333263011199648
1 0.4999243940970645 0.9312980964682763 0.48736718749999997 0.8535468750000001 0.4409497873726088 0.8610435145651559 0.4535069939696733 0.9387947360334321
1 0.5095236875564304 0.8183310622585825 0.46397756149013547 0.7852519019716704 0.4033251926358039 0.8687631040124245 0.44887131870209884 0.9018422642993367
1 0.48270133432811146 0.7704996102274692 0.44861525595445595 0.739910038725848 0.39272770715337413 0.8021857514943059 0.42681378552702964 0.832775322995927
1 0.4784082315962526 0.6780612455859236 0.4155901677084336 0.6642042459486618 0.3939764718694776 0.7621858120600189 0.45679453575729656 0.7760428116972807
1 0.4264832926466748 0.8186496002131222 0.38689064560388486 0.8181722192236259 0.38563387269861926 0.9224054567131315 0.4252265197414092 0.9228828377026277
1 0.41931977433156364 0.7522540661612785 0.37913593144658747 0.7456683530398662 0.36839637773901257 0.8111975570734916 0.40858022062398874 0.8177832701949039
1 0.3913177849239613 0.8269644749226048 0.34546640810542606 0.8217781820803193 0.3333975420764338 0.9284775415063657 0.3792489188949691 0.9336638343486513
1 0.3806640873075219 0.6857099740829926 0.30938343477775454 0.6794707707006744 0.2964637182066966 0.8270738814270467 0.36774437073646393 0.833313084809365
1 0.31319692596849735 0.8003792728822144 0.30053896891738974 0.6927064944580905 0.23405444656252775 0.7005223810809503 0.24671240361363536 0.8081951595050741
1 0.24239441461936667 0.727270105512954 0.1968182196355086 0.7271489370995694 0.1966668879169431 0.7840707347853084 0.24224308290080118 0.784191903198693
1 0.28825484932434614 0.7066866319272684 0.25188362589065166 0.6265599919089444 0.14775777791266773 0.6738249774513817 0.18412900134636223 0.7539516174697057
1 0.19158919522108803 0.7553454025068917 0.16573407364200482 0.6630841281319995 0.11375648123547481 0.6776502283746445 0.13961160281455798 0.7699115027495369
1 0.16613681290195909 0.781665660521704 0.10674840127252772 0.7640195199948814 0.07737153350737395 0.8628879106533611 0.13675994513680534 0.8805340511801838
1 0.25851267995613536 0.7969216056859517 0.17027444800849603 0.7644378555563318 0.1336605685113558 0.8638950912104644 0.22189880045899515 0.8963788413400845
1 0.20451760372936878 0.8863031209761345 0.15840960102457977 0.8479564131235999 0.10222381446428397 0.9155140874004953 0.14833181716907298 0.95386079525303
1 0.27877937861437363 0.8966709723464301 0.2441614909787663 0.8487065008636765 0.17927693874929482 0.8955362911006894 0.21389482638490215 0.9435007625834431
1 0.3366198001312883 0.8983054661877139 0.29108544825618177 0.8057888212746709 0.22937407480324698 0.8361615979371102 0.2749084266783536 0.928678242850153
1 0.35787051740867176 0.3337828413740481 0.3182094818416168 0.3028326219401668 0.2694427687863654 0.3653245323805619 0.3091038043534204 0.3962747518144432