1 0.20312500000000006 0.3078125 0.10468750000000004 0.3078125 0.10468750000000004 0.459375 0.20312500000000008 0.459375
1 0.4703125 0.471875 0.4125 0.471875 0.4125 0.5421875 0.4703125 0.5421875
1 0.5 0.22656250000000008 0.4546875 0.22656250000000008 0.4546875 0.3375000000000001 0.5 0.3375000000000001
1 0.6375 0.27812500000000007 0.5546875 0.27812500000000007 0.5546875 0.3937500000000001 0.6375 0.3937500000000001
1 0.6546875 0.09843750000000008 0.6015625 0.09843750000000007 0.6015625 0.1937500000000001 0.6546875 0.1937500000000001
1 0.215625 0.2078125 0.11406250000000004 0.2078125 0.11406250000000004 0.3140625 0.215625 0.3140625
1 0.6890625 8.122852597469554e-17 0.6375 7.807123344564376e-17 0.6375 0.11718750000000008 0.6890625 0.11718750000000008
1 0.6109375 0.09218750000000006 0.553125 0.09218750000000006 0.553125 0.18906250000000008 0.6109375 0.18906250000000008
1 0.484375 0.039062500000000056 0.428125 0.039062500000000056 0.428125 0.13593750000000004 0.484375 0.13593750000000004
1 0.703125 0.2312500000000001 0.6328125 0.2312500000000001 0.6328125 0.3500000000000001 0.703125 0.3500000000000001
1 0.340625 0.221875 0.2703125 0.221875 0.2703125 0.325 0.340625 0.325
1 0.6109375 0.00312500000000007 0.528125 0.0031250000000000652 0.528125 0.11562500000000006 0.6109375 0.11562500000000009
1 0.30468750000000006 0.26875 0.234375 0.26875 0.23437500000000006 0.38125 0.3046875000000001 0.38125
1 0.7515625 0.43437500000000007 0.6828125 0.434375 0.6828125 0.5734375 0.7515625 0.5734375000000002
1 0.37031250000000004 0.33125000000000004 0.28125 0.33125 0.28125000000000006 0.4359375 0.3703125000000001 0.4359375
1 0.16093750000000007 0.5296875 0.08750000000000006 0.5296875 0.08750000000000008 0.6671875 0.1609375000000001 0.6671875
1 0.7765625 0.10000000000000009 0.7078125 0.10000000000000009 0.7078125 0.24375000000000008 0.7765625 0.24375000000000008
1 0.51875 0.09375000000000006 0.453125 0.09375000000000004 0.453125 0.2078125000000001 0.51875 0.2078125000000001
1 0.2515625 0.30625 0.19687500000000005 0.30625 0.19687500000000005 0.396875 0.2515625000000001 0.396875
1 0.4203125 0.22968750000000004 0.334375 0.2296875 0.334375 0.33437500000000003 0.4203125 0.3343750000000001
1 0.446875 0.3109375000000001 0.3890625 0.3109375000000001 0.38906250000000003 0.4625 0.446875 0.4625
1 0.4265625 0.0015625000000000465 0.3359375 0.0015625000000000409 0.3359375 0.15312500000000004 0.4265625 0.15312500000000004
1 0.715625 0.12500000000000008 0.675 0.12500000000000008 0.675 0.2093750000000001 0.715625 0.2093750000000001
1 0.5359375 0.03125000000000006 0.490625 0.031250000000000056 0.490625 0.11718750000000004 0.5359375 0.11718750000000004
1 0.7328125 0.2921875000000001 0.690625 0.2921875000000001 0.690625 0.3843750000000001 0.7328125 0.3843750000000001
1 0.496875 0.5734375 0.425 0.5734375 0.425 0.6859375 0.496875 0.6859375
1 0.4 0.39375000000000004 0.3265625000000001 0.39375 0.3265625000000001 0.5046875 0.4 0.5046875
1 0.5046875 0.4109375 0.4453125 0.4109375 0.4453125 0.5140625 0.5046875 0.5140625
1 0.59375 0.2312500000000001 0.5421875 0.2312500000000001 0.5421875 0.2984375000000001 0.59375 0.2984375000000001
1 0.8796875 0.2843750000000001 0.8234375 0.2843750000000001 0.8234375 0.3578125000000001 0.8796875 0.3578125000000001
1 0.69375 0.40625 0.6328125 0.40625 0.6328125 0.5328125 0.69375 0.5328125
1 0.22031250000000008 0.5765625 0.15781250000000008 0.5765625 0.15781250000000008 0.6890625 0.22031250000000008 0.6890625
1 0.3140625000000001 0.809375 0.21875000000000008 0.809375 0.21875000000000008 0.93125 0.3140625000000001 0.93125
1 0.61875 0.4578125 0.5390625 0.4578125 0.5390625 0.5515625 0.61875 0.5515625
1 0.6828125 0.15000000000000008 0.640625 0.15000000000000008 0.640625 0.22656250000000008 0.6828125 0.22656250000000008
1 0.6734375000000001 0.63125 0.59375 0.63125 0.5937500000000001 0.734375 0.6734375000000001 0.734375
1 0.5453125 0.4140625 0.4984375 0.4140625 0.4984375 0.5109375 0.5453125 0.5109375
1 0.56875 0.5703125 0.4953125 0.5703125 0.4953125 0.6703125 0.56875 0.6703125
1 0.2718750000000001 0.5734375 0.2093750000000001 0.5734375 0.2093750000000001 0.671875 0.2718750000000001 0.671875
1 0.49687500000000007 0.675 0.434375 0.675 0.43437500000000007 0.7734375 0.4968750000000002 0.7734375
1 0.84375 0.6437500000000002 0.778125 0.6437500000000002 0.7781250000000001 0.7343750000000002 0.84375 0.7343750000000002
1 0.73125 0.0015625000000000868 0.6875 0.001562500000000084 0.6875 0.06562500000000009 0.73125 0.06562500000000009
1 0.3625000000000001 0.6421875 0.2765625000000001 0.6421875 0.2765625000000001 0.746875 0.3625000000000001 0.746875
1 0.6843750000000002 0.75 0.6406250000000002 0.75 0.6406250000000002 0.8125 0.6843750000000002 0.8125
1 0.24375000000000008 0.6828125 0.1765625000000001 0.6828125 0.1765625000000001 0.7890625 0.24375000000000008 0.7890625
1 0.28593750000000007 0.3703125 0.2156250000000001 0.3703125 0.2156250000000001 0.478125 0.28593750000000007 0.478125
1 0.2984375000000001 0.6671875 0.23593750000000008 0.6671875 0.23593750000000008 0.8140625 0.2984375000000001 0.8140625
1 0.4265625 0.5671875 0.3390625000000001 0.5671875 0.3390625000000001 0.6609375 0.4265625 0.6609375
1 0.596875 0.6 0.5390625 0.6 0.5390625 0.7203125 0.596875 0.7203125
1 0.459375 0.2578125000000001 0.425 0.2578125000000001 0.425 0.34062500000000007 0.459375 0.34062500000000007
1 0.5375 0.2671875000000001 0.471875 0.2671875000000001 0.471875 0.428125 0.5375 0.428125
1 0.7171875 0.3671875000000001 0.6703125 0.3671875000000001 0.6703125 0.4375 0.7171875 0.4375
1 0.3234375 3.4538866757202695e-17 0.240625 2.9468063604483184e-17 0.240625 0.10000000000000005 0.3234375 0.10000000000000005
1 0.3531250000000001 0.7296875 0.2906250000000001 0.7296875 0.2906250000000001 0.834375 0.3531250000000001 0.834375
1 0.646875 0.3703125000000001 0.6 0.3703125000000001 0.6 0.4640625 0.646875 0.4640625
1 0.55 0.66875 0.4953125 0.66875 0.4953125000000001 0.8 0.5500000000000002 0.8
1 0.696875 0.578125 0.6453125 0.578125 0.6453125 0.6640625 0.696875 0.6640625
1 0.4796875 0.3218750000000001 0.4390625 0.3218750000000001 0.4390625 0.4078125 0.4796875 0.4078125
1 0.6421875000000001 0.6890625 0.559375 0.6890625 0.5593750000000001 0.7875 0.6421875000000001 0.7875
1 0.6171875 0.19687500000000008 0.59375 0.19687500000000008 0.59375 0.2765625000000001 0.6171875 0.2765625000000001
1 0.6453125 7.663610047789296e-17 0.60625 7.424421219830829e-17 0.60625 0.11093750000000009 0.6453125 0.11093750000000009
1 0.43437500000000007 0.646875 0.3625000000000001 0.646875 0.3625000000000001 0.75 0.4343750000000002 0.75
1 0.3468750000000001 0.5703125 0.2687500000000001 0.5703125 0.2687500000000001 0.6671875 0.3468750000000001 0.6671875
1 0.7031250000000001 0.68125 0.64375 0.68125 0.64375 0.7671875 0.7031250000000002 0.7671875
1 0.4609375 0.0015625000000000528 0.403125 0.0015625000000000493 0.403125 0.07343750000000006 0.4609375 0.07343750000000007
1 0.6843750000000002 0.9203125 0.6140625000000002 0.9203125 0.6140625000000002 1 0.6843750000000002 1
1 0.7343750000000001 0.6390625000000001 0.6734375 0.6390625 0.6734375000000001 0.7281250000000001 0.7343750000000002 0.7281250000000001
1 0.48437500000000017 0.9171875 0.4156250000000002 0.9171875 0.4156250000000002 1 0.48437500000000017 1
1 0.7687500000000002 0.9234375 0.6984375000000002 0.9234375 0.6984375000000002 1 0.7687500000000002 1
1 0.5515625 0.15625000000000006 0.515625 0.15625000000000006 0.515625 0.21250000000000008 0.5515625 0.21250000000000008
1 0.7265625 0.2296875000000001 0.6875 0.2296875000000001 0.6875 0.29375000000000007 0.7265625 0.29375000000000007
1 0.45312500000000017 0.7359375 0.3671875000000001 0.7359375 0.3671875000000001 0.85 0.45312500000000017 0.85
1 0.715625 0.05625000000000009 0.659375 0.05625000000000009 0.659375 0.13437500000000008 0.715625 0.13437500000000008
1 0.5750000000000002 0.915625 0.5062500000000002 0.915625 0.5062500000000002 1 0.5750000000000002 1
1 0.2468750000000001 0.9203125 0.14375000000000013 0.9203125 0.14375000000000013 1 0.2468750000000001 1
1 0.8125 0.3968750000000001 0.78125 0.3968750000000001 0.78125 0.4468750000000002 0.8125 0.4468750000000002
1 0.50625 5.960585592725007e-17 0.4671875 5.72139676476654e-17 0.4671875 0.06562500000000007 0.50625 0.06562500000000007
1 0.6484375 0.5765625 0.59375 0.5765625 0.59375 0.6421875 0.6484375 0.6421875
1 0.6875 0.3281250000000001 0.6421875 0.3281250000000001 0.6421875 0.3968750000000001 0.6875 0.3968750000000001
1 0.6578125 0.23437500000000008 0.63125 0.23437500000000008 0.63125 0.2921875000000001 0.6578125 0.2921875000000001
1 0.715625 0.4359375 0.6890625 0.4359375 0.6890625 0.4734375 0.715625 0.4734375
1 0.7859375 0.5906250000000001 0.696875 0.590625 0.696875 0.6812500000000001 0.7859375 0.6812500000000001
1 0.16250000000000014 0.9078125 0.09218750000000012 0.9078125 0.09218750000000012 1 0.16250000000000014 1
1 0.5375 0.2375000000000001 0.4953125 0.2375000000000001 0.4953125 0.2921875000000001 0.5375 0.2921875000000001
1 0.3781250000000001 0.90625 0.3031250000000001 0.90625 0.3031250000000001 1 0.3781250000000001 1
1 0.3125000000000001 0.9203125 0.2671875000000001 0.9203125 0.2671875000000001 1 0.3125000000000001 1
1 0.5984375 0.3859375000000001 0.5328125 0.3859375000000001 0.5328125 0.4640625 0.5984375 0.4640625
1 0.5703125 6.649449417245395e-17 0.515625 6.31458505810354e-17 0.515625 0.048437500000000064 0.5703125 0.048437500000000064
1 0.5625 0.2875000000000001 0.5359375 0.2875000000000001 0.5359375 0.3750000000000001 0.5625 0.3750000000000001
1 0.7125000000000001 0.96875 0.6781250000000002 0.96875 0.6781250000000002 1 0.7125000000000001 1
1 0.596875 0.5953125 0.565625 0.5953125 0.565625 0.640625 0.596875 0.640625
1 0.2250000000000001 0.3796875 0.16875000000000004 0.3796875 0.16875000000000004 0.478125 0.2250000000000001 0.478125