1 0.459375 0.4328125 0.4 0.4328125 0.4 0.521875 0.459375 0.521875
1 0.51875 0.4875 0.45 0.4875 0.45 0.58125 0.51875 0.58125
1 0.7265625 0.6359375 0.66875 0.6359375 0.66875 0.7078125000000001 0.7265625 0.7078125000000002
1 0.2906250000000001 0.4953125 0.2328125000000001 0.4953125 0.2328125000000001 0.55 0.2906250000000001 0.55
1 0.5859375000000002 0.734375 0.5156250000000002 0.734375 0.5156250000000002 0.8203125 0.5859375000000002 0.8203125
1 0.5203125000000001 0.696875 0.4515625 0.696875 0.4515625000000001 0.8109375 0.5203125000000002 0.8109375
1 0.6500000000000001 0.81875 0.5796875000000001 0.81875 0.5796875000000001 0.91875 0.6500000000000001 0.91875
1 0.3500000000000001 0.3859375 0.2171875000000001 0.3859375 0.2171875000000001 0.5046875 0.3500000000000001 0.5046875
1 0.3968750000000001 0.634375 0.3203125000000001 0.634375 0.3203125000000001 0.7359375 0.3968750000000001 0.7359375
1 0.515625 0.39531250000000007 0.45625 0.39531250000000007 0.45625 0.4953125 0.515625 0.4953125
1 0.6015625000000001 0.628125 0.55 0.628125 0.55 0.7265625 0.6015625000000002 0.7265625
1 0.6296875000000001 0.6875 0.5859375 0.6875 0.5859375000000001 0.7796875 0.6296875000000002 0.7796875
1 0.29375000000000007 0.6921875 0.22812500000000008 0.6921875 0.22812500000000008 0.7875 0.29375000000000007 0.7875
1 0.634375 0.475 0.55 0.475 0.55 0.5953125 0.634375 0.5953125
1 0.2500000000000001 0.778125 0.1437500000000001 0.778125 0.1437500000000001 0.890625 0.2500000000000001 0.890625
1 0.4906250000000001 0.63125 0.4125 0.63125 0.4125000000000001 0.7359375 0.4906250000000002 0.7359375
1 0.775 0.40312500000000007 0.675 0.403125 0.675 0.4875000000000001 0.775 0.48750000000000016
1 0.17812500000000003 0.45 0.10468750000000004 0.45 0.10468750000000004 0.521875 0.17812500000000003 0.521875
1 0.25468750000000007 0.628125 0.16562500000000008 0.628125 0.16562500000000008 0.7265625 0.25468750000000007 0.7265625
1 0.6671875 0.6328125 0.6109375 0.6328125 0.6109375000000001 0.740625 0.6671875000000002 0.740625
1 0.6781250000000002 0.7421875 0.6046875000000002 0.7421875 0.6046875000000002 0.85 0.6781250000000002 0.85
1 0.39687500000000003 0.29375000000000007 0.346875 0.29375 0.34687500000000004 0.4078125 0.3968750000000001 0.4078125
1 0.2062500000000001 0.6375 0.12343750000000009 0.6375 0.12343750000000009 0.784375 0.2062500000000001 0.784375
1 0.43437500000000007 0.6421875 0.3921875000000001 0.6421875 0.3921875000000001 0.765625 0.4343750000000002 0.765625
1 0.7859375 0.2890625000000001 0.7453125 0.2890625000000001 0.7453125 0.3625000000000001 0.7859375 0.3625000000000001
1 0.7609375 0.4937500000000001 0.68125 0.49375 0.68125 0.5843750000000001 0.7609375 0.5843750000000002
1 0.459375 0.2828125000000001 0.3859375 0.2828125000000001 0.3859375 0.3625000000000001 0.459375 0.3625000000000001
1 0.6703125 0.2156250000000001 0.61875 0.2156250000000001 0.61875 0.3078125000000001 0.6703125 0.3078125000000001
1 0.63125 0.3703125000000001 0.5921875 0.3703125000000001 0.5921875 0.4328125 0.63125 0.4328125
1 0.6140625 0.3937500000000001 0.5703125 0.3937500000000001 0.5703125 0.4765625 0.6140625 0.4765625
1 0.3500000000000001 0.6984375 0.2875000000000001 0.6984375 0.2875000000000001 0.840625 0.3500000000000001 0.840625
1 0.2515625 0.2875 0.203125 0.2875 0.20312500000000006 0.396875 0.2515625000000001 0.396875
1 0.5515625000000001 0.6359375 0.5078125 0.6359375 0.5078125000000001 0.740625 0.5515625000000002 0.740625
1 0.553125 0.5359375 0.4828125 0.5359375 0.4828125 0.665625 0.553125 0.665625
1 0.7375 0.34062500000000007 0.69375 0.34062500000000007 0.69375 0.4078125000000001 0.7375 0.4078125000000002
1 0.7359375000000001 0.803125 0.6500000000000001 0.803125 0.6500000000000001 0.915625 0.7359375000000001 0.915625
1 0.22031250000000008 0.3828125 0.12343750000000005 0.3828125 0.12343750000000005 0.4765625 0.22031250000000008 0.4765625
1 0.35156250000000006 0.303125 0.3078125 0.303125 0.30781250000000004 0.415625 0.3515625000000001 0.415625
1 0.45625 0.13593750000000004 0.3859375 0.13593750000000004 0.3859375 0.2390625000000001 0.45625 0.2390625000000001
1 0.290625 0.0015625000000000315 0.2265625 0.0015625000000000278 0.2265625 0.13125000000000003 0.290625 0.13125000000000003
1 0.753125 0.16562500000000008 0.734375 0.16562500000000008 0.734375 0.19687500000000008 0.753125 0.19687500000000008
1 0.20468750000000005 0.2359375 0.12500000000000006 0.2359375 0.12500000000000006 0.3875 0.20468750000000008 0.3875
1 0.5515625 0.4328125 0.5109375 0.4328125 0.5109375 0.5203125 0.5515625 0.5203125
1 0.15468750000000003 0.3078125 0.08906250000000004 0.3078125 0.08906250000000004 0.45 0.15468750000000003 0.45
1 0.715625 0.2828125000000001 0.6578125 0.2828125000000001 0.6578125 0.3656250000000001 0.715625 0.3656250000000001
1 0.7703125 0.04531250000000009 0.74375 0.04531250000000009 0.74375 0.09375000000000008 0.7703125 0.09375000000000008
1 0.496875 0.3203125000000001 0.4171875 0.3203125000000001 0.4171875 0.4453125 0.496875 0.4453125
1 0.4453125 0.04062500000000005 0.3828125 0.04062500000000004 0.3828125 0.14843750000000006 0.4453125 0.14843750000000006
1 0.30781250000000004 0.2828125 0.2453125 0.2828125 0.24531250000000004 0.3984375 0.3078125000000001 0.3984375
1 0.6859375 0.425 0.6234375 0.425 0.6234375 0.5671875 0.6859375 0.5671875
1 0.6234375 0.1937500000000001 0.5734375 0.1937500000000001 0.5734375 0.2828125000000001 0.6234375 0.2828125000000001
1 0.525 0.10781250000000005 0.4421875 0.10781250000000005 0.4421875 0.2328125000000001 0.525 0.2328125000000001
1 0.5765625 0.17500000000000007 0.51875 0.17500000000000004 0.51875 0.2765625000000001 0.5765625 0.2765625000000001
1 0.634375 0.2890625000000001 0.5484375 0.2890625000000001 0.5484375 0.37968750000000007 0.634375 0.37968750000000007
1 0.371875 0.012500000000000042 0.3109375 0.012500000000000039 0.3109375 0.16406250000000006 0.371875 0.16406250000000006
1 0.6109375 0.1281250000000001 0.55625 0.1281250000000001 0.55625 0.20468750000000008 0.6109375 0.20468750000000008
1 0.54375 0.2875000000000001 0.4984375 0.2875000000000001 0.4984375 0.3968750000000001 0.54375 0.3968750000000001
1 0.51875 0.006250000000000061 0.4828125 0.0062500000000000585 0.4828125 0.06562500000000007 0.51875 0.06562500000000007
1 0.8546875 1.0170308964794034e-16 0.80625 9.873714818125535e-17 0.80625 0.0687500000000001 0.8546875 0.06875000000000012
1 0.746875 0.021875000000000085 0.6890625 0.021875000000000082 0.6890625 0.1218750000000001 0.746875 0.1218750000000001
1 0.578125 0.3218750000000001 0.5140625 0.3218750000000001 0.5140625 0.5 0.578125 0.5
1 0.4875 0.0015625000000000565 0.434375 0.0015625000000000534 0.434375 0.10937500000000004 0.4875 0.10937500000000004
1 0.23125 0.001562500000000024 0.1578125 0.0015625000000000194 0.1578125 0.08750000000000002 0.23125 0.08750000000000002
1 0.6421875 0.017187500000000074 0.590625 0.01718750000000007 0.590625 0.1359375000000001 0.6421875 0.1359375000000001
1 0.515625 0.04218750000000006 0.4828125 0.04218750000000006 0.4828125 0.13125000000000003 0.515625 0.13125000000000003
1 0.6 0.010937500000000069 0.5109375 0.010937500000000063 0.5109375 0.15000000000000008 0.6 0.15000000000000008
1 0.7078125 0.09687500000000007 0.6046875 0.09687500000000007 0.6046875 0.22031250000000008 0.7078125 0.22031250000000008