1 0.6343750000000001 0.7015625 0.5671875 0.7015625 0.5671875000000001 0.790625 0.6343750000000001 0.790625
1 0.715625 0.4421875 0.621875 0.4421875 0.621875 0.55 0.715625 0.55
1 0.715625 0.55625 0.65 0.55625 0.65 0.66875 0.715625 0.66875
1 0.4859375 0.5515625 0.4390625 0.5515625 0.4390625 0.634375 0.4859375 0.634375
1 0.5234375 0.5875 0.4609375 0.5875 0.4609375 0.6734375 0.5234375 0.6734375
1 0.2234375000000001 0.790625 0.1375000000000001 0.790625 0.13750000000000012 0.925 0.2234375000000001 0.925
1 0.6640625000000002 0.75625 0.6046875000000002 0.75625 0.6046875000000002 0.865625 0.6640625000000002 0.865625
1 0.3703125000000001 0.809375 0.2953125000000001 0.809375 0.2953125000000001 0.91875 0.3703125000000001 0.91875
1 0.29687500000000006 0.33125 0.17968750000000006 0.33125 0.17968750000000006 0.4640625 0.2968750000000001 0.4640625
1 0.628125 0.478125 0.5375 0.478125 0.5375 0.5875 0.628125 0.5875
1 0.58125 0.703125 0.5265625 0.703125 0.5265625 0.8109375 0.5812500000000002 0.8109375
1 0.6015625 0.13593750000000007 0.5234375 0.13593750000000004 0.5234375 0.2453125000000001 0.6015625 0.2453125000000001
1 0.503125 0.4765625 0.41875 0.4765625 0.41875 0.5609375 0.503125 0.5609375
1 0.6937500000000002 0.775 0.6500000000000001 0.775 0.6500000000000001 0.85 0.6937500000000002 0.85
1 0.4968750000000002 0.7953125 0.42968750000000017 0.7953125 0.42968750000000017 0.88125 0.4968750000000002 0.88125
1 0.628125 0.04062500000000007 0.546875 0.040625000000000064 0.546875 0.15781250000000008 0.628125 0.15781250000000008
1 0.653125 0.5390625 0.559375 0.5390625 0.559375 0.6328125 0.653125 0.6328125
1 0.6734375000000001 0.84375 0.5828125000000002 0.84375 0.5828125000000002 0.959375 0.6734375000000001 0.959375
1 0.28593750000000007 0.4484375 0.16562500000000005 0.4484375 0.16562500000000008 0.5625 0.28593750000000007 0.5625
1 0.584375 0.22656250000000008 0.49375 0.22656250000000008 0.49375 0.3296875000000001 0.584375 0.3296875000000001
1 0.28593750000000007 0.75 0.2078125000000001 0.75 0.2078125000000001 0.89375 0.28593750000000007 0.89375
1 0.5625 0.54375 0.5140625 0.54375 0.5140625 0.65 0.5625 0.65
1 0.5171875000000001 0.7015625 0.428125 0.7015625 0.4281250000000001 0.8078125 0.5171875000000001 0.8078125
1 0.1468750000000001 0.7078125 0.0671875000000001 0.7078125 0.0671875000000001 0.8765625 0.1468750000000001 0.8765625
1 0.5984375 0.6140625 0.540625 0.6140625 0.540625 0.684375 0.5984375 0.684375
1 0.4109375 0.20625000000000004 0.31875 0.20625 0.31875 0.33437500000000003 0.4109375 0.3343750000000001
1 0.7515625 0.24218750000000008 0.6453125 0.24218750000000008 0.6453125 0.3453125000000001 0.7515625 0.3453125000000001
1 0.640625 0.6265625 0.5953125 0.6265625 0.5953125 0.6828125 0.640625 0.6828125
1 0.8015625 0.19687500000000008 0.725 0.19687500000000008 0.725 0.3062500000000001 0.8015625 0.3062500000000001
1 0.5875000000000001 0.7796875 0.5390625000000002 0.7796875 0.5390625000000002 0.8828125 0.5875000000000001 0.8828125
1 0.503125 0.2078125000000001 0.4484375 0.2078125000000001 0.4484375 0.3109375000000001 0.503125 0.3109375000000001
1 0.3296875000000001 0.4953125 0.2296875000000001 0.4953125 0.2296875000000001 0.6484375 0.3296875000000001 0.6484375
1 0.3734375000000001 0.6484375 0.2812500000000001 0.6484375 0.2812500000000001 0.815625 0.3734375000000001 0.815625
1 0.6390625000000002 0.9234375 0.5890625000000002 0.9234375 0.5890625000000002 0.9953125 0.6390625000000002 0.9953125
1 0.51875 0.3515625000000001 0.41875 0.3515625000000001 0.41875 0.496875 0.51875 0.496875
1 0.15000000000000008 0.559375 0.08125000000000007 0.559375 0.08125000000000007 0.6609375 0.15000000000000008 0.6609375
1 0.3187500000000001 0.7265625 0.2531250000000001 0.7265625 0.2531250000000001 0.8359375 0.3187500000000001 0.8359375
1 0.2468750000000001 0.6890625 0.17187500000000008 0.6890625 0.17187500000000008 0.7796875 0.2468750000000001 0.7796875
1 0.7531250000000002 0.7578125000000001 0.6984375000000002 0.7578125 0.6984375000000002 0.85 0.7531250000000002 0.85
1 0.5953125000000001 0.865625 0.5421875000000002 0.865625 0.5421875000000002 0.9875 0.5953125000000001 0.9875
1 0.8421875 0.26250000000000007 0.7640625 0.26250000000000007 0.7640625 0.37968750000000007 0.8421875 0.37968750000000007
1 0.425 0.37500000000000006 0.33281250000000007 0.375 0.33281250000000007 0.5453125 0.425 0.5453125
1 0.55625 0.04687500000000006 0.4796875 0.046875000000000056 0.4796875 0.20312500000000008 0.55625 0.20312500000000008
1 0.2015625000000001 0.528125 0.13906250000000003 0.528125 0.13906250000000006 0.65625 0.2015625000000001 0.65625
1 0.5703125000000002 0.990625 0.5140625000000002 0.990625 0.5140625000000002 1 0.5703125000000002 1
1 0.6375 0.1312500000000001 0.571875 0.1312500000000001 0.571875 0.2984375000000001 0.6375 0.2984375000000001
1 0.2671875000000001 0.5515625 0.1843750000000001 0.5515625 0.1843750000000001 0.6578125 0.2671875000000001 0.6578125
1 0.23437500000000006 0.17031250000000003 0.121875 0.1703125 0.12187500000000002 0.3671875 0.23437500000000008 0.3671875
1 0.559375 0.4453125 0.490625 0.4453125 0.490625 0.575 0.559375 0.575
1 0.678125 0.045312500000000075 0.6109375 0.045312500000000075 0.6109375 0.1671875000000001 0.678125 0.1671875000000001
1 0.734375 0.5328125000000001 0.678125 0.5328125 0.678125 0.628125 0.734375 0.6281250000000002
1 0.47968750000000016 0.8640625 0.43281250000000016 0.8640625 0.43281250000000016 0.9375 0.47968750000000016 0.9375
1 0.15156250000000004 0.3828125 0.043750000000000046 0.3828125 0.04375000000000005 0.496875 0.15156250000000004 0.496875
1 0.4515625 0.5484375 0.403125 0.5484375 0.403125 0.6515625 0.4515625 0.6515625
1 0.5296875000000002 0.88125 0.44062500000000016 0.88125 0.44062500000000016 1 0.5296875000000002 1
1 0.3609375000000001 0.434375 0.2953125000000001 0.434375 0.2953125000000001 0.5546875 0.3609375000000001 0.5546875
1 0.3625 0.09687500000000003 0.253125 0.09687500000000002 0.253125 0.2984375 0.3625 0.2984375
1 0.17031250000000006 0.453125 0.05312500000000005 0.453125 0.053125000000000054 0.5796875 0.1703125000000001 0.5796875
1 0.3265625000000001 0.865625 0.2062500000000001 0.865625 0.2062500000000001 0.9921875 0.3265625000000001 0.9921875
1 0.7234375 0.05156250000000009 0.6609375 0.05156250000000009 0.6609375 0.13437500000000008 0.7234375 0.13437500000000008
1 0.6796875 0.12343750000000009 0.6234375 0.12343750000000009 0.6234375 0.27031250000000007 0.6796875 0.27031250000000007
1 0.6921875 0.640625 0.640625 0.640625 0.640625 0.7 0.6921875 0.7
1 0.671875 0.3671875000000001 0.571875 0.3671875000000001 0.571875 0.4921875 0.671875 0.4921875
1 0.428125 0.515625 0.3312500000000001 0.515625 0.3312500000000001 0.7015625 0.428125 0.7015625
1 0.5515625000000002 0.7546875 0.4890625000000002 0.7546875 0.4890625000000002 0.90625 0.5515625000000002 0.90625
1 0.5640625000000001 0.8640625 0.5250000000000001 0.8640625 0.5250000000000001 0.9390625 0.5640625000000001 0.9390625
1 0.35781250000000003 0.3 0.2875 0.3 0.28750000000000003 0.4578125 0.3578125000000001 0.4578125
1 0.6109375000000001 0.7703125 0.5750000000000002 0.7703125 0.5750000000000002 0.8484375 0.6109375000000001 0.8484375
1 0.3750000000000001 0.8921875 0.3078125000000001 0.8921875 0.3078125000000001 1 0.3750000000000001 1
1 0.6812500000000001 0.715625 0.640625 0.715625 0.6406250000000001 0.76875 0.6812500000000001 0.76875
1 0.3140625 0.01718750000000003 0.1890625 0.017187500000000022 0.18906250000000002 0.265625 0.3140625 0.265625
1 0.21093750000000006 0.3484375 0.14375000000000004 0.3484375 0.14375000000000004 0.478125 0.21093750000000008 0.478125
1 0.2687500000000001 0.9765625 0.20312500000000008 0.9765625 0.20312500000000008 1 0.2687500000000001 1
1 0.2968750000000001 0.6609375 0.2328125000000001 0.6609375 0.2328125000000001 0.7390625 0.2968750000000001 0.7390625
1 0.2375000000000001 0.8734375 0.1859375000000001 0.8734375 0.18593750000000012 0.9484375 0.2375000000000001 0.9484375
1 0.7593750000000001 0.946875 0.7281250000000001 0.946875 0.7281250000000001 1 0.7593750000000001 1
1 0.8640625 0.1703125000000001 0.809375 0.1703125000000001 0.809375 0.2390625000000001 0.8640625 0.2390625000000001
1 0.1515625000000001 0.85625 0.0875000000000001 0.85625 0.0875000000000001 0.9515625 0.15156250000000013 0.9515625
1 0.203125 0.01093750000000002 0.1296875 0.010937500000000017 0.1296875 0.13437500000000002 0.203125 0.13437500000000005
1 0.4468750000000002 0.778125 0.3734375000000001 0.778125 0.3734375000000001 0.9703125 0.4468750000000002 0.9703125
1 0.3984375000000001 0.753125 0.3500000000000001 0.753125 0.3500000000000001 0.896875 0.3984375000000001 0.896875
1 0.8015625 0.3859375000000001 0.7515625 0.3859375000000001 0.7515625 0.4546875000000002 0.8015625 0.4546875000000002
1 0.58125 0.3421875000000001 0.509375 0.3421875000000001 0.509375 0.4484375 0.58125 0.4484375
1 0.4640625 0.02812500000000005 0.340625 0.028125000000000046 0.340625 0.27656250000000004 0.4640625 0.2765625000000001