1 0.834375 0.8265625 0.7250000000000002 0.8265625 0.7250000000000002 1 0.834375 1
1 0.9609375 0.5578125000000002 0.8765625 0.5578125000000002 0.8765625 0.6890625000000001 0.9609375 0.6890625000000001
1 0.9390625 0.2234375000000001 0.8359375 0.2234375000000001 0.8359375 0.3765625000000001 0.9390625 0.3765625000000001
1 0.7828125 0.1937500000000001 0.71875 0.1937500000000001 0.71875 0.3125000000000001 0.7828125 0.3125000000000001
1 0.421875 0.3609375000000001 0.3734375 0.3609375000000001 0.37343750000000003 0.446875 0.421875 0.446875
1 0.8234375 0.3859375000000001 0.765625 0.3859375000000001 0.765625 0.47968750000000016 0.8234375 0.47968750000000016
1 0.84375 0.5625000000000002 0.775 0.5625000000000002 0.775 0.6578125000000001 0.84375 0.6578125000000001
1 0.9125 0.6406250000000002 0.803125 0.6406250000000002 0.803125 0.7406250000000002 0.9125 0.7406250000000002
1 0.83125 0.2531250000000001 0.765625 0.2531250000000001 0.765625 0.3656250000000001 0.83125 0.3656250000000001
1 0.2671875 0.3390625 0.2265625 0.3390625 0.22656250000000006 0.4015625 0.2671875000000001 0.4015625
1 0.5984375 0.29375000000000007 0.534375 0.29375000000000007 0.534375 0.425 0.5984375 0.425
1 0.4734375 0.16562500000000005 0.4109375 0.16562500000000005 0.4109375 0.2750000000000001 0.4734375 0.2750000000000001
1 0.553125 0.525 0.459375 0.525 0.459375 0.6421875 0.553125 0.6421875
1 0.7468750000000001 0.6625000000000001 0.625 0.6625 0.6250000000000001 0.7750000000000001 0.7468750000000002 0.7750000000000001
1 0.6734375 0.3281250000000001 0.5953125 0.3281250000000001 0.5953125 0.4546875 0.6734375 0.4546875
1 0.36875 0.28750000000000003 0.3109375 0.2875 0.31093750000000003 0.36875 0.3687500000000001 0.3687500000000001
1 0.3875 0.20000000000000004 0.340625 0.2 0.340625 0.2671875 0.3875 0.2671875000000001
1 0.6312500000000001 0.640625 0.5640625 0.640625 0.5640625000000001 0.7375 0.6312500000000002 0.7375
1 0.7578125 0.3609375000000001 0.703125 0.3609375000000001 0.703125 0.4609375000000001 0.7578125 0.46093750000000017
1 0.8671875 0.4890625000000002 0.796875 0.4890625000000002 0.796875 0.5859375000000002 0.8671875 0.5859375000000002
1 0.5671875 0.6359375 0.5109375 0.6359375 0.5109375 0.721875 0.5671875 0.721875
1 0.7875000000000001 0.7203125000000001 0.721875 0.7203125 0.721875 0.8109375 0.7875000000000002 0.8109375
1 0.2812500000000001 0.603125 0.2375000000000001 0.603125 0.2375000000000001 0.6578125 0.2812500000000001 0.6578125
1 0.91875 0.4906250000000002 0.85 0.4906250000000002 0.85 0.6000000000000002 0.91875 0.6000000000000002
1 0.4734375 0.3468750000000001 0.4125 0.3468750000000001 0.4125 0.4265625 0.4734375 0.4265625
1 0.5078125 0.19531250000000006 0.4640625 0.19531250000000006 0.4640625 0.3031250000000001 0.5078125 0.3031250000000001
1 0.3578125 0.221875 0.3 0.221875 0.3 0.296875 0.3578125 0.296875
1 0.3343750000000001 0.6859375 0.2828125000000001 0.6859375 0.2828125000000001 0.7578125 0.3343750000000001 0.7578125
1 0.478125 0.2718750000000001 0.4078125 0.2718750000000001 0.4078125 0.35625000000000007 0.478125 0.35625000000000007
1 0.4781250000000001 0.721875 0.4234375 0.721875 0.4234375000000001 0.803125 0.4781250000000002 0.803125
1 0.5109375 0.3140625000000001 0.46875 0.3140625000000001 0.46875 0.3906250000000001 0.5109375 0.3906250000000001
1 0.7234375 0.5640625 0.6234375 0.5640625 0.6234375 0.66875 0.7234375 0.66875
1 0.5375 0.3843750000000001 0.484375 0.3843750000000001 0.484375 0.465625 0.5375 0.465625
1 0.8 0.4812500000000002 0.7265625 0.4812500000000002 0.7265625 0.5687500000000002 0.8 0.5687500000000002
1 0.7968750000000001 0.565625 0.715625 0.565625 0.7156250000000001 0.7437500000000001 0.7968750000000002 0.7437500000000001
1 0.5171875000000001 0.6296875 0.4578125 0.6296875 0.45781250000000007 0.7625 0.5171875000000001 0.7625
1 0.3234375000000001 0.6046875 0.2734375000000001 0.6046875 0.2734375000000001 0.690625 0.3234375000000001 0.690625
1 0.7375 0.17187500000000008 0.6453125 0.17187500000000008 0.6453125 0.2968750000000001 0.7375 0.2968750000000001
1 0.7203125 0.2328125000000001 0.6140625 0.2328125000000001 0.6140625 0.4109375 0.7203125 0.4109375
1 0.865625 0.0343750000000001 0.765625 0.034375000000000086 0.765625 0.1390625000000001 0.865625 0.1390625000000001
1 0.41875 0.2984375000000001 0.3734375 0.2984375000000001 0.37343750000000003 0.3687500000000001 0.41875 0.3687500000000001
1 0.3265625000000001 0.5015625 0.2718750000000001 0.5015625 0.2718750000000001 0.5921875 0.3265625000000001 0.5921875
1 0.5718750000000001 0.834375 0.5250000000000001 0.834375 0.5250000000000001 0.940625 0.5718750000000001 0.940625
1 0.5890625 0.465625 0.50625 0.465625 0.50625 0.56875 0.5890625 0.56875
1 0.60625 0.5484375 0.5328125 0.5484375 0.5328125 0.6765625 0.60625 0.6765625
1 0.9484375 0.9390625 0.9078125 0.9390625 0.9078125 1 0.9484375 1
1 0.709375 0.4875 0.625 0.4875 0.625 0.5734375 0.709375 0.5734375
1 0.22656250000000008 0.490625 0.18281250000000004 0.490625 0.18281250000000007 0.5484375 0.22656250000000008 0.5484375
1 0.37968750000000007 0.565625 0.3109375000000001 0.565625 0.3109375000000001 0.678125 0.37968750000000007 0.678125
1 0.884375 0.18906250000000008 0.809375 0.18906250000000008 0.809375 0.2890625000000001 0.884375 0.2890625000000001
1 0.2421875 0.10156250000000004 0.1859375 0.10156250000000004 0.1859375 0.16562500000000005 0.2421875 0.16562500000000005
1 0.953125 0.8515625 0.86875 0.8515625 0.86875 0.9453125 0.953125 0.9453125
1 0.7156250000000002 0.875 0.6515625000000002 0.875 0.6515625000000002 1 0.7156250000000002 1
1 0.45312500000000017 0.859375 0.3812500000000001 0.859375 0.3812500000000001 0.9703125 0.45312500000000017 0.9703125
1 0.415625 0.20468750000000008 0.38125 0.20468750000000008 0.38125 0.2593750000000001 0.415625 0.2593750000000001
1 0.91875 0.89375 0.8328125 0.89375 0.8328125 1 0.91875 1
1 0.4109375000000002 0.7375 0.35625000000000007 0.7375 0.35625000000000007 0.8125 0.4109375000000002 0.8125
1 0.37968750000000007 0.8921875 0.3109375000000001 0.8921875 0.3109375000000001 1 0.37968750000000007 1
1 0.3890625000000001 0.4734375 0.3375000000000001 0.4734375 0.3375000000000001 0.54375 0.3890625000000001 0.54375
1 0.7640625 0.2796875000000001 0.7046875 0.2796875000000001 0.7046875 0.3765625000000001 0.7640625 0.3765625000000001
1 0.3625 0.04375000000000004 0.3140625 0.04375000000000003 0.3140625 0.12968750000000004 0.3625 0.12968750000000004
1 0.6531250000000002 0.91875 0.5937500000000002 0.91875 0.5937500000000002 1 0.6531250000000002 1
1 0.4890625000000002 0.8328125 0.43281250000000016 0.8328125 0.43281250000000016 0.934375 0.4890625000000002 0.934375
1 0.6312500000000002 0.8375 0.5625000000000002 0.8375 0.5625000000000002 0.95 0.6312500000000002 0.95
1 0.6812500000000001 0.840625 0.6250000000000002 0.840625 0.6250000000000002 0.984375 0.6812500000000001 0.984375
1 0.5328125000000001 0.83125 0.4812500000000002 0.83125 0.4812500000000002 0.9296875 0.5328125000000001 0.9296875
1 0.8421875 0.853125 0.7937500000000002 0.853125 0.7937500000000002 0.9515625 0.8421875 0.9515625
1 0.3906250000000001 0.83125 0.3296875000000001 0.83125 0.3296875000000001 0.9125 0.3906250000000001 0.9125
1 0.784375 0.3390625000000001 0.7390625 0.3390625000000001 0.7390625 0.44062500000000016 0.784375 0.44062500000000016
1 0.4921875 0.475 0.4390625 0.475 0.4390625 0.571875 0.4921875 0.571875
1 0.3890625000000001 0.6703125 0.3203125000000001 0.6703125 0.3203125000000001 0.7796875 0.3890625000000001 0.7796875
1 0.4390625000000001 0.665625 0.3765625000000001 0.665625 0.3765625000000001 0.7625 0.4390625000000002 0.7625
1 0.565625 0.18906250000000008 0.490625 0.18906250000000005 0.490625 0.3468750000000001 0.565625 0.3468750000000001
1 0.45 0.484375 0.4046875 0.484375 0.4046875 0.5453125 0.45 0.5453125
1 0.6375 0.035937500000000074 0.5625 0.03593750000000007 0.5625 0.1984375000000001 0.6375 0.1984375000000001
1 0.4656250000000002 0.9578125 0.3968750000000001 0.9578125 0.3968750000000001 1 0.4656250000000002 1
1 0.6031250000000001 0.925 0.5375000000000002 0.925 0.5375000000000002 1 0.6031250000000001 1
1 0.4046875000000002 0.9453125 0.3515625000000001 0.9453125 0.3515625000000001 1 0.4046875000000002 1
1 0.2468750000000001 0.9921875 0.20312500000000008 0.9921875 0.20312500000000008 1 0.2468750000000001 1
1 0.5515625000000002 0.9078125 0.4734375000000002 0.9078125 0.4734375000000002 1 0.5515625000000002 1
1 0.540625 0.02031250000000006 0.4734375 0.020312500000000056 0.4734375 0.06718750000000007 0.540625 0.06718750000000007
1 0.4609375000000001 0.6546875 0.41875 0.6546875 0.41875000000000007 0.7265625 0.46093750000000017 0.7265625
1 0.5031250000000002 0.9 0.4500000000000002 0.9 0.4500000000000002 1 0.5031250000000002 1
1 0.3359375000000001 0.475 0.2921875000000001 0.475 0.2921875000000001 0.5421875 0.3359375000000001 0.5421875
1 0.415625 0.615625 0.3734375000000001 0.615625 0.3734375000000001 0.6734375 0.415625 0.6734375
1 0.2953125 0.009375000000000033 0.2203125 0.009375000000000027 0.2203125 0.05312500000000003 0.2953125 0.05312500000000005
1 0.39375 0.01562500000000005 0.3578125 0.015625000000000045 0.3578125 0.050000000000000044 0.39375 0.050000000000000044
1 0.8890625 0.9625 0.815625 0.9625 0.815625 1 0.8890625 1
1 0.928125 0.9875 0.875 0.9875 0.875 1 0.928125 1
1 0.478125 0.559375 0.43125 0.559375 0.43125 0.646875 0.478125 0.646875