1 0.8390625 0.6828125 0.721875 0.6828125 0.721875 0.8140625 0.8390625 0.8140625
1 0.6984375 0.59375 0.6109375 0.59375 0.6109375 0.7234375 0.6984375 0.7234375
1 0.903125 0.6968750000000001 0.8265625 0.6968750000000001 0.8265625 0.803125 0.903125 0.803125
1 0.8171875 0.15781250000000008 0.7203125 0.15781250000000008 0.7203125 0.2796875000000001 0.8171875 0.2796875000000001
1 0.9109375 0.3218750000000001 0.8234375 0.3218750000000001 0.8234375 0.43281250000000016 0.9109375 0.43281250000000016
1 0.6140625 0.5421875 0.53125 0.5421875 0.53125 0.6875 0.6140625 0.6875
1 0.73125 0.2718750000000001 0.6453125 0.2718750000000001 0.6453125 0.3656250000000001 0.73125 0.3656250000000001
1 0.703125 0.3375000000000001 0.6140625 0.3375000000000001 0.6140625 0.4484375 0.703125 0.4484375
1 0.9328125 0.821875 0.8125 0.821875 0.8125 0.946875 0.9328125 0.946875
1 0.6406250000000002 0.946875 0.5656250000000002 0.946875 0.5656250000000002 0.984375 0.6406250000000002 0.984375
1 0.671875 0.1140625000000001 0.5890625 0.1140625000000001 0.5890625 0.22812500000000008 0.671875 0.22812500000000008
1 0.6796875000000001 0.68125 0.609375 0.68125 0.6093750000000001 0.80625 0.6796875000000002 0.80625
1 0.8109375 0.9015625 0.7390625000000002 0.9015625 0.7390625000000002 0.9796875 0.8109375 0.9796875
1 0.8265625 0.2578125000000001 0.7546875 0.2578125000000001 0.7546875 0.44062500000000016 0.8265625 0.44062500000000016
1 0.609375 0.17968750000000006 0.528125 0.17968750000000006 0.528125 0.2984375000000001 0.609375 0.2984375000000001
1 0.5562500000000001 0.8234375 0.4968750000000002 0.8234375 0.4968750000000002 0.95625 0.5562500000000001 0.95625
1 0.86875 0.11875000000000009 0.803125 0.11875000000000009 0.803125 0.23437500000000008 0.86875 0.23437500000000008
1 0.7703125 0.31718750000000007 0.6984375 0.31718750000000007 0.6984375 0.4468750000000001 0.7703125 0.4468750000000002
1 0.20312500000000008 0.3796875 0.12500000000000006 0.3796875 0.12500000000000006 0.5046875 0.20312500000000008 0.5046875
1 0.525 0.5953125 0.45 0.5953125 0.45 0.7046875 0.525 0.7046875
1 0.54375 0.5234375 0.484375 0.5234375 0.484375 0.6234375 0.54375 0.6234375
1 0.3734375000000001 0.4703125 0.3000000000000001 0.4703125 0.3000000000000001 0.5671875 0.3734375000000001 0.5671875
1 0.14062500000000008 0.759375 0.06250000000000008 0.759375 0.0625000000000001 0.875 0.14062500000000008 0.875
1 0.6234375000000001 0.6765625 0.559375 0.6765625 0.5593750000000001 0.8046875 0.6234375000000002 0.8046875
1 0.4734375 0.11875000000000005 0.4 0.11875000000000005 0.4 0.2562500000000001 0.4734375 0.2562500000000001
1 0.7515625 8.792581315753263e-17 0.684375 8.381176531664698e-17 0.684375 0.0828125000000001 0.7515625 0.0828125000000001
1 0.6234375 0.2953125000000001 0.5546875 0.2953125000000001 0.5546875 0.425 0.6234375 0.425
1 0.8859375 0.903125 0.809375 0.903125 0.809375 0.978125 0.8859375 0.978125
1 0.6953125 8.0845823849962e-17 0.625 7.654042494670958e-17 0.625 0.08906250000000007 0.6953125 0.08906250000000009
1 0.6625 0.2171875000000001 0.6046875 0.2171875000000001 0.6046875 0.3375000000000001 0.6625 0.3375000000000001
1 0.3890625 4.3341015626074294e-17 0.31875 3.903561672282188e-17 0.31875 0.09218750000000005 0.3890625 0.09218750000000005
1 0.3296875000000001 0.7421875 0.2453125000000001 0.7421875 0.2453125000000001 0.846875 0.3296875000000001 0.846875
1 0.4703125 0.5546875 0.409375 0.5546875 0.409375 0.6375 0.4703125 0.6375
1 0.575 0.27031250000000007 0.50625 0.27031250000000007 0.50625 0.4 0.575 0.4
1 0.85 0.21875000000000008 0.796875 0.21875000000000008 0.796875 0.3453125000000001 0.85 0.3453125000000001
1 0.32500000000000007 0.834375 0.2375000000000001 0.834375 0.2375000000000001 0.99375 0.32500000000000007 0.99375
1 0.8453125 9.797174393178826e-17 0.7546875 9.242256312315182e-17 0.7546875 0.0765625000000001 0.8453125 0.07656250000000012
1 0.5734375 6.649449417245395e-17 0.5125 6.276314845630185e-17 0.5125 0.09375000000000007 0.5734375 0.09375000000000007
1 0.409375 0.11718750000000004 0.3390625 0.11718750000000004 0.3390625 0.23281250000000003 0.409375 0.2328125000000001
1 0.565625 0.684375 0.5125 0.684375 0.5125000000000001 0.803125 0.5656250000000002 0.803125
1 0.25468750000000007 0.275 0.18906250000000005 0.275 0.18906250000000005 0.3828125 0.25468750000000007 0.3828125
1 0.4156250000000002 0.9109375 0.34843750000000007 0.9109375 0.34843750000000007 0.990625 0.4156250000000002 0.990625
1 0.55 0.3500000000000001 0.484375 0.3500000000000001 0.484375 0.4609375 0.55 0.4609375
1 0.4234375 0.28437500000000004 0.3578125 0.284375 0.35781250000000003 0.4296875 0.4234375 0.4296875
1 0.3687500000000001 0.9546875 0.3187500000000001 0.9546875 0.3187500000000001 0.990625 0.3687500000000001 0.990625
1 0.4109375 0.540625 0.3531250000000001 0.540625 0.3531250000000001 0.6359375 0.4109375 0.6359375
1 0.3421875000000001 0.375 0.2718750000000001 0.375 0.2718750000000001 0.4609375 0.3421875000000001 0.4609375
1 0.478125 0.2890625000000001 0.421875 0.2890625000000001 0.421875 0.3750000000000001 0.478125 0.3750000000000001
1 0.3312500000000001 0.6109375 0.2609375000000001 0.6109375 0.2609375000000001 0.7140625 0.3312500000000001 0.7140625
1 0.4359375000000001 0.709375 0.3734375000000001 0.709375 0.3734375000000001 0.8234375 0.4359375000000002 0.8234375
1 0.34375 0.11562500000000005 0.2796875 0.11562500000000005 0.2796875 0.2046875 0.34375 0.2046875
1 0.5234375000000001 0.690625 0.46875 0.690625 0.4687500000000001 0.7859375 0.5234375000000002 0.7859375
1 0.384375 0.20625000000000004 0.3140625 0.20625 0.3140625 0.30781250000000004 0.384375 0.3078125000000001
1 0.353125 0.2734375 0.29375 0.2734375 0.29375000000000007 0.3828125 0.3531250000000001 0.3828125
1 0.31875 0.17343750000000005 0.2671875 0.17343750000000005 0.2671875 0.2625 0.31875 0.2625
1 0.5265625 0.2578125000000001 0.4734375 0.2578125000000001 0.4734375 0.3453125000000001 0.5265625 0.3453125000000001
1 0.4203125 0.496875 0.37187500000000007 0.496875 0.37187500000000007 0.5609375 0.4203125 0.5609375
1 0.1906250000000001 0.7484375 0.1375000000000001 0.7484375 0.1375000000000001 0.834375 0.1906250000000001 0.834375
1 0.4531250000000001 0.6265625 0.4 0.6265625 0.4000000000000001 0.7359375 0.45312500000000017 0.7359375
1 0.39375000000000004 0.35781250000000003 0.3296875 0.3578125 0.3296875 0.45625 0.3937500000000001 0.45625
1 0.4359375000000002 0.8640625 0.37968750000000007 0.8640625 0.37968750000000007 0.9515625 0.4359375000000002 0.9515625
1 0.30156250000000007 0.3 0.246875 0.3 0.24687500000000004 0.4 0.30156250000000007 0.4
1 0.4359375 0.21093750000000008 0.3796875 0.21093750000000008 0.3796875 0.3125000000000001 0.4359375 0.3125000000000001
1 0.509375 0.009375000000000059 0.4640625 0.009375000000000055 0.4640625 0.08906250000000007 0.509375 0.08906250000000007
1 0.40625 0.634375 0.3578125000000001 0.634375 0.3578125000000001 0.7234375 0.40625 0.7234375
1 0.4953125 0.3593750000000001 0.4453125 0.3593750000000001 0.4453125 0.4546875 0.4953125 0.4546875
1 0.434375 4.9751276215361234e-17 0.378125 4.63069570927593e-17 0.378125 0.05468750000000004 0.434375 0.05468750000000004
1 0.3593750000000001 0.85 0.3062500000000001 0.85 0.3062500000000001 0.9484375 0.3593750000000001 0.9484375
1 0.46875 5.463072830571396e-17 0.4234375 5.1856137901395736e-17 0.4234375 0.07812500000000006 0.46875 0.07812500000000007
1 0.8953125 1.0457335558344195e-16 0.8125 9.950255243072244e-17 0.8125 0.0765625000000001 0.8953125 0.07656250000000012
1 0.48125000000000007 0.7140625 0.434375 0.7140625 0.43437500000000007 0.8578125 0.4812500000000002 0.8578125
1 0.4703125000000002 0.8890625 0.42968750000000017 0.8890625 0.42968750000000017 0.9859375 0.4703125000000002 0.9859375
1 0.2609375000000001 0.384375 0.2140625000000001 0.384375 0.2140625000000001 0.4484375 0.2609375000000001 0.4484375
1 0.3781250000000001 0.7375 0.3265625000000001 0.7375 0.3265625000000001 0.825 0.3781250000000001 0.825
1 0.4890625000000002 0.8328125 0.4421875000000002 0.8328125 0.4421875000000002 0.90625 0.4890625000000002 0.90625
1 0.4203125000000002 0.8125 0.37187500000000007 0.8125 0.37187500000000007 0.8890625 0.4203125000000002 0.8890625
1 0.453125 0.3812500000000001 0.4046875 0.3812500000000001 0.4046875 0.459375 0.453125 0.459375
1 0.6421875 7.41485366671249e-17 0.56875 6.965178670150572e-17 0.56875 0.03125000000000007 0.6421875 0.031250000000000076