1 0.5796875 0.60625 0.5 0.60625 0.5 0.70625 0.5796875 0.70625
1 0.4671875 0.20312500000000008 0.38125 0.20312500000000008 0.38125 0.30937500000000007 0.4671875 0.30937500000000007
1 0.3859375 0.20000000000000004 0.2921875 0.2 0.2921875 0.30468750000000006 0.3859375 0.3046875000000001
1 0.2687500000000001 0.8546875 0.1859375000000001 0.8546875 0.18593750000000012 0.9609375 0.2687500000000001 0.9609375
1 0.521875 0.5640625 0.4640625 0.5640625 0.4640625 0.659375 0.521875 0.659375
1 0.590625 0.14218750000000008 0.53125 0.14218750000000005 0.53125 0.31718750000000007 0.590625 0.31718750000000007
1 0.571875 0.4765625 0.5390625 0.4765625 0.5390625 0.5390625 0.571875 0.5390625
1 0.534375 0.12187500000000004 0.471875 0.12187500000000004 0.471875 0.30937500000000007 0.534375 0.30937500000000007
1 0.6546875000000002 0.8046875 0.6125000000000002 0.8046875 0.6125000000000002 0.8734375 0.6546875000000002 0.8734375
1 0.3953125 0.04218750000000004 0.2921875 0.04218750000000003 0.2921875 0.22343750000000004 0.3953125 0.2234375000000001
1 0.3921875000000001 0.6046875 0.3187500000000001 0.6046875 0.3187500000000001 0.7078125 0.3921875000000001 0.7078125
1 0.5437500000000002 0.8546875 0.46875000000000017 0.8546875 0.46875000000000017 0.96875 0.5437500000000002 0.96875
1 0.6187500000000001 0.83125 0.5406250000000001 0.83125 0.5406250000000001 0.9625 0.6187500000000001 0.9625
1 0.546875 0.4875 0.5015625 0.4875 0.5015625 0.578125 0.546875 0.578125
1 0.596875 0.5328125 0.534375 0.5328125 0.534375 0.6140625 0.596875 0.6140625
1 0.73125 0.2140625000000001 0.6421875 0.2140625000000001 0.6421875 0.3062500000000001 0.73125 0.3062500000000001
1 0.640625 0.4546875 0.578125 0.4546875 0.578125 0.5796875 0.640625 0.5796875
1 0.3078125 0.046875000000000035 0.25 0.046875000000000035 0.25 0.209375 0.3078125 0.209375
1 0.878125 0.7703125000000002 0.8328125 0.7703125000000002 0.8328125 0.84375 0.878125 0.84375
1 0.69375 0.4765625 0.6359375 0.4765625 0.6359375 0.56875 0.69375 0.56875
1 0.8203125 0.7687500000000002 0.7453125000000002 0.7687500000000002 0.7453125000000002 0.8546875 0.8203125 0.8546875
1 0.30625 0.2125 0.2265625 0.2125 0.2265625 0.30625 0.30625 0.30625
1 0.6906250000000002 0.8265625 0.6437500000000002 0.8265625 0.6437500000000002 0.8984375 0.6906250000000002 0.8984375
1 0.7265625 0.5515625000000001 0.6671875 0.5515625 0.6671875 0.6578125000000001 0.7265625 0.6578125000000001
1 0.86875 0.2015625000000001 0.8078125 0.2015625000000001 0.8078125 0.3078125000000001 0.86875 0.3078125000000001
1 0.4421875 0.515625 0.33281250000000007 0.515625 0.33281250000000007 0.61875 0.4421875 0.61875
1 0.7250000000000002 0.7390625 0.6453125000000002 0.7390625 0.6453125000000002 0.8578125 0.7250000000000002 0.8578125
1 0.23125 0.2078125 0.15781250000000005 0.2078125 0.15781250000000005 0.3046875 0.23125 0.3046875
1 0.7031250000000002 0.896875 0.6328125000000002 0.896875 0.6328125000000002 1 0.7031250000000002 1
1 0.8203125 0.4468750000000002 0.7609375 0.4468750000000002 0.7609375 0.5484375000000001 0.8203125 0.5484375000000001
1 0.78125 0.3500000000000001 0.734375 0.3500000000000001 0.734375 0.42500000000000016 0.78125 0.42500000000000016
1 0.46875 0.6 0.4234375 0.6 0.4234375 0.7 0.46875 0.7
1 0.446875 0.07187500000000005 0.384375 0.07187500000000005 0.384375 0.20312500000000008 0.446875 0.20312500000000008
1 0.5015625 0.4765625 0.446875 0.4765625 0.446875 0.5875 0.5015625 0.5875
1 0.6671875 0.12031250000000009 0.609375 0.12031250000000009 0.609375 0.24375000000000008 0.6671875 0.24375000000000008
1 0.30937500000000007 0.5625 0.17187500000000008 0.5625 0.17187500000000008 0.6953125 0.30937500000000007 0.6953125
1 0.7453125 0.07968750000000009 0.6953125 0.07968750000000009 0.6953125 0.17343750000000008 0.7453125 0.17343750000000008
1 0.7546875 0.4984375000000001 0.696875 0.4984375 0.696875 0.5937500000000001 0.7546875 0.5937500000000002
1 0.6140625 6.840800479612169e-17 0.503125 6.161504208210122e-17 0.503125 0.15625000000000006 0.6140625 0.15625000000000008
1 0.8796875 0.6375000000000002 0.834375 0.6375000000000002 0.834375 0.6921875000000002 0.8796875 0.6921875000000002
1 0.37968750000000007 0.40625 0.2687500000000001 0.40625 0.2687500000000001 0.5265625 0.37968750000000007 0.5265625
1 0.625 0.1984375000000001 0.578125 0.1984375000000001 0.578125 0.30937500000000007 0.625 0.30937500000000007
1 0.5718750000000001 0.9484375 0.48437500000000017 0.9484375 0.48437500000000017 1 0.5718750000000001 1
1 0.3156250000000001 0.4640625 0.2062500000000001 0.4640625 0.2062500000000001 0.5765625 0.3156250000000001 0.5765625
1 0.7921875 0.5187500000000002 0.7484375 0.5187500000000002 0.7484375 0.6015625000000002 0.7921875 0.6015625000000002
1 0.2375000000000001 0.728125 0.1984375000000001 0.728125 0.1984375000000001 0.784375 0.2375000000000001 0.784375
1 0.8234375 0.846875 0.7406250000000002 0.846875 0.7406250000000002 0.98125 0.8234375 0.98125
1 0.5328125 6.01799091143504e-17 0.45 5.5109105961630896e-17 0.45 0.12031250000000004 0.5328125 0.12031250000000004
1 0.7640625000000002 0.940625 0.7062500000000002 0.940625 0.7062500000000002 1 0.7640625000000002 1
1 0.7203125 0.10312500000000009 0.653125 0.10312500000000009 0.653125 0.2156250000000001 0.7203125 0.2156250000000001
1 0.13906250000000006 0.5421875 0.07187500000000006 0.5421875 0.07187500000000008 0.65 0.1390625000000001 0.65
1 0.7390625000000002 0.875 0.6812500000000001 0.875 0.6812500000000001 0.953125 0.7390625000000002 0.953125
1 0.2593750000000001 0.784375 0.17968750000000008 0.784375 0.17968750000000008 0.865625 0.2593750000000001 0.865625
1 0.13125000000000006 0.4875 0.07343750000000007 0.4875 0.07343750000000007 0.546875 0.1312500000000001 0.546875
1 0.4890625 0.11718750000000004 0.4375 0.11718750000000004 0.4375 0.2296875000000001 0.4890625 0.2296875000000001
1 0.853125 0.5765625000000002 0.8078125 0.5765625000000002 0.8078125 0.6734375000000001 0.853125 0.6734375000000001
1 0.37187500000000007 0.8859375 0.30156250000000007 0.8859375 0.30156250000000007 1 0.37187500000000007 1
1 0.696875 0.37187500000000007 0.5953125 0.37187500000000007 0.5953125 0.478125 0.696875 0.478125
1 0.671875 0.01718750000000008 0.6171875 0.017187500000000078 0.6171875 0.13281250000000008 0.671875 0.13281250000000008
1 0.6421875000000001 0.903125 0.5906250000000002 0.903125 0.5906250000000002 1 0.6421875000000001 1
1 0.31718750000000007 0.8578125 0.2609375000000001 0.8578125 0.2609375000000001 0.9921875 0.31718750000000007 0.9921875
1 0.259375 0.11718750000000003 0.1578125 0.1171875 0.15781250000000002 0.2234375 0.259375 0.2234375
1 0.6890625 0.615625 0.640625 0.615625 0.640625 0.7 0.6890625 0.7
1 0.8953125 0.10156250000000008 0.815625 0.10156250000000008 0.815625 0.2062500000000001 0.8953125 0.2062500000000001
1 0.2000000000000001 0.6046875 0.1140625000000001 0.6046875 0.1140625000000001 0.703125 0.2000000000000001 0.703125
1 0.2828125000000001 0.9734375 0.22656250000000008 0.9734375 0.22656250000000008 1 0.2828125000000001 1
1 0.4343750000000002 0.909375 0.3703125000000001 0.909375 0.3703125000000001 1 0.4343750000000002 1
1 0.2328125000000001 0.509375 0.12968750000000004 0.509375 0.12968750000000007 0.603125 0.2328125000000001 0.603125
1 0.765625 0.5765625000000001 0.721875 0.5765625 0.721875 0.6546875000000001 0.765625 0.6546875000000002
1 0.7359375 8.582095147149811e-17 0.665625 8.15155525682457e-17 0.665625 0.10000000000000009 0.7359375 0.10000000000000009
1 0.2312500000000001 0.4109375 0.13281250000000006 0.4109375 0.13281250000000006 0.5125 0.2312500000000001 0.5125
1 0.259375 0.001562500000000026 0.1625 0.00156250000000002 0.1625 0.12031250000000002 0.259375 0.12031250000000004
1 0.7703125 0.14062500000000008 0.715625 0.14062500000000008 0.715625 0.2765625000000001 0.7703125 0.2765625000000001
1 0.4890625000000002 0.90625 0.4343750000000002 0.90625 0.4343750000000002 1 0.4890625000000002 1
1 0.2312500000000001 0.9390625 0.13281250000000014 0.9390625 0.13281250000000014 1 0.2312500000000001 1
1 0.971875 1.1538469060716468e-16 0.9125 1.1174902042219599e-16 0.9125 0.03906250000000012 0.971875 0.039062500000000125
1 0.9203125 1.0811335023722728e-16 0.8453125 1.0352092474042469e-16 0.8453125 0.026562500000000107 0.9203125 0.02656250000000011