1 0.25468750000000007 0.5890625 0.15625000000000008 0.5890625 0.15625000000000008 0.69375 0.25468750000000007 0.69375
1 0.2078125 0.11718750000000003 0.1203125 0.1171875 0.12031250000000002 0.221875 0.2078125 0.221875
1 0.2984375 0.09531250000000004 0.1953125 0.09531250000000002 0.19531250000000003 0.19375000000000003 0.2984375 0.19375000000000003
1 0.2609375 0.18906250000000002 0.16875000000000004 0.1890625 0.16875000000000004 0.2828125 0.2609375 0.2828125
1 0.2796875000000001 0.3734375 0.19843750000000004 0.3734375 0.19843750000000004 0.5203125 0.2796875000000001 0.5203125
1 0.3453125000000001 0.4203125 0.26250000000000007 0.4203125 0.26250000000000007 0.5640625 0.3453125000000001 0.5640625
1 0.09531250000000012 0.85 0.0250000000000001 0.85 0.025000000000000112 1 0.09531250000000013 1
1 0.3546875 0.026562500000000037 0.2734375 0.026562500000000034 0.2734375 0.13281250000000006 0.3546875 0.13281250000000006
1 0.16718750000000004 0.378125 0.10937500000000004 0.378125 0.10937500000000004 0.4734375 0.16718750000000004 0.4734375
1 0.17812500000000012 0.83125 0.08281250000000011 0.83125 0.08281250000000011 0.9484375 0.17812500000000014 0.9484375
1 0.5015625 0.19531250000000006 0.44375 0.19531250000000006 0.44375 0.3281250000000001 0.5015625 0.3281250000000001
1 0.19375 1.8465377518393686e-17 0.1078125 1.3203223303307403e-17 0.1078125 0.11562500000000002 0.19375 0.11562500000000005
1 0.515625 5.778802083476573e-17 0.428125 5.2430191088496056e-17 0.428125 0.15000000000000005 0.515625 0.15000000000000005
1 0.5578125 0.17187500000000006 0.4921875 0.17187500000000006 0.4921875 0.3046875000000001 0.5578125 0.3046875000000001
1 0.19531250000000008 0.7515625 0.12343750000000009 0.7515625 0.12343750000000009 0.8578125 0.19531250000000008 0.8578125
1 0.39375 0.18906250000000005 0.3328125 0.18906250000000005 0.3328125 0.27031250000000007 0.39375 0.27031250000000007
1 0.2890625000000001 0.746875 0.2171875000000001 0.746875 0.2171875000000001 0.834375 0.2890625000000001 0.834375
1 0.421875 0.4234375 0.3375000000000001 0.4234375 0.3375000000000001 0.5359375 0.421875 0.5359375
1 0.4421875000000002 0.74375 0.3578125000000001 0.74375 0.3578125000000001 0.8671875 0.4421875000000002 0.8671875
1 0.22812500000000008 0.8640625 0.1531250000000001 0.8640625 0.15312500000000012 0.9984375 0.22812500000000008 0.9984375
1 0.2953125000000001 0.8421875 0.2218750000000001 0.8421875 0.2218750000000001 0.996875 0.2953125000000001 0.996875
1 0.2765625 2.841563276146593e-17 0.1875 2.2962127484012874e-17 0.1875 0.11250000000000004 0.2765625 0.11250000000000004
1 0.403125 0.35468750000000004 0.315625 0.3546875 0.31562500000000004 0.465625 0.403125 0.465625
1 0.8171875 0.3656250000000001 0.740625 0.3656250000000001 0.740625 0.4437500000000002 0.8171875 0.4437500000000002
1 0.54375 0.5046875 0.453125 0.5046875 0.453125 0.6375 0.54375 0.6375
1 0.7171875000000002 0.8328125 0.5890625000000002 0.8328125 0.5890625000000002 0.9671875 0.7171875000000002 0.9671875
1 0.39531250000000007 0.853125 0.3203125000000001 0.853125 0.3203125000000001 0.9953125 0.39531250000000007 0.9953125
1 0.6390625 0.004687500000000073 0.5609375 0.004687500000000068 0.5609375 0.1140625000000001 0.6390625 0.1140625000000001
1 0.3671875000000001 0.74375 0.2921875000000001 0.74375 0.2921875000000001 0.8671875 0.3671875000000001 0.8671875
1 0.4734375 0.4875 0.3828125000000001 0.4875 0.3828125000000001 0.6078125 0.4734375 0.6078125
1 0.8359375 0.0937500000000001 0.775 0.09375000000000008 0.775 0.2015625000000001 0.8359375 0.2015625000000001
1 0.2250000000000001 0.3796875 0.15781250000000005 0.3796875 0.15781250000000005 0.471875 0.2250000000000001 0.471875
1 0.6296875 0.45 0.5484375 0.45 0.5484375 0.54375 0.6296875 0.54375
1 0.753125 0.1781250000000001 0.6703125 0.1781250000000001 0.6703125 0.3265625000000001 0.753125 0.3265625000000001
1 0.3390625000000001 0.7953125 0.2687500000000001 0.7953125 0.2687500000000001 0.946875 0.3390625000000001 0.946875
1 0.46875000000000017 0.8609375 0.3890625000000001 0.8609375 0.3890625000000001 0.99375 0.46875000000000017 0.99375
1 0.7984375000000001 0.7281250000000001 0.7171875000000002 0.728125 0.7171875000000002 0.81875 0.7984375000000001 0.81875
1 0.7093750000000002 0.740625 0.6203125000000002 0.740625 0.6203125000000002 0.8453125 0.7093750000000002 0.8453125
1 0.696875 0.54375 0.6296875 0.54375 0.6296875 0.6671875 0.696875 0.6671875
1 0.471875 0.5953125 0.4046875 0.5953125 0.4046875 0.690625 0.471875 0.690625
1 0.56875 0.5734375 0.49375 0.5734375 0.49375 0.671875 0.56875 0.671875
1 0.403125 0.014062500000000047 0.35 0.014062500000000044 0.35 0.13125000000000003 0.403125 0.13125000000000003
1 0.8265625 0.5203125000000002 0.7484375 0.5203125000000002 0.7484375 0.6187500000000001 0.8265625 0.6187500000000001
1 0.4640625 0.13125000000000003 0.4109375 0.13125000000000003 0.4109375 0.2296875000000001 0.4640625 0.2296875000000001
1 0.7796875000000002 0.7984375000000001 0.7015625000000002 0.7984375 0.7015625000000002 0.915625 0.7796875000000002 0.915625
1 0.896875 0.9046875 0.8203125 0.9046875 0.8203125 0.9875 0.896875 0.9875
1 0.834375 0.6375000000000002 0.7796875 0.6375000000000002 0.7796875 0.7140625000000002 0.834375 0.7140625000000002
1 0.6187500000000001 0.728125 0.5531250000000002 0.728125 0.5531250000000002 0.8484375 0.6187500000000001 0.8484375
1 0.753125 0.4375000000000001 0.64375 0.4375 0.64375 0.5328125000000001 0.753125 0.5328125000000001
1 0.7734375 9.175283440486812e-17 0.725 8.878689293818311e-17 0.725 0.014062500000000092 0.7734375 0.014062500000000094
1 0.6000000000000002 0.8921875 0.5343750000000002 0.8921875 0.5343750000000002 0.9921875 0.6000000000000002 0.9921875
1 0.675 0.3609375000000001 0.6109375 0.3609375000000001 0.6109375 0.4703125 0.675 0.4703125
1 0.7671875 0.5703125000000001 0.715625 0.5703125 0.715625 0.6843750000000001 0.7671875 0.6843750000000002
1 0.5390625000000002 0.8671875 0.47187500000000016 0.8671875 0.47187500000000016 0.990625 0.5390625000000002 0.990625
1 0.5125000000000002 0.740625 0.44062500000000016 0.740625 0.44062500000000016 0.940625 0.5125000000000002 0.940625
1 0.615625 7.252205263700732e-17 0.56875 6.965178670150572e-17 0.56875 0.007812500000000073 0.615625 0.007812500000000075
1 0.453125 0.3609375000000001 0.3984375 0.3609375000000001 0.39843750000000006 0.490625 0.453125 0.490625
1 0.646875 0.18125000000000008 0.5953125 0.18125000000000008 0.5953125 0.2984375000000001 0.646875 0.2984375000000001
1 0.3828125000000001 0.5609375 0.3312500000000001 0.5609375 0.3312500000000001 0.628125 0.3828125000000001 0.628125
1 0.9015625 0.6562500000000002 0.85 0.6562500000000002 0.85 0.7234375000000002 0.9015625 0.7234375000000002
1 0.15468750000000014 0.9375 0.08281250000000011 0.9375 0.08281250000000012 0.9984375 0.15468750000000014 0.9984375
1 0.5671875000000002 0.7609375 0.5046875000000002 0.7609375 0.5046875000000002 0.9125 0.5671875000000002 0.9125
1 0.39375 0.12500000000000006 0.34375 0.12500000000000006 0.34375 0.19375000000000003 0.39375 0.19375000000000003
1 0.7046875 8.333338766073005e-17 0.65625 8.036744619404505e-17 0.65625 0.018750000000000083 0.7046875 0.01875000000000009
1 0.6 0.609375 0.55 0.609375 0.55 0.7 0.6 0.7
1 0.6328125 0.5359375 0.578125 0.5359375 0.578125 0.65 0.6328125 0.65
1 0.5625 0.032812500000000064 0.5140625 0.032812500000000064 0.5140625 0.12031250000000007 0.5625 0.12031250000000009
1 0.746875 0.023437500000000087 0.6921875 0.023437500000000083 0.6921875 0.1140625000000001 0.746875 0.1140625000000001
1 0.6609375 7.768853132091023e-17 0.6078125 7.443556326067507e-17 0.6078125 0.004687500000000078 0.6609375 0.0046875000000000805
1 0.5359375 0.3734375000000001 0.4765625 0.3734375000000001 0.4765625 0.515625 0.5359375 0.515625
1 0.603125 0.18125000000000008 0.553125 0.18125000000000008 0.553125 0.2984375000000001 0.603125 0.2984375000000001
1 0.7296875 0.10156250000000008 0.6796875 0.10156250000000008 0.6796875 0.1843750000000001 0.7296875 0.1843750000000001
1 0.65625 0.09687500000000007 0.603125 0.09687500000000007 0.603125 0.18750000000000008 0.65625 0.18750000000000008
1 0.609375 0.10000000000000009 0.5625 0.10000000000000009 0.5625 0.1906250000000001 0.609375 0.1906250000000001
1 0.8046875 0.050000000000000086 0.7609375 0.050000000000000086 0.7609375 0.1375000000000001 0.8046875 0.1375000000000001
1 0.815625 0.2796875000000001 0.7734375 0.2796875000000001 0.7734375 0.3421875000000001 0.815625 0.3421875000000001
1 0.4390625 0.0015625000000000513 0.4 0.0015625000000000493 0.4 0.11250000000000004 0.4390625 0.11250000000000004
1 0.5796875 0.3906250000000001 0.528125 0.3906250000000001 0.528125 0.5125 0.5796875 0.5125
1 0.7875 0.4343750000000002 0.734375 0.4343750000000002 0.734375 0.5078125000000002 0.7875 0.5078125000000002
1 0.7421875 0.5234375000000001 0.6828125 0.5234375 0.6828125 0.6171875000000001 0.7421875 0.6171875000000002
1 0.6828125 0.2078125000000001 0.640625 0.2078125000000001 0.640625 0.3031250000000001 0.6828125 0.3031250000000001
1 0.61875 0.37187500000000007 0.5703125 0.37187500000000007 0.5703125 0.45 0.61875 0.45
1 0.55 0.11406250000000007 0.5046875 0.11406250000000004 0.5046875 0.18437500000000007 0.55 0.1843750000000001
1 0.48125 0.4046875 0.4421875 0.4046875 0.4421875 0.49375 0.48125 0.49375
1 0.6578125 0.4703125 0.6109375 0.4703125 0.6109375 0.578125 0.6578125 0.578125
1 0.38750000000000007 0.4984375 0.3421875000000001 0.4984375 0.3421875000000001 0.575 0.38750000000000007 0.575
1 0.6828125 0.060937500000000075 0.6265625 0.06093750000000007 0.6265625 0.14062500000000008 0.6828125 0.14062500000000008