1 0.809375 0.6046875 0.68125 0.6046875 0.68125 0.6781250000000001 0.809375 0.6781250000000002
1 0.04375000000000007 0.51875 6.352855270576895e-17 0.51875 6.735557395310443e-17 0.58125 0.04375000000000007 0.58125
1 0.1671875000000001 0.73125 0.06406250000000009 0.73125 0.06406250000000009 0.7859375 0.1671875000000001 0.7859375
1 0.7421875000000002 0.7500000000000001 0.6437500000000002 0.75 0.6437500000000002 0.7984375000000001 0.7421875000000002 0.7984375000000001
1 0.70625 0.3046875000000001 0.58125 0.3046875000000001 0.58125 0.3859375000000001 0.70625 0.3859375000000001
1 0.5968750000000002 0.7703125 0.5156250000000002 0.7703125 0.5156250000000002 0.8359375 0.5968750000000002 0.8359375
1 0.3468750000000001 0.3890625 0.21250000000000008 0.3890625 0.21250000000000008 0.465625 0.3468750000000001 0.465625
1 0.628125 0.540625 0.5359375 0.540625 0.5359375 0.584375 0.628125 0.584375
1 0.9875 0.32500000000000007 0.890625 0.32500000000000007 0.890625 0.4031250000000002 0.9875 0.4031250000000002
1 0.99375 0.14843750000000014 0.925 0.14843750000000014 0.925 0.24375000000000008 0.99375 0.24375000000000008
1 0.9375 0.5890625000000002 0.8515625 0.5890625000000002 0.8515625 0.6546875000000002 0.9375 0.6546875000000002
1 0.25468750000000007 0.428125 0.12812500000000004 0.428125 0.12812500000000004 0.5234375 0.25468750000000007 0.5234375
1 0.4578125 0.415625 0.3515625000000001 0.415625 0.3515625000000001 0.475 0.4578125 0.475
1 0.040625000000000064 0.4671875 5.72139676476654e-17 0.4671875 6.075396230145071e-17 0.525 0.040625000000000064 0.525
1 0.22812500000000005 0.3578125 0.05312500000000005 0.3578125 0.05312500000000005 0.453125 0.22812500000000008 0.453125
1 0.6500000000000001 0.7171875 0.559375 0.7171875 0.5593750000000001 0.7953125 0.6500000000000001 0.7953125
1 0.9140625 0.48437500000000017 0.809375 0.48437500000000017 0.809375 0.5531250000000002 0.9140625 0.5531250000000002
1 0.6796875000000001 0.6578125 0.5703125 0.6578125 0.5703125000000001 0.7265625 0.6796875000000002 0.7265625
1 0.7375 0.5250000000000001 0.625 0.525 0.625 0.6156250000000001 0.7375 0.6156250000000002
1 0.5687500000000001 0.6875 0.4671875 0.6875 0.4671875000000001 0.79375 0.5687500000000002 0.79375
1 0.984375 0.4109375000000002 0.921875 0.4109375000000002 0.921875 0.46875000000000017 0.984375 0.46875000000000017
1 0.03906250000000008 0.6328125 7.749718025854345e-17 0.6328125 8.295068553599651e-17 0.721875 0.03906250000000009 0.721875
1 0.990625 0.2390625000000001 0.8953125 0.2390625000000001 0.8953125 0.3312500000000001 0.990625 0.3312500000000001
1 0.8140625 0.48125000000000007 0.7234375 0.48125 0.7234375 0.5546875000000001 0.8140625 0.5546875000000002
1 0.7421875 0.45781250000000007 0.64375 0.4578125 0.64375 0.5234375000000001 0.7421875 0.5234375000000002
1 0.3109375 0.2453125 0.12343750000000005 0.2453125 0.12343750000000005 0.3625 0.3109375 0.3625
1 0.6671875 0.24375000000000008 0.4734375 0.24375000000000008 0.4734375 0.3234375000000001 0.6671875 0.3234375000000001
1 0.04375000000000005 0.3875 4.7455063466959936e-17 0.3875 5.2525866619679453e-17 0.4703125 0.04375000000000005 0.4703125
1 0.7140625 0.1062500000000001 0.6015625 0.1062500000000001 0.6015625 0.1984375000000001 0.7140625 0.1984375000000001
1 0.4546875 0.12968750000000004 0.3375 0.12968750000000004 0.3375 0.20468750000000005 0.4546875 0.20468750000000008
1 0.4546875 0.3609375 0.34375 0.3609375 0.34375000000000006 0.4265625 0.4546875 0.4265625
1 0.4515625 0.05625000000000004 0.35625 0.05625000000000004 0.35625 0.13750000000000004 0.4515625 0.13750000000000004
1 0.6515625 0.5890625 0.5015625 0.5890625 0.5015625 0.671875 0.6515625 0.671875
1 0.9765625 0.6078125000000002 0.934375 0.6078125000000002 0.934375 0.7140625000000002 0.9765625 0.7140625000000002
1 0.04062500000000004 0.3203125 3.922696778518866e-17 0.3203125 4.372371775080784e-17 0.39375 0.04062500000000004 0.39375
1 0.4484375 0.19531250000000006 0.3046875 0.19531250000000006 0.3046875 0.28750000000000003 0.4484375 0.2875000000000001
1 0.35625000000000007 0.64375 0.29375000000000007 0.64375 0.29375000000000007 0.69375 0.35625000000000007 0.69375
1 0.36875 0.153125 0.178125 0.153125 0.17812500000000003 0.26250000000000007 0.36875 0.26250000000000007
1 0.4140625 0.578125 0.2796875000000001 0.578125 0.2796875000000001 0.6484375 0.4140625 0.6484375
1 0.584375 0.39531250000000007 0.4625 0.39531250000000007 0.4625 0.465625 0.584375 0.465625
1 0.6625 0.48125 0.5328125 0.48125 0.5328125 0.5484375 0.6625 0.5484375
1 0.853125 0.5515625000000001 0.721875 0.5515625 0.721875 0.6218750000000001 0.853125 0.6218750000000002
1 0.04218750000000004 0.228125 2.7937255105548996e-17 0.228125 3.358211144536883e-17 0.3203125 0.042187500000000044 0.3203125
1 0.2843750000000001 0.509375 0.21093750000000008 0.509375 0.21093750000000008 0.55 0.2843750000000001 0.55
1 0.03750000000000002 0.084375 1.0332957367805793e-17 0.084375 1.607348923880901e-17 0.178125 0.03750000000000002 0.178125
1 0.9796875 0.5140625000000002 0.9 0.5140625000000002 0.9 0.5890625000000002 0.9796875 0.5890625000000002
1 0.446875 0.5265625 0.3078125000000001 0.5265625 0.3078125000000001 0.5890625 0.446875 0.5890625
1 0.4750000000000002 0.7765625 0.3781250000000001 0.7765625 0.3781250000000001 0.8296875 0.4750000000000002 0.8296875
1 0.3000000000000001 0.66875 0.1625000000000001 0.66875 0.1625000000000001 0.7734375 0.3000000000000001 0.7734375
1 0.8265625 0.11093750000000009 0.70625 0.11093750000000009 0.70625 0.21875000000000008 0.8265625 0.21875000000000008
1 0.20625 0.15468750000000003 0.10625 0.1546875 0.10625000000000002 0.2390625 0.20625 0.2390625
1 0.0390625000000001 0.74375 9.10831056865844e-17 0.74375 9.605823330812052e-17 0.825 0.0390625000000001 0.825
1 0.22656250000000008 0.5234375 0.11718750000000004 0.5234375 0.11718750000000007 0.6203125 0.22656250000000008 0.6203125
1 0.671875 0.425 0.5828125 0.425 0.5828125 0.478125 0.671875 0.478125
1 0.453125 0.6046875 0.3593750000000001 0.6046875 0.3593750000000001 0.6921875 0.453125 0.6921875
1 0.8890625 0.6562500000000002 0.815625 0.6562500000000002 0.815625 0.7187500000000002 0.8890625 0.7187500000000002
1 0.4359375 0.27656250000000004 0.2328125 0.2765625 0.23281250000000003 0.39687500000000003 0.4359375 0.3968750000000001
1 0.625 0.05312500000000007 0.5125 0.05312500000000007 0.5125 0.15000000000000008 0.625 0.15000000000000008
1 0.02031250000000009 0.7109375 8.706473337688214e-17 0.7109375 9.04133769683007e-17 0.765625 0.020312500000000094 0.765625
1 0.6359375 0.13437500000000008 0.4734375 0.13437500000000005 0.4734375 0.2296875000000001 0.6359375 0.2296875000000001
1 0.44375 0.4671875 0.28593750000000007 0.4671875 0.28593750000000007 0.53125 0.44375 0.53125
1 0.6875 0.60625 0.61875 0.60625 0.61875 0.6640625 0.6875 0.6640625
1 0.04062500000000003 0.153125 1.8752404111943846e-17 0.153125 2.4779962576497225e-17 0.2515625 0.040625000000000036 0.2515625
1 0.80625 0.6953125000000002 0.7515625 0.6953125000000002 0.7515625000000001 0.7406250000000002 0.80625 0.7406250000000002
1 0.4750000000000001 0.6828125 0.3000000000000001 0.6828125 0.3000000000000001 0.7875 0.4750000000000002 0.7875
1 0.915625 0.10156250000000011 0.821875 0.10156250000000008 0.821875 0.1671875000000001 0.915625 0.16718750000000013
1 0.8109375 0.4125000000000001 0.6703125 0.4125 0.6703125 0.4703125000000001 0.8109375 0.4703125000000002
1 0.9953125 0.10937500000000014 0.9609375 0.10937500000000014 0.9609375 0.16093750000000012 0.9953125 0.16093750000000012
1 0.79375 0.2140625000000001 0.6703125 0.2140625000000001 0.6703125 0.3437500000000001 0.79375 0.3437500000000001
1 0.7703125 0.3546875000000001 0.6078125 0.3546875000000001 0.6078125 0.4359375000000001 0.7703125 0.4359375000000002
1 0.3703125 0.06718750000000004 0.153125 0.06718750000000002 0.153125 0.17500000000000002 0.3703125 0.17500000000000004
1 0.04687500000000011 0.871875 1.0677389280065986e-16 0.871875 1.1002686086089502e-16 0.925 0.04687500000000011 0.925
1 0.2843750000000001 0.6 0.2062500000000001 0.6 0.2062500000000001 0.659375 0.2843750000000001 0.659375
1 0.7140625000000002 0.8078125 0.6234375000000002 0.8078125 0.6234375000000002 0.8703125 0.7140625000000002 0.8703125
1 0.6234375 0.5765625 0.56875 0.5765625 0.56875 0.6046875 0.6234375 0.6046875
1 0.6375000000000002 0.8265625 0.5312500000000002 0.8265625 0.5312500000000002 0.89375 0.6375000000000002 0.89375
1 0.13281250000000008 0.5609375 6.869503138967185e-17 0.5609375 7.472258985422522e-17 0.659375 0.13281250000000008 0.659375
1 0.3703125 0.11875000000000005 0.25 0.11875000000000005 0.25 0.17031250000000003 0.3703125 0.17031250000000003