1 0.825 0.1546875000000001 0.728125 0.1546875000000001 0.728125 0.2500000000000001 0.825 0.2500000000000001
1 0.471875 0.20468750000000005 0.3625 0.2046875 0.3625 0.29375000000000007 0.471875 0.29375000000000007
1 0.5796875 0.3390625000000001 0.4671875 0.3390625000000001 0.4671875 0.428125 0.5796875 0.428125
1 0.571875 0.18437500000000007 0.4546875 0.18437500000000004 0.4546875 0.2640625000000001 0.571875 0.2640625000000001
1 0.80625 0.3843750000000001 0.6765625 0.3843750000000001 0.6765625 0.4515625000000001 0.80625 0.4515625000000002
1 0.5578125 0.11250000000000007 0.44375 0.11250000000000004 0.44375 0.17812500000000006 0.5578125 0.1781250000000001
1 0.946875 0.11562500000000012 0.815625 0.11562500000000009 0.815625 0.2171875000000001 0.946875 0.2171875000000001
1 0.9265625 0.3218750000000001 0.7875 0.3218750000000001 0.7875 0.4125000000000002 0.9265625 0.4125000000000002
1 0.3359375 0.15468750000000003 0.24375 0.15468750000000003 0.24375 0.225 0.3359375 0.225
1 0.6015625 0.26250000000000007 0.49375 0.26250000000000007 0.49375 0.3437500000000001 0.6015625 0.3437500000000001
1 0.41875 0.13437500000000005 0.328125 0.13437500000000005 0.328125 0.20625000000000004 0.41875 0.2062500000000001
1 0.50625 0.2640625000000001 0.396875 0.2640625000000001 0.396875 0.35625000000000007 0.50625 0.35625000000000007
1 0.9234375 0.2156250000000001 0.7953125 0.2156250000000001 0.7953125 0.30156250000000007 0.9234375 0.30156250000000007
1 0.7296875 0.5125000000000001 0.609375 0.5125 0.609375 0.5953125000000001 0.7296875 0.5953125000000001
1 0.221875 0.2015625 0.07031250000000003 0.2015625 0.07031250000000003 0.2765625 0.221875 0.2765625
1 0.221875 0.12031250000000002 0.06093750000000002 0.1203125 0.06093750000000002 0.18593750000000003 0.221875 0.18593750000000003
1 0.41875 0.31875000000000003 0.3296875 0.31875 0.3296875 0.38593750000000004 0.41875 0.3859375000000001
1 0.16406250000000006 0.309375 0.050000000000000044 0.309375 0.050000000000000044 0.378125 0.16406250000000006 0.378125
1 0.07812500000000003 0.1703125 2.085726579797836e-17 0.1703125 2.516266470123077e-17 0.240625 0.07812500000000003 0.240625
1 0.403125 0.4171875 0.2812500000000001 0.4171875 0.2812500000000001 0.4875 0.403125 0.4875
1 0.590625 0.13906250000000006 0.5171875 0.13906250000000003 0.5171875 0.21093750000000008 0.590625 0.21093750000000008
1 0.225 0.2703125 0.12656250000000005 0.2703125 0.12656250000000005 0.3375 0.225 0.3375
1 0.15468750000000003 0.403125 0.043750000000000046 0.403125 0.04375000000000005 0.4796875 0.15468750000000003 0.4796875
1 0.10781250000000009 0.553125 6.773827607783798e-17 0.553125 7.280907923055748e-17 0.6359375 0.10781250000000009 0.6359375
1 0.38750000000000007 0.4859375 0.28593750000000007 0.4859375 0.28593750000000007 0.5609375 0.38750000000000007 0.5609375
1 0.7546875 0.6531250000000001 0.6609375 0.653125 0.6609375 0.7156250000000001 0.7546875 0.7156250000000002
1 0.5609375 0.503125 0.453125 0.503125 0.453125 0.5765625 0.5609375 0.5765625
1 0.5640625000000001 0.7 0.465625 0.7 0.46562500000000007 0.7671875 0.5640625000000001 0.7671875
1 0.490625 0.39531250000000007 0.3468750000000001 0.3953125 0.3468750000000001 0.4546875 0.490625 0.4546875
1 0.9734375 0.40625000000000017 0.815625 0.40625000000000017 0.815625 0.46875000000000017 0.9734375 0.46875000000000017
1 0.7046875 0.446875 0.621875 0.446875 0.621875 0.5046875 0.7046875 0.5046875
1 0.559375 0.446875 0.425 0.446875 0.425 0.5046875 0.559375 0.5046875
1 0.796875 0.4625000000000001 0.6765625 0.4625 0.6765625 0.5218750000000001 0.796875 0.5218750000000002
1 0.3921875000000001 0.5578125 0.2500000000000001 0.5578125 0.2500000000000001 0.6125 0.3921875000000001 0.6125
1 0.8484375 0.2843750000000001 0.7625 0.2843750000000001 0.7625 0.3421875000000001 0.8484375 0.3421875000000001
1 0.22031250000000005 0.3515625 0.12187500000000004 0.3515625 0.12187500000000004 0.415625 0.22031250000000008 0.415625
1 0.465625 0.50625 0.3734375000000001 0.50625 0.3734375000000001 0.5765625 0.465625 0.5765625
1 0.228125 0.17187500000000003 0.1328125 0.171875 0.13281250000000003 0.2328125 0.228125 0.2328125
1 0.01406250000000007 0.5328125 6.52507122670699e-17 0.5328125 6.984313776387249e-17 0.6078125 0.014062500000000071 0.6078125
1 0.734375 0.6031250000000001 0.6203125 0.603125 0.6203125 0.6609375000000001 0.734375 0.6609375000000002
1 0.1359375000000001 0.80625 0.0093750000000001 0.80625 0.009375000000000102 0.8671875 0.1359375000000001 0.8671875
1 0.4703125 0.6625 0.3765625000000001 0.6625 0.3765625000000001 0.721875 0.4703125 0.721875
1 0.4375 0.603125 0.30937500000000007 0.603125 0.30937500000000007 0.6625 0.4375 0.6625
1 0.06406250000000005 0.3921875 4.802911665406026e-17 0.3921875 5.1760462370212356e-17 0.453125 0.06406250000000005 0.453125
1 0.13437500000000008 0.7515625 0.014062500000000094 0.7515625 0.014062500000000097 0.8109375 0.13437500000000008 0.8109375
1 0.478125 0.571875 0.3859375000000001 0.571875 0.3859375000000001 0.6296875 0.478125 0.6296875
1 0.057812500000000065 0.465625 5.702261658529863e-17 0.465625 6.027558464553378e-17 0.51875 0.057812500000000065 0.51875
1 0.8359375 0.42187500000000017 0.7515625 0.42187500000000017 0.7515625 0.4734375000000002 0.8359375 0.4734375000000002
1 0.3843750000000001 0.6546875 0.2968750000000001 0.6546875 0.2968750000000001 0.7046875 0.3843750000000001 0.7046875
1 0.675 0.575 0.5890625 0.575 0.5890625 0.6265625 0.675 0.6265625
1 0.3000000000000001 0.671875 0.23437500000000008 0.671875 0.23437500000000008 0.71875 0.3000000000000001 0.71875
1 0.2218750000000001 0.4078125 0.13593750000000004 0.4078125 0.13593750000000004 0.465625 0.2218750000000001 0.465625
1 0.6562500000000001 0.6703125 0.575 0.6703125 0.5750000000000001 0.728125 0.6562500000000002 0.728125
1 0.55625 0.6484375 0.4609375 0.6484375 0.4609375 0.709375 0.55625 0.709375
1 0.21093750000000008 0.5515625 0.10156250000000008 0.5515625 0.10156250000000008 0.60625 0.21093750000000008 0.60625
1 0.1062500000000001 0.71875 8.802148868871601e-17 0.71875 9.117878121776779e-17 0.7703125 0.1062500000000001 0.7703125
1 0.3359375000000001 0.7921875 0.2765625000000001 0.7921875 0.2765625000000001 0.834375 0.3359375000000001 0.834375
1 0.45000000000000007 0.7140625 0.3593750000000001 0.7140625 0.3593750000000001 0.7609375 0.4500000000000002 0.7609375
1 0.11875000000000006 0.4953125 6.065828677026735e-17 0.4953125 6.410260589286928e-17 0.5515625 0.11875000000000009 0.5515625
1 0.31718750000000007 0.4609375 0.2390625000000001 0.4609375 0.2390625000000001 0.503125 0.31718750000000007 0.503125
1 0.9296875 0.4593750000000002 0.8015625 0.4593750000000002 0.8015625 0.5046875000000002 0.9296875 0.5046875000000002
1 0.6968750000000001 0.7546875 0.6265625000000001 0.7546875 0.6265625000000001 0.8015625 0.6968750000000001 0.8015625
1 0.8984375 0.5375000000000002 0.7546875 0.5375000000000002 0.7546875 0.5890625000000002 0.8984375 0.5890625000000002
1 0.8984375 0.5812500000000002 0.80625 0.5812500000000002 0.80625 0.6359375000000002 0.8984375 0.6359375000000002
1 0.1984375000000001 0.7265625 0.11875000000000009 0.7265625 0.11875000000000009 0.7890625 0.1984375000000001 0.7890625
1 0.2156250000000001 0.4640625 0.09375000000000007 0.4640625 0.09375000000000007 0.5171875 0.2156250000000001 0.5171875
1 0.0265625000000001 0.7828125 9.586688224575374e-17 0.7828125 9.873714818125535e-17 0.8296875 0.0265625000000001 0.8296875
1 0.9046875 0.4968750000000002 0.7765625 0.4968750000000002 0.7765625 0.5421875000000002 0.9046875 0.5421875000000002
1 0.8453125 0.7000000000000002 0.7359375 0.7000000000000002 0.7359375000000001 0.7421875000000002 0.8453125 0.7421875000000002
1 0.89375 0.7203125000000001 0.828125 0.7203125000000001 0.828125 0.7687500000000002 0.89375 0.7687500000000002
1 0.809375 0.6015625000000002 0.728125 0.6015625000000002 0.728125 0.6484375000000002 0.809375 0.6484375000000002
1 0.6953125000000001 0.7046875 0.6140625 0.7046875 0.6140625000000001 0.7546875 0.6953125000000002 0.7546875
1 0.6359375000000002 0.790625 0.5812500000000002 0.790625 0.5812500000000002 0.8265625 0.6359375000000002 0.8265625
1 0.054687500000000076 0.63125 7.730582919617668e-17 0.63125 7.950636641339458e-17 0.6671875 0.05468750000000009 0.6671875
1 0.44375 0.45625 0.3687500000000001 0.45625 0.3687500000000001 0.5109375 0.44375 0.5109375
1 0.778125 0.565625 0.703125 0.565625 0.703125 0.6171875000000001 0.778125 0.6171875000000002
1 0.7984375 0.5156250000000001 0.7125 0.515625 0.7125 0.5578125 0.7984375 0.5578125000000002
1 0.2171875000000001 0.5015625 0.14218750000000005 0.5015625 0.14218750000000008 0.55 0.2171875000000001 0.55
1 0.5578125 0.5703125 0.46875 0.5703125 0.46875 0.6125 0.5578125 0.6125
1 0.15625000000000006 0.5296875 0.07187500000000006 0.5296875 0.07187500000000006 0.5703125 0.15625000000000008 0.5703125
1 0.5328125 0.60625 0.453125 0.60625 0.453125 0.6578125 0.5328125 0.6578125
1 0.2015625000000001 0.6953125 0.12343750000000009 0.6953125 0.12343750000000009 0.7390625 0.2015625000000001 0.7390625
1 0.8796875 0.6296875000000002 0.7953125 0.6296875000000002 0.7953125 0.6703125000000002 0.8796875 0.6703125000000002