1 0.6421875 0.3890625000000001 0.584375 0.3890625000000001 0.584375 0.475 0.6421875 0.475
1 0.5578125 0.3453125000000001 0.4875 0.3453125000000001 0.4875 0.4328125 0.5578125 0.4328125
1 0.37968750000000007 0.684375 0.29375000000000007 0.684375 0.29375000000000007 0.7796875 0.37968750000000007 0.7796875
1 0.721875 0.4375 0.6390625 0.4375 0.6390625 0.5328125 0.721875 0.5328125
1 0.2921875000000001 0.6875 0.22812500000000008 0.6875 0.22812500000000008 0.7859375 0.2921875000000001 0.7859375
1 0.7046875000000001 0.7953125 0.6375000000000002 0.7953125 0.6375000000000002 0.909375 0.7046875000000001 0.909375
1 0.721875 0.68125 0.6796875 0.68125 0.6796875000000001 0.778125 0.7218750000000002 0.778125
1 0.253125 0.184375 0.17812500000000003 0.184375 0.17812500000000003 0.29375 0.253125 0.29375
1 0.6546875000000001 0.684375 0.6078125 0.684375 0.6078125000000001 0.79375 0.6546875000000002 0.79375
1 0.47656250000000017 0.7734375 0.43281250000000016 0.7734375 0.43281250000000016 0.8671875 0.47656250000000017 0.8671875
1 0.7921875 0.6875000000000002 0.7453125 0.6875000000000002 0.7453125 0.7734375000000002 0.7921875000000002 0.7734375000000002
1 0.6234375000000001 0.68125 0.55625 0.68125 0.5562500000000001 0.8125 0.6234375000000002 0.8125
1 0.5421875000000002 0.8109375 0.4593750000000002 0.8109375 0.4593750000000002 0.9484375 0.5421875000000002 0.9484375
1 0.5546875000000001 0.68125 0.5 0.68125 0.5000000000000001 0.821875 0.5546875000000002 0.821875
1 0.5546875 0.415625 0.475 0.415625 0.475 0.525 0.5546875 0.525
1 0.4359375000000001 0.6828125 0.3812500000000001 0.6828125 0.3812500000000001 0.771875 0.4359375000000002 0.771875
1 0.64375 0.4640625 0.596875 0.4640625 0.596875 0.540625 0.64375 0.540625
1 0.3437500000000001 0.3859375 0.2734375000000001 0.3859375 0.2734375000000001 0.509375 0.3437500000000001 0.509375
1 0.18906250000000002 0.12343750000000002 0.115625 0.1234375 0.11562500000000002 0.2234375 0.18906250000000005 0.2234375
1 0.6359375000000002 0.834375 0.5796875000000001 0.834375 0.5796875000000001 0.9171875 0.6359375000000002 0.9171875
1 0.5000000000000001 0.678125 0.440625 0.678125 0.4406250000000001 0.8 0.5000000000000002 0.8
1 0.5 0.004687500000000058 0.4421875 0.0046875000000000545 0.4421875 0.10000000000000005 0.5 0.10000000000000005
1 0.5890625 0.3515625000000001 0.5578125 0.3515625000000001 0.5578125 0.4125 0.5890625 0.4125
1 0.19687500000000005 0.4078125 0.14687500000000003 0.4078125 0.14687500000000003 0.49375 0.19687500000000005 0.49375
1 0.2515625 0.30625 0.15781250000000005 0.30625 0.15781250000000005 0.415625 0.2515625000000001 0.415625
1 0.3125000000000001 0.75625 0.2484375000000001 0.75625 0.2484375000000001 0.8515625 0.3125000000000001 0.8515625
1 0.740625 0.042187500000000086 0.6890625 0.042187500000000086 0.6890625 0.11875000000000009 0.740625 0.11875000000000009
1 0.5937500000000002 0.7671875 0.5343750000000002 0.7671875 0.5343750000000002 0.9078125 0.5937500000000002 0.9078125
1 0.790625 0.004687500000000094 0.7484375 0.004687500000000092 0.7484375 0.09218750000000009 0.790625 0.09218750000000009
1 0.840625 0.3937500000000001 0.7875 0.3937500000000001 0.7875 0.5062500000000002 0.840625 0.5062500000000002
1 0.8171875 0.3203125000000001 0.765625 0.3203125000000001 0.765625 0.40937500000000016 0.8171875 0.40937500000000016
1 0.3781250000000001 0.7640625 0.2750000000000001 0.7640625 0.2750000000000001 0.921875 0.3781250000000001 0.921875
1 0.6703125 0.06250000000000008 0.596875 0.06250000000000007 0.596875 0.1828125000000001 0.6703125 0.1828125000000001
1 0.43125 0.3156250000000001 0.3828125 0.3156250000000001 0.38281250000000006 0.4375 0.43125 0.4375
1 0.3000000000000001 0.503125 0.2093750000000001 0.503125 0.2093750000000001 0.66875 0.3000000000000001 0.66875
1 0.596875 0.48125 0.54375 0.48125 0.54375 0.54375 0.596875 0.54375
1 0.4890625 0.18750000000000006 0.4234375 0.18750000000000006 0.4234375 0.30937500000000007 0.4890625 0.30937500000000007
1 0.3609375 0.18593750000000003 0.28125 0.18593750000000003 0.28125 0.3109375 0.3609375 0.3109375
1 0.60625 0.17968750000000008 0.5703125 0.17968750000000008 0.5703125 0.23593750000000008 0.60625 0.23593750000000008
1 0.2484375000000001 0.4296875 0.18437500000000004 0.4296875 0.18437500000000007 0.55625 0.2484375000000001 0.55625
1 0.503125 0.07500000000000005 0.4359375 0.07500000000000004 0.4359375 0.19843750000000004 0.503125 0.19843750000000004
1 0.2812500000000001 0.3734375 0.22031250000000008 0.3734375 0.22031250000000008 0.49375 0.2812500000000001 0.49375
1 0.43750000000000017 0.7609375 0.3734375000000001 0.7609375 0.3734375000000001 0.88125 0.43750000000000017 0.88125
1 0.2218750000000001 0.6859375 0.1515625000000001 0.6859375 0.1515625000000001 0.76875 0.2218750000000001 0.76875
1 0.2703125 0.10000000000000005 0.1875 0.10000000000000005 0.18750000000000003 0.20625 0.2703125 0.20625
1 0.7125 0.001562500000000084 0.6546875 0.0015625000000000805 0.6546875 0.09687500000000009 0.7125 0.09687500000000009
1 0.2390625 2.3918882795846743e-17 0.1515625 1.8561053049577072e-17 0.1515625 0.11562500000000002 0.2390625 0.11562500000000005
1 0.4890625 0.34062500000000007 0.4296875 0.34062500000000007 0.4296875 0.4421875 0.4890625 0.4421875
1 0.5515625 0.11093750000000006 0.5015625 0.11093750000000005 0.5015625 0.2234375000000001 0.5515625 0.2234375000000001
1 0.484375 0.4171875 0.4265625 0.4171875 0.4265625 0.540625 0.484375 0.540625
1 0.3125 3.329508485181867e-17 0.23125 2.8319957230282545e-17 0.23125 0.13125000000000003 0.3125 0.13125000000000003
1 0.7312500000000002 0.8796875 0.6875000000000002 0.8796875 0.6875000000000002 0.95625 0.7312500000000002 0.95625
1 0.18437500000000004 0.21875 0.13593750000000004 0.21875 0.13593750000000004 0.2984375 0.18437500000000004 0.2984375
1 0.440625 0.01875000000000005 0.3796875 0.018750000000000044 0.3796875 0.10312500000000005 0.440625 0.10312500000000005
1 0.6859375000000001 0.684375 0.65 0.684375 0.6500000000000001 0.775 0.6859375000000002 0.775
1 0.1671875 0.0015625000000000163 0.0953125 0.0015625000000000118 0.09531250000000001 0.1234375 0.1671875 0.1234375
1 0.634375 0.0015625000000000742 0.5796875 0.0015625000000000708 0.5796875 0.09843750000000007 0.634375 0.09843750000000007
1 0.2453125000000001 0.75 0.1593750000000001 0.75 0.1593750000000001 0.8453125 0.2453125000000001 0.8453125
1 0.5875 0.03906250000000007 0.5359375 0.03906250000000007 0.5359375 0.16875000000000007 0.5875 0.1687500000000001
1 0.38750000000000007 0.353125 0.33125 0.353125 0.33125000000000004 0.4796875 0.38750000000000007 0.4796875
1 0.55625 0.017187500000000064 0.5015625 0.01718750000000006 0.5015625 0.11250000000000007 0.55625 0.11250000000000009
1 0.5859375 0.409375 0.546875 0.409375 0.546875 0.4890625 0.5859375 0.4890625
1 0.65625 0.37968750000000007 0.6296875 0.37968750000000007 0.6296875 0.4328125 0.65625 0.4328125
1 0.371875 0.12187500000000004 0.3046875 0.12187500000000004 0.3046875 0.21718750000000003 0.371875 0.2171875000000001
1 0.7125000000000001 0.753125 0.6625000000000002 0.753125 0.6625000000000002 0.825 0.7125000000000001 0.825
1 0.421875 0.16093750000000004 0.365625 0.16093750000000004 0.365625 0.3156250000000001 0.421875 0.3156250000000001
1 0.7640625 0.18125000000000008 0.7078125 0.18125000000000008 0.7078125 0.2406250000000001 0.7640625 0.2406250000000001
1 0.21875000000000008 0.53125 0.15625000000000006 0.53125 0.15625000000000006 0.6515625 0.21875000000000008 0.6515625
1 0.6375 0.3234375000000001 0.590625 0.3234375000000001 0.590625 0.3984375000000001 0.6375 0.3984375000000001
1 0.721875 0.5328125 0.65625 0.5328125 0.65625 0.596875 0.721875 0.596875
1 0.30156250000000007 0.3328125 0.25 0.3328125 0.25000000000000006 0.4171875 0.30156250000000007 0.4171875
1 0.7562500000000001 0.7015625000000001 0.709375 0.7015625 0.7093750000000001 0.834375 0.7562500000000002 0.834375
1 0.81875 0.0703125000000001 0.778125 0.07031250000000008 0.778125 0.14062500000000008 0.81875 0.14062500000000008
1 0.8890625 0.0375000000000001 0.8296875 0.0375000000000001 0.8296875 0.1593750000000001 0.8890625 0.1593750000000001
1 0.3859375 0.003125000000000042 0.2953125 0.003125000000000036 0.2953125 0.13593750000000004 0.3859375 0.13593750000000004
1 0.7578125 0.13437500000000008 0.725 0.13437500000000008 0.725 0.1859375000000001 0.7578125 0.1859375000000001
1 0.74375 0.3375000000000001 0.703125 0.3375000000000001 0.703125 0.40312500000000007 0.74375 0.4031250000000002
1 0.84375 0.7265625000000002 0.7921875000000002 0.7265625000000002 0.7921875000000002 0.7906250000000001 0.84375 0.7906250000000001
1 0.4312500000000002 0.8796875 0.3703125000000001 0.8796875 0.3703125000000001 0.9828125 0.4312500000000002 0.9828125
1 0.2687500000000001 0.828125 0.1671875000000001 0.828125 0.1671875000000001 0.9453125 0.2687500000000001 0.9453125
1 0.4375 0.10781250000000005 0.371875 0.10781250000000005 0.371875 0.20312500000000008 0.4375 0.20312500000000008
1 0.8171875 0.0281250000000001 0.7859375 0.0281250000000001 0.7859375 0.0796875000000001 0.8171875 0.0796875000000001
1 0.6953125 0.11875000000000009 0.659375 0.11875000000000009 0.659375 0.2078125000000001 0.6953125 0.2078125000000001